0.001431227
0.001449823
0.000871658
0.000790358
0.001052380
0.000855207
0.000418901
0.000413418
0.000402927
0.000482798
0.000626087
0.000784874
0.000964403
0.001096487
0.000741243
0.000669479
0.001110554
0.000973463
0.000877619
0.001034260
0.000870943
0.001121998
0.000877857
0.001155376
0.000874996
0.001049995
0.000888824
0.000694752
0.001005888
0.001338482
0.000874519
0.000858068
0.000725746
0.001029968
0.000880003
0.000678301
0.001105309
0.001024961
0.000947714
0.000938416
0.001158476
0.001108170
0.000903130
0.000974417
0.000910521
0.000892639
0.001114130
0.001161098
0.000744343
0.001050472
0.000911713
0.000916481
0.000946045
0.001256227
0.000917673
0.000912905
0.000943422
0.001062155
0.001248121
0.000914097
0.000937939
0.001023054
0.000902653
0.000912428
0.001268625
0.000805140
0.000885725
0.001025438
0.001109123
0.001008511
0.000884295
0.001025677
0.000864267
0.001181126
0.000857353
0.000858307
0.001020193
0.001009941
0.000740528
0.001044512
0.001074791
0.000853300
0.000874519
0.000858784
0.001242399
0.001203775
0.000670671
0.001012802
0.000733852
0.001152039
0.000878334
0.000885010
0.000988245
0.001018286
0.000877142
0.000877857
0.001125574
0.001003027
0.000878096
0.001108408
0.000898361
0.000965834
0.000848770
0.000852108
0.000984907
0.000817537
0.000879526
0.000971556
0.000868797
0.001144648
0.000845432
0.000860453
0.000968456
0.000972748
0.000854731
0.000862360
0.000977755
0.000969410
0.000838280
0.000856400
0.000959420
