1607063729.371731043
1607063729.474680901
1607063729.576224327
1607063729.677594185
1607063729.779314756
1607063729.880898476
1607063729.982323408
1607063730.084093094
1607063730.185854912
1607063730.287520885
1607063730.389008760
1607063730.490507364
1607063730.592292547
1607063730.693966627
1607063730.795468569
1607063730.897249937
1607063730.998767614
1607063731.100246429
1607063731.201696396
1607063731.303248167
1607063731.404775620
1607063731.506276369
1607063731.608036995
1607063731.709800243
1607063731.811278105
1607063731.912736177
1607063732.014406681
1607063732.116078615
1607063732.217641354
1607063732.319115877
1607063732.420923710
1607063732.522375107
1607063732.624107838
1607063732.725966215
1607063732.827654123
1607063732.929207802
1607063733.030870199
1607063733.132421255
1607063733.233962536
1607063733.335712910
1607063733.437475681
1607063733.539292574
1607063733.641058683
1607063733.742851257
1607063733.844390869
1607063733.946072340
1607063734.047496796
1607063734.149063826
1607063734.250594378
1607063734.352141380
1607063734.453695774
1607063734.555468798
1607063734.657245874
1607063734.759018898
1607063734.860565424
1607063734.962084055
1607063735.063803196
1607063735.165571213
1607063735.267123699
1607063735.368878365
1607063735.470412970
1607063735.571562529
1607063735.671556473
1607063735.771584511
1607063735.871542692
1607063735.971571445
1607063736.071559429
1607063736.171561241
1607063736.271558523
1607063736.371570587
1607063736.471543550
1607063736.571568966
1607063736.671560526
1607063736.771514893
1607063736.871558428
1607063736.971572399
1607063737.071558237
1607063737.171571016
1607063737.271556377
1607063737.371571541
1607063737.471587420
1607063737.571568251
1607063737.671540499
1607063737.771271229
1607063737.871530771
1607063737.971541405
1607063738.071527481
1607063738.171524048
1607063738.271528482
1607063738.371570587
1607063738.471552372
1607063738.571570158
1607063738.671560764
1607063738.771575212
1607063738.871563196
1607063738.971562624
1607063739.071564436
1607063739.171560049
1607063739.271530151
1607063739.371574163
1607063739.471548080
1607063739.571560383
1607063739.671533585
1607063739.771471500
1607063739.871545792
1607063739.971672535
1607063740.071544886
1607063740.171569824
1607063740.271554947
1607063740.371547461
1607063740.471530199
1607063740.571515560
1607063740.671518326
1607063740.771540403
1607063740.871284008
1607063740.971567631
1607063741.071546793
1607063741.171545506
1607063741.271562576
1607063741.371575117
1607063741.471555471
1607063741.571559906
1607063741.671561241
1607063741.771609545
1607063741.871561289
1607063741.971574545
1607063742.071545124
1607063742.171575069
1607063742.271558523
1607063742.371246338
1607063742.471542835
1607063742.571569681
1607063742.671562910
1607063742.771572590
1607063742.871558428
1607063742.971561909
1607063743.071526766
1607063743.171543360
1607063743.271522760
1607063743.371538162
1607063743.471518755
1607063743.571541548
1607063743.671555042
1607063743.771572113
1607063743.871377945
1607063743.971570730
1607063744.071569204
1607063744.171569824
1607063744.271562099
1607063744.371577024
1607063744.471558571
1607063744.571576118
1607063744.671481848
1607063744.771575689
1607063744.871558666
1607063744.971573114
1607063745.071563244
1607063745.171569824
1607063745.271532774
1607063745.371570587
1607063745.471543312
1607063745.571567535
1607063745.671545982
1607063745.771524668
1607063745.871528864
1607063745.971542358
1607063746.071438789
1607063746.171547174
1607063746.271530867
1607063746.371567726
1607063746.471560717
1607063746.571574688
1607063746.671555758
1607063746.771569967
1607063746.871561289
1607063746.971476316
1607063747.071546555
1607063747.171571016
1607063747.271198750
1607063747.371567011
1607063747.471554518
1607063747.571569204
1607063747.671560049
1607063747.771564007
1607063747.871552944
1607063747.971550226
1607063748.071558237
1607063748.171226978
1607063748.271558285
1607063748.371552706
1607063748.471418381
1607063748.571218014
1607063748.671520472
1607063748.771543980
1607063748.871531487
1607063748.971572876
1607063749.071553230
1607063749.171553135
1607063749.271557570
1607063749.371567965
1607063749.471202374
1607063749.571572065
1607063749.671559572
1607063749.771557331
1607063749.871558666
1607063749.971561909
1607063750.071561337
1607063750.171574116
1607063750.271417141
1607063750.371564150
1607063750.471546412
1607063750.571571350
1607063750.671557665
1607063750.771573544
1607063750.871279716
1607063750.971565485
1607063751.071526766
1607063751.171536446
1607063751.271529198
1607063751.371537685
1607063751.471544743
1607063751.571538687
1607063751.671531677
1607063751.771577597
1607063751.871560097
1607063751.971574068
1607063752.071538210
1607063752.171571016
1607063752.271558285
1607063752.371573925
1607063752.471549511
1607063752.571593285
1607063752.671546221
1607063752.771572351
1607063752.871560812
1607063752.971573353
1607063753.071509361
1607063753.171573639
1607063753.271541357
1607063753.371569395
1607063753.471452713
1607063753.571578026
1607063753.671553135
1607063753.771550179
1607063753.871510029
1607063753.971535206
1607063754.071532726
1607063754.171521187
1607063754.271211386
1607063754.371495724
1607063754.471547842
1607063754.571448088
1607063754.671562433
1607063754.771560431
1607063754.871561766
1607063754.971573114
1607063755.071553707
1607063755.171571493
1607063755.271200180
1607063755.371557713
1607063755.471566677
1607063755.571575403
1607063755.671517849
1607063755.771574259
1607063755.871553659
1607063755.971575022
1607063756.071545839
1607063756.171240330
1607063756.271537542
1607063756.371553421
1607063756.471524477
1607063756.571488857
1607063756.671520233
1607063756.771457434
1607063756.871493816
1607063756.971458197
1607063757.071652412
1607063757.171571493
1607063757.271560431
1607063757.371572495
1607063757.471473932
1607063757.571564674
1607063757.671566010
1607063757.771572351
1607063757.871500015
1607063757.971534491
1607063758.071507454
1607063758.171561956
1607063758.271559715
1607063758.371226311
1607063758.471564770
1607063758.571578026
1607063758.671528339
1607063758.771229744
1607063758.871550322
1607063758.971557617
1607063759.071544886
1607063759.171549082
1607063759.271499395
1607063759.371541977
1607063759.471516132
1607063759.571546078
1607063759.671203613
1607063759.771559954
1607063759.871593237
1607063759.971575022
1607063760.071561337
1607063760.171560764
1607063760.271559238
1607063760.371571541
1607063760.471523762
1607063760.571203232
1607063760.671549082
1607063760.771579027
1607063760.871558666
1607063760.971223593
1607063761.071577549
1607063761.171576023
1607063761.271556854
1607063761.371574640
1607063761.471553802
1607063761.571572542
1607063761.671554565
1607063761.771546602
1607063761.871530294
1607063761.971543789
1607063762.071528912
1607063762.171531439
1607063762.271560669
1607063762.371572256
1607063762.471549988
1607063762.571572542
1607063762.671558142
1607063762.771569729
1607063762.871586084
1607063762.971577168
1607063763.071557999
1607063763.171566963
1607063763.271550894
1607063763.371571302
1607063763.471552372
1607063763.571568966
1607063763.671229839
1607063763.771559238
1607063763.871555090
1607063763.971590996
1607063764.071227074
1607063764.171559334
1607063764.271553755
1607063764.371572018
1607063764.471528292
1607063764.571228743
1607063764.671514273
1607063764.771542072
1607063764.871516943
1607063764.971538305
1607063765.071514368
1607063765.171562433
1607063765.271543026
1607063765.371569157
1607063765.471487522
1607063765.571575165
1607063765.671544552
1607063765.771555185
1607063765.871438265
1607063765.971557856
1607063766.071549416
1607063766.171557426
1607063766.271558285
1607063766.371488571
1607063766.471467495
1607063766.571572542
1607063766.671232939
1607063766.771515131
1607063766.871403933
1607063766.971547842
1607063767.071555376
1607063767.171537399
1607063767.271531582
1607063767.371541500
1607063767.471535444
1607063767.571418047
1607063767.671415567
1607063767.771560431
1607063767.871561289
1607063767.971561432
1607063768.071437359
1607063768.171600103
1607063768.271556616
1607063768.371567965
1607063768.471550226
1607063768.571534634
1607063768.671547890
1607063768.771574974
1607063768.871536732
1607063768.971594095
1607063769.071547985
1607063769.171570301
1607063769.271558523
1607063769.371578455
1607063769.471534729
1607063769.571570873
1607063769.671555519
1607063769.771562576
1607063769.871464014
1607063769.971534252
1607063770.071512461
1607063770.171530485
1607063770.271520615
1607063770.371539831
1607063770.471560717
1607063770.571422100
1607063770.671555996
1607063770.771571398
1607063770.871566057
1607063770.971560717
1607063771.071551323
1607063771.171568155
1607063771.271559238
1607063771.371567726
1607063771.471558809
1607063771.571571589
1607063771.671556473
1607063771.771582603
1607063771.871544123
1607063771.971559763
1607063772.071551800
1607063772.171571016
1607063772.271582365
1607063772.371573687
1607063772.471531868
1607063772.571548223
1607063772.671534777
1607063772.771532774
1607063772.871544600
1607063772.971534252
1607063773.071529388
1607063773.171561241
1607063773.271547794
1607063773.371563435
1607063773.471538067
1607063773.571538925
1607063773.671503544
1607063773.771682024
1607063773.871554852
1607063773.971560240
1607063774.071555614
1607063774.171544790
1607063774.271553278
1607063774.371567011
1607063774.471558571
1607063774.571566820
1607063774.671548605
1607063774.771563292
1607063774.871561527
1607063774.971558332
1607063775.071554184
1607063775.171552181
1607063775.271527290
1607063775.371524811
1607063775.471205235
1607063775.571540833
1607063775.671531916
1607063775.771548271
1607063775.871538877
1607063775.971519709
1607063776.071542025
1607063776.171554089
1607063776.271538258
1607063776.371555805
1607063776.471533060
1607063776.571474791
1607063776.671539545
1607063776.771578074
1607063776.871573210
1607063776.971572638
1607063777.071569681
1607063777.171608448
1607063777.271214247
1607063777.371584177
1607063777.471568584
1607063777.571583509
1607063777.671561480
1607063777.771485567
1607063777.871561527
1607063777.971561670
1607063778.071558475
1607063778.171558619
1607063778.271574736
1607063778.371555567
1607063778.471543312
1607063778.571573496
1607063778.671558142
1607063778.771556139
1607063778.871508598
1607063778.971530914
1607063779.071522236
1607063779.171543837
1607063779.271533966
1607063779.371545315
1607063779.471518755
1607063779.571532488
1607063779.671532631
1607063779.771519661
1607063779.871529818
1607063779.971531630
1607063780.071504593
1607063780.171546698
1607063780.271517038
1607063780.371534824
1607063780.471532106
1607063780.571532726
1607063780.671508312
1607063780.771576405
1607063780.871558666
1607063780.971469164
1607063781.071554661
1607063781.171569109
1607063781.271463633
1607063781.371562481
1607063781.471546650
1607063781.571570158
1607063781.671561956
1607063781.771569014
1607063781.871589184
1607063781.971559286
1607063782.071558952
1607063782.171570778
1607063782.271561623
1607063782.371574163
1607063782.471553802
1607063782.571546793
1607063782.671548843
1607063782.771546125
1607063782.871528625
1607063782.971468210
1607063783.071531773
1607063783.171417713
1607063783.271517515
1607063783.371576548
1607063783.471544266
1607063783.571568727
1607063783.671551704
1607063783.771556616
1607063783.871563196
1607063783.971481562
1607063784.071437597
1607063784.171573400
1607063784.271560431
1607063784.371543407
1607063784.471421957
1607063784.571563721
1607063784.671556473
1607063784.771568775
1607063784.871558666
1607063784.971443176
1607063785.071562052
1607063785.171578407
1607063785.271559715
1607063785.371567726
1607063785.471538305
1607063785.571569681
1607063785.671528101
1607063785.771529675
1607063785.871530771
1607063785.971621513
1607063786.071561098
1607063786.171456575
1607063786.271434784
1607063786.371574879
1607063786.471561670
1607063786.571219683
1607063786.671559572
1607063786.771569490
1607063786.871442318
1607063786.971626997
1607063787.071561813
1607063787.171573400
1607063787.271562815
1607063787.371577978
1607063787.471223354
1607063787.571569443
1607063787.671550512
1607063787.771578550
1607063787.871559620
1607063787.971574783
1607063788.071530104
1607063788.171547413
1607063788.271528006
1607063788.371531010
1607063788.471529007
1607063788.571539402
1607063788.671449661
1607063788.771573067
1607063788.871544361
1607063788.971544266
1607063789.071561813
1607063789.171574593
1607063789.271510839
1607063789.371563911
1607063789.471558332
1607063789.571573734
1607063789.671211958
1607063789.771567345
1607063789.871566057
1607063789.971559048
1607063790.071525335
1607063790.171486139
1607063790.271648645
1607063790.371644974
1607063790.471528053
1607063790.571558475
1607063790.671559334
1607063790.771556854
1607063790.871536493
1607063790.971534252
1607063791.071504354
1607063791.171543121
1607063791.271530628
1607063791.371574163
1607063791.471397877
1607063791.571562767
1607063791.671526432
1607063791.771573067
1607063791.871562719
1607063791.971560240
1607063792.071563482
1607063792.171574593
1607063792.271550894
1607063792.371166229
1607063792.471543312
1607063792.571574688
1607063792.671557426
1607063792.771486282
1607063792.871469498
1607063792.971565485
1607063793.071560144
1607063793.171540737
1607063793.271467924
1607063793.371481657
1607063793.471220732
1607063793.571537018
1607063793.671394587
1607063793.771546364
1607063793.871530771
1607063793.971546412
1607063794.071504116
1607063794.171448946
1607063794.271441221
1607063794.371581793
1607063794.471561193
1607063794.571577311
1607063794.671538591
1607063794.771579027
1607063794.871559381
1607063794.971564531
1607063795.071401834
1607063795.171571493
1607063795.271568060
1607063795.371578455
1607063795.471562147
1607063795.571571112
1607063795.671545506
1607063795.771571875
1607063795.871551037
1607063795.971558571
1607063796.071559191
1607063796.171548128
1607063796.271462202
1607063796.371535540
1607063796.471199512
1607063796.571521521
1607063796.671207428
1607063796.771574497
1607063796.871558905
1607063796.971571207
1607063797.071555614
1607063797.171541691
1607063797.271564960
1607063797.371567249
1607063797.471553087
1607063797.571487665
1607063797.671561003
1607063797.771566153
1607063797.871559858
1607063797.971573591
1607063798.071563005
1607063798.171576977
1607063798.271519423
1607063798.371575832
1607063798.471466064
1607063798.571480751
1607063798.671560526
1607063798.771567106
1607063798.871568918
1607063798.971486568
1607063799.071533203
1607063799.171541452
1607063799.271533728
1607063799.371450186
1607063799.471446753
1607063799.571576118
1607063799.671203375
1607063799.771561623
1607063799.871563435
1607063799.971574545
1607063800.071538925
1607063800.171576738
1607063800.271476507
1607063800.371491432
1607063800.471561193
1607063800.571561575
1607063800.671537161
1607063800.771567583
1607063800.871563911
1607063800.971572638
1607063801.071559191
1607063801.171575546
1607063801.271557331
1607063801.371560574
1607063801.471291304
1607063801.571486473
1607063801.671538830
1607063801.771552324
1607063801.871531487
1607063801.971447945
1607063802.071444750
1607063802.171572447
1607063802.271562338
1607063802.371422052
1607063802.471472025
1607063802.571578026
1607063802.671559095
1607063802.771575212
1607063802.871477127
1607063802.971580505
1607063803.071561337
1607063803.171487093
1607063803.271565437
1607063803.371578693
1607063803.471564054
1607063803.571586132
1607063803.671538591
1607063803.771555662
1607063803.871554613
1607063803.971574306
1607063804.071557522
1607063804.171587944
1607063804.271532774
1607063804.371549368
1607063804.471187592
1607063804.571533203
1607063804.671526670
1607063804.771577120
1607063804.871553183
1607063804.971209049
1607063805.071560860
1607063805.171570301
1607063805.271545172
1607063805.371211290
1607063805.471551180
1607063805.571562529
1607063805.671556711
1607063805.771553755
1607063805.871223927
1607063805.971537590
1607063806.071549654
1607063806.171447992
1607063806.271243095
1607063806.371621609
1607063806.471545458
1607063806.571582794
1607063806.671541691
1607063806.771534681
1607063806.871492624
1607063806.971649647
1607063807.071526527
1607063807.171494007
1607063807.271520376
1607063807.371546507
1607063807.471533537
1607063807.571562529
1607063807.671558380
1607063807.771485567
1607063807.871547937
1607063807.971575737
1607063808.071489334
1607063808.171562910
1607063808.271559954
1607063808.371571541
1607063808.471477032
1607063808.571573973
1607063808.671556473
1607063808.771576881
1607063808.871564388
1607063808.971538782
1607063809.071524382
1607063809.171572685
1607063809.271558762
1607063809.371534824
1607063809.471543312
1607063809.571550369
1607063809.671546459
1607063809.771543264
1607063809.871520519
1607063809.971487999
1607063810.071531057
1607063810.171575069
1607063810.271592855
1607063810.371571779
1607063810.471558332
1607063810.571571589
1607063810.671555996
1607063810.771573067
1607063810.871588230
1607063810.971570253
1607063811.071559906
1607063811.171572447
1607063811.271554947
1607063811.371576786
1607063811.471473217
1607063811.571576595
1607063811.671560764
1607063811.771483898
1607063811.871559143
1607063811.971596479
1607063812.071543932
1607063812.171562195
1607063812.271532536
1607063812.371541739
1607063812.471527576
1607063812.571529865
1607063812.671523571
1607063812.771544933
1607063812.871558666
1607063812.971577168
1607063813.071557283
1607063813.171598911
1607063813.271559238
1607063813.371569872
1607063813.471558332
1607063813.571560383
1607063813.671559334
1607063813.771444559
1607063813.871561527
1607063813.971569538
1607063814.071556330
1607063814.171576023
1607063814.271559477
1607063814.371602297
1607063814.471471548
1607063814.571592093
1607063814.671554327
1607063814.771569967
1607063814.871544361
1607063814.971524715
1607063815.071530342
1607063815.171546936
1607063815.271530628
1607063815.371542931
1607063815.471589327
1607063815.571569920
1607063815.671562195
1607063815.771574020
1607063815.871558189
1607063815.971575975
1607063816.071560621
1607063816.171556473
1607063816.271555662
1607063816.371447802
1607063816.471556425
1607063816.571480036
1607063816.671595573
1607063816.771560907
1607063816.871547461
1607063816.971570969
1607063817.071557045
1607063817.171561480
1607063817.271552563
1607063817.371551037
1607063817.471529484
1607063817.571558237
1607063817.671521187
1607063817.771546841
1607063817.871531963
1607063817.971522808
1607063818.071422100
1607063818.171574593
1607063818.271562815
1607063818.371575832
1607063818.471551895
1607063818.571441650
1607063818.671563864
1607063818.771569490
1607063818.871564865
1607063818.971537590
1607063819.071549416
1607063819.171479702
1607063819.271563292
1607063819.371535778
1607063819.471548557
1607063819.571574450
1607063819.671557426
1607063819.771593571
1607063819.871524334
1607063819.971559525
1607063820.071555614
1607063820.171554565
1607063820.271535635
1607063820.371578932
1607063820.471213818
1607063820.571529865
1607063820.671527386
1607063820.771543264
1607063820.871547461
1607063820.971539736
1607063821.071559191
1607063821.171560287
1607063821.271562099
1607063821.371571541
1607063821.471560478
1607063821.571542978
1607063821.671562433
1607063821.771568537
1607063821.871554136
1607063821.971573591
1607063822.071555853
1607063822.171480417
1607063822.271555662
1607063822.371229887
1607063822.471553326
1607063822.571571112
1607063822.671553135
1607063822.771539450
1607063822.871528864
1607063822.971546412
1607063823.071526289
1607063823.171528816
1607063823.271524429
1607063823.371427059
1607063823.471498966
1607063823.571569204
1607063823.671545506
1607063823.771574497
1607063823.871548414
1607063823.971489429
1607063824.071534157
1607063824.171531677
1607063824.271550894
1607063824.371681690
1607063824.471558332
1607063824.571560621
1607063824.671538830
1607063824.771569729
1607063824.871554852
1607063824.971559048
1607063825.071555853
1607063825.171479702
1607063825.271540165
1607063825.371570826
1607063825.471547604
1607063825.571560383
1607063825.671534300
1607063825.771533251
1607063825.871530294
1607063825.971508741
1607063826.071527243
1607063826.171450853
1607063826.271537304
1607063826.371456861
1607063826.471462488
1607063826.571550131
1607063826.671541214
1607063826.771550894
1607063826.871537209
1607063826.971446991
1607063827.071529627
1607063827.171589375
1607063827.271571636
1607063827.371579647
1607063827.471572399
1607063827.571491241
1607063827.671572447
1607063827.771569490
1607063827.871581554
1607063827.971609354
1607063828.071569681
1607063828.171496630
1607063828.271548510
1607063828.371572495
1607063828.471560955
1607063828.571516514
1607063828.671547651
1607063828.771542072
1607063828.871556520
1607063828.971587658
1607063829.071555376
1607063829.171565533
1607063829.271538734
1607063829.371513844
