1607062369.410289526
1607062369.510277271
1607062369.610263348
1607062369.710253954
1607062369.810334206
1607062369.910225868
1607062370.010334730
1607062370.110264301
1607062370.210330725
1607062370.310355663
1607062370.410360813
1607062370.510327578
1607062370.610356331
1607062370.710355282
1607062370.810259342
1607062370.910320759
1607062371.010258913
1607062371.110333204
1607062371.210357189
1607062371.310331106
1607062371.410261869
1607062371.510335922
1607062371.610258579
1607062371.710362911
1607062371.810353756
1607062371.910381317
1607062372.010363817
1607062372.110328913
1607062372.210354090
1607062372.310323000
1607062372.410353422
1607062372.510359764
1607062372.610336781
1607062372.710353374
1607062372.810213804
1607062372.910358667
1607062373.010354280
1607062373.110258341
1607062373.210332870
1607062373.310354948
1607062373.410346508
1607062373.510356426
1607062373.610336542
1607062373.710354328
1607062373.810355425
1607062373.910227060
1607062374.010257483
1607062374.110263824
1607062374.210355759
1607062374.310355186
1607062374.410261631
1607062374.510341644
1607062374.610380888
1607062374.710361958
1607062374.810354710
1607062374.910356522
1607062375.010356903
1607062375.110356092
1607062375.210332632
1607062375.310353994
1607062375.410355568
1607062375.510353088
1607062375.610332489
1607062375.710354805
1607062375.810319424
1607062375.910347462
1607062376.010354519
1607062376.110257149
1607062376.210358381
1607062376.310329199
1607062376.410354376
1607062376.510357380
1607062376.610357285
1607062376.710355043
1607062376.810360909
1607062376.910354614
1607062377.010356903
1607062377.110357046
1607062377.210381746
1607062377.310380459
1607062377.410258770
1607062377.510335922
1607062377.610356569
1607062377.710355043
1607062377.810335159
1607062377.910219669
1607062378.010331392
1607062378.110356092
1607062378.210355759
1607062378.310220480
1607062378.410331488
1607062378.510357380
1607062378.610338449
1607062378.710358620
1607062378.810252428
1607062378.910354853
1607062379.010353088
1607062379.110357761
1607062379.210326195
1607062379.310354948
1607062379.410353899
1607062379.510356188
1607062379.610329151
1607062379.710333824
1607062379.810353994
1607062379.910384417
1607062380.010359049
1607062380.110357046
1607062380.210356951
1607062380.310355902
1607062380.410258770
1607062380.510356665
1607062380.610331774
1607062380.710355997
1607062380.810226440
1607062380.910354376
1607062381.010358334
1607062381.110354185
1607062381.210355282
1607062381.310354471
1607062381.410219669
1607062381.510358095
1607062381.610354662
1607062381.710353613
1607062381.810187101
1607062381.910260916
1607062382.010258913
1607062382.110363245
1607062382.210357189
1607062382.310190916
1607062382.410357952
1607062382.510362148
1607062382.610353470
1607062382.710371733
1607062382.810268164
1607062382.910288334
1607062383.010355949
1607062383.110226631
1607062383.210218668
1607062383.310195684
1607062383.410244703
1607062383.510256529
1607062383.610236883
1607062383.710255384
1607062383.810186625
1607062383.910217285
1607062384.010257721
1607062384.110220432
1607062384.210262060
1607062384.310220718
1607062384.410218239
1607062384.510335445
1607062384.610219717
1607062384.710218668
1607062384.810214281
1607062384.910253286
1607062385.010256290
1607062385.110260248
1607062385.210258961
1607062385.310186625
1607062385.410259485
1607062385.510270119
1607062385.610285521
1607062385.710240126
1607062385.810255051
1607062385.910257101
1607062386.010190010
1607062386.110216618
1607062386.210260153
1607062386.310221195
1607062386.410251379
1607062386.510255337
1607062386.610254049
1607062386.710258484
1607062386.810222149
1607062386.910218477
1607062387.010258913
1607062387.110213995
1607062387.210259438
1607062387.310362816
1607062387.410356522
1607062387.510358572
1607062387.610261679
1607062387.710246563
1607062387.810256958
1607062387.910257578
1607062388.010218382
1607062388.110218287
1607062388.210223436
1607062388.310222864
1607062388.410269022
1607062388.510264635
1607062388.610219240
1607062388.710258484
1607062388.810249567
1607062388.910216570
1607062389.010195732
1607062389.110248327
1607062389.210250139
1607062389.310216665
1607062389.410259008
1607062389.510188103
1607062389.610249519
1607062389.710243702
1607062389.810256958
1607062389.910262346
1607062390.010221958
1607062390.110246897
1607062390.210258245
1607062390.310259342
1607062390.410222292
1607062390.510264158
1607062390.610202312
1607062390.710195541
1607062390.810186863
1607062390.910216808
1607062391.010188818
1607062391.110256910
1607062391.210248709
1607062391.310214996
1607062391.410252094
1607062391.510222673
1607062391.610262871
1607062391.710264444
1607062391.810205460
1607062391.910223484
1607062392.010252476
1607062392.110260963
1607062392.210259914
1607062392.310220242
1607062392.410245895
1607062392.510246277
1607062392.610233545
1607062392.710218191
1607062392.810218334
1607062392.910211563
1607062393.010203600
1607062393.110252857
1607062393.210258484
1607062393.310224056
1607062393.410264730
1607062393.510216475
1607062393.610215902
1607062393.710267544
1607062393.810244322
1607062393.910216570
1607062394.010265350
1607062394.110260010
1607062394.210196733
1607062394.310216188
1607062394.410218239
1607062394.510191202
1607062394.610217333
1607062394.710221529
1607062394.810253143
1607062394.910257578
1607062395.010263205
1607062395.110253334
1607062395.210194111
1607062395.310217381
1607062395.410206795
1607062395.510224342
1607062395.610217810
1607062395.710216045
1607062395.810261488
1607062395.910197020
1607062396.010194063
1607062396.110186100
1607062396.210193872
1607062396.310213089
1607062396.410264254
1607062396.510257006
1607062396.610263348
1607062396.710215807
1607062396.810212135
1607062396.910256147
1607062397.010244846
1607062397.110196352
1607062397.210213661
1607062397.310236692
1607062397.410253763
1607062397.510217667
1607062397.610220432
1607062397.710216761
1607062397.810195923
1607062397.910220385
1607062398.010214567
1607062398.110257387
1607062398.210255861
1607062398.310253143
1607062398.410244942
1607062398.510218620
1607062398.610252142
1607062398.710252285
1607062398.810252428
1607062398.910191298
1607062399.010228395
1607062399.110262394
1607062399.210326195
1607062399.310356379
1607062399.410219431
1607062399.510262251
1607062399.610256433
1607062399.710247993
1607062399.810253143
1607062399.910218716
1607062400.010206461
1607062400.110353470
1607062400.210213423
1607062400.310264111
1607062400.410195827
1607062400.510202885
1607062400.610185623
1607062400.710247993
1607062400.810185194
1607062400.910260201
1607062401.010218382
1607062401.110229254
1607062401.210254669
1607062401.310246706
1607062401.410255671
1607062401.510255575
1607062401.610247850
1607062401.710247278
1607062401.810246706
1607062401.910253525
1607062402.010250568
1607062402.110259533
1607062402.210185289
1607062402.310257435
1607062402.410217285
1607062402.510215998
1607062402.610354662
1607062402.710353374
1607062402.810212374
1607062402.910331726
1607062403.010331154
1607062403.110356092
1607062403.210254192
1607062403.310253620
1607062403.410255671
1607062403.510268688
1607062403.610253811
1607062403.710258007
1607062403.810253382
1607062403.910289288
1607062404.010259867
1607062404.110223532
1607062404.210209608
1607062404.310257196
1607062404.410243750
1607062404.510194063
1607062404.610214233
1607062404.710217953
1607062404.810223341
1607062404.910220861
1607062405.010193825
1607062405.110263109
1607062405.210258722
1607062405.310261250
1607062405.410254955
1607062405.510217905
1607062405.610256672
1607062405.710332632
1607062405.810196400
1607062405.910219669
1607062406.010247946
1607062406.110258102
1607062406.210213900
1607062406.310208797
1607062406.410219908
1607062406.510262012
1607062406.610237122
1607062406.710267544
1607062406.810262203
1607062406.910217285
1607062407.010261059
1607062407.110189676
1607062407.210255384
1607062407.310259819
1607062407.410230637
1607062407.510193825
1607062407.610217094
1607062407.710186481
1607062407.810197830
1607062407.910189629
1607062408.010190964
1607062408.110216141
1607062408.210217714
1607062408.310199976
1607062408.410217047
1607062408.510260582
1607062408.610221386
1607062408.710216999
1607062408.810251474
1607062408.910258293
1607062409.010259628
1607062409.110218525
1607062409.210254192
1607062409.310217381
1607062409.410335302
1607062409.510237932
1607062409.610260963
1607062409.710260868
1607062409.810247421
1607062409.910264015
1607062410.010189056
1607062410.110356331
1607062410.210253954
1607062410.310261250
1607062410.410223246
1607062410.510187387
1607062410.610219002
1607062410.710259914
1607062410.810256720
1607062410.910253763
1607062411.010249138
1607062411.110246420
1607062411.210250854
1607062411.310184717
1607062411.410247326
1607062411.510265827
1607062411.610197783
1607062411.710254192
1607062411.810228348
1607062411.910247087
1607062412.010280371
1607062412.110186577
1607062412.210207939
1607062412.310187101
1607062412.410186768
1607062412.510255575
1607062412.610247612
1607062412.710235357
1607062412.810247660
1607062412.910215139
1607062413.010220051
1607062413.110254049
1607062413.210249424
1607062413.310259581
1607062413.410219669
1607062413.510220766
1607062413.610358000
1607062413.710217237
1607062413.810218811
1607062413.910217047
1607062414.010248184
1607062414.110262156
1607062414.210249424
1607062414.310263872
1607062414.410215616
1607062414.510361433
1607062414.610354900
1607062414.710349083
1607062414.810257673
1607062414.910263062
1607062415.010357380
1607062415.110357046
1607062415.210231304
1607062415.310354471
1607062415.410353422
1607062415.510353565
1607062415.610330343
1607062415.710333824
1607062415.810207129
1607062415.910255432
1607062416.010215521
1607062416.110355854
1607062416.210246563
1607062416.310248613
1607062416.410190582
1607062416.510261536
1607062416.610266924
1607062416.710358858
1607062416.810354948
1607062416.910339594
1607062417.010380745
1607062417.110380650
1607062417.210362673
1607062417.310336113
1607062417.410356283
1607062417.510321379
1607062417.610331774
1607062417.710360050
1607062417.810252428
1607062417.910353661
1607062418.010330915
1607062418.110359430
1607062418.210331678
1607062418.310355425
1607062418.410353184
1607062418.510358095
1607062418.610354662
1607062418.710327625
1607062418.810356140
1607062418.910262585
1607062419.010333538
1607062419.110354424
1607062419.210358858
1607062419.310361385
1607062419.410334826
1607062419.510353565
1607062419.610329390
1607062419.710380316
1607062419.810372829
1607062419.910360336
1607062420.010352850
1607062420.110354900
1607062420.210357189
1607062420.310356379
1607062420.410220623
1607062420.510334492
1607062420.610362768
1607062420.710355043
1607062420.810252666
1607062420.910355330
1607062421.010354996
1607062421.110357761
1607062421.210228443
1607062421.310355186
1607062421.410352945
1607062421.510257244
1607062421.610219240
1607062421.710225105
1607062421.810263872
1607062421.910354376
1607062422.010258675
1607062422.110353947
1607062422.210356474
1607062422.310354471
1607062422.410252571
1607062422.510210514
1607062422.610360384
1607062422.710330963
1607062422.810189009
1607062422.910352945
1607062423.010355473
1607062423.110355854
1607062423.210358620
1607062423.310356379
1607062423.410261393
1607062423.510260582
1607062423.610331059
1607062423.710332394
1607062423.810182095
1607062423.910356998
1607062424.010265827
1607062424.110217571
1607062424.210257769
1607062424.310253620
1607062424.410218716
1607062424.510218143
1607062424.610191822
1607062424.710259676
1607062424.810263872
1607062424.910191059
1607062425.010252714
1607062425.110383272
1607062425.210373878
1607062425.310250282
1607062425.410213470
1607062425.510358095
1607062425.610357761
1607062425.710355759
1607062425.810265541
1607062425.910334110
1607062426.010333061
1607062426.110352755
1607062426.210264444
1607062426.310357571
1607062426.410255194
1607062426.510256767
1607062426.610257387
1607062426.710254431
1607062426.810180664
1607062426.910226107
1607062427.010259867
1607062427.110257149
1607062427.210258245
1607062427.310217857
1607062427.410219908
1607062427.510218859
1607062427.610258818
1607062427.710216045
1607062427.810218573
1607062427.910254002
1607062428.010285616
1607062428.110265970
1607062428.210256815
1607062428.310257673
1607062428.410255671
1607062428.510262251
1607062428.610260487
1607062428.710249662
1607062428.810258150
1607062428.910265446
1607062429.010258675
1607062429.110262156
1607062429.210218191
1607062429.310332775
1607062429.410320997
1607062429.510358810
1607062429.610359907
1607062429.710264206
1607062429.810236454
1607062429.910356045
1607062430.010268211
1607062430.110191822
1607062430.210353613
1607062430.310354710
1607062430.410377741
1607062430.510361433
1607062430.610359192
1607062430.710353613
1607062430.810355186
1607062430.910358906
1607062431.010235786
1607062431.110332251
1607062431.210355759
1607062431.310333490
1607062431.410329342
1607062431.510354280
1607062431.610335588
1607062431.710358381
1607062431.810356379
1607062431.910336018
1607062432.010353327
1607062432.110332966
1607062432.210354805
1607062432.310353994
1607062432.410352468
1607062432.510347366
1607062432.610357046
1607062432.710355759
1607062432.810370922
1607062432.910378695
1607062433.010374784
1607062433.110337496
1607062433.210327148
1607062433.310350895
1607062433.410351515
1607062433.510354996
1607062433.610261202
1607062433.710355282
1607062433.810352564
1607062433.910352945
1607062434.010331154
1607062434.110351324
1607062434.210247278
1607062434.310351372
1607062434.410221338
1607062434.510330439
1607062434.610354185
1607062434.710352898
1607062434.810317278
1607062434.910259724
1607062435.010356188
1607062435.110355616
1607062435.210262299
1607062435.310254097
1607062435.410333395
1607062435.510379076
1607062435.610343456
1607062435.710352182
1607062435.810351610
1607062435.910352707
1607062436.010329962
1607062436.110352278
1607062436.210228920
1607062436.310327768
1607062436.410352707
1607062436.510351896
1607062436.610334396
1607062436.710263729
1607062436.810358047
1607062436.910354376
1607062437.010335922
1607062437.110263824
1607062437.210335255
1607062437.310359001
1607062437.410199881
1607062437.510258913
1607062437.610260725
1607062437.710258007
1607062437.810335398
1607062437.910257339
1607062438.010224819
1607062438.110262632
1607062438.210357904
1607062438.310274601
1607062438.410351038
1607062438.510352612
1607062438.610321760
1607062438.710355043
1607062438.810350657
1607062438.910264254
1607062439.010356665
1607062439.110357285
1607062439.210360527
1607062439.310191393
1607062439.410353899
1607062439.510354996
1607062439.610333920
1607062439.710358381
1607062439.810260296
1607062439.910357475
1607062440.010259628
1607062440.110359669
1607062440.210354805
1607062440.310353518
1607062440.410254240
1607062440.510378599
1607062440.610358715
1607062440.710332155
1607062440.810354948
1607062440.910355330
1607062441.010219812
1607062441.110356092
1607062441.210354567
1607062441.310334206
1607062441.410263062
1607062441.510354996
1607062441.610353470
1607062441.710262060
1607062441.810354948
1607062441.910259962
1607062442.010330200
1607062442.110262871
1607062442.210260153
1607062442.310356140
1607062442.410354137
1607062442.510320187
1607062442.610353947
1607062442.710354567
1607062442.810238123
1607062442.910351992
1607062443.010379314
1607062443.110350609
1607062443.210219622
1607062443.310332775
1607062443.410259485
1607062443.510353565
1607062443.610325336
1607062443.710238218
1607062443.810354233
1607062443.910354137
1607062444.010253191
1607062444.110260963
1607062444.210332870
1607062444.310333014
1607062444.410355330
1607062444.510220051
1607062444.610330105
1607062444.710351944
1607062444.810352087
1607062444.910333633
1607062445.010352612
1607062445.110357761
1607062445.210356474
1607062445.310356617
1607062445.410357952
1607062445.510369062
1607062445.610380411
1607062445.710359812
1607062445.810358047
1607062445.910329342
1607062446.010221481
1607062446.110353231
1607062446.210352898
1607062446.310269117
1607062446.410261154
1607062446.510344744
1607062446.610328197
1607062446.710323095
1607062446.810330391
1607062446.910218239
1607062447.010351658
1607062447.110334635
1607062447.210354090
1607062447.310354710
1607062447.410355091
1607062447.510352612
1607062447.610330582
1607062447.710355043
1607062447.810289383
1607062447.910351753
1607062448.010334492
1607062448.110361338
1607062448.210355520
1607062448.310351849
1607062448.410354853
1607062448.510351896
1607062448.610351562
1607062448.710358858
1607062448.810351372
1607062448.910354614
1607062449.010320663
1607062449.110363245
1607062449.210354567
1607062449.310354710
1607062449.410255671
1607062449.510316610
1607062449.610356569
1607062449.710257292
1607062449.810353994
1607062449.910328150
1607062450.010330439
1607062450.110321999
1607062450.210354090
1607062450.310218334
1607062450.410358429
1607062450.510354519
1607062450.610351562
1607062450.710328579
1607062450.810345888
1607062450.910254478
1607062451.010354996
1607062451.110353470
1607062451.210328102
1607062451.310331106
1607062451.410353422
1607062451.510333300
1607062451.610331059
1607062451.710354805
1607062451.810356855
1607062451.910353661
1607062452.010359287
1607062452.110217333
1607062452.210355997
1607062452.310352087
1607062452.410250664
1607062452.510218620
1607062452.610346556
1607062452.710253716
1607062452.810370922
1607062452.910359383
1607062453.010329247
1607062453.110352755
1607062453.210319281
1607062453.310350895
1607062453.410217285
1607062453.510214806
1607062453.610217571
1607062453.710217237
1607062453.810331583
1607062453.910351992
1607062454.010329008
1607062454.110352755
1607062454.210356712
1607062454.310230255
1607062454.410355330
1607062454.510353565
1607062454.610333204
1607062454.710352659
1607062454.810353994
1607062454.910330057
1607062455.010353327
1607062455.110351324
1607062455.210223913
1607062455.310384035
1607062455.410250187
1607062455.510331631
1607062455.610329151
1607062455.710355043
1607062455.810354710
1607062455.910354376
1607062456.010351419
1607062456.110220909
1607062456.210356951
1607062456.310352564
1607062456.410351992
1607062456.510218859
1607062456.610354424
1607062456.710362673
1607062456.810328960
1607062456.910332203
1607062457.010355234
1607062457.110352993
1607062457.210356474
1607062457.310321569
1607062457.410326719
1607062457.510218143
1607062457.610219955
1607062457.710217714
1607062457.810358524
1607062457.910365582
1607062458.010338545
1607062458.110352516
1607062458.210332632
1607062458.310219288
1607062458.410210609
1607062458.510328531
1607062458.610319614
1607062458.710217953
1607062458.810327291
1607062458.910254478
1607062459.010261774
1607062459.110346556
1607062459.210333586
1607062459.310351133
1607062459.410360336
1607062459.510351419
1607062459.610218287
1607062459.710328817
1607062459.810357094
1607062459.910357237
1607062460.010216713
1607062460.110330105
1607062460.210339069
1607062460.310375929
1607062460.410375595
1607062460.510255814
1607062460.610355616
1607062460.710261345
1607062460.810353279
1607062460.910352945
1607062461.010353088
1607062461.110353231
1607062461.210354090
1607062461.310353279
1607062461.410241842
1607062461.510357618
1607062461.610354185
1607062461.710353851
1607062461.810353756
1607062461.910355330
1607062462.010334492
1607062462.110354185
1607062462.210353613
1607062462.310329199
1607062462.410351992
1607062462.510352850
1607062462.610322237
1607062462.710354567
1607062462.810351849
1607062462.910260916
1607062463.010363340
1607062463.110340357
1607062463.210275888
1607062463.310353994
1607062463.410352468
1607062463.510353327
1607062463.610327959
1607062463.710355759
1607062463.810333014
1607062463.910351753
1607062464.010353804
1607062464.110353947
1607062464.210356474
1607062464.310365677
1607062464.410179853
1607062464.510351896
1607062464.610358477
1607062464.710350513
1607062464.810352325
1607062464.910350800
1607062465.010336637
1607062465.110351086
1607062465.210261345
1607062465.310330153
1607062465.410332680
1607062465.510377884
1607062465.610359669
1607062465.710353851
1607062465.810332775
1607062465.910355806
1607062466.010329485
1607062466.110278130
1607062466.210262775
1607062466.310360432
1607062466.410357237
1607062466.510352135
1607062466.610351086
1607062466.710343361
1607062466.810237169
1607062466.910331964
1607062467.010351658
1607062467.110352993
1607062467.210222006
1607062467.310258389
1607062467.410235405
1607062467.510355949
1607062467.610331774
1607062467.710258007
1607062467.810364723
1607062467.910355091
1607062468.010379314
1607062468.110260487
1607062468.210335016
1607062468.310273170
1607062468.410355330
1607062468.510261297
1607062468.610322952
1607062468.710255623
1607062468.810333014
1607062468.910361052
1607062469.010259628
1607062469.110352516
1607062469.210360050
1607062469.310260057
