1607062784.321017027
1607062784.421219110
1607062784.521418333
1607062784.621746302
1607062784.722049713
1607062784.822354555
1607062784.922660589
1607062785.022964239
1607062785.123267174
1607062785.223594666
1607062785.323886633
1607062785.424077988
1607062785.524402857
1607062785.624697447
1607062785.724997759
1607062785.825312376
1607062785.925451517
1607062786.025757074
1607062786.125956297
1607062786.226261616
1607062786.326565027
1607062786.426856518
1607062786.527161360
1607062786.627470970
1607062786.727774620
1607062786.828108788
1607062786.928411245
1607062787.028717041
1607062787.129019737
1607062787.229306936
1607062787.329610825
1607062787.429879904
1607062787.530183077
1607062787.630486012
1607062787.730790138
1607062787.831079721
1607062787.931408405
1607062788.031677961
1607062788.131985188
1607062788.232289314
1607062788.332612991
1607062788.432916403
1607062788.533218145
1607062788.633418083
1607062788.733722925
1607062788.834028244
1607062788.934197426
1607062789.034499168
1607062789.134802103
1607062789.235122681
1607062789.335292816
1607062789.435571671
1607062789.535899878
1607062789.636205435
1607062789.736507177
1607062789.836810827
1607062789.937116385
1607062790.037416458
1607062790.137747526
1607062790.237953663
1607062790.338231564
1607062790.438565969
1607062790.538834333
1607062790.639059067
1607062790.739403725
1607062790.839707375
1607062790.940011263
1607062791.040315390
1607062791.140520811
1607062791.240826607
1607062791.341131210
1607062791.441347599
1607062791.541663885
1607062791.641966820
1607062791.742273808
1607062791.842575312
1607062791.942877054
1607062792.043179512
1607062792.143462420
1607062792.243767738
1607062792.344082117
1607062792.444407463
1607062792.544711351
1607062792.645005465
1607062792.745321512
1607062792.845537424
1607062792.945839882
1607062793.046142817
1607062793.146324158
1607062793.246629477
1607062793.346934557
1607062793.447238207
1607062793.547541142
1607062793.647842646
1607062793.748138905
1607062793.848470926
1607062793.948772430
1607062794.049074888
1607062794.149378300
1607062794.249577761
1607062794.349880934
1607062794.450188637
1607062794.550491333
1607062794.650795221
1607062794.751123190
1607062794.851420879
1607062794.951721668
1607062795.052022457
1607062795.152323961
1607062795.252626657
1607062795.352890968
1607062795.453077555
1607062795.553381681
1607062795.653596640
1607062795.753869057
1607062795.854172468
1607062795.954475164
1607062796.054643154
1607062796.154946566
1607062796.255251408
1607062796.355563641
1607062796.455869675
1607062796.556161642
1607062796.656460285
1607062796.756762028
1607062796.857064962
1607062796.957353354
1607062797.057657480
1607062797.157987118
1607062797.258288860
1607062797.358592510
1607062797.458864927
1607062797.559169531
1607062797.659470797
1607062797.759771109
1607062797.860073328
1607062797.960379839
1607062798.060680389
1607062798.160981417
1607062798.261313200
1607062798.361617088
1607062798.461921692
1607062798.562219143
1607062798.662520170
1607062798.762705088
1607062798.863031626
1607062798.963332891
1607062799.063636303
1607062799.163937569
1607062799.264248848
1607062799.364558220
1607062799.464861155
1607062799.565155983
1607062799.665292025
1607062799.765429735
1607062799.865586996
1607062799.965797901
1607062800.065964699
1607062800.166177988
1607062800.266386747
1607062800.366595268
1607062800.466805220
1607062800.567104578
1607062800.667409182
1607062800.767695904
1607062800.867994785
1607062800.968162060
1607062801.068444729
1607062801.168745518
1607062801.268949032
1607062801.369162560
1607062801.469305754
1607062801.569500685
1607062801.669703722
1607062801.769840002
1607062801.870006084
1607062801.970285416
1607062802.070585012
1607062802.170886517
1607062802.271052837
1607062802.371322632
1607062802.471622467
1607062802.571950674
1607062802.672255039
1607062802.772555590
1607062802.872862101
1607062802.973131657
1607062803.073444128
1607062803.173748016
1607062803.274062634
1607062803.374369144
1607062803.474545956
1607062803.574846745
1607062803.675141811
1607062803.775443077
1607062803.875748158
1607062803.976076126
1607062804.076376915
1607062804.176680326
1607062804.276984453
1607062804.377285242
1607062804.477546692
1607062804.577753305
1607062804.678053856
1607062804.778357267
1607062804.878657103
1607062804.978985310
1607062805.079293013
1607062805.179600716
1607062805.279901743
1607062805.380204439
1607062805.480505466
1607062805.580841303
1607062805.681114674
1607062805.781424999
1607062805.881727457
1607062805.981930017
1607062806.082236767
1607062806.182537794
1607062806.282840967
1607062806.383143187
1607062806.483443975
1607062806.583765507
1607062806.684065104
1607062806.784352779
1607062806.884659052
1607062806.984861612
1607062807.085169792
1607062807.185475349
1607062807.285659075
1607062807.385967016
1607062807.486266851
1607062807.586554527
1607062807.686854839
1607062807.787117958
1607062807.887420654
1607062807.987726212
1607062808.088030100
1607062808.188329697
1607062808.288629055
1607062808.388932467
1607062808.489233255
1607062808.589536428
1607062808.689835548
1607062808.790111303
1607062808.890414000
1607062808.990696430
1607062809.090892792
1607062809.191194773
1607062809.291464329
1607062809.391777992
1607062809.492060900
1607062809.592369318
1607062809.692663908
1607062809.792965889
1607062809.893275499
1607062809.993557453
1607062810.093858719
1607062810.194192886
1607062810.294479847
1607062810.394646645
1607062810.494941950
1607062810.595237970
1607062810.695535660
1607062810.795839310
1607062810.896147966
1607062810.996453047
1607062811.096745729
1607062811.197045088
1607062811.297269344
1607062811.397455692
1607062811.497756004
1607062811.598061562
1607062811.698249817
1607062811.798532248
1607062811.898833275
1607062811.999135256
1607062812.099464655
1607062812.199755192
1607062812.300059080
1607062812.400359631
1607062812.500662565
1607062812.600871325
1607062812.701172352
1607062812.801479578
1607062812.901778698
1607062813.002012014
1607062813.102317810
1607062813.202629566
1607062813.302929163
1607062813.403226376
1607062813.503527164
1607062813.603829861
1607062813.704129934
1607062813.804346085
1607062813.904648542
1607062814.004951239
1607062814.105260611
1607062814.205560684
1607062814.305860281
1607062814.406161308
1607062814.506487846
1607062814.606793404
1607062814.707095623
1607062814.807301760
1607062814.907600880
1607062815.007905245
1607062815.108206272
1607062815.208507776
1607062815.308840275
1607062815.409160376
1607062815.509464979
1607062815.609734297
1607062815.710006952
1607062815.810310125
1607062815.910613060
1607062816.010893583
1607062816.111194372
1607062816.211523056
1607062816.311826706
1607062816.412127733
1607062816.512433767
1607062816.612734318
1607062816.713033915
1607062816.813334465
1607062816.913652658
1607062817.013955355
1607062817.114160538
1607062817.214450359
1607062817.314754009
1607062817.415056229
1607062817.515361071
1607062817.615664959
1607062817.715964556
1607062817.816292524
1607062817.916595459
1607062818.016899109
1607062818.117198944
1607062818.217415333
1607062818.317718983
1607062818.417989492
1607062818.518292189
1607062818.618593216
1607062818.718907118
1607062818.819109917
1607062818.919410229
1607062819.019711971
1607062819.120018721
1607062819.220321894
1607062819.320647240
1607062819.420947075
1607062819.521252632
1607062819.621257305
1607062819.721092701
1607062819.821232796
1607062819.921254873
1607062820.021280766
1607062820.121170044
1607062820.221263409
1607062820.321255684
1607062820.421179295
1607062820.521255970
1607062820.621257305
1607062820.721262932
1607062820.821256876
1607062820.921256781
1607062821.021160603
1607062821.121253729
1607062821.221257925
1607062821.321256638
1607062821.421257734
1607062821.521265507
1607062821.621256113
1607062821.721244335
1607062821.821256161
1607062821.921266317
1607062822.021255970
1607062822.121260166
1607062822.221261740
1607062822.321159363
1607062822.421256542
1607062822.521267653
1607062822.621261358
1607062822.721281052
1607062822.821163177
1607062822.921257257
1607062823.021257162
1607062823.121254444
1607062823.221172094
1607062823.321258068
1607062823.421266079
1607062823.521256685
1607062823.621162891
1607062823.721163750
1607062823.821254492
1607062823.921254635
1607062824.021240473
1607062824.121165514
1607062824.221263409
1607062824.321256399
1607062824.421259880
1607062824.521258354
1607062824.621252060
1607062824.721256971
1607062824.821263552
1607062824.921261072
1607062825.021274567
1607062825.121258736
1607062825.221260309
1607062825.321287155
1607062825.421288729
1607062825.521268845
1607062825.621264696
1607062825.721262932
1607062825.821266890
1607062825.921270370
1607062826.021262884
1607062826.121165514
1607062826.221170664
1607062826.321166754
1607062826.421090364
1607062826.521267653
1607062826.621254921
1607062826.721259832
1607062826.821119785
1607062826.921265602
1607062827.021253824
1607062827.121256113
1607062827.221122503
1607062827.321271420
1607062827.421256304
1607062827.521255016
1607062827.621256590
1607062827.721243858
1607062827.821255922
1607062827.921254873
1607062828.021282911
1607062828.121121168
1607062828.221269846
1607062828.321237087
1607062828.421260595
1607062828.521263599
1607062828.621263504
1607062828.721263170
1607062828.821261406
1607062828.921247482
1607062829.021254301
1607062829.121260643
1607062829.221257687
1607062829.321256161
1607062829.421257496
1607062829.521231413
1607062829.621258974
1607062829.721254587
1607062829.821167946
1607062829.921265125
1607062830.021261454
1607062830.121248245
1607062830.221256256
1607062830.321257114
1607062830.421258926
1607062830.521261215
1607062830.621272564
1607062830.721276522
1607062830.821270227
1607062830.921255350
1607062831.021255493
1607062831.121262312
1607062831.221264124
1607062831.321250916
1607062831.421258211
1607062831.521256685
1607062831.621263981
1607062831.721259594
1607062831.821264982
1607062831.921256065
1607062832.021256924
1607062832.121256590
1607062832.221260071
1607062832.321254969
1607062832.421264887
1607062832.521259546
1607062832.621255398
1607062832.721255779
1607062832.821256638
1607062832.921255827
1607062833.021162033
1607062833.121255636
1607062833.221256018
1607062833.321283817
1607062833.421272039
1607062833.521260977
1607062833.621228695
1607062833.721258163
1607062833.821262360
1607062833.921267748
1607062834.021254778
1607062834.121254921
1607062834.221258163
1607062834.321263790
1607062834.421256065
1607062834.521265030
1607062834.621255159
1607062834.721264362
1607062834.821254969
1607062834.921257019
1607062835.021257401
1607062835.121255875
1607062835.221255779
1607062835.321265459
1607062835.421254873
1607062835.521168709
1607062835.621256113
1607062835.721258640
1607062835.821256399
1607062835.921272993
1607062836.021289110
1607062836.121251106
1607062836.221255779
1607062836.321258307
1607062836.421257257
1607062836.521254778
1607062836.621255159
1607062836.721127510
1607062836.821261406
1607062836.921258926
1607062837.021266222
1607062837.121257782
1607062837.221256495
1607062837.321229219
1607062837.421264648
1607062837.521256208
1607062837.621257544
1607062837.721258163
1607062837.821263075
1607062837.921174049
1607062838.021255493
1607062838.121256113
1607062838.221259117
1607062838.321257591
1607062838.421262026
1607062838.521234035
1607062838.621291161
1607062838.721266031
1607062838.821263313
1607062838.921259165
1607062839.021255255
1607062839.121241093
1607062839.221264124
1607062839.321255684
1607062839.421257734
1607062839.521255732
1607062839.621264935
1607062839.721223116
1607062839.821256161
1607062839.921257257
1607062840.021255732
1607062840.121261358
1607062840.221256018
1607062840.321264029
1607062840.421256542
1607062840.521264315
1607062840.621258259
1607062840.721260309
1607062840.821255922
1607062840.921162605
1607062841.021267176
1607062841.121262550
1607062841.221285105
1607062841.321280718
1607062841.421275139
1607062841.521262884
1607062841.621259928
1607062841.721263170
1607062841.821260691
1607062841.921168566
1607062842.021261215
1607062842.121258259
1607062842.221165895
1607062842.321164608
1607062842.421165705
1607062842.521090746
1607062842.621226549
1607062842.721117735
1607062842.821263790
1607062842.921257019
1607062843.021260977
1607062843.121254206
1607062843.221261501
1607062843.321254969
1607062843.421261072
1607062843.521251678
1607062843.621158123
1607062843.721251488
1607062843.821234465
1607062843.921173811
1607062844.021275997
1607062844.121122837
1607062844.221255302
1607062844.321257591
1607062844.421146393
1607062844.521259546
1607062844.621256351
1607062844.721255541
1607062844.821262598
1607062844.921257973
1607062845.021256208
1607062845.121257544
1607062845.221261024
1607062845.321260691
1607062845.421255350
1607062845.521256924
1607062845.621166706
1607062845.721261740
1607062845.821255922
1607062845.921263933
1607062846.021257877
1607062846.121257782
1607062846.221255541
1607062846.321257353
1607062846.421256304
1607062846.521280289
1607062846.621278763
1607062846.721256018
1607062846.821257114
1607062846.921256781
1607062847.021256208
1607062847.121256590
1607062847.221258163
1607062847.321135283
1607062847.421114206
1607062847.521257877
1607062847.621260643
1607062847.721255541
1607062847.821255207
1607062847.921261311
1607062848.021260262
1607062848.121256590
1607062848.221259117
1607062848.321258783
1607062848.421258211
1607062848.521227598
1607062848.621256590
1607062848.721165180
1607062848.821255684
1607062848.921255589
1607062849.021262169
1607062849.121225834
1607062849.221281767
1607062849.321275949
1607062849.421261072
1607062849.521259785
1607062849.621174335
1607062849.721255779
1607062849.821258307
1607062849.921268702
1607062850.021254778
1607062850.121256351
1607062850.221225739
1607062850.321261406
1607062850.421255112
1607062850.521121979
1607062850.621265411
1607062850.721263409
1607062850.821236134
1607062850.921256065
1607062851.021262169
1607062851.121253967
1607062851.221255779
1607062851.321256876
1607062851.421241999
1607062851.521256685
1607062851.621257067
1607062851.721255064
1607062851.821266174
1607062851.921281815
1607062852.021266937
1607062852.121257544
1607062852.221260071
1607062852.321260691
1607062852.421258688
1607062852.521256447
1607062852.621266842
1607062852.721264362
1607062852.821257830
1607062852.921262741
1607062853.021260023
1607062853.121265650
1607062853.221256733
1607062853.321258545
1607062853.421262026
1607062853.521169424
1607062853.621254921
1607062853.721255541
1607062853.821238756
1607062853.921258450
1607062854.021255493
1607062854.121256828
1607062854.221255779
1607062854.321256638
1607062854.421228170
1607062854.521286011
1607062854.621280909
1607062854.721262932
1607062854.821257353
1607062854.921266794
1607062855.021224737
1607062855.121257782
1607062855.221259594
1607062855.321256638
1607062855.421255112
1607062855.521255493
1607062855.621257544
1607062855.721166372
1607062855.821255922
1607062855.921262503
1607062856.021255493
1607062856.121240139
1607062856.221260309
1607062856.321259499
1607062856.421257734
1607062856.521255255
1607062856.621123791
1607062856.721241713
1607062856.821259499
1607062856.921273232
1607062857.021262646
1607062857.121161938
1607062857.221285582
1607062857.321272373
1607062857.421261787
1607062857.521172285
1607062857.621261597
1607062857.721260548
1607062857.821264267
1607062857.921269178
1607062858.021243811
1607062858.121263027
1607062858.221167088
1607062858.321170330
1607062858.421159983
1607062858.521171093
1607062858.621161699
1607062858.721257448
1607062858.821123838
1607062858.921262503
1607062859.021254063
1607062859.121258497
1607062859.221259594
1607062859.321168184
1607062859.421262980
1607062859.521257401
1607062859.621255159
1607062859.721120358
1607062859.821273565
1607062859.921237469
1607062860.021265745
1607062860.121266127
1607062860.221267462
1607062860.321269989
1607062860.421256065
1607062860.521255970
1607062860.621264219
1607062860.721259594
1607062860.821281433
1607062860.921266317
1607062861.021262169
1607062861.121187687
1607062861.221257210
1607062861.321254969
1607062861.421259403
1607062861.521255493
1607062861.621255636
1607062861.721252918
1607062861.821259737
1607062861.921122551
1607062862.021258354
1607062862.121265888
1607062862.221258879
1607062862.321262598
1607062862.421266079
1607062862.521261215
1607062862.621258974
1607062862.721129894
1607062862.821234465
1607062862.921255350
1607062863.021256208
1607062863.121258974
1607062863.221256256
1607062863.321256876
1607062863.421261787
1607062863.521255016
1607062863.621256828
1607062863.721258640
1607062863.821255445
1607062863.921259403
1607062864.021192074
1607062864.121237278
1607062864.221255779
1607062864.321257353
1607062864.421258926
1607062864.521273613
1607062864.621239185
1607062864.721287012
1607062864.821270466
1607062864.921274662
1607062865.021189690
1607062865.121238947
1607062865.221264601
1607062865.321255684
1607062865.421264410
1607062865.521254778
1607062865.621257305
1607062865.721256018
1607062865.821270466
1607062865.921259403
1607062866.021259308
1607062866.121255875
1607062866.221257687
1607062866.321255684
1607062866.421259880
1607062866.521255016
1607062866.621262312
1607062866.721261024
1607062866.821256399
1607062866.921248436
1607062867.021259546
1607062867.121258974
1607062867.221260309
1607062867.321248293
1607062867.421283960
1607062867.521119833
1607062867.621263504
1607062867.721256018
1607062867.821255922
1607062867.921256542
1607062868.021122217
1607062868.121254206
1607062868.221256733
1607062868.321262121
1607062868.421255350
1607062868.521255732
1607062868.621258259
1607062868.721235275
1607062868.821258545
1607062868.921273947
1607062869.021257162
1607062869.121262312
1607062869.221185446
1607062869.321265697
1607062869.421255589
1607062869.521257877
1607062869.621255636
1607062869.721264839
1607062869.821238279
1607062869.921262503
1607062870.021282673
1607062870.121271849
1607062870.221262217
1607062870.321260214
1607062870.421233416
1607062870.521165371
1607062870.621264935
1607062870.721256256
1607062870.821255684
1607062870.921256304
1607062871.021119595
1607062871.121265411
1607062871.221257925
1607062871.321263552
1607062871.421266794
1607062871.521257401
1607062871.621224880
1607062871.721257925
1607062871.821257114
1607062871.921256065
1607062872.021256685
1607062872.121254683
1607062872.221170664
1607062872.321261406
1607062872.421256542
1607062872.521256208
1607062872.621255636
1607062872.721282005
1607062872.821273088
1607062872.921263218
1607062873.021261454
1607062873.121261597
1607062873.221263409
1607062873.321261644
1607062873.421161413
1607062873.521261215
1607062873.621267319
1607062873.721277714
1607062873.821164131
1607062873.921186924
1607062874.021258831
1607062874.121237516
1607062874.221260309
1607062874.321274519
1607062874.421264648
1607062874.521166563
1607062874.621168613
1607062874.721167564
1607062874.821092129
1607062874.921164274
1607062875.021257877
1607062875.121256828
1607062875.221259594
1607062875.321292162
1607062875.421275854
1607062875.521261692
1607062875.621185780
1607062875.721247673
1607062875.821257830
1607062875.921263456
1607062876.021258116
1607062876.121256351
1607062876.221262217
1607062876.321259022
1607062876.421257973
1607062876.521255970
1607062876.621166229
1607062876.721170425
1607062876.821176767
1607062876.921258211
1607062877.021259546
1607062877.121259928
1607062877.221256018
1607062877.321262121
1607062877.421164751
1607062877.521259546
1607062877.621259928
1607062877.721255541
1607062877.821164131
1607062877.921290636
1607062878.021257401
1607062878.121267080
1607062878.221257687
1607062878.321258307
1607062878.421257496
1607062878.521257401
1607062878.621254921
1607062878.721263409
1607062878.821255207
1607062878.921256304
1607062879.021264791
1607062879.121255159
1607062879.221256495
1607062879.321264505
1607062879.421257973
1607062879.521256208
1607062879.621171951
1607062879.721256018
1607062879.821266413
1607062879.921256781
1607062880.021254778
1607062880.121256113
1607062880.221261263
1607062880.321238518
1607062880.421258211
1607062880.521259785
1607062880.621284246
1607062880.721279144
1607062880.821261168
1607062880.921191216
1607062881.021167994
1607062881.121261835
1607062881.221166134
1607062881.321255922
1607062881.421257496
1607062881.521255732
1607062881.621164322
1607062881.721261263
1607062881.821165562
1607062881.921267748
1607062882.021236658
1607062882.121236086
1607062882.221162796
1607062882.321256161
1607062882.421181917
1607062882.521260262
1607062882.621257067
1607062882.721151590
1607062882.821258068
1607062882.921260834
1607062883.021255016
1607062883.121259928
1607062883.221260309
1607062883.321297407
1607062883.421267033
1607062883.521257162
1607062883.621260881
1607062883.721256018
1607062883.821256638
1607062883.921248674
1607062884.021258354
1607062884.121260643
1607062884.221259594
1607062884.321257353
