1607062679.417382956
1607062679.517410517
1607062679.617368221
1607062679.717378855
1607062679.817383051
1607062679.917382717
1607062680.017347336
1607062680.117383003
1607062680.217349052
1607062680.317273855
1607062680.417385101
1607062680.517382622
1607062680.617388248
1607062680.717381954
1607062680.817385674
1607062680.917381287
1607062681.017345905
1607062681.117257833
1607062681.217394114
1607062681.317383051
1607062681.417334318
1607062681.517246246
1607062681.617342234
1607062681.717382431
1607062681.817386627
1607062681.917349577
1607062682.017345667
1607062682.117408037
1607062682.217400789
1607062682.317388535
1607062682.417341948
1607062682.517348051
1607062682.617384672
1607062682.717342615
1607062682.817303419
1607062682.917343140
1607062683.017382145
1607062683.117386818
1607062683.217383623
1607062683.317379951
1607062683.417254686
1607062683.517381191
1607062683.617382765
1607062683.717346430
1607062683.817385674
1607062683.917390108
1607062684.017362833
1607062684.117275000
1607062684.217271090
1607062684.317384958
1607062684.417244434
1607062684.517373800
1607062684.617276430
1607062684.717330456
1607062684.817408562
1607062684.917270899
1607062685.017361641
1607062685.117228985
1607062685.217382669
1607062685.317393541
1607062685.417254210
1607062685.517383575
1607062685.617383957
1607062685.717382669
1607062685.817383051
1607062685.917363644
1607062686.017383575
1607062686.117382526
1607062686.217384577
1607062686.317383289
1607062686.417339802
1607062686.517344236
1607062686.617386341
1607062686.717382669
1607062686.817343712
1607062686.917385578
1607062687.017365456
1607062687.117383480
1607062687.217384577
1607062687.317272663
1607062687.417414188
1607062687.517394781
1607062687.617383242
1607062687.717311621
1607062687.817343950
1607062687.917384148
1607062688.017341375
1607062688.117249966
1607062688.217386007
1607062688.317381859
1607062688.417387247
1607062688.517386198
1607062688.617345095
1607062688.717381001
1607062688.817384481
1607062688.917346478
1607062689.017353058
1607062689.117342234
1607062689.217385769
1607062689.317383051
1607062689.417383432
1607062689.517276525
1607062689.617344618
1607062689.717384100
1607062689.817388296
1607062689.917251587
1607062690.017344952
1607062690.117407799
1607062690.217396498
1607062690.317384720
1607062690.417346001
1607062690.517344952
1607062690.617384672
1607062690.717386961
1607062690.817346573
1607062690.917389393
1607062691.017382860
1607062691.117374659
1607062691.217349529
1607062691.317383528
1607062691.417390347
1607062691.517385244
1607062691.617384911
1607062691.717363834
1607062691.817383289
1607062691.917386532
1607062692.017342091
1607062692.117391586
1607062692.217384100
1607062692.317382097
1607062692.417383432
1607062692.517384768
1607062692.617384195
1607062692.717340708
1607062692.817307472
1607062692.917387247
1607062693.017383575
1607062693.117340803
1607062693.217384338
1607062693.317382812
1607062693.417282820
1607062693.517383099
1607062693.617384672
1607062693.717395544
1607062693.817382574
1607062693.917343140
1607062694.017325163
1607062694.117358208
1607062694.217288733
1607062694.317345619
1607062694.417392254
1607062694.517341137
1607062694.617385626
1607062694.717343569
1607062694.817346811
1607062694.917383671
1607062695.017384529
1607062695.117346048
1607062695.217389822
1607062695.317405462
1607062695.417394161
1607062695.517381907
1607062695.617310047
1607062695.717343092
1607062695.817386866
1607062695.917261362
1607062696.017249107
1607062696.117347479
1607062696.217384100
1607062696.317342997
1607062696.417382002
1607062696.517254591
1607062696.617384911
1607062696.717391014
1607062696.817382574
1607062696.917383432
1607062697.017382622
1607062697.117312670
1607062697.217383623
1607062697.317383051
1607062697.417343140
1607062697.517385244
1607062697.617383242
1607062697.717385769
1607062697.817248344
1607062697.917354584
1607062698.017408848
1607062698.117390394
1607062698.217355013
1607062698.317234278
1607062698.417382002
1607062698.517250776
1607062698.617382765
1607062698.717271090
1607062698.817345142
1607062698.917385340
1607062699.017385960
1607062699.117255211
1607062699.217343569
1607062699.317386150
1607062699.417385817
1607062699.517382383
1607062699.617252827
1607062699.717347145
1607062699.817385912
1607062699.917387247
1607062700.017343760
1607062700.117383957
1607062700.217385530
1607062700.317383051
1607062700.417382717
1607062700.517347097
1607062700.617420435
1607062700.717394352
1607062700.817385912
1607062700.917383909
1607062701.017355442
1607062701.117340565
1607062701.217350721
1607062701.317346096
1607062701.417387962
1607062701.517383814
1607062701.617385626
1607062701.717384338
1607062701.817385435
1607062701.917379379
1607062702.017382145
1607062702.117344618
1607062702.217390060
1607062702.317383528
1607062702.417385101
1607062702.517387390
1607062702.617346287
1607062702.717383146
1607062702.817385674
1607062702.917341709
1607062703.017303228
1607062703.117382050
1607062703.217410564
1607062703.317409277
1607062703.417392492
1607062703.517353535
1607062703.617336035
1607062703.717386007
1607062703.817382574
1607062703.917347670
1607062704.017385244
1607062704.117383003
1607062704.217361212
1607062704.317385197
1607062704.417284012
1607062704.517384291
1607062704.617383003
1607062704.717383623
1607062704.817247629
1607062704.917346716
1607062705.017344236
1607062705.117344618
1607062705.217345953
1607062705.317342520
1607062705.417325020
1607062705.517384052
1607062705.617384195
1607062705.717253208
1607062705.817383289
1607062705.917340755
1607062706.017338991
1607062706.117248535
1607062706.217383146
1607062706.317388296
1607062706.417382717
1607062706.517389059
1607062706.617254019
1607062706.717386961
1607062706.817386866
1607062706.917342186
1607062707.017252922
1607062707.117385149
1607062707.217355490
1607062707.317382336
1607062707.417383432
1607062707.517345905
1607062707.617343187
1607062707.717386007
1607062707.817383289
1607062707.917349339
1607062708.017388821
1607062708.117384195
1607062708.217385054
1607062708.317316294
1607062708.417384624
1607062708.517416000
1607062708.617400885
1607062708.717385054
1607062708.817383528
1607062708.917233467
1607062709.017342091
1607062709.117250919
1607062709.217388630
1607062709.317382812
1607062709.417383671
1607062709.517383099
1607062709.617388010
1607062709.717382193
1607062709.817386389
1607062709.917179346
1607062710.017339945
1607062710.117334843
1607062710.217272997
1607062710.317368269
1607062710.417264462
1607062710.517262697
1607062710.617278099
1607062710.717368603
1607062710.817387342
1607062710.917387724
1607062711.017248154
1607062711.117346764
1607062711.217409849
1607062711.317380667
1607062711.417353868
1607062711.517348289
1607062711.617383242
1607062711.717384338
1607062711.817383051
1607062711.917248011
1607062712.017383099
1607062712.117385149
1607062712.217383623
1607062712.317249298
1607062712.417343616
1607062712.517343283
1607062712.617384195
1607062712.717386961
1607062712.817249537
1607062712.917384624
1607062713.017386198
1607062713.117315769
1607062713.217248678
1607062713.317386150
1607062713.417384148
1607062713.517391205
1607062713.617340803
1607062713.717280865
1607062713.817342281
1607062713.917369127
1607062714.017384052
1607062714.117347956
1607062714.217346430
1607062714.317357540
1607062714.417385340
1607062714.517342091
1607062714.617353678
1607062714.717385292
1607062714.817386150
1607062714.917390585
1607062715.017267227
1607062715.117343664
1607062715.217386484
1607062715.317390680
1607062715.417348146
1607062715.517253160
1607062715.617387056
1607062715.717385530
1607062715.817388535
1607062715.917345762
1607062716.017386198
1607062716.117352724
1607062716.217345238
1607062716.317343235
1607062716.417342663
1607062716.517414570
1607062716.617281675
1607062716.717353582
1607062716.817349672
1607062716.917384863
1607062717.017387629
1607062717.117383003
1607062717.217295647
1607062717.317383528
1607062717.417328835
1607062717.517387390
1607062717.617344618
1607062717.717389584
1607062717.817175865
1607062717.917340279
1607062718.017343521
1607062718.117274046
1607062718.217391968
1607062718.317384720
1607062718.417363405
1607062718.517204285
1607062718.617354155
1607062718.717384815
1607062718.817384243
1607062718.917385817
1607062719.017248869
1607062719.117345572
1607062719.217372179
1607062719.317388058
1607062719.417289734
1607062719.517384529
1607062719.617385626
1607062719.717339277
1607062719.817341328
1607062719.917346001
1607062720.017386198
1607062720.117389917
1607062720.217385292
1607062720.317245960
1607062720.417308092
1607062720.517385483
1607062720.617342472
1607062720.717345238
1607062720.817344189
1607062720.917328596
1607062721.017348051
1607062721.117333889
1607062721.217253447
1607062721.317382812
1607062721.417384148
1607062721.517338753
1607062721.617229223
1607062721.717340469
1607062721.817389965
1607062721.917383194
1607062722.017284632
1607062722.117306948
1607062722.217344522
1607062722.317344666
1607062722.417387009
1607062722.517383814
1607062722.617312193
1607062722.717410088
1607062722.817394733
1607062722.917248487
1607062723.017344952
1607062723.117385626
1607062723.217355013
1607062723.317384720
1607062723.417227268
1607062723.517387629
1607062723.617246866
1607062723.717383146
1607062723.817218304
1607062723.917387009
1607062724.017404318
1607062724.117384195
1607062724.217386007
1607062724.317395210
1607062724.417382479
1607062724.517382622
1607062724.617387056
1607062724.717271566
1607062724.817383289
1607062724.917320013
1607062725.017349958
1607062725.117341757
1607062725.217383385
1607062725.317384720
1607062725.417385101
1607062725.517365456
1607062725.617383003
1607062725.717383862
1607062725.817305088
1607062725.917341948
1607062726.017343521
1607062726.117277384
1607062726.217386007
1607062726.317388773
1607062726.417331219
1607062726.517311811
1607062726.617238760
1607062726.717363358
1607062726.817382574
1607062726.917346001
1607062727.017385960
1607062727.117385626
1607062727.217386246
1607062727.317383528
1607062727.417382717
1607062727.517383337
1607062727.617388010
1607062727.717384100
1607062727.817299128
1607062727.917382717
1607062728.017383814
1607062728.117388487
1607062728.217384338
1607062728.317342281
1607062728.417346478
1607062728.517381430
1607062728.617386580
1607062728.717274904
1607062728.817383528
1607062728.917384863
1607062729.017273664
1607062729.117341280
1607062729.217345953
1607062729.317403555
1607062729.417393446
1607062729.517383814
1607062729.617295742
1607062729.717383385
1607062729.817389965
1607062729.917383194
1607062730.017341852
1607062730.117386341
1607062730.217390299
1607062730.317383051
1607062730.417384148
1607062730.517387152
1607062730.617383003
1607062730.717382908
1607062730.817384720
1607062730.917272806
1607062731.017382860
1607062731.117383718
1607062731.217390299
1607062731.317384243
1607062731.417249441
1607062731.517382860
1607062731.617383480
1607062731.717386723
1607062731.817383528
1607062731.917408943
1607062732.017387629
1607062732.117384434
1607062732.217342615
1607062732.317341328
1607062732.417385578
1607062732.517352819
1607062732.617381334
1607062732.717271328
1607062732.817383766
1607062732.917385101
1607062733.017346382
1607062733.117352009
1607062733.217365503
1607062733.317385674
1607062733.417382717
1607062733.517384529
1607062733.617343187
1607062733.717382193
1607062733.817381859
1607062733.917342186
1607062734.017277002
1607062734.117382526
1607062734.217384100
1607062734.317385435
1607062734.417383671
1607062734.517273426
1607062734.617400408
1607062734.717390537
1607062734.817386627
1607062734.917382717
1607062735.017340660
1607062735.117344856
1607062735.217385292
1607062735.317387342
1607062735.417343855
1607062735.517389059
1607062735.617349625
1607062735.717340469
1607062735.817384481
1607062735.917384148
1607062736.017389059
1607062736.117385149
1607062736.217351913
1607062736.317342520
1607062736.417386293
1607062736.517384052
1607062736.617385149
1607062736.717323065
1607062736.817339420
1607062736.917343855
1607062737.017383099
1607062737.117345095
1607062737.217409134
1607062737.317392111
1607062737.417348623
1607062737.517343283
1607062737.617341995
1607062737.717383623
1607062737.817384005
1607062737.917347670
1607062738.017382145
1607062738.117383480
1607062738.217384338
1607062738.317388058
1607062738.417382956
1607062738.517344475
1607062738.617384911
1607062738.717389584
1607062738.817251682
1607062738.917384148
1607062739.017340899
1607062739.117301464
1607062739.217386723
1607062739.317248821
1607062739.417349339
1607062739.517383575
1607062739.617382526
1607062739.717251062
1607062739.817412615
1607062739.917397738
1607062740.017368317
1607062740.117383480
1607062740.217384577
1607062740.317272425
1607062740.417384148
1607062740.517384529
1607062740.617385626
1607062740.717382908
1607062740.817274570
1607062740.917236328
1607062741.017347574
1607062741.117384672
1607062741.217248440
1607062741.317345858
1607062741.417385817
1607062741.517369986
1607062741.617342472
1607062741.717386484
1607062741.817389965
1607062741.917382002
1607062742.017335415
1607062742.117359161
1607062742.217384577
1607062742.317381859
1607062742.417248487
1607062742.517326355
1607062742.617332458
1607062742.717247248
1607062742.817357063
1607062742.917388916
1607062743.017384291
1607062743.117391109
1607062743.217391729
1607062743.317253590
1607062743.417248249
1607062743.517342329
1607062743.617383003
1607062743.717384577
1607062743.817384005
1607062743.917325258
1607062744.017344952
1607062744.117387295
1607062744.217271090
1607062744.317384243
1607062744.417386055
1607062744.517245531
1607062744.617345810
1607062744.717349052
1607062744.817385912
1607062744.917342424
1607062745.017341852
1607062745.117344141
1607062745.217251062
1607062745.317366123
1607062745.417350292
1607062745.517274618
1607062745.617387295
1607062745.717383146
1607062745.817388773
1607062745.917333603
1607062746.017345905
1607062746.117339611
1607062746.217383623
1607062746.317383289
1607062746.417384863
1607062746.517246246
1607062746.617343187
1607062746.717343092
1607062746.817386389
1607062746.917382717
1607062747.017256737
1607062747.117175579
1607062747.217341185
1607062747.317245960
1607062747.417385101
1607062747.517386436
1607062747.617389679
1607062747.717408895
1607062747.817332506
1607062747.917368412
1607062748.017354488
1607062748.117382526
1607062748.217386961
1607062748.317384005
1607062748.417333841
1607062748.517343760
1607062748.617232561
1607062748.717383146
1607062748.817382812
1607062748.917386055
1607062749.017344475
1607062749.117345333
1607062749.217384577
1607062749.317384481
1607062749.417384386
1607062749.517385721
1607062749.617339134
1607062749.717343807
1607062749.817383528
1607062749.917388201
1607062750.017278910
1607062750.117344618
1607062750.217341661
1607062750.317342997
1607062750.417248487
1607062750.517376900
1607062750.617386580
1607062750.717390060
1607062750.817271709
1607062750.917342901
1607062751.017340660
1607062751.117385864
1607062751.217383862
1607062751.317383766
1607062751.417383909
1607062751.517337084
1607062751.617343426
1607062751.717347860
1607062751.817347050
1607062751.917385817
1607062752.017383814
1607062752.117225647
1607062752.217347145
1607062752.317342520
1607062752.417384386
1607062752.517346621
1607062752.617386341
1607062752.717230082
1607062752.817344427
1607062752.917383909
1607062753.017342567
1607062753.117376328
1607062753.217391729
1607062753.317345858
1607062753.417340994
1607062753.517343998
1607062753.617386341
1607062753.717387915
1607062753.817346811
1607062753.917341471
1607062754.017250299
1607062754.117386103
1607062754.217386961
1607062754.317384481
1607062754.417203665
1607062754.517347813
1607062754.617341280
1607062754.717383623
1607062754.817342997
1607062754.917384386
1607062755.017329931
1607062755.117343903
1607062755.217344046
1607062755.317385674
1607062755.417382956
1607062755.517381668
1607062755.617226362
1607062755.717341661
1607062755.817368269
1607062755.917383671
1607062756.017385006
1607062756.117388010
1607062756.217237949
1607062756.317338705
1607062756.417341232
1607062756.517254829
1607062756.617383003
1607062756.717384100
1607062756.817236423
1607062756.917340279
1607062757.017341137
1607062757.117341280
1607062757.217387438
1607062757.317393303
1607062757.417248964
1607062757.517342806
1607062757.617345095
1607062757.717340469
1607062757.817345858
1607062757.917348623
1607062758.017346621
1607062758.117340088
1607062758.217344761
1607062758.317343235
1607062758.417374134
1607062758.517364502
1607062758.617248774
1607062758.717276573
1607062758.817239046
1607062758.917383432
1607062759.017383575
1607062759.117354393
1607062759.217389107
1607062759.317369223
1607062759.417386532
1607062759.517389297
1607062759.617386818
1607062759.717382908
1607062759.817384720
1607062759.917348385
1607062760.017381907
1607062760.117383242
1607062760.217386723
1607062760.317383289
1607062760.417385817
1607062760.517273426
1607062760.617382050
1607062760.717383862
1607062760.817382812
1607062760.917408705
1607062761.017346382
1607062761.117369652
1607062761.217386246
1607062761.317383528
1607062761.417283535
1607062761.517388105
1607062761.617383718
1607062761.717349052
1607062761.817246675
1607062761.917348862
1607062762.017382860
1607062762.117388010
1607062762.217385054
1607062762.317248344
1607062762.417382479
1607062762.517335415
1607062762.617387056
1607062762.717346668
1607062762.817382336
1607062762.917389393
1607062763.017382622
1607062763.117381811
1607062763.217251062
1607062763.317330599
1607062763.417384863
1607062763.517360210
1607062763.617252588
1607062763.717376471
1607062763.817391157
1607062763.917394400
1607062764.017383575
1607062764.117341518
1607062764.217366934
1607062764.317383766
1607062764.417384624
1607062764.517268419
1607062764.617385864
1607062764.717382908
1607062764.817373991
1607062764.917345047
1607062765.017350197
1607062765.117340565
1607062765.217383862
1607062765.317351818
1607062765.417390585
1607062765.517385244
1607062765.617388725
1607062765.717344284
1607062765.817383051
1607062765.917352915
1607062766.017382145
1607062766.117384434
1607062766.217383385
1607062766.317271471
1607062766.417370558
1607062766.517325640
1607062766.617384195
1607062766.717272282
1607062766.817346096
1607062766.917385817
1607062767.017382383
1607062767.117354870
1607062767.217344522
1607062767.317382336
1607062767.417343855
1607062767.517385483
1607062767.617291451
1607062767.717277527
1607062767.817388058
1607062767.917383432
1607062768.017346382
1607062768.117342472
1607062768.217343569
1607062768.317327023
1607062768.417385101
1607062768.517343998
1607062768.617347479
1607062768.717385530
1607062768.817386866
1607062768.917315722
1607062769.017371893
1607062769.117392778
1607062769.217387915
1607062769.317391157
1607062769.417343855
1607062769.517326832
1607062769.617389679
1607062769.717385530
1607062769.817347288
1607062769.917345524
1607062770.017387390
1607062770.117364883
1607062770.217387438
1607062770.317350626
1607062770.417384386
1607062770.517384768
1607062770.617383003
1607062770.717385769
1607062770.817384243
1607062770.917383671
1607062771.017388582
1607062771.117275476
1607062771.217385054
1607062771.317310333
1607062771.417387724
1607062771.517400265
1607062771.617391825
1607062771.717391491
1607062771.817389727
1607062771.917254686
1607062772.017383575
1607062772.117385149
1607062772.217384815
1607062772.317384005
1607062772.417382956
1607062772.517409086
1607062772.617375851
1607062772.717369795
1607062772.817386627
1607062772.917383194
1607062773.017345190
1607062773.117341995
1607062773.217386484
1607062773.317386866
1607062773.417344570
1607062773.517385721
1607062773.617382765
1607062773.717384100
1607062773.817252636
1607062773.917328119
1607062774.017383575
1607062774.117386341
1607062774.217348814
1607062774.317381382
1607062774.417346954
1607062774.517379045
1607062774.617384195
1607062774.717381954
1607062774.817384005
1607062774.917385101
1607062775.017345905
1607062775.117380619
1607062775.217386484
1607062775.317389011
1607062775.417390347
1607062775.517387629
1607062775.617348194
1607062775.717364073
1607062775.817392588
1607062775.917385817
1607062776.017386913
1607062776.117386103
1607062776.217388630
1607062776.317370176
1607062776.417412996
1607062776.517380953
1607062776.617390633
1607062776.717383623
1607062776.817340851
1607062776.917338848
1607062777.017271757
1607062777.117332220
1607062777.217318058
1607062777.317254543
1607062777.417296410
1607062777.517276049
1607062777.617383003
1607062777.717348337
1607062777.817344666
1607062777.917384386
1607062778.017385721
1607062778.117348671
1607062778.217380762
1607062778.317385674
1607062778.417385578
1607062778.517382145
1607062778.617342234
1607062778.717273951
1607062778.817386627
1607062778.917387247
1607062779.017398596
1607062779.117409706
1607062779.217393637
1607062779.317370653
