1607062889.324883461
1607062889.425170183
1607062889.525478601
1607062889.625771046
1607062889.725977182
1607062889.826254129
1607062889.926558733
1607062890.026861668
1607062890.127070189
1607062890.227417469
1607062890.327724934
1607062890.427876234
1607062890.528172970
1607062890.628477335
1607062890.728750706
1607062890.829055786
1607062890.929364920
1607062891.029675007
1607062891.129983664
1607062891.230272293
1607062891.330578566
1607062891.430809736
1607062891.531112909
1607062891.631415844
1607062891.731720924
1607062891.831920862
1607062891.932127237
1607062892.032431602
1607062892.132737875
1607062892.233040094
1607062892.333343506
1607062892.433513403
1607062892.533818960
1607062892.634031057
1607062892.734313726
1607062892.834599018
1607062892.934897900
1607062893.035202026
1607062893.135505676
1607062893.235834360
1607062893.336184263
1607062893.436472178
1607062893.536778212
1607062893.637071609
1607062893.737331152
1607062893.837600231
1607062893.937874556
1607062894.038107395
1607062894.138400078
1607062894.238736868
1607062894.339046717
1607062894.439354897
1607062894.539659500
1607062894.639961481
1607062894.740263462
1607062894.840591908
1607062894.940896273
1607062895.041170835
1607062895.141480923
1607062895.241787195
1607062895.342094898
1607062895.442397833
1607062895.542662859
1607062895.643001318
1607062895.743306160
1607062895.843612909
1607062895.943917274
1607062896.044227123
1607062896.144501448
1607062896.244808435
1607062896.345113754
1607062896.445354939
1607062896.545665741
1607062896.645956278
1607062896.746304750
1607062896.846600294
1607062896.946904182
1607062897.047209501
1607062897.147513866
1607062897.247822046
1607062897.347991228
1607062897.448297977
1607062897.548601866
1607062897.648937702
1607062897.749108791
1607062897.849353790
1607062897.949660540
1607062898.049990654
1607062898.150294065
1607062898.250598669
1607062898.350903988
1607062898.451210499
1607062898.551515579
1607062898.651817083
1607062898.752131224
1607062898.852437258
1607062898.952747107
1607062899.053052187
1607062899.153344631
1607062899.253646851
1607062899.353946447
1607062899.454253674
1607062899.554485321
1607062899.654788971
1607062899.755092382
1607062899.855402946
1607062899.955606937
1607062900.055909872
1607062900.156212807
1607062900.256417990
1607062900.356722116
1607062900.457027435
1607062900.557331085
1607062900.657633781
1607062900.757972956
1607062900.858281136
1607062900.958584309
1607062901.058886766
1607062901.159195423
1607062901.259501696
1607062901.359780312
1607062901.460081339
1607062901.560290575
1607062901.660595179
1607062901.760801554
1607062901.861104012
1607062901.961419344
1607062902.061725378
1607062902.162029028
1607062902.262329817
1607062902.362618208
1607062902.462824821
1607062902.563135147
1607062902.663442373
1607062902.763751745
1607062902.864056349
1607062902.964362144
1607062903.064689636
1607062903.164999247
1607062903.265306711
1607062903.365614414
1607062903.465921879
1607062903.566191912
1607062903.666497946
1607062903.766802549
1607062903.867099762
1607062903.967401266
1607062904.067706585
1607062904.168002367
1607062904.268307924
1607062904.368613243
1607062904.468945980
1607062904.569248199
1607062904.669523716
1607062904.769828320
1607062904.870133638
1607062904.970436573
1607062905.070745230
1607062905.170997620
1607062905.271328211
1607062905.371630430
1607062905.471937180
1607062905.572242737
1607062905.672548532
1607062905.772851229
1607062905.873166800
1607062905.973469734
1607062906.073774576
1607062906.174048185
1607062906.274350643
1607062906.374652624
1607062906.474961519
1607062906.575268507
1607062906.675572395
1607062906.775877476
1607062906.876177788
1607062906.976506710
1607062907.076810598
1607062907.177116871
1607062907.277432680
1607062907.377720356
1607062907.478026390
1607062907.578341484
1607062907.678631067
1607062907.778944492
1607062907.879251480
1607062907.979463100
1607062908.079767942
1607062908.180073023
1607062908.280378819
1607062908.380684137
1607062908.480986834
1607062908.581314087
1607062908.681616545
1607062908.781919956
1607062908.882225513
1607062908.982390404
1607062909.082675457
1607062909.182987928
1607062909.283287287
1607062909.383470297
1607062909.483779430
1607062909.584083796
1607062909.684391737
1607062909.784721136
1607062909.884926796
1607062909.985254049
1607062910.085559368
1607062910.185861349
1607062910.286046028
1607062910.386327028
1607062910.486629486
1607062910.586920023
1607062910.687190771
1607062910.787491322
1607062910.887794256
1607062910.988098145
1607062911.088402033
1607062911.188704014
1607062911.289007664
1607062911.389245749
1607062911.489384651
1607062911.589682817
1607062911.689846039
1607062911.790147543
1607062911.890351057
1607062911.990664244
1607062912.090863943
1607062912.191165924
1607062912.291374445
1607062912.391570330
1607062912.491864204
1607062912.592194557
1607062912.692396641
1607062912.792700052
1607062912.892902613
1607062912.993227482
1607062913.093368530
1607062913.193671465
1607062913.293878555
1607062913.394046545
1607062913.494257450
1607062913.594550848
1607062913.694843531
1607062913.795145035
1607062913.895451784
1607062913.995762348
1607062914.096051693
1607062914.196380615
1607062914.296588182
1607062914.396913767
1607062914.497215509
1607062914.597517014
1607062914.697703362
1607062914.797973394
1607062914.898275375
1607062914.998578787
1607062915.098866940
1607062915.199070692
1607062915.299376249
1607062915.399685860
1607062915.499988794
1607062915.600182533
1607062915.700463772
1607062915.800765276
1607062915.901067972
1607062916.001370668
1607062916.101575375
1607062916.201875210
1607062916.302176237
1607062916.402478456
1607062916.502709150
1607062916.603001356
1607062916.703299522
1607062916.803602219
1607062916.903917551
1607062917.004204750
1607062917.104411840
1607062917.204716206
1607062917.305005312
1607062917.405228615
1607062917.505395889
1607062917.605725050
1607062917.706033230
1607062917.806206703
1607062917.906511545
1607062918.006812334
1607062918.107107401
1607062918.207409859
1607062918.307714939
1607062918.408016443
1607062918.508319855
1607062918.608647823
1607062918.708853722
1607062918.809166193
1607062918.909471035
1607062919.009776592
1607062919.110078573
1607062919.210288763
1607062919.310593605
1607062919.410865068
1607062919.511170387
1607062919.611465931
1607062919.711797237
1607062919.812103748
1607062919.912405729
1607062920.012685299
1607062920.112988949
1607062920.213290691
1607062920.313599825
1607062920.413902044
1607062920.514038801
1607062920.614342451
1607062920.714631557
1607062920.814951181
1607062920.915261984
1607062921.015568972
1607062921.115841866
1607062921.216143608
1607062921.316449165
1607062921.416753531
1607062921.516920328
1607062921.617241621
1607062921.717543364
1607062921.817845821
1607062921.918154478
1607062922.018458605
1607062922.118761301
1607062922.219071388
1607062922.319378614
1607062922.419610262
1607062922.519935608
1607062922.620239735
1607062922.720575571
1607062922.820875406
1607062922.921230078
1607062923.021536112
1607062923.121872902
1607062923.222149611
1607062923.322464466
1607062923.422754526
1607062923.523108482
1607062923.623415232
1607062923.723751545
1607062923.824059486
1607062923.924419165
1607062924.024621248
1607062924.124956131
1607062924.225124121
1607062924.325161695
1607062924.424991369
1607062924.525126696
1607062924.625121355
1607062924.725123644
1607062924.825117826
1607062924.925103664
1607062925.025089264
1607062925.125000238
1607062925.225124359
1607062925.325124264
1607062925.425121546
1607062925.525122404
1607062925.625125408
1607062925.725121498
1607062925.825119972
1607062925.925123930
1607062926.025123596
1607062926.125121593
1607062926.225087881
1607062926.325122356
1607062926.425118923
1607062926.525123358
1607062926.625128269
1607062926.725126028
1607062926.825025320
1607062926.925120592
1607062927.025155783
1607062927.125134706
1607062927.225127220
1607062927.325124979
1607062927.425031185
1607062927.525121927
1607062927.625119448
1607062927.725122452
1607062927.825124741
1607062927.925124168
1607062928.025114298
1607062928.125121355
1607062928.225122213
1607062928.325128794
1607062928.425123215
1607062928.525124550
1607062928.625122070
1607062928.725129128
1607062928.825119495
1607062928.925122499
1607062929.025121212
1607062929.125122070
1607062929.225126028
1607062929.325120449
1607062929.425120354
1607062929.525120735
1607062929.625134230
1607062929.725156784
1607062929.825028181
1607062929.925122261
1607062930.025120020
1607062930.125125885
1607062930.225126028
1607062930.325122833
1607062930.425019503
1607062930.525122643
1607062930.625120878
1607062930.725122213
1607062930.825126171
1607062930.925122738
1607062931.025126934
1607062931.125120163
1607062931.225121975
1607062931.325127840
1607062931.425120354
1607062931.525120735
1607062931.625128031
1607062931.725111008
1607062931.825127125
1607062931.925120831
1607062932.025122881
1607062932.125125170
1607062932.225126028
1607062932.325039387
1607062932.425152302
1607062932.525127172
1607062932.625124216
1607062932.725124598
1607062932.825124979
1607062932.925122261
1607062933.025125742
1607062933.125121593
1607062933.225121737
1607062933.325126410
1607062933.425124168
1607062933.525125265
1607062933.625036001
1607062933.725122213
1607062933.825123549
1607062933.925122261
1607062934.025123835
1607062934.125121593
1607062934.225033760
1607062934.325122595
1607062934.425126791
1607062934.525119066
1607062934.625121355
1607062934.725122452
1607062934.825112581
1607062934.925122023
1607062935.025154829
1607062935.125132084
1607062935.225125313
1607062935.325121880
1607062935.425124884
1607062935.525124788
1607062935.625128746
1607062935.725122213
1607062935.825125456
1607062935.925115108
1607062936.025119781
1607062936.125114918
1607062936.225122690
1607062936.325124502
1607062936.425120831
1607062936.525120258
1607062936.625128508
1607062936.725119829
1607062936.825121641
1607062936.925124168
1607062937.025124550
1607062937.125128508
1607062937.225121260
1607062937.325123310
1607062937.425124884
1607062937.525122643
1607062937.625155687
1607062937.725150347
1607062937.825129032
1607062937.925120831
1607062938.025116444
1607062938.125130415
1607062938.225123882
1607062938.325123072
1607062938.425098896
1607062938.525120258
1607062938.625125408
1607062938.725122690
1607062938.825122833
1607062938.925125122
1607062939.025126934
1607062939.125122309
1607062939.225123167
1607062939.325122118
1607062939.425128460
1607062939.525113583
1607062939.625126600
1607062939.725128174
1607062939.825125933
1607062939.925122499
1607062940.025130510
1607062940.125121355
1607062940.225122690
1607062940.325155973
1607062940.425136089
1607062940.525107145
1607062940.625121593
1607062940.725111723
1607062940.825122833
1607062940.925124884
1607062941.025110006
1607062941.125098467
1607062941.224990845
1607062941.325123549
1607062941.425122261
1607062941.525026321
1607062941.625006437
1607062941.725122929
1607062941.825123310
1607062941.925034046
1607062942.025124311
1607062942.125122547
1607062942.225122452
1607062942.325124502
1607062942.425122738
1607062942.524959803
1607062942.625119925
1607062942.725120783
1607062942.825126886
1607062942.925160408
1607062943.025137186
1607062943.125132799
1607062943.225120068
1607062943.325121641
1607062943.425030231
1607062943.525128841
1607062943.625122547
1607062943.725131035
1607062943.825026274
1607062943.925121784
1607062944.025121927
1607062944.125123262
1607062944.225123644
1607062944.325124502
1607062944.424957275
1607062944.525126219
1607062944.625119448
1607062944.725125551
1607062944.825122356
1607062944.925122499
1607062945.025122166
1607062945.125115633
1607062945.225120783
1607062945.325123549
1607062945.425124884
1607062945.525123596
1607062945.625127554
1607062945.725034714
1607062945.825158358
1607062945.925023317
1607062946.025127649
1607062946.125126123
1607062946.225128174
1607062946.325121403
1607062946.425119400
1607062946.525030851
1607062946.625122786
1607062946.725122690
1607062946.825124979
1607062946.925012589
1607062947.025123358
1607062947.125129700
1607062947.225122452
1607062947.325127363
1607062947.425122738
1607062947.525129795
1607062947.625122786
1607062947.725124598
1607062947.825122595
1607062947.925123930
1607062948.025123835
1607062948.125124693
1607062948.225128651
1607062948.325124741
1607062948.425124407
1607062948.525112391
1607062948.625131607
1607062948.725034714
1607062948.825126410
1607062948.925124168
1607062949.025124311
1607062949.125011683
1607062949.225122452
1607062949.325125694
1607062949.425124168
1607062949.525157928
1607062949.625153065
1607062949.725133181
1607062949.825125456
1607062949.925037622
1607062950.025039196
1607062950.125126600
1607062950.225126505
1607062950.325123549
1607062950.425122976
1607062950.525128841
1607062950.625123978
1607062950.725122690
1607062950.825109720
1607062950.925123692
1607062951.025125742
1607062951.125129223
1607062951.225121498
1607062951.325126171
1607062951.425129890
1607062951.525130987
1607062951.625125647
1607062951.725125790
1607062951.825127125
1607062951.925124645
1607062952.025031328
1607062952.125128031
1607062952.225125551
1607062952.325126648
1607062952.425129414
1607062952.525131941
1607062952.625124693
1607062952.725125074
1607062952.825127840
1607062952.925124645
1607062953.025124550
1607062953.125125170
1607062953.225119829
1607062953.325126171
1607062953.425128698
1607062953.525123119
1607062953.625158787
1607062953.725156784
1607062953.825131178
1607062953.924989939
1607062954.025123835
1607062954.125126600
1607062954.225134373
1607062954.325124025
1607062954.425021410
1607062954.525128126
1607062954.625124216
1607062954.725125551
1607062954.825025082
1607062954.925126314
1607062955.025102139
1607062955.125126362
1607062955.225123644
1607062955.325126410
1607062955.425127745
1607062955.525131702
1607062955.625128031
1607062955.725125313
1607062955.825123787
1607062955.925126314
1607062956.025126696
1607062956.125126600
1607062956.225126266
1607062956.325126171
1607062956.425160646
1607062956.525163889
1607062956.625135660
1607062956.725125313
1607062956.825125933
1607062956.925033331
1607062957.025122881
1607062957.125123262
1607062957.225126982
1607062957.325123787
1607062957.425031900
1607062957.525127649
1607062957.625122786
1607062957.725125551
1607062957.825124502
1607062957.925122261
1607062958.025125027
1607062958.125124931
1607062958.225125313
1607062958.325125694
1607062958.425124168
1607062958.525126457
1607062958.625128269
1607062958.725127459
1607062958.824989319
1607062958.925124407
1607062959.025122643
1607062959.125124454
1607062959.225162506
1607062959.325156689
1607062959.425026178
1607062959.525127888
1607062959.625039577
1607062959.725037575
1607062959.825026512
1607062959.925122261
1607062960.025030375
1607062960.125020742
1607062960.225126028
1607062960.325123310
1607062960.425025463
1607062960.525125504
1607062960.625123262
1607062960.725123167
1607062960.825028419
1607062960.925108194
1607062961.025027514
1607062961.125110865
1607062961.225027323
1607062961.324990511
1607062961.425025463
1607062961.525103331
1607062961.625121355
1607062961.725127220
1607062961.825025558
1607062961.925120831
1607062962.025110483
1607062962.125123501
1607062962.225020409
1607062962.325121880
1607062962.424979687
1607062962.525125265
1607062962.625123501
1607062962.725125551
1607062962.825124264
1607062962.925124407
1607062963.025125504
1607062963.125126600
1607062963.225127935
1607062963.325117350
1607062963.425125360
1607062963.525126457
1607062963.625126839
1607062963.725125074
1607062963.825123549
1607062963.925117493
1607062964.025030136
1607062964.125126123
1607062964.225124121
1607062964.325127602
1607062964.425123930
1607062964.525099039
1607062964.625123262
1607062964.725125313
1607062964.825159311
1607062964.925147772
1607062965.025131702
1607062965.125104904
1607062965.225128412
1607062965.325031042
1607062965.425128937
1607062965.525125027
1607062965.625133514
1607062965.725125790
1607062965.825124741
1607062965.925125837
1607062966.025124311
1607062966.125124693
1607062966.225128889
1607062966.325123787
1607062966.425117731
1607062966.525123835
1607062966.625123978
1607062966.725122690
1607062966.825127125
1607062966.925126076
1607062967.025118828
1607062967.125132322
1607062967.225128412
1607062967.325124979
1607062967.425127268
1607062967.525121927
1607062967.625149965
1607062967.725146055
1607062967.825130939
1607062967.925131083
1607062968.025121927
1607062968.125125885
1607062968.225101709
1607062968.325124741
1607062968.425127029
1607062968.525127888
1607062968.625125170
1607062968.725125551
1607062968.825094461
1607062968.925130129
1607062969.025123835
1607062969.125025988
1607062969.225126505
1607062969.325126171
1607062969.425107002
1607062969.525027275
1607062969.625123978
1607062969.725124836
1607062969.825122833
1607062969.925023556
1607062970.025102854
1607062970.125128984
1607062970.225020885
1607062970.325124025
1607062970.425159454
1607062970.525150537
1607062970.625119686
1607062970.725125551
1607062970.825124741
1607062970.925129652
1607062971.025126219
1607062971.125126600
1607062971.225104332
1607062971.325122833
1607062971.425122023
1607062971.525127649
1607062971.625125408
1607062971.725124121
1607062971.825102091
1607062971.925125599
1607062972.025125265
1607062972.125126600
1607062972.225128651
1607062972.325126410
1607062972.425092220
1607062972.525124073
1607062972.625130415
1607062972.725124598
1607062972.825122833
1607062972.925111532
1607062973.025027514
1607062973.125123262
1607062973.225157022
1607062973.325135231
1607062973.425124407
1607062973.525127411
1607062973.625121355
1607062973.725122452
1607062973.825124741
1607062973.925122261
1607062974.025026798
1607062974.125124216
1607062974.225026131
1607062974.325126648
1607062974.425123930
1607062974.525125265
1607062974.625126362
1607062974.725123644
1607062974.825109720
1607062974.925123692
1607062975.025125027
1607062975.125125647
1607062975.225028753
1607062975.325027704
1607062975.425045729
1607062975.525122404
1607062975.625126839
1607062975.725133419
1607062975.825123549
1607062975.925160885
1607062976.025126696
1607062976.125030994
1607062976.225124598
1607062976.325124264
1607062976.425125837
1607062976.525125504
1607062976.625100613
1607062976.725122690
1607062976.825127363
1607062976.925128460
1607062977.025125504
1607062977.125130892
1607062977.225110531
1607062977.325125456
1607062977.425125599
1607062977.525106907
1607062977.625127316
1607062977.725124598
1607062977.825102329
1607062977.925123453
1607062978.025126457
1607062978.125125647
1607062978.225125313
1607062978.325129271
1607062978.425091982
1607062978.525127649
1607062978.625125170
1607062978.725158453
1607062978.825161695
1607062978.925133228
1607062979.025101185
1607062979.125122547
1607062979.225122213
1607062979.325126171
1607062979.425123930
1607062979.525125504
1607062979.625120640
1607062979.725122929
1607062979.825125456
1607062979.925124168
1607062980.025123358
1607062980.125129223
1607062980.225025892
1607062980.325124741
1607062980.425124645
1607062980.525124073
1607062980.625126839
1607062980.725131512
1607062980.825123310
1607062980.925123692
1607062981.025024414
1607062981.125024080
1607062981.225123644
1607062981.325124502
1607062981.425122261
1607062981.525156736
1607062981.625153303
1607062981.725124836
1607062981.825123549
1607062981.924957991
1607062982.025125504
1607062982.125123262
1607062982.225026846
1607062982.325124979
1607062982.425127268
1607062982.525119066
1607062982.625122786
1607062982.725128412
1607062982.825123310
1607062982.925123692
1607062983.025123119
1607062983.125113726
1607062983.225026369
1607062983.325124502
1607062983.425123215
1607062983.525126219
1607062983.625123739
1607062983.725128174
1607062983.824993372
1607062983.925127029
1607062984.025121927
1607062984.125024319
1607062984.225113153
1607062984.324992180
1607062984.425122023
1607062984.525027037
1607062984.625130653
1607062984.725127697
1607062984.825125694
1607062984.925126553
1607062985.025123835
1607062985.125126839
1607062985.225110054
1607062985.325126171
1607062985.425127506
1607062985.525099993
1607062985.625123978
1607062985.725126505
1607062985.825125933
1607062985.925025463
1607062986.025124788
1607062986.125127077
1607062986.224992514
1607062986.325030327
1607062986.425121307
1607062986.525126457
1607062986.625126123
1607062986.725125790
1607062986.825120449
1607062986.925128698
1607062987.025126457
1607062987.125159979
1607062987.225130320
1607062987.325030327
1607062987.425096750
1607062987.525126934
1607062987.625127077
1607062987.725124836
1607062987.825133085
1607062987.925089598
1607062988.025124788
1607062988.125027418
1607062988.225124598
1607062988.325130701
1607062988.425127745
1607062988.525127888
1607062988.625121832
1607062988.725127220
1607062988.825127602
1607062988.925027132
1607062989.025026083
1607062989.125126362
1607062989.225121498
1607062989.325124741
