1607062579.317154169
1607062579.417351961
1607062579.517651558
1607062579.617949009
1607062579.718248367
1607062579.818459988
1607062579.918777704
1607062580.019076824
1607062580.119380713
1607062580.219678879
1607062580.319975376
1607062580.420275450
1607062580.520574570
1607062580.620908022
1607062580.721216440
1607062580.821520090
1607062580.921794891
1607062581.021998167
1607062581.122274160
1607062581.222576380
1607062581.322878838
1607062581.423172474
1607062581.523469687
1607062581.623776436
1607062581.724105835
1607062581.824405193
1607062581.924705029
1607062582.024881363
1607062582.125181675
1607062582.225483894
1607062582.325782776
1607062582.426084280
1607062582.526383877
1607062582.626666546
1607062582.726968765
1607062582.827269793
1607062582.927568674
1607062583.027867079
1607062583.128166437
1607062583.228465319
1607062583.328766584
1607062583.429094315
1607062583.529404402
1607062583.629690170
1607062583.729990482
1607062583.830291986
1607062583.930574179
1607062584.030835867
1607062584.131132364
1607062584.231431961
1607062584.331734657
1607062584.432037592
1607062584.532339334
1607062584.632620335
1607062584.732945442
1607062584.833245039
1607062584.933547497
1607062585.033848524
1607062585.134115458
1607062585.234416485
1607062585.334719419
1607062585.435009718
1607062585.535335541
1607062585.635639191
1607062585.735930204
1607062585.836228848
1607062585.936532021
1607062586.036834955
1607062586.137134552
1607062586.237478018
1607062586.337780476
1607062586.438052416
1607062586.538351536
1607062586.638651133
1607062586.738948584
1607062586.839224577
1607062586.939488411
1607062587.039789438
1607062587.140114069
1607062587.240415812
1607062587.340722799
1607062587.441023588
1607062587.541327953
1607062587.641626358
1607062587.741925001
1607062587.842124224
1607062587.942440748
1607062588.042746067
1607062588.143046379
1607062588.243347168
1607062588.343648911
1607062588.443947792
1607062588.544250965
1607062588.644553423
1607062588.744881630
1607062588.845184803
1607062588.945488214
1607062589.045790672
1607062589.146089315
1607062589.246458530
1607062589.346756220
1607062589.447044611
1607062589.547342300
1607062589.647666931
1607062589.747967720
1607062589.848269939
1607062589.948471785
1607062590.048770428
1607062590.149070740
1607062590.249370575
1607062590.349629641
1607062590.449907064
1607062590.550204277
1607062590.650506973
1607062590.750828028
1607062590.851128578
1607062590.951294184
1607062591.051613331
1607062591.151913643
1607062591.252218008
1607062591.352375507
1607062591.452680826
1607062591.552979946
1607062591.653284311
1607062591.753582001
1607062591.853851557
1607062591.954150438
1607062592.054414272
1607062592.154716015
1607062592.254932880
1607062592.355236053
1607062592.455561399
1607062592.555862665
1607062592.656148672
1607062592.756448030
1607062592.856748343
1607062592.957046986
1607062593.057344675
1607062593.157620668
1607062593.257946014
1607062593.358243227
1607062593.458542824
1607062593.558806896
1607062593.659099102
1607062593.759394407
1607062593.859693289
1607062593.959992409
1607062594.060300112
1607062594.160622597
1607062594.260906458
1607062594.361216545
1607062594.461518526
1607062594.561824322
1607062594.662122250
1607062594.762420893
1607062594.862722397
1607062594.963015318
1607062595.063313007
1607062595.163641453
1607062595.263939857
1607062595.364222050
1607062595.464525938
1607062595.564821005
1607062595.665125847
1607062595.765343428
1607062595.865513563
1607062595.965818167
1607062596.066116571
1607062596.166415930
1607062596.266717434
1607062596.366984367
1607062596.467286110
1607062596.567613602
1607062596.667914152
1607062596.768214941
1607062596.868515015
1607062596.968809605
1607062597.069108725
1607062597.169428825
1607062597.269742012
1607062597.369946957
1607062597.470211267
1607062597.570525646
1607062597.670828104
1607062597.771126509
1607062597.871426821
1607062597.971726179
1607062598.072025061
1607062598.172348738
1607062598.272650480
1607062598.372960567
1607062598.473271608
1607062598.573409557
1607062598.673606157
1607062598.773933649
1607062598.874208212
1607062598.974488020
1607062599.074747801
1607062599.175040722
1607062599.275340319
1607062599.375548601
1607062599.475852489
1607062599.576151371
1607062599.676436424
1607062599.776732922
1607062599.877032280
1607062599.977339029
1607062600.077639580
1607062600.177945137
1607062600.278147697
1607062600.378427505
1607062600.478730440
1607062600.579032421
1607062600.679357052
1607062600.779656172
1607062600.879954576
1607062600.980253458
1607062601.080558777
1607062601.180855751
1607062601.281163216
1607062601.381482124
1607062601.481689215
1607062601.581899643
1607062601.682201385
1607062601.782505751
1607062601.882809639
1607062601.983102083
1607062602.083403826
1607062602.183702946
1607062602.284003019
1607062602.384299994
1607062602.484622955
1607062602.584920168
1607062602.685220242
1607062602.785436392
1607062602.885737658
1607062602.985944510
1607062603.086181641
1607062603.186485767
1607062603.286784649
1607062603.387087584
1607062603.487289906
1607062603.587586880
1607062603.687883854
1607062603.788183928
1607062603.888483047
1607062603.988797188
1607062604.089088202
1607062604.189364910
1607062604.289500237
1607062604.389802456
1607062604.490113020
1607062604.590417624
1607062604.690702438
1607062604.790968895
1607062604.891265631
1607062604.991594791
1607062605.091896296
1607062605.192183733
1607062605.292481184
1607062605.392779827
1607062605.493078470
1607062605.593359232
1607062605.693559408
1607062605.793764830
1607062605.893973589
1607062605.994181156
1607062606.094346046
1607062606.194629908
1607062606.294916153
1607062606.395213127
1607062606.495529652
1607062606.595837355
1607062606.696139097
1607062606.796342373
1607062606.896640539
1607062606.996937990
1607062607.097249269
1607062607.197386742
1607062607.297583342
1607062607.397747755
1607062607.497950792
1607062607.598160982
1607062607.698363781
1607062607.798566341
1607062607.898794651
1607062607.998987436
1607062608.099120140
1607062608.199386120
1607062608.299690723
1607062608.399995327
1607062608.500287533
1607062608.600587130
1607062608.700887680
1607062608.801121712
1607062608.901433468
1607062609.001626968
1607062609.101925373
1607062609.202199459
1607062609.302524090
1607062609.402822733
1607062609.503125906
1607062609.603412867
1607062609.703708649
1607062609.804007053
1607062609.904307604
1607062610.004609585
1607062610.104902029
1607062610.205215931
1607062610.305518150
1607062610.405817032
1607062610.506020308
1607062610.606294394
1607062610.706621647
1607062610.806892395
1607062610.907190084
1607062611.007492781
1607062611.107793808
1607062611.208072662
1607062611.308375120
1607062611.408675909
1607062611.509006262
1607062611.609317303
1607062611.709590673
1607062611.809856176
1607062611.910157919
1607062612.010459423
1607062612.110760450
1607062612.211058140
1607062612.311377525
1607062612.411680460
1607062612.511979103
1607062612.612281561
1607062612.712586403
1607062612.812803030
1607062612.913103580
1607062613.013416767
1607062613.113552570
1607062613.213739157
1607062613.314039707
1607062613.414339066
1607062613.514638186
1607062613.614928722
1607062613.715223789
1607062613.815487623
1607062613.915786982
1607062614.016113758
1607062614.116414309
1607062614.216713667
1607062614.317017317
1607062614.417317390
1607062614.517384529
1607062614.617341280
1607062614.717366695
1607062614.817381859
1607062614.917347670
1607062615.017385244
1607062615.117380381
1607062615.217382431
1607062615.317379475
1607062615.417384624
1607062615.517382622
1607062615.617381573
1607062615.717382669
1607062615.817383766
1607062615.917381287
1607062616.017382860
1607062616.117385149
1607062616.217385769
1607062616.317380667
1607062616.417382240
1607062616.517383814
1607062616.617386818
1607062616.717344046
1607062616.817380428
1607062616.917381287
1607062617.017345428
1607062617.117341518
1607062617.217411518
1607062617.317398548
1607062617.417377472
1607062617.517341137
1607062617.617384195
1607062617.717384577
1607062617.817282915
1607062617.917383194
1607062618.017384768
1607062618.117383480
1607062618.217389107
1607062618.317380667
1607062618.417376757
1607062618.517380238
1607062618.617256403
1607062618.717372656
1607062618.817377329
1607062618.917347431
1607062619.017384291
1607062619.117381334
1607062619.217385769
1607062619.317357540
1607062619.417382717
1607062619.517382622
1607062619.617380619
1607062619.717384577
1607062619.817314386
1607062619.917407036
1607062620.017376184
1607062620.117382050
1607062620.217384577
1607062620.317380905
1607062620.417387009
1607062620.517349482
1607062620.617338657
1607062620.717381001
1607062620.817382574
1607062620.917385101
1607062621.017344713
1607062621.117314816
1607062621.217386961
1607062621.317379951
1607062621.417374849
1607062621.517381907
1607062621.617383480
1607062621.717380285
1607062621.817357302
1607062621.917381048
1607062622.017380238
1607062622.117381334
1607062622.217382908
1607062622.317382097
1607062622.417351246
1607062622.517390251
1607062622.617349625
1607062622.717382193
1607062622.817350864
1607062622.917326689
1607062623.017380953
1607062623.117383003
1607062623.217382431
1607062623.317290783
1607062623.417253256
1607062623.517236948
1607062623.617383242
1607062623.717354059
1607062623.817381144
1607062623.917382002
1607062624.017380953
1607062624.117360830
1607062624.217205524
1607062624.317346811
1607062624.417380333
1607062624.517344236
1607062624.617381334
1607062624.717300415
1607062624.817381859
1607062624.917382479
1607062625.017341852
1607062625.117380381
1607062625.217381001
1607062625.317383528
1607062625.417382717
1607062625.517385006
1607062625.617383242
1607062625.717385054
1607062625.817283154
1607062625.917338848
1607062626.017382622
1607062626.117385387
1607062626.217381239
1607062626.317384243
1607062626.417365313
1607062626.517385483
1607062626.617380619
1607062626.717382431
1607062626.817342520
1607062626.917341232
1607062627.017283916
1607062627.117382526
1607062627.217383862
1607062627.317275286
1607062627.417327404
1607062627.517254591
1607062627.617321014
1607062627.717386007
1607062627.817381382
1607062627.917381763
1607062628.017380953
1607062628.117388010
1607062628.217342377
1607062628.317372799
1607062628.417383671
1607062628.517382383
1607062628.617340088
1607062628.717383862
1607062628.817384481
1607062628.917378902
1607062629.017341137
1607062629.117253542
1607062629.217384338
1607062629.317382336
1607062629.417380095
1607062629.517343760
1607062629.617382288
1607062629.717383862
1607062629.817339420
1607062629.917341471
1607062630.017395973
1607062630.117375135
1607062630.217381239
1607062630.317381859
1607062630.417384624
1607062630.517382145
1607062630.617347479
1607062630.717328787
1607062630.817337751
1607062630.917381287
1607062631.017382145
1607062631.117380381
1607062631.217382908
1607062631.317374706
1607062631.417343616
1607062631.517383099
1607062631.617386103
1607062631.717380524
1607062631.817381144
1607062631.917249203
1607062632.017381907
1607062632.117380619
1607062632.217340946
1607062632.317380667
1607062632.417382240
1607062632.517360687
1607062632.617402792
1607062632.717388391
1607062632.817382336
1607062632.917340994
1607062633.017351389
1607062633.117341280
1607062633.217384338
1607062633.317382097
1607062633.417272091
1607062633.517381668
1607062633.617384672
1607062633.717380762
1607062633.817230463
1607062633.917339802
1607062634.017384052
1607062634.117380619
1607062634.217247248
1607062634.317382812
1607062634.417383432
1607062634.517382622
1607062634.617380857
1607062634.717275143
1607062634.817358971
1607062634.917343140
1607062635.017381668
1607062635.117381811
1607062635.217413187
1607062635.317385912
1607062635.417348385
1607062635.517383814
1607062635.617280483
1607062635.717382431
1607062635.817383051
1607062635.917341471
1607062636.017370939
1607062636.117354155
1607062636.217342377
1607062636.317383528
1607062636.417382002
1607062636.517382622
1607062636.617361546
1607062636.717386007
1607062636.817390680
1607062636.917248964
1607062637.017348051
1607062637.117343426
1607062637.217356682
1607062637.317379951
1607062637.417273521
1607062637.517384291
1607062637.617387295
1607062637.717383146
1607062637.817245960
1607062637.917395353
1607062638.017384768
1607062638.117382050
1607062638.217386246
1607062638.317389250
1607062638.417384863
1607062638.517375469
1607062638.617384911
1607062638.717251062
1607062638.817340851
1607062638.917386532
1607062639.017384052
1607062639.117382050
1607062639.217343807
1607062639.317383766
1607062639.417385578
1607062639.517382860
1607062639.617241859
1607062639.717347383
1607062639.817380190
1607062639.917388201
1607062640.017342567
1607062640.117342710
1607062640.217267990
1607062640.317383051
1607062640.417245626
1607062640.517249823
1607062640.617368698
1607062640.717382193
1607062640.817359209
1607062640.917253733
1607062641.017349958
1607062641.117346525
1607062641.217382908
1607062641.317380667
1607062641.417246342
1607062641.517384768
1607062641.617381334
1607062641.717380047
1607062641.817246914
1607062641.917341709
1607062642.017274857
1607062642.117259264
1607062642.217381239
1607062642.317346573
1607062642.417381525
1607062642.517380476
1607062642.617382765
1607062642.717244625
1607062642.817341566
1607062642.917382479
1607062643.017409325
1607062643.117371559
1607062643.217368841
1607062643.317383528
1607062643.417288780
1607062643.517387629
1607062643.617337704
1607062643.717333317
1607062643.817278385
1607062643.917264223
1607062644.017220259
1607062644.117383480
1607062644.217344999
1607062644.317340851
1607062644.417383671
1607062644.517345428
1607062644.617331743
1607062644.717381954
1607062644.817361832
1607062644.917349100
1607062645.017260075
1607062645.117340088
1607062645.217224598
1607062645.317384481
1607062645.417274475
1607062645.517383575
1607062645.617172956
1607062645.717339993
1607062645.817213058
1607062645.917356253
1607062646.017381430
1607062646.117383480
1607062646.217241049
1607062646.317346334
1607062646.417340517
1607062646.517384529
1607062646.617382526
1607062646.717381001
1607062646.817332029
1607062646.917342424
1607062647.017383337
1607062647.117379904
1607062647.217382908
1607062647.317324877
1607062647.417348623
1607062647.517338753
1607062647.617382765
1607062647.717381001
1607062647.817388296
1607062647.917363167
1607062648.017341375
1607062648.117339849
1607062648.217341900
1607062648.317349434
1607062648.417396784
1607062648.517367125
1607062648.617348909
1607062648.717338562
1607062648.817381620
1607062648.917384386
1607062649.017338753
1607062649.117325306
1607062649.217383146
1607062649.317344189
1607062649.417387247
1607062649.517381668
1607062649.617384911
1607062649.717384100
1607062649.817389488
1607062649.917384148
1607062650.017383575
1607062650.117383003
1607062650.217341661
1607062650.317343712
1607062650.417380810
1607062650.517385244
1607062650.617381811
1607062650.717268467
1607062650.817380667
1607062650.917413950
1607062651.017405748
1607062651.117250443
1607062651.217382193
1607062651.317386389
1607062651.417342901
1607062651.517251730
1607062651.617346287
1607062651.717381001
1607062651.817380190
1607062651.917380333
1607062652.017379999
1607062652.117380857
1607062652.217381477
1607062652.317382336
1607062652.417340040
1607062652.517381668
1607062652.617380381
1607062652.717381001
1607062652.817379713
1607062652.917348385
1607062653.017338753
1607062653.117344618
1607062653.217343092
1607062653.317356586
1607062653.417340279
1607062653.517381668
1607062653.617408037
1607062653.717392206
1607062653.817247868
1607062653.917345524
1607062654.017369270
1607062654.117381573
1607062654.217382669
1607062654.317381144
1607062654.417382717
1607062654.517385721
1607062654.617380619
1607062654.717380762
1607062654.817381382
1607062654.917387247
1607062655.017384529
1607062655.117385387
1607062655.217384815
1607062655.317383289
1607062655.417346478
1607062655.517349005
1607062655.617382765
1607062655.717361689
1607062655.817383766
1607062655.917253256
1607062656.017383099
1607062656.117337942
1607062656.217409611
1607062656.317245483
1607062656.417368650
1607062656.517383814
1607062656.617339373
1607062656.717382669
1607062656.817247868
1607062656.917383671
1607062657.017340422
1607062657.117383957
1607062657.217248201
1607062657.317342520
1607062657.417248964
1607062657.517386436
1607062657.617385626
1607062657.717244625
1607062657.817381859
1607062657.917379856
1607062658.017382860
1607062658.117246151
1607062658.217386007
1607062658.317381859
1607062658.417383432
1607062658.517384768
1607062658.617349863
1607062658.717383385
1607062658.817411661
1607062658.917408466
1607062659.017246485
1607062659.117360115
1607062659.217390060
1607062659.317338705
1607062659.417355061
1607062659.517347336
1607062659.617384672
1607062659.717383385
1607062659.817381859
1607062659.917227268
1607062660.017339945
1607062660.117380857
1607062660.217382431
1607062660.317246437
1607062660.417340994
1607062660.517338276
1607062660.617343187
1607062660.717338800
1607062660.817241907
1607062660.917339563
1607062661.017344475
1607062661.117250681
1607062661.217225313
1607062661.317340851
1607062661.417339087
1607062661.517340660
1607062661.617243052
1607062661.717350721
1607062661.817343950
1607062661.917269468
1607062662.017248392
1607062662.117194653
1607062662.217260122
1607062662.317385197
1607062662.417380571
1607062662.517345190
1607062662.617386341
1607062662.717379570
1607062662.817356110
1607062662.917381048
1607062663.017252445
1607062663.117348433
1607062663.217381477
1607062663.317381144
1607062663.417324781
1607062663.517384768
1607062663.617383718
1607062663.717384338
1607062663.817383051
1607062663.917208433
1607062664.017326593
1607062664.117408991
1607062664.217397451
1607062664.317246914
1607062664.417346239
1607062664.517283916
1607062664.617381334
1607062664.717385292
1607062664.817340851
1607062664.917381525
1607062665.017343283
1607062665.117250443
1607062665.217248201
1607062665.317382812
1607062665.417384863
1607062665.517387390
1607062665.617342234
1607062665.717388868
1607062665.817383289
1607062665.917387009
1607062666.017381668
1607062666.117343664
1607062666.217386723
1607062666.317366123
1607062666.417340279
1607062666.517341614
1607062666.617383718
1607062666.717406988
1607062666.817408800
1607062666.917382956
1607062667.017251015
1607062667.117339373
1607062667.217381954
1607062667.317380905
1607062667.417249441
1607062667.517333508
1607062667.617380619
1607062667.717379808
1607062667.817381144
1607062667.917339563
1607062668.017338276
1607062668.117340088
1607062668.217254162
1607062668.317340612
1607062668.417382717
1607062668.517381668
1607062668.617174864
1607062668.717348337
1607062668.817342043
1607062668.917380571
1607062669.017340183
1607062669.117340326
1607062669.217192650
1607062669.317340374
1607062669.417340994
1607062669.517263412
1607062669.617384434
1607062669.717383862
1607062669.817337990
1607062669.917232752
1607062670.017338514
1607062670.117340565
1607062670.217387676
1607062670.317383289
1607062670.417245865
1607062670.517379999
1607062670.617244959
1607062670.717341185
1607062670.817342520
1607062670.917383909
1607062671.017383099
1607062671.117380619
1607062671.217385769
1607062671.317323685
1607062671.417340040
1607062671.517344236
1607062671.617386580
1607062671.717385769
1607062671.817341328
1607062671.917382956
1607062672.017339706
1607062672.117351294
1607062672.217340708
1607062672.317384243
1607062672.417380571
1607062672.517387390
1607062672.617247820
1607062672.717340708
1607062672.817382336
1607062672.917390108
1607062673.017407894
1607062673.117366314
1607062673.217347383
1607062673.317345858
1607062673.417342663
1607062673.517382622
1607062673.617381573
1607062673.717382908
1607062673.817332983
1607062673.917343378
1607062674.017341375
1607062674.117385626
1607062674.217382669
1607062674.317349911
1607062674.417342186
1607062674.517343760
1607062674.617382050
1607062674.717382431
1607062674.817383528
1607062674.917207479
1607062675.017338991
1607062675.117337942
1607062675.217382193
1607062675.317386389
1607062675.417383671
1607062675.517384529
1607062675.617334604
1607062675.717339277
1607062675.817386389
1607062675.917388201
1607062676.017384291
1607062676.117381573
1607062676.217336416
1607062676.317340851
1607062676.417385340
1607062676.517339230
1607062676.617383003
1607062676.717387915
1607062676.817343235
1607062676.917339325
1607062677.017388821
1607062677.117352486
1607062677.217340708
1607062677.317268372
1607062677.417342901
1607062677.517341852
1607062677.617345572
1607062677.717340469
1607062677.817262173
1607062677.917339563
1607062678.017338514
1607062678.117243052
1607062678.217173815
1607062678.317381382
1607062678.417323828
1607062678.517340899
1607062678.617381334
1607062678.717382908
1607062678.817340374
1607062678.917260647
1607062679.017357349
1607062679.117380857
1607062679.217384100
1607062679.317381144
