1607063839.387159348
1607063839.491678476
1607063839.595260859
1607063839.698741198
1607063839.802193403
1607063839.904277086
1607063840.007833004
1607063840.110375643
1607063840.212960958
1607063840.316451311
1607063840.419881821
1607063840.522587061
1607063840.625117779
1607063840.728534460
1607063840.830985069
1607063840.934481621
1607063841.036996603
1607063841.139574766
1607063841.242127895
1607063841.345664024
1607063841.448199034
1607063841.550974607
1607063841.654474974
1607063841.757971764
1607063841.860332966
1607063841.964256525
1607063842.067736149
1607063842.170232296
1607063842.272420168
1607063842.375923634
1607063842.478508711
1607063842.581274271
1607063842.684777260
1607063842.786594152
1607063842.886477947
1607063842.986593246
1607063843.086462736
1607063843.186591148
1607063843.286437988
1607063843.386268854
1607063843.486442566
1607063843.586548090
1607063843.686504126
1607063843.786725044
1607063843.886504889
1607063843.986788750
1607063844.086457014
1607063844.186655045
1607063844.286459208
1607063844.386657476
1607063844.486477613
1607063844.586445808
1607063844.686466932
1607063844.786648273
1607063844.886477709
1607063844.986613512
1607063845.086480141
1607063845.186641932
1607063845.286441803
1607063845.386635065
1607063845.486466646
1607063845.586630106
1607063845.686453104
1607063845.786592245
1607063845.886411905
1607063845.986624002
1607063846.086440563
1607063846.186633110
1607063846.286457062
1607063846.386633635
1607063846.486330509
1607063846.586591482
1607063846.686446190
1607063846.786660910
1607063846.886441231
1607063846.986616373
1607063847.086438417
1607063847.186660051
1607063847.286456108
1607063847.386496067
1607063847.486474037
1607063847.586653233
1607063847.686483622
1607063847.786646843
1607063847.886456490
1607063847.986635208
1607063848.086223125
1607063848.186632395
1607063848.286464453
1607063848.386616230
1607063848.486442804
1607063848.586632013
1607063848.686449528
1607063848.786596060
1607063848.886458397
1607063848.986639500
1607063849.086437702
1607063849.186640978
1607063849.286458492
1607063849.386667967
1607063849.486217022
1607063849.586619377
1607063849.686207294
1607063849.786655426
1607063849.886423588
1607063849.986593962
1607063850.086452246
1607063850.186648607
1607063850.286620855
1607063850.386606216
1607063850.486553907
1607063850.586617470
1607063850.686610222
1607063850.786642551
1607063850.886444569
1607063850.986437082
1607063851.086456060
1607063851.186633348
1607063851.286424875
1607063851.386598110
1607063851.486434698
1607063851.586632013
1607063851.686413765
1607063851.786635399
1607063851.886467218
1607063851.986658096
1607063852.086436272
1607063852.186663866
1607063852.286471128
1607063852.386650085
1607063852.486463070
1607063852.586650372
1607063852.686443090
1607063852.786647081
1607063852.886452913
1607063852.986599207
1607063853.086471319
1607063853.186644077
1607063853.286441088
1607063853.386629105
1607063853.486436367
1607063853.586631060
1607063853.686542034
1607063853.786632776
1607063853.886464834
1607063853.986490488
1607063854.086426258
1607063854.186635494
1607063854.286415815
1607063854.386630297
1607063854.486435175
1607063854.586585283
1607063854.686418056
1607063854.786660671
1607063854.886413097
1607063854.986365557
1607063855.086246252
1607063855.186663389
1607063855.286462307
1607063855.386656284
1607063855.486452103
1607063855.586653709
1607063855.686433554
1607063855.786663294
1607063855.886451960
1607063855.986619711
1607063856.086476326
1607063856.186633825
1607063856.286433935
1607063856.386607885
1607063856.486431122
1607063856.586588621
1607063856.686408281
1607063856.786628723
1607063856.886510611
1607063856.986652851
1607063857.086426973
1607063857.186632872
1607063857.286406755
1607063857.386592627
1607063857.486432076
1607063857.586659431
1607063857.686414480
1607063857.786661148
1607063857.886380672
1607063857.986670732
1607063858.086440086
1607063858.186604023
1607063858.286432743
1607063858.386648655
1607063858.486435890
1607063858.586640596
1607063858.686438322
1607063858.786631823
1607063858.886430264
1607063858.986597061
1607063859.086422920
1607063859.186654091
1607063859.286401510
1607063859.386633635
1607063859.486418247
1607063859.586227655
1607063859.686411142
1607063859.786647081
1607063859.886417627
1607063859.986238241
1607063860.086423397
1607063860.186636686
1607063860.286434174
1607063860.386654854
1607063860.486237764
1607063860.586235285
1607063860.686448574
1607063860.786650181
1607063860.886467695
1607063860.986597776
1607063861.086607456
1607063861.186524391
1607063861.286504030
1607063861.386718512
1607063861.486448526
1607063861.586635351
1607063861.686441660
1607063861.786593437
1607063861.886380672
1607063861.986589432
1607063862.086544514
1607063862.186645508
1607063862.286430597
1607063862.386634827
1607063862.486368656
1607063862.586591959
1607063862.686392069
1607063862.786495924
1607063862.886404514
1607063862.986620188
1607063863.086410761
1607063863.186659336
1607063863.286404610
1607063863.386644602
1607063863.486432076
1607063863.586658001
1607063863.686432362
1607063863.786650419
1607063863.886538506
1607063863.986605644
1607063864.086424112
1607063864.186636686
1607063864.286419868
1607063864.386591196
1607063864.486406803
1607063864.586629391
1607063864.686401129
1607063864.786634684
1607063864.886396885
1607063864.986595392
1607063865.086418629
1607063865.186589718
1607063865.286394119
1607063865.386654615
1607063865.486396074
1607063865.586675644
1607063865.686631918
1607063865.786626101
1607063865.886382103
1607063865.986652851
1607063866.086418390
1607063866.186661720
1607063866.286613464
1607063866.386609793
1607063866.486417532
1607063866.586599350
1607063866.686382771
1607063866.786658764
1607063866.886250973
1607063866.986589193
1607063867.086397886
1607063867.186634064
1607063867.286381721
1607063867.386657476
1607063867.486416817
1607063867.586637497
1607063867.686387062
1607063867.786628723
1607063867.886346102
1607063867.986574888
1607063868.086411715
1607063868.186657906
1607063868.286440849
1607063868.386620998
1607063868.486394167
1607063868.586673498
1607063868.686570406
1607063868.786660194
1607063868.886573553
1607063868.986651182
1607063869.086560965
1607063869.186664343
1607063869.286623001
1607063869.386605501
1607063869.486413479
1607063869.586638451
1607063869.686557531
1607063869.786634445
1607063869.886510372
1607063869.986630201
1607063870.086541653
1607063870.186634541
1607063870.286613941
1607063870.386638165
1607063870.486548424
1607063870.586599588
1607063870.686357737
1607063870.786656380
1607063870.886535645
1607063870.986620188
1607063871.086486816
1607063871.186662912
1607063871.286572933
1607063871.386628628
1607063871.486417294
1607063871.586655140
1607063871.686623812
1607063871.786487579
1607063871.886600733
1607063871.986640453
1607063872.086557865
1607063872.186663151
1607063872.286574841
1607063872.386636972
1607063872.486372232
1607063872.586634398
1607063872.686544657
1607063872.786653996
1607063872.886383057
1607063872.986601353
1607063873.086428642
1607063873.186634064
1607063873.286542416
1607063873.386599541
1607063873.486549377
1607063873.586476326
1607063873.686593533
1607063873.786662340
1607063873.886381865
1607063873.986595392
1607063874.086628914
1607063874.186626196
1607063874.286568403
1607063874.386646032
1607063874.486538410
1607063874.586619139
1607063874.686391115
1607063874.786636353
1607063874.886609316
1607063874.986585855
1607063875.086541653
1607063875.186614990
1607063875.286518335
1607063875.386634588
1607063875.486355782
1607063875.586631775
1607063875.686625957
1607063875.786642075
1607063875.886367321
1607063875.986634016
1607063876.086381197
1607063876.186629057
1607063876.286378860
1607063876.386656284
1607063876.486572266
1607063876.586661577
1607063876.686631918
1607063876.786651134
1607063876.886578798
1607063876.986646414
1607063877.086627483
1607063877.186648607
1607063877.286396980
1607063877.386613846
1607063877.486367941
1607063877.586634159
1607063877.686543703
1607063877.786576033
1607063877.886310101
1607063877.986537218
1607063878.086638927
1607063878.186657906
1607063878.286584139
1607063878.386592865
1607063878.486347437
1607063878.586591244
1607063878.686333418
1607063878.786655903
1607063878.886562586
1607063878.986618996
1607063879.086576700
1607063879.186625004
1607063879.286633730
1607063879.386648655
1607063879.486563683
1607063879.586649418
1607063879.686565161
1607063879.786646366
1607063879.886623383
1607063879.986533642
1607063880.086339235
1607063880.186604261
1607063880.286608219
1607063880.386634350
1607063880.486377716
1607063880.586630106
1607063880.686610460
1607063880.786633730
1607063880.886611700
1607063880.986591816
1607063881.086622477
1607063881.186635256
1607063881.286545992
1607063881.386631966
1607063881.486509800
1607063881.586650372
1607063881.686571360
1607063881.786643267
1607063881.886625528
1607063881.986635923
1607063882.086616516
1607063882.186592579
1607063882.286563158
1607063882.386665821
1607063882.486552477
1607063882.586623192
1607063882.686336994
1607063882.786643267
1607063882.886622906
1607063882.986609221
1607063883.086342335
1607063883.186650515
1607063883.286223173
1607063883.386648417
1607063883.486351967
1607063883.586640596
1607063883.686259747
1607063883.786597252
1607063883.886361122
1607063883.986607313
1607063884.086571217
1607063884.186637163
1607063884.286550522
1607063884.386654615
1607063884.486338854
1607063884.586520672
1607063884.686336756
1607063884.786637068
1607063884.886338234
1607063884.986601830
1607063885.086607456
1607063885.186641693
1607063885.286550999
1607063885.386591673
1607063885.486550331
1607063885.586632013
1607063885.686542988
1607063885.786589384
1607063885.886632919
1607063885.986618519
1607063886.086540461
1607063886.186587334
1607063886.286562443
1607063886.386647463
1607063886.486600637
1607063886.586598158
1607063886.686548471
1607063886.786646128
1607063886.886319637
1607063886.986622334
1607063887.086313009
1607063887.186632395
1607063887.286549091
1607063887.386637688
1607063887.486322403
1607063887.586645842
1607063887.686603546
1607063887.786632061
1607063887.886334658
1607063887.986634016
1607063888.086521626
1607063888.186648130
1607063888.286538601
1607063888.386635542
1607063888.486564636
1607063888.586630106
1607063888.686342001
1607063888.786648750
1607063888.886244059
1607063888.986596107
1607063889.086629152
1607063889.186664104
1607063889.286638498
1607063889.386611938
1607063889.486309290
1607063889.586656094
1607063889.686320543
1607063889.786601067
1607063889.886591911
1607063889.986647367
1607063890.086347103
1607063890.186647654
1607063890.286615610
1607063890.386633873
1607063890.486529589
1607063890.586596251
1607063890.686326504
1607063890.786637068
1607063890.886308670
1607063890.986597538
1607063891.086322784
1607063891.186631203
1607063891.286322594
1607063891.386598349
1607063891.486551523
1607063891.586574554
1607063891.686543465
1607063891.786237240
1607063891.886637926
1607063891.986254215
1607063892.086560249
1607063892.186694860
1607063892.286290884
1607063892.386639833
1607063892.486304522
1607063892.586682796
1607063892.686305761
1607063892.786656618
1607063892.886623859
1607063892.986608505
1607063893.086333275
1607063893.186588049
1607063893.286605597
1607063893.386650801
1607063893.486561537
1607063893.586587429
1607063893.686563730
1607063893.786593437
1607063893.886568308
1607063893.986597776
1607063894.086516857
1607063894.186594248
1607063894.286566019
1607063894.386599064
1607063894.486564636
1607063894.586454630
1607063894.686508894
1607063894.786529779
1607063894.886254311
1607063894.986668825
1607063895.086549044
1607063895.186669827
1607063895.286621809
1607063895.386601448
1607063895.486539364
1607063895.586639881
1607063895.686614037
1607063895.786594152
1607063895.886604548
1607063895.986229420
1607063896.086517572
1607063896.186633348
1607063896.286519051
1607063896.386632442
1607063896.486606598
1607063896.586630344
1607063896.686607361
1607063896.786640882
1607063896.886570692
1607063896.986630201
1607063897.086382151
1607063897.186666965
1607063897.286635876
1607063897.386661768
1607063897.486629248
1607063897.586664438
1607063897.686631918
1607063897.786610365
1607063897.886630297
1607063897.986267328
1607063898.086626530
1607063898.186647892
1607063898.286545992
1607063898.386634588
1607063898.486529589
1607063898.586587667
1607063898.686606169
1607063898.786628723
1607063898.886514664
1607063898.986511946
1607063899.086611271
1607063899.186630249
1607063899.286296606
1607063899.386597395
1607063899.486287117
1607063899.586638689
1607063899.686299801
1607063899.786620617
1607063899.886602163
1607063899.986240864
1607063900.086273193
1607063900.186629534
1607063900.286640644
1607063900.386647224
1607063900.486273527
1607063900.586669683
1607063900.686631680
1607063900.786652088
1607063900.886289358
1607063900.986621618
1607063901.086614370
1607063901.186640501
1607063901.286287069
1607063901.386632681
1607063901.486581564
1607063901.586632967
1607063901.686602831
1607063901.786593914
1607063901.886263132
1607063901.986633539
1607063902.086613655
1607063902.186631918
1607063902.286277294
1607063902.386604548
1607063902.486497164
1607063902.586617947
1607063902.686247110
1607063902.786666393
1607063902.886597395
1607063902.986625433
1607063903.086625576
1607063903.186657429
1607063903.286587000
1607063903.386652470
1607063903.486242056
1607063903.586643934
1607063903.686269760
1607063903.786595106
1607063903.886608124
1607063903.986199141
1607063904.086274862
1607063904.186630964
1607063904.286610842
1607063904.386627913
1607063904.486286640
1607063904.586633921
1607063904.686613798
1607063904.786629200
1607063904.886537075
1607063904.986601353
1607063905.086609125
1607063905.186657906
1607063905.286634445
1607063905.386662483
1607063905.486279011
1607063905.586552620
1607063905.686241388
1607063905.786618471
1607063905.886227846
1607063905.986650229
1607063906.086625576
1607063906.186653614
1607063906.286268950
1607063906.386605501
1607063906.486663342
1607063906.586590528
1607063906.686252356
1607063906.786621094
1607063906.886605263
1607063906.986586571
1607063907.086612225
1607063907.186589479
1607063907.286628485
1607063907.386571169
1607063907.486574888
1607063907.586638689
1607063907.686239719
1607063907.786591530
1607063907.886654139
1607063907.986201763
1607063908.086237431
1607063908.186656475
1607063908.286634445
1607063908.386651993
1607063908.486283779
1607063908.586640596
1607063908.686624527
1607063908.786651850
1607063908.886218548
1607063908.986643076
1607063909.086631775
1607063909.186634779
1607063909.286261559
1607063909.386630058
1607063909.486562967
1607063909.586632013
1607063909.686229229
1607063909.786563396
1607063909.886447668
1607063909.986585855
1607063910.086562634
1607063910.186589718
1607063910.286615849
1607063910.386448860
1607063910.486573935
1607063910.586624384
1607063910.686220407
1607063910.786536217
1607063910.886537790
1607063910.986519575
1607063911.086209536
1607063911.186528206
1607063911.286651134
1607063911.386635780
1607063911.486623049
1607063911.586528778
1607063911.686239243
1607063911.786614180
1607063911.886243105
1607063911.986215830
1607063912.086550474
1607063912.186623573
1607063912.286610842
1607063912.386643410
1607063912.486232519
1607063912.586519241
1607063912.686608315
1607063912.786612272
1607063912.886230469
1607063912.986495256
1607063913.086567879
1607063913.186661243
1607063913.286645651
1607063913.386564493
1607063913.486592770
1607063913.586659193
1607063913.686637402
1607063913.786645889
1607063913.886260033
1607063913.986616373
1607063914.086627007
1607063914.186615705
1607063914.286623716
1607063914.386645317
1607063914.486633301
1607063914.586585522
1607063914.686248302
1607063914.786636591
1607063914.886571407
1607063914.986474752
1607063915.086225986
1607063915.186631441
1607063915.286616325
1607063915.386595488
1607063915.486613989
1607063915.586645603
1607063915.686613083
1607063915.786686897
1607063915.886636734
1607063915.986620903
1607063916.086517811
1607063916.186625242
1607063916.286642790
1607063916.386650562
1607063916.486602068
1607063916.586609125
1607063916.686627388
1607063916.786620140
1607063916.886224270
1607063916.986613989
1607063917.086624384
1607063917.186629772
1607063917.286251068
1607063917.386607647
1607063917.486605167
1607063917.586644173
1607063917.686613083
1607063917.786638260
1607063917.886456490
1607063917.986531734
1607063918.086604357
1607063918.186635971
1607063918.286607027
1607063918.386630058
1607063918.486623049
1607063918.586638212
1607063918.686225414
1607063918.786543846
1607063918.886639833
1607063918.986618996
1607063919.086217880
1607063919.186628342
1607063919.286586523
1607063919.386613369
1607063919.486588717
1607063919.586611509
1607063919.686629534
1607063919.786624432
1607063919.886612415
1607063919.986225843
1607063920.086525440
1607063920.186635017
1607063920.286562204
1607063920.386548996
1607063920.486613512
1607063920.586634398
1607063920.686614037
1607063920.786632061
1607063920.886247158
1607063920.986593246
1607063921.086613178
1607063921.186673403
1607063921.286198378
1607063921.386665583
1607063921.486633778
1607063921.586658239
1607063921.686649799
1607063921.786654711
1607063921.886545897
1607063921.986279964
1607063922.086626053
1607063922.186654806
1607063922.286574841
1607063922.386639118
1607063922.486583233
1607063922.586594343
1607063922.686569214
1607063922.786635637
1607063922.886606932
1607063922.986594915
1607063923.086219549
1607063923.186635494
1607063923.286610365
1607063923.386639595
1607063923.486216784
1607063923.586639881
1607063923.686613321
1607063923.786662579
1607063923.886564970
1607063923.986220837
1607063924.086226225
1607063924.186622858
1607063924.286640167
1607063924.386673450
1607063924.486220837
1607063924.586621046
1607063924.686630249
1607063924.786650658
1607063924.886629105
1607063924.986610174
1607063925.086621523
1607063925.186631441
1607063925.286615372
1607063925.386629581
1607063925.486573458
1607063925.586631775
1607063925.686212301
1607063925.786592960
1607063925.886616945
1607063925.986639738
1607063926.086616993
1607063926.186633587
1607063926.286634684
1607063926.386633635
1607063926.486640692
1607063926.586623430
1607063926.686642647
1607063926.786658764
1607063926.886586428
1607063926.986617327
1607063927.086641550
1607063927.186645508
1607063927.286631107
1607063927.386646509
1607063927.486630917
1607063927.586639404
1607063927.686627388
1607063927.786633253
1607063927.886614323
1607063927.986378431
1607063928.086522818
1607063928.186636686
1607063928.286612749
1607063928.386636257
1607063928.486505032
1607063928.586605787
1607063928.686610460
1607063928.786594152
1607063928.886512995
1607063928.986632109
1607063929.086515903
1607063929.186609268
1607063929.286639690
1607063929.386653900
1607063929.486643791
1607063929.586663485
1607063929.686535120
1607063929.786660671
1607063929.886591196
1607063929.986657858
1607063930.086227417
1607063930.186651468
1607063930.286630154
1607063930.386581659
1607063930.486624479
1607063930.586591721
1607063930.686627865
1607063930.786628962
1607063930.886621952
1607063930.986558914
1607063931.086514711
1607063931.186516762
1607063931.286231756
1607063931.386585474
1607063931.486563921
1607063931.586477757
1607063931.686565161
1607063931.786625624
1607063931.886439323
1607063931.986649275
1607063932.086248398
1607063932.186497688
1607063932.286244631
1607063932.386638880
1607063932.486241102
1607063932.586642504
1607063932.686261177
1607063932.786603689
1607063932.886465549
1607063932.986626863
1607063933.086677790
1607063933.186243296
1607063933.286250353
1607063933.386553288
1607063933.486655474
1607063933.586703300
1607063933.686207056
1607063933.786483288
1607063933.886574507
1607063933.986588955
1607063934.086544991
1607063934.186639071
1607063934.286546230
1607063934.386636019
1607063934.486534595
1607063934.586607218
1607063934.686571598
1607063934.786638737
1607063934.886631727
1607063934.986596823
1607063935.086521864
1607063935.186639547
1607063935.286620855
1607063935.386635065
1607063935.486623526
1607063935.586489201
1607063935.686523914
1607063935.786626816
1607063935.886461973
1607063935.986223698
1607063936.086523056
1607063936.186630249
1607063936.286608934
1607063936.386626720
1607063936.486606121
1607063936.586623430
1607063936.686609030
1607063936.786639929
1607063936.886620760
1607063936.986635685
1607063937.086553335
1607063937.186638594
1607063937.286619186
1607063937.386594534
1607063937.486520290
1607063937.586632013
1607063937.686610699
1607063937.786149502
1607063937.886515856
1607063937.986590862
1607063938.086611748
1607063938.186563015
1607063938.286522150
1607063938.386631727
1607063938.486616373
1607063938.586601019
1607063938.686616421
1607063938.786617279
1607063938.886574507
1607063938.986592293
1607063939.086453438
1607063939.186588287
1607063939.286621332
1607063939.386662006
