1607063414.346642971
1607063414.447177172
1607063414.547646046
1607063414.648117781
1607063414.748593330
1607063414.848989487
1607063414.949349165
1607063415.049712896
1607063415.150141478
1607063415.250611305
1607063415.351085901
1607063415.451415539
1607063415.551816225
1607063415.652289629
1607063415.752686262
1607063415.853157520
1607063415.953540325
1607063416.053946495
1607063416.154418468
1607063416.254896879
1607063416.355379105
1607063416.455772400
1607063416.556271076
1607063416.656684875
1607063416.756994247
1607063416.857329369
1607063416.957670927
1607063417.058171511
1607063417.158628941
1607063417.259105682
1607063417.359504938
1607063417.459948063
1607063417.560351133
1607063417.660753489
1607063417.761168003
1607063417.861649513
1607063417.962127924
1607063418.062532425
1607063418.162925005
1607063418.263328314
1607063418.363801956
1607063418.464286804
1607063418.564710140
1607063418.665109873
1607063418.765546083
1607063418.866040230
1607063418.966446400
1607063419.066837072
1607063419.167299986
1607063419.267781734
1607063419.368258953
1607063419.468735218
1607063419.569176912
1607063419.669677258
1607063419.770116329
1607063419.870424747
1607063419.970720053
1607063420.071123600
1607063420.171622038
1607063420.272103071
1607063420.372374058
1607063420.472856283
1607063420.573247433
1607063420.673487663
1607063420.773983479
1607063420.874460697
1607063420.974936724
1607063421.075348139
1607063421.175771713
1607063421.276250601
1607063421.376651525
1607063421.477056742
1607063421.577472925
1607063421.677938223
1607063421.778383493
1607063421.878783941
1607063421.979256392
1607063422.079686165
1607063422.180055380
1607063422.280555964
1607063422.381057262
1607063422.481476784
1607063422.581927061
1607063422.682233334
1607063422.782727718
1607063422.883137226
1607063422.983610153
1607063423.084012747
1607063423.184404135
1607063423.284872293
1607063423.385350943
1607063423.485754967
1607063423.586227894
1607063423.686603785
1607063423.787105322
1607063423.887411118
1607063423.987902880
1607063424.088391781
1607063424.188848972
1607063424.289230824
1607063424.389578819
1607063424.489970446
1607063424.590357065
1607063424.690767288
1607063424.790990829
1607063424.891380072
1607063424.991764545
1607063425.092153072
1607063425.192519903
1607063425.292795658
1607063425.393229246
1607063425.493621826
1607063425.593920469
1607063425.694314957
1607063425.794682026
1607063425.895095348
1607063425.995482683
1607063426.095880747
1607063426.196275473
1607063426.296558380
1607063426.396944761
1607063426.497339964
1607063426.597592354
1607063426.697984457
1607063426.798369169
1607063426.898756504
1607063426.999168634
1607063427.099460125
1607063427.199840307
1607063427.300227642
1607063427.400593042
1607063427.500879765
1607063427.601290226
1607063427.701676846
1607063427.802031755
1607063427.902445078
1607063428.002821684
1607063428.103244781
1607063428.203632355
1607063428.304021358
1607063428.404281855
1607063428.504659891
1607063428.605045319
1607063428.705434084
1607063428.805681229
1607063428.906060457
1607063429.006351471
1607063429.106725931
1607063429.207140207
1607063429.307428122
1607063429.407807112
1607063429.508193016
1607063429.608576298
1607063429.708864927
1607063429.809274673
1607063429.909659386
1607063430.009947538
1607063430.110252142
1607063430.210637808
1607063430.311025620
1607063430.411418915
1607063430.511730909
1607063430.612112522
1607063430.712534189
1607063430.812917709
1607063430.913333654
1607063431.013613224
1607063431.113912582
1607063431.214299440
1607063431.314688206
1607063431.415077686
1607063431.515462160
1607063431.615846872
1607063431.716233492
1607063431.816626072
1607063431.917013168
1607063432.017420292
1607063432.117711067
1607063432.218101740
1607063432.318526745
1607063432.418912172
1607063432.519191027
1607063432.619570494
1607063432.719995022
1607063432.820220232
1607063432.920608997
1607063433.020828009
1607063433.121223211
1607063433.221510172
1607063433.321902037
1607063433.422251940
1607063433.522642612
1607063433.622996330
1607063433.723383904
1607063433.823673725
1607063433.924088478
1607063434.024451256
1607063434.124859333
1607063434.225116730
1607063434.325416327
1607063434.425774813
1607063434.526194811
1607063434.626568079
1607063434.726977348
1607063434.827361345
1607063434.927780151
1607063435.028066158
1607063435.128451347
1607063435.228828192
1607063435.329224348
1607063435.429582119
1607063435.529969931
1607063435.630331993
1607063435.730706453
1607063435.831095934
1607063435.931479931
1607063436.031890869
1607063436.132278204
1607063436.232564688
1607063436.332969427
1607063436.433253288
1607063436.533544540
1607063436.633896351
1607063436.734189749
1607063436.834553242
1607063436.934970617
1607063437.035355330
1607063437.135774851
1607063437.236162901
1607063437.336570024
1607063437.436957359
1607063437.537345171
1607063437.637754917
1607063437.738117456
1607063437.838442326
1607063437.938819885
1607063438.039198399
1607063438.139583826
1607063438.239967823
1607063438.340357304
1607063438.440677404
1607063438.541066408
1607063438.641491890
1607063438.741886139
1607063438.842300892
1607063438.942685843
1607063439.043100834
1607063439.143488884
1607063439.243899345
1607063439.344300270
1607063439.444708347
1607063439.545099258
1607063439.645397663
1607063439.745788336
1607063439.846173048
1607063439.946451664
1607063440.046798468
1607063440.146805763
1607063440.246800661
1607063440.346807003
1607063440.446792126
1607063440.546804667
1607063440.646804571
1607063440.746803761
1607063440.846786022
1607063440.946671486
1607063441.046802998
1607063441.146778822
1607063441.246815920
1607063441.346673727
1607063441.446813822
1607063441.546803951
1607063441.646789312
1607063441.746801138
1607063441.846678019
1607063441.946788549
1607063442.046802282
1607063442.146809340
1607063442.246691942
1607063442.346800566
1607063442.446779013
1607063442.546802759
1607063442.646698236
1607063442.746803045
1607063442.846676111
1607063442.946805954
1607063443.046799660
1607063443.146673441
1607063443.246801138
1607063443.346692324
1607063443.446799040
1607063443.546784639
1607063443.646805286
1607063443.746790648
1607063443.846840382
1607063443.946832657
1607063444.046817064
1607063444.146811247
1607063444.246808529
1607063444.346787691
1607063444.446773052
1607063444.546802282
1607063444.646798134
1607063444.746702194
1607063444.846800566
1607063444.946673155
1607063445.046802521
1607063445.146784782
1607063445.246800184
1607063445.346802711
1607063445.446800232
1607063445.546801567
1607063445.646800995
1607063445.746784925
1607063445.846671343
1607063445.946774960
1607063446.046799898
1607063446.146790028
1607063446.246790648
1607063446.346789360
1607063446.446785688
1607063446.546810865
1607063446.646798849
1607063446.746789217
1607063446.846654654
1607063446.946641684
1607063447.046800613
1607063447.146803617
1607063447.246802330
1607063447.346807957
1607063447.446790695
1607063447.546811581
1607063447.646825552
1607063447.746804953
1607063447.846807241
1607063447.946732759
1607063448.046802998
1607063448.146807194
1607063448.246799946
1607063448.346804380
1607063448.446801662
1607063448.546798706
1607063448.646804094
1607063448.746804714
1607063448.846804857
1607063448.946802378
1607063449.046786308
1607063449.146790504
1607063449.246803045
1607063449.346803665
1607063449.446804523
1607063449.546809196
1607063449.646810770
1607063449.746792555
1607063449.846805096
1607063449.946787357
1607063450.046808481
1607063450.146806479
1607063450.246808290
1607063450.346656561
1607063450.446792603
1607063450.546705723
1607063450.646805763
1607063450.746803522
1607063450.846710443
1607063450.946778536
1607063451.046789885
1607063451.146803617
1607063451.246801376
1607063451.346804142
1607063451.446656466
1607063451.546812057
1607063451.646826744
1607063451.746819735
1607063451.846803427
1607063451.946805239
1607063452.046799660
1607063452.146782637
1607063452.246784925
1607063452.346802950
1607063452.446799994
1607063452.546806335
1607063452.646800280
1607063452.746770144
1607063452.846789837
1607063452.946800947
1607063453.046801329
1607063453.146789312
1607063453.246807098
1607063453.346775055
1607063453.446801901
1607063453.546801805
1607063453.646784544
1607063453.746799946
1607063453.846800089
1607063453.946812153
1607063454.046800375
1607063454.146826744
1607063454.246830225
1607063454.346832752
1607063454.446812630
1607063454.546801090
1607063454.646785975
1607063454.746799946
1607063454.846801519
1607063454.946786642
1607063455.046802044
1607063455.146787643
1607063455.246780157
1607063455.346805096
1607063455.446805239
1607063455.546786308
1607063455.646802425
1607063455.746804714
1607063455.846696138
1607063455.946790457
1607063456.046802759
1607063456.146802664
1607063456.246803045
1607063456.346771717
1607063456.446697712
1607063456.546805143
1607063456.646802902
1607063456.746672869
1607063456.846797943
1607063456.946835041
1607063457.046697855
1607063457.146804333
1607063457.246800661
1607063457.346803188
1607063457.446801424
1607063457.546801090
1607063457.646788836
1607063457.746803284
1607063457.846800327
1607063457.946785688
1607063458.046803951
1607063458.146708727
1607063458.246774197
1607063458.346800327
1607063458.446799755
1607063458.546801805
1607063458.646808147
1607063458.746803761
1607063458.846797228
1607063458.946801662
1607063459.046784401
1607063459.146808386
1607063459.246799707
1607063459.346788883
1607063459.446802139
1607063459.546827078
1607063459.646826267
1607063459.746827841
1607063459.846799612
1607063459.946710110
1607063460.046800852
1607063460.146803379
1607063460.246805906
1607063460.346800089
1607063460.446802378
1607063460.546786308
1607063460.646786928
1607063460.746804714
1607063460.846800566
1607063460.946801901
1607063461.046800613
1607063461.146802664
1607063461.246803284
1607063461.346802235
1607063461.446798563
1607063461.546807289
1607063461.646802902
1607063461.746802092
1607063461.846785069
1607063461.946788549
1607063462.046801329
1607063462.146680593
1607063462.246705294
1607063462.346812963
1607063462.446811438
1607063462.546675444
1607063462.646787405
1607063462.746721506
1607063462.846786261
1607063462.946789980
1607063463.046791077
1607063463.146786690
1607063463.246705532
1607063463.346707821
1607063463.446696997
1607063463.546662092
1607063463.646798849
1607063463.746710062
1607063463.846672297
1607063463.946799994
1607063464.046799421
1607063464.146803141
1607063464.246800661
1607063464.346668482
1607063464.446786880
1607063464.546797752
1607063464.646802902
1607063464.746800423
1607063464.846802473
1607063464.946831942
1607063465.046834230
1607063465.146807194
1607063465.246806622
1607063465.346800089
1607063465.446799040
1607063465.546800852
1607063465.646799326
1607063465.746779680
1607063465.846788883
1607063465.946789980
1607063466.046793461
1607063466.146805286
1607063466.246799231
1607063466.346760750
1607063466.446671247
1607063466.546787262
1607063466.646799326
1607063466.746801376
1607063466.846669674
1607063466.946813583
1607063467.046788454
1607063467.146804094
1607063467.246806622
1607063467.346701622
1607063467.446784258
1607063467.546810389
1607063467.646810770
1607063467.746829033
1607063467.846822500
1607063467.946810007
1607063468.046799898
1607063468.146786451
1607063468.246691227
1607063468.346809387
1607063468.446801662
1607063468.546792269
1607063468.646668673
1607063468.746803284
1607063468.846765995
1607063468.946803570
1607063469.046799183
1607063469.146791935
1607063469.246802092
1607063469.346802711
1607063469.446808338
1607063469.546773195
1607063469.646785736
1607063469.746801615
1607063469.846805811
1607063469.946705580
1607063470.046786308
1607063470.146791697
1607063470.246799707
1607063470.346829176
1607063470.446699858
1607063470.546816587
1607063470.646806955
1607063470.746782303
1607063470.846802950
1607063470.946809053
1607063471.046799898
1607063471.146803379
1607063471.246800423
1607063471.346671581
1607063471.446799755
1607063471.546777010
1607063471.646801710
1607063471.746672392
1607063471.846799612
1607063471.946787834
1607063472.046804905
1607063472.146803141
1607063472.246711969
1607063472.346807003
1607063472.446805239
1607063472.546803713
1607063472.646671057
1607063472.746803284
1607063472.846799850
1607063472.946826220
1607063473.046763420
1607063473.146831512
1607063473.246816158
1607063473.346809387
1607063473.446804047
1607063473.546772718
1607063473.646794081
1607063473.746806622
1607063473.846784830
1607063473.946801424
1607063474.046801090
1607063474.146702766
1607063474.246767044
1607063474.346804857
1607063474.446670771
1607063474.546804905
1607063474.646800518
1607063474.746802092
1607063474.846698046
1607063474.946801662
1607063475.046799421
1607063475.146803141
1607063475.246800423
1607063475.346670628
1607063475.446793318
1607063475.546801567
1607063475.646826506
1607063475.746835232
1607063475.846824884
1607063475.946816921
1607063476.046788692
1607063476.146788359
1607063476.246801138
1607063476.346801996
1607063476.446699858
1607063476.546801090
1607063476.646780729
1607063476.746802568
1607063476.846805573
1607063476.946790457
1607063477.046805859
1607063477.146810770
1607063477.246803522
1607063477.346800566
1607063477.446802855
1607063477.546803713
1607063477.646800280
1607063477.746768475
1607063477.846785307
1607063477.946804047
1607063478.046800852
1607063478.146804094
1607063478.246802092
1607063478.346706867
1607063478.446826935
1607063478.546826839
1607063478.646809816
1607063478.746804237
1607063478.846806288
1607063478.946804047
1607063479.046783686
1607063479.146801949
1607063479.246787786
1607063479.346786261
1607063479.446799278
1607063479.546801805
1607063479.646797180
1607063479.746801376
1607063479.846799612
1607063479.946801901
1607063480.046789646
1607063480.146806479
1607063480.246788502
1607063480.346802711
1607063480.446803331
1607063480.546805382
1607063480.646798611
1607063480.746773481
1607063480.846799612
1607063480.946802139
1607063481.046826363
1607063481.146826982
1607063481.246828556
1607063481.346792459
1607063481.446799994
1607063481.546705723
1607063481.646804571
1607063481.746805906
1607063481.846802711
1607063481.946700096
1607063482.046794891
1607063482.146800995
1607063482.246807098
1607063482.346791506
1607063482.446798801
1607063482.546788216
1607063482.646793127
1607063482.746778488
1607063482.846799850
1607063482.946764946
1607063483.046801567
1607063483.146706343
1607063483.246783972
1607063483.346790075
1607063483.446799994
1607063483.546800137
1607063483.646737814
1607063483.746828318
1607063483.846805811
1607063483.946828365
1607063484.046788454
1607063484.146791220
1607063484.246789455
1607063484.346790552
1607063484.446786880
1607063484.546791077
1607063484.646799326
1607063484.746672869
1607063484.846781731
1607063484.946770191
1607063485.046667337
1607063485.146825552
1607063485.246802092
1607063485.346807718
1607063485.446788073
1607063485.546698093
1607063485.646803141
1607063485.746802092
1607063485.846800566
1607063485.946803093
1607063486.046802044
1607063486.146798611
1607063486.246668100
1607063486.346788168
1607063486.446834087
1607063486.546829939
1607063486.646829605
1607063486.746794701
1607063486.846803188
1607063486.946792126
1607063487.046801805
1607063487.146786451
1607063487.246763706
1607063487.346789122
1607063487.446799278
1607063487.546807528
1607063487.646789789
1607063487.746804237
1607063487.846796274
1607063487.946803331
1607063488.046801805
1607063488.146802664
1607063488.246800661
1607063488.346803427
1607063488.446801424
1607063488.546792507
1607063488.646803856
1607063488.746799946
1607063488.846802235
1607063488.946801424
1607063489.046812773
1607063489.146810532
1607063489.246826887
1607063489.346809626
1607063489.446803331
1607063489.546802759
1607063489.646798611
1607063489.746799946
1607063489.846800089
1607063489.946805477
1607063490.046803236
1607063490.146808147
1607063490.246788979
1607063490.346801281
1607063490.446799278
1607063490.546801805
1607063490.646803379
1607063490.746802092
1607063490.846709490
1607063490.946801662
1607063491.046804190
1607063491.146805048
1607063491.246675014
1607063491.346802711
1607063491.446791172
1607063491.546808481
1607063491.646706343
1607063491.746802568
1607063491.846830368
1607063491.946830511
1607063492.046732426
1607063492.146736860
1607063492.246804476
1607063492.346809626
1607063492.446789503
1607063492.546806335
1607063492.646816254
1607063492.746805191
1607063492.846802711
1607063492.946673155
1607063493.046801090
1607063493.146706104
1607063493.246785879
1607063493.346674681
1607063493.446804285
1607063493.546804190
1607063493.646803856
1607063493.746805906
1607063493.846637011
1607063493.946707726
1607063494.046806574
1607063494.146806479
1607063494.246639252
1607063494.346708775
1607063494.446821213
1607063494.546833038
1607063494.646829367
1607063494.746736050
1607063494.846809149
1607063494.946807146
1607063495.046719551
1607063495.146683693
1607063495.246805429
1607063495.346803904
1607063495.446802855
1607063495.546788216
1607063495.646772861
1607063495.746804237
1607063495.846800566
1607063495.946805239
1607063496.046673059
1607063496.146803856
1607063496.246801376
1607063496.346786261
1607063496.446802139
1607063496.546800852
1607063496.646800995
1607063496.746801138
1607063496.846802235
1607063496.946653366
1607063497.046804667
1607063497.146778345
1607063497.246810913
1607063497.346673727
1607063497.446803093
1607063497.546793222
1607063497.646800995
1607063497.746803999
1607063497.846785784
1607063497.946786880
1607063498.046799898
1607063498.146815300
1607063498.246696949
1607063498.346813917
1607063498.446810722
1607063498.546804905
1607063498.646693945
1607063498.746713400
1607063498.846801758
1607063498.946807146
1607063499.046801805
1607063499.146712303
1607063499.246711254
1607063499.346803665
1607063499.446803331
1607063499.546710253
1607063499.646708012
1607063499.746804953
1607063499.846803188
1607063499.946802616
1607063500.046709061
1607063500.146710873
1607063500.246802807
1607063500.346806526
1607063500.446710110
1607063500.546707630
1607063500.646802425
1607063500.746803999
1607063500.846807241
1607063500.946710825
1607063501.046741247
1607063501.146709681
1607063501.246792078
1607063501.346709251
1607063501.446792603
1607063501.546780348
1607063501.646766186
1607063501.746699095
1607063501.846790791
1607063501.946787119
1607063502.046801805
1607063502.146834850
1607063502.246711016
1607063502.346735954
1607063502.446807861
1607063502.546790361
1607063502.646723509
1607063502.746710062
1607063502.846770048
1607063502.946804523
1607063503.046803474
1607063503.146711588
1607063503.246710539
1607063503.346805811
1607063503.446807623
1607063503.546676159
1607063503.646799564
1607063503.746802092
1607063503.846803427
1607063503.946802378
1607063504.046788216
1607063504.146795273
1607063504.246800900
1607063504.346801281
1607063504.446669817
1607063504.546802998
1607063504.646801233
1607063504.746827602
1607063504.846811771
1607063504.946831226
1607063505.046819925
1607063505.146808863
1607063505.246803284
1607063505.346708536
1607063505.446802616
1607063505.546807766
1607063505.646786213
1607063505.746674299
1607063505.846801758
1607063505.946786165
1607063506.046805620
1607063506.146806240
1607063506.246638536
1607063506.346710920
1607063506.446787357
1607063506.546792746
1607063506.646802187
1607063506.746805191
1607063506.846801996
1607063506.946804762
1607063507.046803713
1607063507.146676540
1607063507.246802092
1607063507.346807003
1607063507.446831226
1607063507.546660900
1607063507.646705866
1607063507.746811152
1607063507.846735239
1607063507.946789503
1607063508.046801090
1607063508.146803141
1607063508.246706963
1607063508.346710205
1607063508.446802616
1607063508.546803713
1607063508.646801710
1607063508.746703148
1607063508.846786022
1607063508.946708918
1607063509.046799421
1607063509.146800995
1607063509.246803761
1607063509.346708059
1607063509.446707726
1607063509.546802044
1607063509.646711588
1607063509.746811628
1607063509.846800327
1607063509.946708202
1607063510.046789169
1607063510.146830559
1607063510.246831179
1607063510.346829653
1607063510.446816206
1607063510.546741486
1607063510.646789551
1607063510.746804476
1607063510.846809387
1607063510.946803808
1607063511.046709776
1607063511.146802664
1607063511.246798992
1607063511.346804619
1607063511.446710110
1607063511.546712637
1607063511.646800756
1607063511.746716738
1607063511.846712112
1607063511.946805716
1607063512.046802044
1607063512.146806717
1607063512.246805668
1607063512.346815586
1607063512.446803331
1607063512.546804667
1607063512.646803379
1607063512.746710300
1607063512.846828222
1607063512.946830273
1607063513.046826601
1607063513.146806240
1607063513.246803999
1607063513.346808195
1607063513.446802616
1607063513.546803474
1607063513.646712780
1607063513.746803284
1607063513.846803427
1607063513.946788788
1607063514.046710014
1607063514.146711111
1607063514.246801853
1607063514.346804619
