1607062994.328478813
1607062994.428765297
1607062994.529091358
1607062994.629413366
1607062994.729692221
1607062994.829968929
1607062994.930277348
1607062995.030544758
1607062995.130853176
1607062995.231160641
1607062995.331474066
1607062995.431783438
1607062995.532093048
1607062995.632373571
1607062995.732728481
1607062995.833043337
1607062995.933351040
1607062996.033682346
1607062996.133881807
1607062996.234191179
1607062996.334503174
1607062996.434726238
1607062996.535035849
1607062996.635340929
1607062996.735633850
1607062996.835919619
1607062996.936229944
1607062997.036539555
1607062997.136870623
1607062997.237177372
1607062997.337526560
1607062997.437833071
1607062997.538145542
1607062997.638477564
1607062997.738784313
1607062997.839070320
1607062997.939375162
1607062998.039686441
1607062998.139996767
1607062998.240233183
1607062998.340549707
1607062998.440878630
1607062998.541194677
1607062998.641401768
1607062998.741713285
1607062998.841989517
1607062998.942283630
1607062999.042592049
1607062999.142899036
1607062999.243209362
1607062999.343567371
1607062999.443828583
1607062999.544150114
1607062999.644461155
1607062999.744770527
1607062999.845069170
1607062999.945374966
1607063000.045681000
1607063000.145956755
1607063000.246242285
1607063000.346577168
1607063000.446884394
1607063000.547202110
1607063000.647408247
1607063000.747715473
1607063000.848024845
1607063000.948333502
1607063001.048645258
1607063001.148993015
1607063001.249303818
1607063001.349616766
1607063001.449892521
1607063001.550042868
1607063001.650367975
1607063001.750678301
1607063001.850963116
1607063001.951179028
1607063002.051490545
1607063002.151800156
1607063002.252097368
1607063002.352404118
1607063002.452719450
1607063002.553026199
1607063002.653338432
1607063002.753638506
1607063002.853967190
1607063002.954252958
1607063003.054586649
1607063003.154897213
1607063003.255094528
1607063003.355399609
1607063003.455706596
1607063003.556013823
1607063003.656325817
1607063003.756622553
1607063003.856959820
1607063003.957266092
1607063004.057574034
1607063004.157793283
1607063004.258077621
1607063004.358384371
1607063004.458690643
1607063004.558981180
1607063004.659286976
1607063004.759595394
1607063004.859898806
1607063004.960200787
1607063005.060506582
1607063005.160839558
1607063005.261154413
1607063005.361450672
1607063005.461755514
1607063005.562031031
1607063005.662336588
1607063005.762644053
1607063005.862977505
1607063005.963185787
1607063006.063492060
1607063006.163800955
1607063006.264103651
1607063006.364311934
1607063006.464611053
1607063006.564915895
1607063006.665221930
1607063006.765528440
1607063006.865842104
1607063006.966054440
1607063007.066359758
1607063007.166663885
1607063007.266968012
1607063007.367272854
1607063007.467486858
1607063007.567788601
1607063007.668093681
1607063007.768399477
1607063007.868703365
1607063007.968980789
1607063008.069286823
1607063008.169586658
1607063008.269894838
1607063008.370205879
1607063008.470516443
1607063008.570828438
1607063008.671129704
1607063008.771435499
1607063008.871765375
1607063008.972072363
1607063009.072379589
1607063009.172682047
1607063009.272991657
1607063009.373297215
1607063009.473520994
1607063009.573724508
1607063009.674037457
1607063009.774349213
1607063009.874660015
1607063009.974953175
1607063010.075123310
1607063010.175431252
1607063010.275735855
1607063010.376044035
1607063010.476214409
1607063010.576520443
1607063010.676727533
1607063010.777029276
1607063010.877339125
1607063010.977612019
1607063011.077928305
1607063011.178256273
1607063011.278469324
1607063011.378638744
1607063011.478933573
1607063011.579143047
1607063011.679449320
1607063011.779753685
1607063011.880047083
1607063011.980359077
1607063012.080661774
1607063012.180969000
1607063012.281146526
1607063012.381349802
1607063012.481663704
1607063012.581946611
1607063012.682149649
1607063012.782433987
1607063012.882744312
1607063012.983030081
1607063013.083338022
1607063013.183648825
1607063013.283960819
1607063013.384294271
1607063013.484601736
1607063013.584909201
1607063013.685231686
1607063013.785536766
1607063013.885843277
1607063013.986175776
1607063014.086466551
1607063014.186781645
1607063014.287089109
1607063014.387392282
1607063014.487699747
1607063014.588002682
1607063014.688209057
1607063014.788511515
1607063014.888815641
1607063014.989121199
1607063015.089442492
1607063015.189714432
1607063015.290016890
1607063015.390323162
1607063015.490606785
1607063015.590910673
1607063015.691204309
1607063015.791410208
1607063015.891716480
1607063015.992025137
1607063016.092329264
1607063016.192636013
1607063016.292794466
1607063016.393100977
1607063016.493418217
1607063016.593747139
1607063016.694051504
1607063016.794223309
1607063016.894555807
1607063016.994860172
1607063017.095167398
1607063017.195471287
1607063017.295775414
1607063017.395982504
1607063017.496286631
1607063017.596590042
1607063017.696920156
1607063017.797224045
1607063017.897515297
1607063017.997818470
1607063018.098127842
1607063018.198435545
1607063018.298738480
1607063018.398947239
1607063018.499252319
1607063018.599583149
1607063018.699887991
1607063018.800119638
1607063018.900396585
1607063019.000696421
1607063019.100999832
1607063019.201192617
1607063019.301498175
1607063019.401769876
1607063019.502047062
1607063019.602334023
1607063019.702541828
1607063019.802845955
1607063019.903123140
1607063020.003427744
1607063020.103737354
1607063020.204041004
1607063020.304250717
1607063020.404556513
1607063020.504861116
1607063020.605176926
1607063020.705481052
1607063020.805710554
1607063020.905922413
1607063021.006134510
1607063021.106349468
1607063021.206555843
1607063021.306762457
1607063021.406973124
1607063021.507180214
1607063021.607389212
1607063021.707593679
1607063021.807800055
1607063021.908037186
1607063022.008248568
1607063022.108415604
1607063022.208634377
1607063022.308843374
1607063022.409042120
1607063022.509178877
1607063022.609370947
1607063022.709681273
1607063022.809953928
1607063022.910259008
1607063023.010530472
1607063023.110835791
1607063023.211141586
1607063023.311445951
1607063023.411777020
1607063023.512083292
1607063023.612292528
1607063023.712602615
1607063023.812917948
1607063023.913130045
1607063024.013442755
1607063024.113648415
1607063024.213951826
1607063024.314260721
1607063024.414568663
1607063024.514871597
1607063024.615161419
1607063024.715470791
1607063024.815788031
1607063024.916092873
1607063025.016400337
1607063025.116689205
1607063025.216995239
1607063025.317310572
1607063025.417650700
1607063025.517957211
1607063025.618263006
1607063025.718553543
1607063025.818855286
1607063025.919162512
1607063026.019466162
1607063026.119773865
1607063026.219980955
1607063026.320286274
1607063026.420594454
1607063026.520897150
1607063026.621233225
1607063026.721451283
1607063026.821756363
1607063026.922063589
1607063027.022370338
1607063027.122540474
1607063027.222848654
1607063027.323130608
1607063027.423435926
1607063027.523607969
1607063027.623913765
1607063027.724218845
1607063027.824469090
1607063027.924776316
1607063028.025077581
1607063028.125380516
1607063028.225686550
1607063028.325984955
1607063028.426208019
1607063028.526493311
1607063028.626808167
1607063028.727113247
1607063028.827316761
1607063028.927562475
1607063029.027867317
1607063029.128174067
1607063029.228477240
1607063029.328680754
1607063029.428681850
1607063029.528653145
1607063029.628677845
1607063029.728579283
1607063029.828682899
1607063029.928676844
1607063030.028676987
1607063030.128663063
1607063030.228579998
1607063030.328677416
1607063030.428684235
1607063030.528677940
1607063030.628677130
1607063030.728675365
1607063030.828679085
1607063030.928703308
1607063031.028689146
1607063031.128677368
1607063031.228682756
1607063031.328669786
1607063031.428679228
1607063031.528580189
1607063031.628677607
1607063031.728680372
1607063031.828678846
1607063031.928544044
1607063032.028678656
1607063032.128687859
1607063032.228678942
1607063032.328676701
1607063032.428681612
1607063032.528675556
1607063032.628676414
1607063032.728678942
1607063032.828676701
1607063032.928683043
1607063033.028659105
1607063033.128678083
1607063033.228678942
1607063033.328673840
1607063033.428680897
1607063033.528679371
1607063033.628651142
1607063033.728583336
1607063033.828682661
1607063033.928683281
1607063034.028678417
1607063034.128677845
1607063034.228677273
1607063034.328676701
1607063034.428677559
1607063034.528679132
1607063034.628681660
1607063034.728658438
1607063034.828675747
1607063034.928676128
1607063035.028683424
1607063035.128677845
1607063035.228683472
1607063035.328645945
1607063035.428674698
1607063035.528677464
1607063035.628677368
1607063035.728676081
1607063035.828677416
1607063035.928544521
1607063036.028676510
1607063036.128676653
1607063036.228679895
1607063036.328679085
1607063036.428554773
1607063036.528693199
1607063036.628682375
1607063036.728681564
1607063036.828580379
1607063036.928677320
1607063037.028678656
1607063037.128684044
1607063037.228678226
1607063037.328679562
1607063037.428687334
1607063037.528677464
1607063037.628676891
1607063037.728543520
1607063037.828675985
1607063037.928673983
1607063038.028676510
1607063038.128675461
1607063038.228663445
1607063038.328675270
1607063038.428685904
1607063038.528676987
1607063038.628580332
1607063038.728681326
1607063038.828567266
1607063038.928677082
1607063039.028543234
1607063039.128679514
1607063039.228703260
1607063039.328686237
1607063039.428656816
1607063039.528588533
1607063039.628676176
1607063039.728675842
1607063039.828678608
1607063039.928544283
1607063040.028571129
1607063040.128680468
1607063040.228677511
1607063040.328679323
1607063040.428678513
1607063040.528677702
1607063040.628591061
1607063040.728676319
1607063040.828546047
1607063040.928673744
1607063041.028676033
1607063041.128672838
1607063041.228637695
1607063041.328673124
1607063041.428675890
1607063041.528673172
1607063041.628674269
1607063041.728675127
1607063041.828667879
1607063041.928551435
1607063042.028667212
1607063042.128582239
1607063042.228587866
1607063042.328582764
1607063042.428518534
1607063042.528680086
1607063042.628542900
1607063042.728677988
1607063042.828679085
1607063042.928704977
1607063043.028558493
1607063043.128679276
1607063043.228679657
1607063043.328676462
1607063043.428678036
1607063043.528678656
1607063043.628657818
1607063043.728678226
1607063043.828676701
1607063043.928679943
1607063044.028675079
1607063044.128675938
1607063044.228674650
1607063044.328676462
1607063044.428678274
1607063044.528677225
1607063044.628679037
1607063044.728578091
1607063044.828682184
1607063044.928680182
1607063045.028580189
1607063045.128543377
1607063045.228676558
1607063045.328682661
1607063045.428677797
1607063045.528677702
1607063045.628677845
1607063045.728677034
1607063045.828650236
1607063045.928676367
1607063046.028679848
1607063046.128677607
1607063046.228676558
1607063046.328680038
1607063046.428646088
1607063046.528679132
1607063046.628677130
1607063046.728680134
1607063046.828676939
1607063046.928676844
1607063047.028693199
1607063047.128688097
1607063047.228680611
1607063047.328680277
1607063047.428675652
1607063047.528677225
1607063047.628662109
1607063047.728680134
1607063047.828676939
1607063047.928678751
1607063048.028676510
1607063048.128676891
1607063048.228651762
1607063048.328678608
1607063048.428678036
1607063048.528678894
1607063048.628678083
1607063048.728642702
1607063048.828675985
1607063048.928677082
1607063049.028680086
1607063049.128684044
1607063049.228676796
1607063049.328679323
1607063049.428661823
1607063049.528676510
1607063049.628677368
1607063049.728706121
1607063049.828699589
1607063049.928683996
1607063050.028648615
1607063050.128678083
1607063050.228677511
1607063050.328678370
1607063050.428681612
1607063050.528584480
1607063050.628675699
1607063050.728676319
1607063050.828682184
1607063050.928558350
1607063051.028678894
1607063051.128679752
1607063051.228660583
1607063051.328676224
1607063051.428677320
1607063051.528680801
1607063051.628677368
1607063051.728680611
1607063051.828662634
1607063051.928677559
1607063052.028678179
1607063052.128677130
1607063052.228682756
1607063052.328678846
1607063052.428668261
1607063052.528707981
1607063052.628688335
1607063052.728678703
1607063052.828680038
1607063052.928680182
1607063053.028671265
1607063053.128678560
1607063053.228678465
1607063053.328677177
1607063053.428677320
1607063053.528677464
1607063053.628583193
1607063053.728678942
1607063053.828679085
1607063053.928576231
1607063054.028676748
1607063054.128677607
1607063054.228664875
1607063054.328677416
1607063054.428677320
1607063054.528680325
1607063054.628679514
1607063054.728645563
1607063054.828676939
1607063054.928676605
1607063055.028680801
1607063055.128677607
1607063055.228703022
1607063055.328702211
1607063055.428682804
1607063055.528679609
1607063055.628681183
1607063055.728677273
1607063055.828550100
1607063055.928686857
1607063056.028681517
1607063056.128674507
1607063056.228679657
1607063056.328676701
1607063056.428677082
1607063056.528642654
1607063056.628580809
1607063056.728682518
1607063056.828675985
1607063056.928677797
1607063057.028680801
1607063057.128650427
1607063057.228678226
1607063057.328679562
1607063057.428683758
1607063057.528675318
1607063057.628679276
1607063057.728677750
1607063057.828676701
1607063057.928580761
1607063058.028706551
1607063058.128690243
1607063058.228681564
1607063058.328668833
1607063058.428678274
1607063058.528674364
1607063058.628677607
1607063058.728678942
1607063058.828679323
1607063058.928652048
1607063059.028674603
1607063059.128680468
1607063059.228676081
1607063059.328678370
1607063059.428680182
1607063059.528683901
1607063059.628676891
1607063059.728679419
1607063059.828676462
1607063059.928673983
1607063060.028675795
1607063060.128576756
1607063060.228675842
1607063060.328674793
1607063060.428674459
1607063060.528676987
1607063060.628676653
1607063060.728702545
1607063060.828538895
1607063060.928538799
1607063061.028606653
1607063061.128593445
1607063061.228579283
1607063061.328532934
1607063061.428679228
1607063061.528680801
1607063061.628688335
1607063061.728678465
1607063061.828647852
1607063061.928680182
1607063062.028676033
1607063062.128673315
1607063062.228675365
1607063062.328677177
1607063062.428575277
1607063062.528677464
1607063062.628683090
1607063062.728678226
1607063062.828678608
1607063062.928681135
1607063063.028676987
1607063063.128673315
1607063063.228675365
1607063063.328682661
1607063063.428676605
1607063063.528704405
1607063063.628580093
1607063063.728579760
1607063063.828675032
1607063063.928679466
1607063064.028676748
1607063064.128680468
1607063064.228581905
1607063064.328576803
1607063064.428675175
1607063064.528676271
1607063064.628677607
1607063064.728679895
1607063064.828579664
1607063064.928680897
1607063065.028676748
1607063065.128679276
1607063065.228678703
1607063065.328677416
1607063065.428669453
1607063065.528674364
1607063065.628678083
1607063065.728680372
1607063065.828676462
1607063065.928676605
1607063066.028581619
1607063066.128673792
1607063066.228700638
1607063066.328702450
1607063066.428690434
1607063066.528675556
1607063066.628486872
1607063066.728678226
1607063066.828583002
1607063066.928677797
1607063067.028677225
1607063067.128681421
1607063067.228677750
1607063067.328674316
1607063067.428675890
1607063067.528678894
1607063067.628681660
1607063067.728578806
1607063067.828682184
1607063067.928675175
1607063068.028677940
1607063068.128681183
1607063068.228677034
1607063068.328581810
1607063068.428676844
1607063068.528681517
1607063068.628582716
1607063068.728679657
1607063068.828677654
1607063068.928677797
1607063069.028708458
1607063069.128690243
1607063069.228679895
1607063069.328680515
1607063069.428678989
1607063069.528677702
1607063069.628674746
1607063069.728678942
1607063069.828679800
1607063069.928682327
1607063070.028677702
1607063070.128676891
1607063070.228643179
1607063070.328541994
1607063070.428678989
1607063070.528678894
1607063070.628678799
1607063070.728673458
1607063070.828679323
1607063070.928677320
1607063071.028676271
1607063071.128680468
1607063071.228538275
1607063071.328684330
1607063071.428677559
1607063071.528674603
1607063071.628678560
1607063071.728704214
1607063071.828703642
1607063071.928684711
1607063072.028661728
1607063072.128571987
1607063072.228685617
1607063072.328580379
1607063072.428678751
1607063072.528567791
1607063072.628662109
1607063072.728680849
1607063072.828677654
1607063072.928679466
1607063073.028676510
1607063073.128676891
1607063073.228642941
1607063073.328582764
1607063073.428663492
1607063073.528676271
1607063073.628677607
1607063073.728581905
1607063073.828542471
1607063073.928678513
1607063074.028579712
1607063074.128680706
1607063074.228677511
1607063074.328581095
1607063074.428680420
1607063074.528702021
1607063074.628692150
1607063074.728680372
1607063074.828677893
1607063074.928676128
1607063075.028676748
1607063075.128676891
1607063075.228677511
1607063075.328593731
1607063075.428680182
1607063075.528663158
1607063075.628678322
1607063075.728662729
1607063075.828679800
1607063075.928680182
1607063076.028681755
1607063076.128679276
1607063076.228677511
1607063076.328661919
1607063076.428678989
1607063076.528565645
1607063076.628678322
1607063076.728683710
1607063076.828676224
1607063076.928665161
1607063077.028671980
1607063077.128659010
1607063077.228646517
1607063077.328547716
1607063077.428683043
1607063077.528687477
1607063077.628677368
1607063077.728676319
1607063077.828680038
1607063077.928678751
1607063078.028677940
1607063078.128671169
1607063078.228677988
1607063078.328675985
1607063078.428676128
1607063078.528679848
1607063078.628682137
1607063078.728578806
1607063078.828677654
1607063078.928676367
1607063079.028676510
1607063079.128679276
1607063079.228678942
1607063079.328671932
1607063079.428677082
1607063079.528683424
1607063079.628580093
1607063079.728677273
1607063079.828679085
1607063079.928664207
1607063080.028577328
1607063080.128688097
1607063080.228678465
1607063080.328679085
1607063080.428676367
1607063080.528651714
1607063080.628679037
1607063080.728681087
1607063080.828676701
1607063080.928678274
1607063081.028683662
1607063081.128574371
1607063081.228676319
1607063081.328676462
1607063081.428577185
1607063081.528675795
1607063081.628676891
1607063081.728678942
1607063081.828676224
1607063081.928665400
1607063082.028678894
1607063082.128657818
1607063082.228677511
1607063082.328643560
1607063082.428678513
1607063082.528600216
1607063082.628681421
1607063082.728702784
1607063082.828698874
1607063082.928662539
1607063083.028675079
1607063083.128648281
1607063083.228677988
1607063083.328667402
1607063083.428682566
1607063083.528683662
1607063083.628659010
1607063083.728675365
1607063083.828679323
1607063083.928675652
1607063084.028543711
1607063084.128688097
1607063084.228678942
1607063084.328677893
1607063084.428679943
1607063084.528678417
1607063084.628675699
1607063084.728636026
1607063084.828678370
1607063084.928682327
1607063085.028678179
1607063085.128677130
1607063085.228680372
1607063085.328574896
1607063085.428677797
1607063085.528703451
1607063085.628686428
1607063085.728676558
1607063085.828678846
1607063085.928643465
1607063086.028678656
1607063086.128679276
1607063086.228677988
1607063086.328679085
1607063086.428675652
1607063086.528673649
1607063086.628679991
1607063086.728676319
1607063086.828683138
1607063086.928676367
1607063087.028678179
1607063087.128686190
1607063087.228675127
1607063087.328680754
1607063087.428676367
1607063087.528682709
1607063087.628679037
1607063087.728681326
1607063087.828685999
1607063087.928679943
1607063088.028680801
1607063088.128676414
1607063088.228704453
1607063088.328696012
1607063088.428678513
1607063088.528652191
1607063088.628677130
1607063088.728680849
1607063088.828676701
1607063088.928682089
1607063089.028681755
1607063089.128670931
1607063089.228678226
1607063089.328676939
1607063089.428679705
1607063089.528677940
1607063089.628678322
1607063089.728588343
1607063089.828675508
1607063089.928676367
1607063090.028676987
1607063090.128679514
1607063090.228676319
1607063090.328681946
1607063090.428669453
1607063090.528676510
1607063090.628672123
1607063090.728680611
1607063090.828681231
1607063090.928676128
1607063091.028685093
1607063091.128683090
1607063091.228677511
1607063091.328676939
1607063091.428677082
1607063091.528680563
1607063091.628673315
1607063091.728680134
1607063091.828680754
1607063091.928676128
1607063092.028676748
1607063092.128675222
1607063092.228679895
1607063092.328677893
1607063092.428675175
1607063092.528680801
1607063092.628675938
1607063092.728674889
1607063092.828662157
1607063092.928679705
1607063093.028674841
1607063093.128668308
1607063093.228652716
1607063093.328590870
1607063093.428683519
1607063093.528676748
1607063093.628688574
1607063093.728684187
1607063093.828680038
1607063093.928675890
1607063094.028579473
1607063094.128676176
1607063094.228678465
1607063094.328681707
