1607063624.360702038
1607063624.462045670
1607063624.563104153
1607063624.664178133
1607063624.765327454
1607063624.866203070
1607063624.967089176
1607063625.067940235
1607063625.168819427
1607063625.269944668
1607063625.371050119
1607063625.471972466
1607063625.572718859
1607063625.673738003
1607063625.774611950
1607063625.875476122
1607063625.976375580
1607063626.077114344
1607063626.178207397
1607063626.279319048
1607063626.380418301
1607063626.481328011
1607063626.582433701
1607063626.683299065
1607063626.784377813
1607063626.885497570
1607063626.986361027
1607063627.087309122
1607063627.188181400
1607063627.289099455
1607063627.389948845
1607063627.490803242
1607063627.591916800
1607063627.693009615
1607063627.794148445
1607063627.894915581
1607063627.995794535
1607063628.096859932
1607063628.197732925
1607063628.298672199
1607063628.399711847
1607063628.500507116
1607063628.601350546
1607063628.702425718
1607063628.803214550
1607063628.904301405
1607063629.005183935
1607063629.106271029
1607063629.207307339
1607063629.308428288
1607063629.409291983
1607063629.510133266
1607063629.611240387
1607063629.712324858
1607063629.813205481
1607063629.914280653
1607063630.015405178
1607063630.116413593
1607063630.217250586
1607063630.318116903
1607063630.419222832
1607063630.519992828
1607063630.621058226
1607063630.722195148
1607063630.823060513
1607063630.924144506
1607063631.024976730
1607063631.125785112
1607063631.226870775
1607063631.327977657
1607063631.428846121
1607063631.529982090
1607063631.631079435
1607063631.731935740
1607063631.833035946
1607063631.933958530
1607063632.035020828
1607063632.136118889
1607063632.236967325
1607063632.338119268
1607063632.439001799
1607063632.539875746
1607063632.640753984
1607063632.741862535
1607063632.842935324
1607063632.943725348
1607063633.044808865
1607063633.145960808
1607063633.246986628
1607063633.347765923
1607063633.448832035
1607063633.549695730
1607063633.650529385
1607063633.751603127
1607063633.852447510
1607063633.953542471
1607063634.054410458
1607063634.155252457
1607063634.256126165
1607063634.357210636
1607063634.458212137
1607063634.559083223
1607063634.659850121
1607063634.760580540
1607063634.860725880
1607063634.960644007
1607063635.060733795
1607063635.160733223
1607063635.260723829
1607063635.360738754
1607063635.460729122
1607063635.560649872
1607063635.660736799
1607063635.760767221
1607063635.860743523
1607063635.960765362
1607063636.060752392
1607063636.160766602
1607063636.260754347
1607063636.360760927
1607063636.460685492
1607063636.560742617
1607063636.660731316
1607063636.760735035
1607063636.860731125
1607063636.960735083
1607063637.060725689
1607063637.160733461
1607063637.260728359
1607063637.360670567
1607063637.460638285
1607063637.560733318
1607063637.660731554
1607063637.760729551
1607063637.860727549
1607063637.960727215
1607063638.060702562
1607063638.160656691
1607063638.260690212
1607063638.360844612
1607063638.460575581
1607063638.560761213
1607063638.660753489
1607063638.760766983
1607063638.860747337
1607063638.960757017
1607063639.060758114
1607063639.160680532
1607063639.260738373
1607063639.360731840
1607063639.460718393
1607063639.560659170
1607063639.660730362
1607063639.760731697
1607063639.860731363
1607063639.960733652
1607063640.060717821
1607063640.160731792
1607063640.260727644
1607063640.360738039
1607063640.460527897
1607063640.560737848
1607063640.660722256
1607063640.760730028
1607063640.860641956
1607063640.960740566
1607063641.060755730
1607063641.160780907
1607063641.260750771
1607063641.360679388
1607063641.460658789
1607063641.560765028
1607063641.660758495
1607063641.760674000
1607063641.860753059
1607063641.960738182
1607063642.060724497
1607063642.160734415
1607063642.260746241
1607063642.360733747
1607063642.460723400
1607063642.560733318
1607063642.660642147
1607063642.760735273
1607063642.860705376
1607063642.960732460
1607063643.060722351
1607063643.160734653
1607063643.260727882
1607063643.360733986
1607063643.460640430
1607063643.560654879
1607063643.660723209
1607063643.760763407
1607063643.860751867
1607063643.960688114
1607063644.060748816
1607063644.160752058
1607063644.260756016
1607063644.360759497
1607063644.460746527
1607063644.560742855
1607063644.660734415
1607063644.760716915
1607063644.860728741
1607063644.960730553
1607063645.060725451
1607063645.160733461
1607063645.260726213
1607063645.360655546
1607063645.460729837
1607063645.560724974
1607063645.660732031
1607063645.760651112
1607063645.860727549
1607063645.960698605
1607063646.060708523
1607063646.160595179
1607063646.260725737
1607063646.360784054
1607063646.460649490
1607063646.560762405
1607063646.660727978
1607063646.760756731
1607063646.860755205
1607063646.960764170
1607063647.060699463
1607063647.160756588
1607063647.260745764
1607063647.360733747
1607063647.460711479
1607063647.560728788
1607063647.660748720
1607063647.760729790
1607063647.860726595
1607063647.960741282
1607063648.060728073
1607063648.160732031
1607063648.260630131
1607063648.360734940
1607063648.460726500
1607063648.560731888
1607063648.660726309
1607063648.760731459
1607063648.860657215
1607063648.960730314
1607063649.060747623
1607063649.160759449
1607063649.260749340
1607063649.360762835
1607063649.460670233
1607063649.560767889
1607063649.660752296
1607063649.760756016
1607063649.860754967
1607063649.960745096
1607063650.060639858
1607063650.160730600
1607063650.260731936
1607063650.360731125
1607063650.460727692
1607063650.560575962
1607063650.660570383
1607063650.760731220
1607063650.860726118
1607063650.960732222
1607063651.060639858
1607063651.160733938
1607063651.260704756
1607063651.360740900
1607063651.460728645
1607063651.560735464
1607063651.660734892
1607063651.760766506
1607063651.860722780
1607063651.960700035
1607063652.060754061
1607063652.160765648
1607063652.260754585
1607063652.360762596
1607063652.460610628
1607063652.560758829
1607063652.660736561
1607063652.760733128
1607063652.860699892
1607063652.960726023
1607063653.060699940
1607063653.160732269
1607063653.260728359
1607063653.360734463
1607063653.460725784
1607063653.560738087
1607063653.660597086
1607063653.760732412
1607063653.860731363
1607063653.960730076
1607063654.060724974
1607063654.160731316
1607063654.260752201
1607063654.360764027
1607063654.460751534
1607063654.560761690
1607063654.660751343
1607063654.760757446
1607063654.860769987
1607063654.960758924
1607063655.060756207
1607063655.160762310
1607063655.260747433
1607063655.360741377
1607063655.460708380
1607063655.560586691
1607063655.660580635
1607063655.760571003
1607063655.860569477
1607063655.960707903
1607063656.060606480
1607063656.160825491
1607063656.260726690
1607063656.360728979
1607063656.460740328
1607063656.560733557
1607063656.660727739
1607063656.760726929
1607063656.860724211
1607063656.960731030
1607063657.060723305
1607063657.160744190
1607063657.260734320
1607063657.360737085
1607063657.460731745
1607063657.560745239
1607063657.660737753
1607063657.760743856
1607063657.860734940
1607063657.960723877
1607063658.060731173
1607063658.160759926
1607063658.260753155
1607063658.360764027
1607063658.460841894
1607063658.560761213
1607063658.660753489
1607063658.760757446
1607063658.860757113
1607063658.960678101
1607063659.060729027
1607063659.160672188
1607063659.260726452
1607063659.360733271
1607063659.460727692
1607063659.560733318
1607063659.660724640
1607063659.760698795
1607063659.860722303
1607063659.960733414
1607063660.060728788
1607063660.160735369
1607063660.260573864
1607063660.360727787
1607063660.460726500
1607063660.560737848
1607063660.660722733
1607063660.760576248
1607063660.860727310
1607063660.960725307
1607063661.060724258
1607063661.160708666
1607063661.260726213
1607063661.360731363
1607063661.460789204
1607063661.560729980
1607063661.660720110
1607063661.760727882
1607063661.860728025
1607063661.960733175
1607063662.060639143
1607063662.160761356
1607063662.260752201
1607063662.360762119
1607063662.460751534
1607063662.560759783
1607063662.660731792
1607063662.760758162
1607063662.860752821
1607063662.960742712
1607063663.060721874
1607063663.160732508
1607063663.260722160
1607063663.360728979
1607063663.460725546
1607063663.560735703
1607063663.660726070
1607063663.760730028
1607063663.860738754
1607063663.960730314
1607063664.060728312
1607063664.160730600
1607063664.260728121
1607063664.360732555
1607063664.460758924
1607063664.560729027
1607063664.660728455
1607063664.760762453
1607063664.860748529
1607063664.960754395
1607063665.060760260
1607063665.160756588
1607063665.260752439
1607063665.360759020
1607063665.460754633
1607063665.560757399
1607063665.660721302
1607063665.760736942
1607063665.860725641
1607063665.960733652
1607063666.060724497
1607063666.160734415
1607063666.260725260
1607063666.360635042
1607063666.460720778
1607063666.560734987
1607063666.660728931
1607063666.760728836
1607063666.860725403
1607063666.960736513
1607063667.060727358
1607063667.160727501
1607063667.260643244
1607063667.360742807
1607063667.460757256
1607063667.560759783
1607063667.660754204
1607063667.760760069
1607063667.860756636
1607063667.960759401
1607063668.060721636
1607063668.160750389
1607063668.260746002
1607063668.360740900
1607063668.460728168
1607063668.560734987
1607063668.660691500
1607063668.760732412
1607063668.860734701
1607063668.960731506
1607063669.060727358
1607063669.160729408
1607063669.260725737
1607063669.360727072
1607063669.460724831
1607063669.560736179
1607063669.660723448
1607063669.760739088
1607063669.860730410
1607063669.960734844
1607063670.060731888
1607063670.160761118
1607063670.260751724
1607063670.360759497
1607063670.460667849
1607063670.560759783
1607063670.660751104
1607063670.760764837
1607063670.860731840
1607063670.960747957
1607063671.060731173
1607063671.160723209
1607063671.260643721
1607063671.360730410
1607063671.460723877
1607063671.560717821
1607063671.660728693
1607063671.760639906
1607063671.860724926
1607063671.960731268
1607063672.060724020
1607063672.160668135
1607063672.260715485
1607063672.360702038
1607063672.460598946
1607063672.560829401
1607063672.660723925
1607063672.760756016
1607063672.860752106
1607063672.960732222
1607063673.060607433
1607063673.160762548
1607063673.260753155
1607063673.360759735
1607063673.460686684
1607063673.560738564
1607063673.660736561
1607063673.760736227
1607063673.860725164
1607063673.960726976
1607063674.060725689
1607063674.160702944
1607063674.260723114
1607063674.360676527
1607063674.460730553
1607063674.560728788
1607063674.660725594
1607063674.760696888
1607063674.860728741
1607063674.960734844
1607063675.060723305
1607063675.160732269
1607063675.260727882
1607063675.360705376
1607063675.460747957
1607063675.560756922
1607063675.660752773
1607063675.760765314
1607063675.860756874
1607063675.960724354
1607063676.060592651
1607063676.160759926
1607063676.260753632
1607063676.360741854
1607063676.460721731
1607063676.560725927
1607063676.660724640
1607063676.760734320
1607063676.860725641
1607063676.960731745
1607063677.060752392
1607063677.160725832
1607063677.260636330
1607063677.360732079
1607063677.460725784
1607063677.560731173
1607063677.660627127
1607063677.760736227
1607063677.860728502
1607063677.960731268
1607063678.060724258
1607063678.160758734
1607063678.260573626
1607063678.360759497
1607063678.460753202
1607063678.560762405
1607063678.660752058
1607063678.760759115
1607063678.860753775
1607063678.960759878
1607063679.060731649
1607063679.160739899
1607063679.260723829
1607063679.360749245
1607063679.460726261
1607063679.560577869
1607063679.660729647
1607063679.760742903
1607063679.860724449
1607063679.960722208
1607063680.060729027
1607063680.160736799
1607063680.260724306
1607063680.360730171
1607063680.460707188
1607063680.560724735
1607063680.660726309
1607063680.760746002
1607063680.860774517
1607063680.960756302
1607063681.060748577
1607063681.160743952
1607063681.260755539
1607063681.360762358
1607063681.460757017
1607063681.560764551
1607063681.660743952
1607063681.760738611
1607063681.860725403
1607063681.960733652
1607063682.060633183
1607063682.160733461
1607063682.260711908
1607063682.360730886
1607063682.460725784
1607063682.560731649
1607063682.660635710
1607063682.760730982
1607063682.860712528
1607063682.960733414
1607063683.060723066
1607063683.160729647
1607063683.260724306
1607063683.360735416
1607063683.460708857
1607063683.560657740
1607063683.660753727
1607063683.760760546
1607063683.860751152
1607063683.960759640
1607063684.060727119
1607063684.160762072
1607063684.260751247
1607063684.360748291
1607063684.460672379
1607063684.560740948
1607063684.660713911
1607063684.760733128
1607063684.860642672
1607063684.960728884
1607063685.060567141
1607063685.160739183
1607063685.260754108
1607063685.360536814
1607063685.460729122
1607063685.560737371
1607063685.660729885
1607063685.760729551
1607063685.860726833
1607063685.960734367
1607063686.060725927
1607063686.160758257
1607063686.260503531
1607063686.360726357
1607063686.460755110
1607063686.560759544
1607063686.660718918
1607063686.760763884
1607063686.860753059
1607063686.960769653
1607063687.060734272
1607063687.160736084
1607063687.260725498
1607063687.360738754
1607063687.460730076
1607063687.560741186
1607063687.660701513
1607063687.760731459
1607063687.860723734
1607063687.960728645
1607063688.060645580
1607063688.160733461
1607063688.260704994
1607063688.360729694
1607063688.460724831
1607063688.560728788
1607063688.660714626
1607063688.760712624
1607063688.860701084
1607063688.960804462
1607063689.060749769
1607063689.160754919
1607063689.260757446
1607063689.360760450
1607063689.460730076
1607063689.560755730
1607063689.660599470
1607063689.760744095
1607063689.860726595
1607063689.960730314
1607063690.060701370
1607063690.160736799
1607063690.260726452
1607063690.360730410
1607063690.460726261
1607063690.560726643
1607063690.660723686
1607063690.760730505
1607063690.860722542
1607063690.960735321
1607063691.060725212
1607063691.160650492
1607063691.260715485
1607063691.360732794
1607063691.460729361
1607063691.560536385
1607063691.660754204
1607063691.760759354
1607063691.860741377
1607063691.960758924
1607063692.060755253
1607063692.160765648
1607063692.260757923
1607063692.360758543
1607063692.460725069
1607063692.560737133
1607063692.660729170
1607063692.760738134
1607063692.860727310
1607063692.960738420
1607063693.060715199
1607063693.160733223
1607063693.260725737
1607063693.360731602
1607063693.460728407
1607063693.560734510
1607063693.660724640
1607063693.760730505
1607063693.860726595
1607063693.960738897
1607063694.060730457
1607063694.160713196
1607063694.260756969
1607063694.360760927
1607063694.460758209
1607063694.560758114
1607063694.660758972
1607063694.760759354
1607063694.860754013
1607063694.960762501
1607063695.060739279
1607063695.160738468
1607063695.260730743
1607063695.360716581
1607063695.460725069
1607063695.560732365
1607063695.660730362
1607063695.760734320
1607063695.860723495
1607063695.960733414
1607063696.060724497
1607063696.160733461
1607063696.260726929
1607063696.360731125
1607063696.460724354
1607063696.560713053
1607063696.660729408
1607063696.760735035
1607063696.860721827
1607063696.960757732
1607063697.060754299
1607063697.160575151
1607063697.260749817
1607063697.360755920
1607063697.460752010
1607063697.560761929
1607063697.660751581
1607063697.760656595
1607063697.860725641
1607063697.960730791
1607063698.060724735
1607063698.160736084
1607063698.260729074
1607063698.360748053
1607063698.460633278
1607063698.560731888
1607063698.660726070
1607063698.760730028
1607063698.860725880
1607063698.960700989
1607063699.060729265
1607063699.160733700
1607063699.260729790
1607063699.360739470
1607063699.460727215
1607063699.560693741
1607063699.660757780
1607063699.760757923
1607063699.860751152
1607063699.960762501
1607063700.060751677
1607063700.160748720
1607063700.260751963
1607063700.360756874
1607063700.460739374
1607063700.560735464
1607063700.660609961
1607063700.760694981
1607063700.860728979
1607063700.960574150
1607063701.060724974
1607063701.160735130
1607063701.260691166
1607063701.360736847
1607063701.460727692
1607063701.560728073
1607063701.660708189
1607063701.760730982
1607063701.860692263
1607063701.960727930
1607063702.060607433
1607063702.160732031
1607063702.260758877
1607063702.360760927
1607063702.460751295
1607063702.560760975
1607063702.660748243
1607063702.760758638
1607063702.860750198
1607063702.960758448
1607063703.060724735
1607063703.160740852
1607063703.260727644
1607063703.360732317
1607063703.460630417
1607063703.560735464
1607063703.660708904
1607063703.760729551
1607063703.860729456
1607063703.960734129
1607063704.060726643
1607063704.160727024
1607063704.260732174
1607063704.360733271
1607063704.460729122
1607063704.560730696
1607063704.660726547
1607063704.760575294
1607063704.860710144
1607063704.960703373
1607063705.060597897
1607063705.160836697
1607063705.260755301
1607063705.360728025
1607063705.460755348
1607063705.560757637
1607063705.660749197
1607063705.760758162
1607063705.860731840
1607063705.960601330
1607063706.060727119
1607063706.160739660
1607063706.260724783
1607063706.360575676
1607063706.460573912
1607063706.560693264
1607063706.660726070
1607063706.760738134
1607063706.860574961
1607063706.960732222
1607063707.060724735
1607063707.160701752
1607063707.260728359
1607063707.360574722
1607063707.460727930
1607063707.560561180
1607063707.660734177
1607063707.760721207
1607063707.860733032
1607063707.960742712
1607063708.060734034
1607063708.160742998
1607063708.260731697
1607063708.360709667
1607063708.460729122
1607063708.560758352
1607063708.660755396
1607063708.760767698
1607063708.860754251
1607063708.960733175
1607063709.060589790
1607063709.160762787
1607063709.260752201
1607063709.360757351
1607063709.460737944
1607063709.560709715
1607063709.660726547
1607063709.760732651
1607063709.860685587
1607063709.960731745
1607063710.060724974
1607063710.160741568
1607063710.260722160
1607063710.360730648
1607063710.460727453
1607063710.560734749
1607063710.660722733
1607063710.760731697
1607063710.860724211
1607063710.960732698
1607063711.060725212
1607063711.160733461
1607063711.260694742
1607063711.360724688
1607063711.460729361
1607063711.560733557
1607063711.660729408
1607063711.760733366
1607063711.860727549
1607063711.960732222
1607063712.060727596
1607063712.160575390
1607063712.260726690
1607063712.360731602
1607063712.460724354
1607063712.560758591
1607063712.660751343
1607063712.760761738
1607063712.860752344
1607063712.960749388
1607063713.060593843
1607063713.160763502
1607063713.260751247
1607063713.360755920
1607063713.460730314
1607063713.560728788
1607063713.660733938
1607063713.760731220
1607063713.860731602
1607063713.960735321
1607063714.060726404
1607063714.160731554
1607063714.260730743
1607063714.360731363
1607063714.460721254
1607063714.560731888
1607063714.660731554
1607063714.760724068
1607063714.860724926
1607063714.960730791
1607063715.060733318
1607063715.160735607
1607063715.260755539
1607063715.360755205
1607063715.460757971
1607063715.560752869
1607063715.660754442
1607063715.760598183
1607063715.860763550
1607063715.960760117
1607063716.060746193
1607063716.160737991
1607063716.260734320
1607063716.360736847
1607063716.460724115
1607063716.560733557
1607063716.660722494
1607063716.760647774
1607063716.860723734
1607063716.960708857
1607063717.060723782
1607063717.160737276
1607063717.260729074
1607063717.360735178
1607063717.460723400
1607063717.560651302
1607063717.660724401
1607063717.760729074
1607063717.860733986
1607063717.960757494
1607063718.060762882
1607063718.160598040
1607063718.260755777
1607063718.360758781
1607063718.460759640
1607063718.560760498
1607063718.660749674
1607063718.760747433
1607063718.860726118
1607063718.960730314
1607063719.060562849
1607063719.160733938
1607063719.260726690
1607063719.360736370
1607063719.460716724
1607063719.560736656
1607063719.660721779
1607063719.760731936
1607063719.860648394
1607063719.960639715
1607063720.060725927
1607063720.160731316
1607063720.260532141
1607063720.360742092
1607063720.460724831
1607063720.560753584
1607063720.660754919
1607063720.760776281
1607063720.860751867
1607063720.960574627
1607063721.060593128
1607063721.160751820
1607063721.260603666
1607063721.360726118
1607063721.460615158
1607063721.560625315
1607063721.660720110
1607063721.760734320
1607063721.860813141
1607063721.960728884
1607063722.060572863
1607063722.160727501
1607063722.260708094
1607063722.360731602
1607063722.460724831
1607063722.560738087
1607063722.660725355
1607063722.760728598
1607063722.860704184
1607063722.960734367
1607063723.060722113
1607063723.160726070
1607063723.260756493
1607063723.360757589
1607063723.460725546
1607063723.560753822
1607063723.660762072
1607063723.760760307
1607063723.860755920
1607063723.960721970
1607063724.060745478
1607063724.160728931
1607063724.260733604
1607063724.360661030
