1607063204.336959124
1607063204.437310696
1607063204.537633896
1607063204.637962818
1607063204.738301754
1607063204.838589191
1607063204.938899517
1607063205.039223433
1607063205.139551640
1607063205.239744186
1607063205.340069532
1607063205.440266132
1607063205.540684462
1607063205.641011000
1607063205.741245031
1607063205.841426611
1607063205.941729546
1607063206.042113304
1607063206.142437935
1607063206.242765427
1607063206.343093634
1607063206.443481684
1607063206.543787479
1607063206.644017696
1607063206.744346142
1607063206.844673395
1607063206.944998026
1607063207.045186281
1607063207.145380735
1607063207.245762825
1607063207.346110344
1607063207.446301699
1607063207.546606541
1607063207.646936655
1607063207.747259617
1607063207.847638369
1607063207.947890997
1607063208.048215866
1607063208.148551464
1607063208.248880148
1607063208.349262714
1607063208.449523211
1607063208.549820185
1607063208.650156260
1607063208.750482082
1607063208.850807428
1607063208.951131582
1607063209.051509380
1607063209.151833057
1607063209.252156019
1607063209.352478266
1607063209.452882767
1607063209.553205252
1607063209.653532982
1607063209.753822803
1607063209.854161263
1607063209.954494238
1607063210.054704189
1607063210.154991150
1607063210.255156994
1607063210.355489492
1607063210.455717325
1607063210.556052208
1607063210.656288385
1607063210.756621361
1607063210.856798410
1607063210.957132816
1607063211.057336569
1607063211.157587051
1607063211.257882595
1607063211.358218908
1607063211.458412886
1607063211.558611870
1607063211.658947945
1607063211.759281158
1607063211.859493256
1607063211.959900856
1607063212.060067177
1607063212.160399914
1607063212.260585070
1607063212.360918999
1607063212.461107016
1607063212.561489344
1607063212.661649704
1607063212.761977434
1607063212.862143993
1607063212.962465048
1607063213.062711716
1607063213.163038015
1607063213.263206959
1607063213.363532782
1607063213.463697195
1607063213.564026594
1607063213.664274693
1607063213.764656544
1607063213.864950418
1607063213.965260506
1607063214.065551281
1607063214.165930986
1607063214.266222954
1607063214.366528034
1607063214.466820955
1607063214.567142963
1607063214.667444706
1607063214.767786026
1607063214.868081331
1607063214.968388796
1607063215.068683386
1607063215.168911457
1607063215.269210815
1607063215.369427681
1607063215.469651699
1607063215.569893122
1607063215.670119524
1607063215.770425797
1607063215.870656490
1607063215.970964193
1607063216.071261883
1607063216.171551466
1607063216.271778345
1607063216.371978521
1607063216.472246647
1607063216.572543621
1607063216.672838926
1607063216.773167610
1607063216.873342752
1607063216.973664284
1607063217.073956490
1607063217.174181938
1607063217.274406910
1607063217.374614000
1607063217.474913359
1607063217.575258255
1607063217.675479889
1607063217.775796175
1607063217.876097202
1607063217.976422310
1607063218.076725006
1607063218.177049398
1607063218.277261734
1607063218.377419233
1607063218.477721691
1607063218.578042269
1607063218.678265333
1607063218.778488159
1607063218.878792048
1607063218.979111195
1607063219.079322815
1607063219.179642439
1607063219.279975653
1607063219.380292892
1607063219.480601311
1607063219.580825329
1607063219.681135416
1607063219.781350851
1607063219.881582022
1607063219.981739044
1607063220.082037449
1607063220.182383299
1607063220.282608032
1607063220.382919073
1607063220.483232737
1607063220.583558559
1607063220.683873892
1607063220.784126282
1607063220.884437799
1607063220.984774351
1607063221.085092545
1607063221.185424089
1607063221.285743475
1607063221.385965824
1607063221.486197472
1607063221.586429119
1607063221.686739922
1607063221.787061691
1607063221.887417793
1607063221.987741470
1607063222.087966919
1607063222.188286304
1607063222.288631201
1607063222.388947010
1607063222.489131451
1607063222.589472771
1607063222.689639807
1607063222.789838314
1607063222.890164375
1607063222.990467787
1607063223.090786457
1607063223.191111565
1607063223.291434050
1607063223.391784668
1607063223.492105961
1607063223.592415094
1607063223.692737818
1607063223.793061733
1607063223.893409967
1607063223.993692398
1607063224.093895197
1607063224.194223404
1607063224.294543266
1607063224.394867897
1607063224.495184660
1607063224.595507622
1607063224.695811272
1607063224.796132326
1607063224.896452904
1607063224.996674776
1607063225.096992970
1607063225.197198868
1607063225.297394991
1607063225.397595167
1607063225.497915030
1607063225.598234653
1607063225.698554516
1607063225.798877954
1607063225.899229288
1607063225.999554634
1607063226.099877119
1607063226.200205326
1607063226.300539494
1607063226.400859118
1607063226.501186609
1607063226.601511717
1607063226.701833725
1607063226.802064180
1607063226.902388811
1607063227.002738953
1607063227.103060484
1607063227.203286409
1607063227.303513050
1607063227.403825283
1607063227.504151583
1607063227.604306221
1607063227.704613209
1607063227.804939508
1607063227.905252457
1607063228.005574226
1607063228.105805635
1607063228.206037760
1607063228.306360483
1607063228.406679153
1607063228.506904125
1607063228.607220411
1607063228.707542181
1607063228.807893038
1607063228.908212185
1607063229.008520126
1607063229.108842611
1607063229.209200382
1607063229.309518576
1607063229.409841061
1607063229.510123968
1607063229.610442162
1607063229.710761070
1607063229.811105967
1607063229.911423445
1607063230.011710167
1607063230.112032652
1607063230.212351561
1607063230.312567711
1607063230.412892103
1607063230.513236523
1607063230.613464832
1607063230.713620663
1607063230.813847542
1607063230.914168835
1607063231.014490366
1607063231.114820480
1607063231.214977741
1607063231.315302134
1607063231.415621281
1607063231.515941858
1607063231.616265774
1607063231.716587067
1607063231.816905499
1607063231.917230368
1607063232.017553091
1607063232.117758274
1607063232.218048573
1607063232.318372726
1607063232.418690920
1607063232.518997431
1607063232.619316101
1607063232.719619036
1607063232.819938183
1607063232.920273066
1607063233.020499945
1607063233.120817661
1607063233.221136570
1607063233.321463108
1607063233.421653509
1607063233.521941423
1607063233.622259855
1607063233.722579718
1607063233.822915316
1607063233.923227072
1607063234.023547888
1607063234.123869658
1607063234.224205732
1607063234.324409485
1607063234.424726963
1607063234.525057793
1607063234.625379801
1607063234.725565434
1607063234.825818777
1607063234.926138878
1607063235.026468515
1607063235.126794100
1607063235.227023363
1607063235.327343225
1607063235.427690029
1607063235.528022051
1607063235.628341675
1607063235.728660583
1607063235.829010487
1607063235.929337263
1607063236.029662132
1607063236.129892111
1607063236.230215788
1607063236.330533028
1607063236.430882931
1607063236.531070471
1607063236.631297350
1607063236.731621027
1607063236.831944942
1607063236.932134628
1607063237.032491684
1607063237.132813215
1607063237.233133554
1607063237.333463669
1607063237.433751345
1607063237.534072399
1607063237.634391785
1607063237.734739304
1607063237.834899664
1607063237.935191393
1607063238.035539389
1607063238.135859966
1607063238.236186266
1607063238.336409330
1607063238.436728001
1607063238.537031412
1607063238.637202501
1607063238.737109423
1607063238.837201595
1607063238.937207460
1607063239.037200689
1607063239.137206078
1607063239.237211227
1607063239.337202549
1607063239.437201977
1607063239.537203789
1607063239.637204885
1607063239.737200499
1607063239.837202549
1607063239.937204123
1607063240.037234783
1607063240.137228966
1607063240.237208128
1607063240.337188721
1607063240.437203884
1607063240.537202120
1607063240.637206078
1607063240.737207890
1607063240.837203503
1607063240.937205076
1607063241.037208557
1607063241.137202263
1607063241.237201452
1607063241.337206602
1607063241.437204599
1607063241.537199020
1607063241.637201786
1607063241.737198114
1607063241.837204456
1607063241.937196255
1607063242.037204266
1607063242.137186527
1607063242.237203836
1607063242.337039709
1607063242.437202930
1607063242.537205696
1607063242.637203217
1607063242.737232447
1607063242.837217808
1607063242.937201262
1607063243.037135363
1607063243.137213707
1607063243.237093210
1607063243.337200403
1607063243.437202454
1607063243.537207603
1607063243.637215137
1607063243.737209797
1607063243.837176561
1607063243.937209368
1607063244.037207603
1607063244.137204170
1607063244.237205982
1607063244.337214231
1607063244.437202930
1607063244.537199497
1607063244.637205362
1607063244.737210989
1607063244.837205648
1607063244.937206030
1607063245.037109137
1607063245.137207031
1607063245.237203836
1607063245.337209940
1607063245.437235832
1607063245.537230015
1607063245.637216568
1607063245.737131834
1607063245.837204695
1607063245.937204838
1607063246.037203312
1607063246.137206793
1607063246.237208605
1607063246.337204695
1607063246.437205791
1607063246.537207365
1607063246.637106180
1607063246.737209558
1607063246.837205172
1607063246.937180042
1607063247.037067652
1607063247.137204170
1607063247.237208366
1607063247.337201357
1607063247.437202215
1607063247.537104607
1607063247.637201071
1607063247.737201691
1607063247.837201834
1607063247.937105179
1607063248.037201166
1607063248.137222052
1607063248.237231970
1607063248.337214947
1607063248.437131166
1607063248.537201166
1607063248.637202263
1607063248.737188339
1607063248.837105036
1607063248.937201023
1607063249.037204504
1607063249.137203932
1607063249.237208843
1607063249.337210417
1607063249.437203884
1607063249.537205219
1607063249.637212753
1607063249.737215996
1607063249.837202787
1607063249.937204123
1607063250.037212372
1607063250.137220621
1607063250.237204790
1607063250.337206602
1607063250.437203407
1607063250.537204742
1607063250.637219667
1607063250.737207174
1607063250.837233305
1607063250.937236071
1607063251.037234545
1607063251.137205601
1607063251.237201929
1607063251.337205410
1607063251.437207460
1607063251.537059546
1607063251.637220860
1607063251.737200499
1607063251.837103128
1607063251.937069178
1607063252.037205219
1607063252.137204409
1607063252.237203598
1607063252.337188959
1607063252.437207222
1607063252.537206650
1607063252.637207985
1607063252.737204552
1607063252.837110996
1607063252.937113047
1607063253.037205458
1607063253.137207031
1607063253.237107992
1607063253.337219477
1607063253.437201500
1607063253.537174225
1607063253.637229919
1607063253.737104416
1607063253.837207079
1607063253.937202692
1607063254.037208319
1607063254.137196064
1607063254.237205029
1607063254.337204218
1607063254.437207937
1607063254.537204504
1607063254.637070894
1607063254.737199068
1607063254.837203026
1607063254.937186003
1607063255.037065983
1607063255.137219429
1607063255.237200499
1607063255.337203979
1607063255.437205076
1607063255.537209034
1607063255.637203693
1607063255.737196207
1607063255.837207317
1607063255.937107086
1607063256.037205696
1607063256.137202740
1607063256.237206221
1607063256.337106466
1607063256.437239408
1607063256.537200212
1607063256.637203455
1607063256.737170696
1607063256.837105036
1607063256.937202454
1607063257.037202597
1607063257.137106657
1607063257.237201929
1607063257.337208271
1607063257.437201738
1607063257.537203550
1607063257.637103081
1607063257.737205029
1607063257.837200403
1607063257.937200546
1607063258.037103653
1607063258.137203217
1607063258.237204313
1607063258.337206602
1607063258.437207222
1607063258.537203074
1607063258.637204647
1607063258.737204790
1607063258.837205648
1607063258.937104464
1607063259.037066460
1607063259.137111187
1607063259.237112284
1607063259.337132931
1607063259.437110901
1607063259.537188530
1607063259.637107134
1607063259.737072229
1607063259.837108374
1607063259.937200785
1607063260.037203550
1607063260.137202740
1607063260.237067223
1607063260.337218046
1607063260.437200546
1607063260.537202597
1607063260.637200832
1607063260.737107277
1607063260.837203264
1607063260.937184095
1607063261.037204266
1607063261.137067795
1607063261.237219572
1607063261.337200403
1607063261.437200785
1607063261.537192822
1607063261.637101412
1607063261.737231970
1607063261.837225676
1607063261.937211752
1607063262.037211418
1607063262.137212276
1607063262.237205267
1607063262.337206602
1607063262.437214613
1607063262.537108898
1607063262.637204170
1607063262.737211227
1607063262.837191343
1607063262.937217474
1607063263.037205696
1607063263.137210608
1607063263.237204552
1607063263.337210417
1607063263.437176466
1607063263.537203789
1607063263.637205362
1607063263.737205982
1607063263.837067366
1607063263.937216282
1607063264.037202597
1607063264.137190342
1607063264.237201214
1607063264.337201595
1607063264.437233686
1607063264.537229538
1607063264.637209654
1607063264.737193346
1607063264.837205887
1607063264.937205315
1607063265.037107468
1607063265.137205601
1607063265.237187386
1607063265.337206602
1607063265.437201023
1607063265.537203789
1607063265.637200594
1607063265.737202406
1607063265.837181807
1607063265.937105656
1607063266.037205458
1607063266.137204409
1607063266.237205029
1607063266.337203979
1607063266.437219381
1607063266.537204027
1607063266.637203455
1607063266.737206936
1607063266.837200880
1607063266.937205076
1607063267.037203789
1607063267.137220621
1607063267.237105131
1607063267.337208509
1607063267.437202692
1607063267.537201881
1607063267.637200594
1607063267.737187862
1607063267.837206125
1607063267.937201262
1607063268.037200689
1607063268.137105465
1607063268.237055063
1607063268.337104082
1607063268.437201262
1607063268.537207842
1607063268.637206554
1607063268.737208128
1607063268.837206602
1607063268.937205791
1607063269.037206173
1607063269.137206793
1607063269.237204075
1607063269.337204695
1607063269.437203884
1607063269.537218094
1607063269.637183666
1607063269.737201929
1607063269.837231159
1607063269.937224865
1607063270.037211180
1607063270.137208462
1607063270.237203836
1607063270.337106466
1607063270.437202930
1607063270.537204742
1607063270.637204170
1607063270.737210274
1607063270.837178707
1607063270.937209845
1607063271.037203789
1607063271.137208700
1607063271.237112761
1607063271.337206602
1607063271.437180758
1607063271.537204742
1607063271.637205362
1607063271.737216711
1607063271.837215424
1607063271.937204361
1607063272.037204027
1607063272.137210369
1607063272.237205029
1607063272.337205648
1607063272.437206030
1607063272.537212610
1607063272.637211561
1607063272.737210989
1607063272.837206602
1607063272.937206745
1607063273.037106037
1607063273.137207747
1607063273.237088203
1607063273.337211370
1607063273.437067270
1607063273.537230968
1607063273.637224436
1607063273.737210274
1607063273.837201357
1607063273.937115669
1607063274.037201166
1607063274.137203693
1607063274.237206697
1607063274.337202549
1607063274.437203169
1607063274.537187576
1607063274.637203693
1607063274.737203360
1607063274.837203026
1607063274.937203884
1607063275.037206650
1607063275.137107372
1607063275.237207651
1607063275.337202787
1607063275.437194586
1607063275.537188530
1607063275.637106180
1607063275.737119675
1607063275.837200642
1607063275.937066793
1607063276.037201643
1607063276.137207747
1607063276.237209558
1607063276.337183237
1607063276.437200785
1607063276.537210941
1607063276.637200594
1607063276.737201691
1607063276.837206602
1607063276.937195301
1607063277.037201166
1607063277.137202978
1607063277.237203598
1607063277.337107658
1607063277.437208652
1607063277.537087917
1607063277.637222528
1607063277.737208366
1607063277.837192535
1607063277.937118530
1607063278.037201405
1607063278.137106895
1607063278.237201452
1607063278.337201595
1607063278.437203169
1607063278.537206173
1607063278.637204170
1607063278.737210274
1607063278.837201834
1607063278.937201738
1607063279.037101507
1607063279.137203693
1607063279.237201691
1607063279.337185144
1607063279.437201738
1607063279.537201881
1607063279.637201071
1607063279.737205982
1607063279.837205648
1607063279.937105656
1607063280.037206173
1607063280.137202501
1607063280.237226963
1607063280.337229252
1607063280.437215805
1607063280.537124634
1607063280.637199402
1607063280.737207890
1607063280.837108374
1607063280.937205553
1607063281.037187099
1607063281.137205601
1607063281.237186670
1607063281.337201595
1607063281.437067270
1607063281.537205935
1607063281.637201548
1607063281.737069607
1607063281.837174892
1607063281.937205076
1607063282.037203074
1607063282.137208700
1607063282.237200975
1607063282.337202311
1607063282.437199354
1607063282.537207127
1607063282.637200832
1607063282.737202406
1607063282.837201118
1607063282.937226772
1607063283.037230492
1607063283.137212038
1607063283.237203836
1607063283.337206602
1607063283.437204123
1607063283.537201643
1607063283.637183189
1607063283.737206936
1607063283.837200880
1607063283.937201738
1607063284.037203074
1607063284.137201309
1607063284.237196684
1607063284.337207317
1607063284.437205076
1607063284.537204504
1607063284.637201071
1607063284.737201691
1607063284.837208271
1607063284.937201500
1607063285.037204742
1607063285.137205362
1607063285.237208605
1607063285.337208986
1607063285.437200785
1607063285.537201643
1607063285.637227297
1607063285.737229347
1607063285.837208271
1607063285.937202692
1607063286.037188292
1607063286.137210846
1607063286.237202883
1607063286.337210417
1607063286.437201738
1607063286.537202835
1607063286.637185335
1607063286.737200499
1607063286.837200880
1607063286.937204123
1607063287.037200212
1607063287.137205601
1607063287.237204552
1607063287.337187052
1607063287.437208176
1607063287.537202597
1607063287.637204885
1607063287.737204313
1607063287.837107182
1607063287.937204838
1607063288.037201405
1607063288.137207270
1607063288.237105370
1607063288.337228775
1607063288.437231779
1607063288.537198544
1607063288.637203217
1607063288.737202883
1607063288.837202549
1607063288.937203884
1607063289.037109375
1607063289.137091637
1607063289.237208605
1607063289.337200642
1607063289.437204361
1607063289.537202120
1607063289.637207508
1607063289.737175941
1607063289.837202549
1607063289.937206507
1607063290.037201166
1607063290.137210369
1607063290.237206459
1607063290.337213516
1607063290.437201500
1607063290.537201881
1607063290.637203693
1607063290.737201452
1607063290.837105274
1607063290.937201500
1607063291.037231684
1607063291.137229204
1607063291.237106085
1607063291.337214947
1607063291.437201738
1607063291.537202358
1607063291.637202978
1607063291.737206697
1607063291.837214470
1607063291.937180996
1607063292.037203550
1607063292.137206554
1607063292.237189054
1607063292.337115049
1607063292.437067032
1607063292.537174463
1607063292.637204170
1607063292.737207413
1607063292.837208271
1607063292.937204838
1607063293.037208080
1607063293.137206793
1607063293.237194777
1607063293.337204933
1607063293.437202215
1607063293.537210226
1607063293.637216091
1607063293.737233162
1607063293.837203264
1607063293.937220812
1607063294.037202358
1607063294.137213230
1607063294.237207413
1607063294.337204695
1607063294.437208891
1607063294.537188053
1607063294.637206793
1607063294.737203836
1607063294.837205410
1607063294.937207222
1607063295.037211418
1607063295.137116671
1607063295.237209320
1607063295.337206841
1607063295.437203169
1607063295.537201166
1607063295.637202978
1607063295.737217903
1607063295.837204218
1607063295.937209368
1607063296.037204981
1607063296.137206793
1607063296.237206221
1607063296.337186575
1607063296.437231064
1607063296.537227392
1607063296.637217283
1607063296.737204313
1607063296.837206602
1607063296.937186956
1607063297.037104845
1607063297.137204647
1607063297.237200499
1607063297.337200880
1607063297.437201500
1607063297.537185431
1607063297.637200117
1607063297.737201452
1607063297.837203503
1607063297.937069178
1607063298.037221432
1607063298.137201309
1607063298.237198114
1607063298.337204695
1607063298.437201977
1607063298.537201166
1607063298.637205124
1607063298.737206936
1607063298.837206602
1607063298.937208891
1607063299.037203074
1607063299.137236357
1607063299.237229824
1607063299.337214470
1607063299.437204123
1607063299.537205219
1607063299.637204170
1607063299.737207413
1607063299.837206364
1607063299.937188148
1607063300.037204266
1607063300.137206554
1607063300.237204075
1607063300.337204218
1607063300.437203884
1607063300.537204266
1607063300.637204170
1607063300.737206459
1607063300.837208748
1607063300.937206507
1607063301.037204504
1607063301.137191772
1607063301.237212896
1607063301.337204456
1607063301.437208414
1607063301.537210464
1607063301.637205601
1607063301.737198353
1607063301.837235689
1607063301.937235355
1607063302.037214994
1607063302.137204409
1607063302.237208843
1607063302.337186575
1607063302.437203646
1607063302.537204981
1607063302.637205601
1607063302.737204075
1607063302.837205410
1607063302.937206030
1607063303.037203074
1607063303.137204170
1607063303.237209558
1607063303.337204456
1607063303.437203169
1607063303.537210226
1607063303.637204170
1607063303.737208128
1607063303.837203026
1607063303.937210321
1607063304.037205696
1607063304.137186766
1607063304.237203360
1607063304.337206841
