1607063099.332716942
1607063099.433007002
1607063099.533317089
1607063099.633628607
1607063099.733967781
1607063099.834229708
1607063099.934537411
1607063100.034836531
1607063100.135151863
1607063100.235329628
1607063100.335643053
1607063100.435822487
1607063100.536140919
1607063100.636456013
1607063100.736821651
1607063100.837169647
1607063100.937467098
1607063101.037689686
1607063101.137903929
1607063101.238192558
1607063101.338515997
1607063101.438828468
1607063101.539121628
1607063101.639489889
1607063101.739803076
1607063101.840115309
1607063101.940427542
1607063102.040608168
1607063102.140926361
1607063102.241239309
1607063102.341552019
1607063102.441866398
1607063102.542158604
1607063102.642518759
1607063102.742831469
1607063102.843140364
1607063102.943451881
1607063103.043763399
1607063103.144065380
1607063103.244378328
1607063103.344691038
1607063103.445030689
1607063103.545355082
1607063103.645667076
1607063103.746025324
1607063103.846205950
1607063103.946518421
1607063104.046830416
1607063104.147162914
1607063104.247358799
1607063104.347672462
1607063104.447993040
1607063104.548358679
1607063104.648669004
1607063104.748986006
1607063104.849276781
1607063104.949596405
1607063105.049910307
1607063105.150224209
1607063105.250536203
1607063105.350825071
1607063105.451195240
1607063105.551510096
1607063105.651823759
1607063105.752136946
1607063105.852447510
1607063105.952785254
1607063106.053095102
1607063106.153430939
1607063106.253745079
1607063106.354058504
1607063106.454235792
1607063106.554537058
1607063106.654905319
1607063106.755220890
1607063106.855536461
1607063106.955751896
1607063107.056062460
1607063107.156374931
1607063107.256688356
1607063107.357027292
1607063107.457396030
1607063107.557710648
1607063107.658025742
1607063107.758343220
1607063107.858558178
1607063107.958881855
1607063108.059174299
1607063108.159488678
1607063108.259667635
1607063108.360034466
1607063108.460353136
1607063108.560659885
1607063108.660974264
1607063108.761294365
1607063108.861608982
1607063108.961922646
1607063109.062142849
1607063109.162380934
1607063109.262691736
1607063109.363032818
1607063109.463342428
1607063109.563557863
1607063109.663861990
1607063109.764173985
1607063109.864486933
1607063109.964799643
1607063110.065011501
1607063110.165301085
1607063110.265614033
1607063110.365925074
1607063110.466223717
1607063110.566539049
1607063110.666834593
1607063110.767144918
1607063110.867452860
1607063110.967767477
1607063111.068098545
1607063111.168410063
1607063111.268697262
1607063111.368917942
1607063111.469227552
1607063111.569453478
1607063111.669763565
1607063111.769928932
1607063111.870219707
1607063111.970530510
1607063112.070839405
1607063112.171149254
1607063112.271459579
1607063112.371798515
1607063112.472109556
1607063112.572415352
1607063112.672627211
1607063112.772938251
1607063112.873250723
1607063112.973560333
1607063113.073870420
1607063113.174180746
1607063113.274492264
1607063113.374774218
1607063113.475111723
1607063113.575422049
1607063113.675732136
1607063113.776041985
1607063113.876327753
1607063113.976641893
1607063114.076953173
1607063114.177178860
1607063114.277519464
1607063114.377737284
1607063114.478066921
1607063114.578352928
1607063114.678644419
1607063114.778957605
1607063114.879270315
1607063114.979584217
1607063115.079920769
1607063115.180237293
1607063115.280555248
1607063115.380766630
1607063115.481073141
1607063115.581388235
1607063115.681700706
1607063115.781984329
1607063115.882209539
1607063115.982500076
1607063116.082837105
1607063116.183048010
1607063116.283358574
1607063116.383669376
1607063116.483977795
1607063116.584290981
1607063116.684601068
1607063116.784911394
1607063116.885247946
1607063116.985430717
1607063117.085740089
1607063117.186056852
1607063117.286344528
1607063117.386655807
1607063117.486968994
1607063117.587270021
1607063117.687590361
1607063117.787924528
1607063117.888237715
1607063117.988547325
1607063118.088693380
1607063118.189006329
1607063118.289346218
1607063118.389560699
1607063118.489711046
1607063118.589993715
1607063118.690273762
1607063118.790572405
1607063118.890890121
1607063118.991061926
1607063119.091362715
1607063119.191697121
1607063119.292006969
1607063119.392315626
1607063119.492619038
1607063119.592836857
1607063119.693126202
1607063119.793427706
1607063119.893711805
1607063119.993863344
1607063120.094084978
1607063120.194401026
1607063120.294696093
1607063120.394997358
1607063120.495308876
1607063120.595621347
1607063120.695931911
1607063120.796223879
1607063120.896536589
1607063120.996818542
1607063121.097130060
1607063121.197348356
1607063121.297660589
1607063121.397972345
1607063121.498281240
1607063121.598617792
1607063121.698931932
1607063121.799242020
1607063121.899559498
1607063121.999873161
1607063122.100212812
1607063122.200523615
1607063122.300833464
1607063122.401154995
1607063122.501457930
1607063122.601768732
1607063122.702105522
1607063122.802417278
1607063122.902726412
1607063123.003009796
1607063123.103320837
1607063123.203628302
1607063123.303939104
1607063123.404248238
1607063123.504555464
1607063123.604887486
1607063123.705204010
1607063123.805413961
1607063123.905722857
1607063124.006030560
1607063124.106317043
1607063124.206630468
1607063124.306842566
1607063124.407151222
1607063124.507457733
1607063124.607766628
1607063124.708091259
1607063124.808408976
1607063124.908722639
1607063125.009036303
1607063125.109349251
1607063125.209685802
1607063125.309997082
1607063125.410315514
1607063125.510627270
1607063125.610938311
1607063125.711219788
1607063125.811461210
1607063125.911768198
1607063126.012084723
1607063126.112395287
1607063126.212705374
1607063126.313014507
1607063126.413324833
1607063126.513657808
1607063126.613937855
1607063126.714252472
1607063126.814488649
1607063126.914787531
1607063127.015097141
1607063127.115407705
1607063127.215718508
1607063127.316058159
1607063127.416358471
1607063127.516672134
1607063127.616983891
1607063127.717298508
1607063127.817607403
1607063127.917903662
1607063128.018239737
1607063128.118553877
1607063128.218856335
1607063128.319172144
1607063128.419446945
1607063128.519757509
1607063128.620068550
1607063128.720379114
1607063128.820689678
1607063128.921032667
1607063129.021341801
1607063129.121650696
1607063129.221827745
1607063129.322137833
1607063129.422447443
1607063129.522737980
1607063129.623039007
1607063129.723353148
1607063129.823664188
1607063129.923974991
1607063130.024286032
1607063130.124498129
1607063130.224805832
1607063130.325116873
1607063130.425355911
1607063130.525567293
1607063130.625883818
1607063130.726196766
1607063130.826506615
1607063130.926818371
1607063131.027136564
1607063131.127449274
1607063131.227760553
1607063131.328070402
1607063131.428283930
1607063131.528588295
1607063131.628901958
1607063131.729219437
1607063131.829538584
1607063131.929813385
1607063132.030096531
1607063132.130411148
1607063132.230723381
1607063132.331032753
1607063132.431368589
1607063132.531678677
1607063132.631988287
1607063132.732300758
1607063132.832609653
1607063132.932919741
1607063133.032985687
1607063133.132857561
1607063133.232959032
1607063133.332959175
1607063133.432960510
1607063133.532958269
1607063133.632956982
1607063133.732959986
1607063133.832957268
1607063133.932958603
1607063134.032963276
1607063134.132962465
1607063134.232959032
1607063134.332959414
1607063134.432943821
1607063134.532961130
1607063134.632957697
1607063134.732960463
1607063134.832955360
1607063134.932958364
1607063135.032923222
1607063135.132954359
1607063135.232962132
1607063135.332957983
1607063135.432941914
1607063135.532960653
1607063135.632928610
1607063135.732959747
1607063135.832958460
1607063135.932959318
1607063136.032959461
1607063136.132957935
1607063136.232935905
1607063136.332958937
1607063136.432959318
1607063136.532957554
1607063136.632960558
1607063136.732955694
1607063136.832940102
1607063136.932961702
1607063137.032985449
1607063137.132972956
1607063137.232965469
1607063137.332960367
1607063137.432957411
1607063137.532957792
1607063137.632959843
1607063137.732965231
1607063137.832959175
1607063137.932955742
1607063138.032958746
1607063138.132958889
1607063138.232958317
1607063138.332960844
1607063138.432965040
1607063138.532954693
1607063138.632963419
1607063138.732957840
1607063138.832958698
1607063138.932958841
1607063139.032926321
1607063139.132960558
1607063139.232960224
1607063139.332962036
1607063139.432944298
1607063139.532958031
1607063139.632937193
1607063139.732983112
1607063139.832828045
1607063139.932965279
1607063140.032963514
1607063140.132961035
1607063140.232957363
1607063140.332960606
1607063140.432957172
1607063140.532959223
1607063140.632956743
1607063140.732967138
1607063140.832960129
1607063140.932960272
1607063141.032957792
1607063141.132957697
1607063141.232823372
1607063141.332927704
1607063141.432958364
1607063141.532960892
1607063141.632961035
1607063141.732954502
1607063141.832959175
1607063141.932956457
1607063142.032957792
1607063142.132956982
1607063142.232958555
1607063142.332956076
1607063142.432964325
1607063142.532981873
1607063142.632966757
1607063142.732956171
1607063142.832956076
1607063142.932956696
1607063143.032961845
1607063143.132954836
1607063143.232864857
1607063143.332863808
1607063143.432861805
1607063143.532791615
1607063143.632961512
1607063143.732961416
1607063143.832957745
1607063143.932860851
1607063144.032962084
1607063144.132957697
1607063144.232959509
1607063144.332942486
1607063144.432860374
1607063144.532958508
1607063144.632959127
1607063144.732958078
1607063144.832931519
1607063144.932958364
1607063145.032957792
1607063145.132960558
1607063145.232984781
1607063145.332972050
1607063145.432968140
1607063145.532957077
1607063145.632957458
1607063145.732957363
1607063145.832960606
1607063145.932959080
1607063146.032957315
1607063146.132956266
1607063146.232964516
1607063146.332957268
1607063146.432959318
1607063146.532957315
1607063146.632962704
1607063146.732965231
1607063146.832958460
1607063146.932960749
1607063147.032957315
1607063147.132958651
1607063147.232966900
1607063147.332957268
1607063147.432936430
1607063147.532959223
1607063147.632961512
1607063147.732957363
1607063147.832824230
1607063147.932981968
1607063148.032980204
1607063148.132969618
1607063148.232959509
1607063148.332961082
1607063148.432961702
1607063148.532941818
1607063148.632954836
1607063148.732961893
1607063148.832958937
1607063148.932957649
1607063149.032961369
1607063149.132957697
1607063149.232960463
1607063149.332960844
1607063149.432962418
1607063149.532957315
1607063149.632840872
1607063149.732958078
1607063149.832958460
1607063149.932859659
1607063150.032960653
1607063150.132965565
1607063150.232923746
1607063150.332955837
1607063150.432957649
1607063150.532957077
1607063150.632864475
1607063150.732988119
1607063150.832966328
1607063150.932959080
1607063151.032959461
1607063151.132962465
1607063151.232958078
1607063151.332958460
1607063151.432943583
1607063151.532963753
1607063151.632843494
1607063151.732958078
1607063151.832960367
1607063151.932957411
1607063152.032958269
1607063152.132955790
1607063152.232959509
1607063152.332959652
1607063152.432964325
1607063152.532961130
1607063152.632854939
1607063152.732956648
1607063152.832959175
1607063152.932962179
1607063153.032956362
1607063153.132961273
1607063153.232958555
1607063153.332949638
1607063153.432987452
1607063153.532974482
1607063153.632963181
1607063153.732958555
1607063153.832961082
1607063153.932860613
1607063154.032960176
1607063154.132956982
1607063154.232959509
1607063154.332958460
1607063154.432960033
1607063154.532964468
1607063154.632956743
1607063154.732963800
1607063154.832956314
1607063154.932957172
1607063155.032964468
1607063155.132937908
1607063155.232959509
1607063155.332955837
1607063155.432963133
1607063155.532957554
1607063155.632923126
1607063155.732959747
1607063155.832957029
1607063155.932954550
1607063156.032955647
1607063156.132823229
1607063156.232967615
1607063156.332964897
1607063156.432964325
1607063156.532962561
1607063156.632958889
1607063156.732933283
1607063156.832958221
1607063156.932961226
1607063157.032867193
1607063157.132958889
1607063157.232962370
1607063157.332938194
1607063157.432960749
1607063157.532957792
1607063157.632958651
1607063157.732960939
1607063157.832963228
1607063157.932942867
1607063158.032957792
1607063158.132961750
1607063158.232960701
1607063158.332959890
1607063158.432958603
1607063158.532925844
1607063158.632964373
1607063158.732961416
1607063158.832795858
1607063158.932983637
1607063159.032963514
1607063159.132957458
1607063159.232938290
1607063159.332963467
1607063159.432960510
1607063159.532962084
1607063159.632963181
1607063159.732863426
1607063159.832940340
1607063159.932957172
1607063160.032960176
1607063160.132959843
1607063160.232961893
1607063160.332959652
1607063160.432941198
1607063160.532961130
1607063160.632960796
1607063160.732862473
1607063160.832863092
1607063160.932868719
1607063161.032862663
1607063161.132863522
1607063161.232867241
1607063161.332862854
1607063161.432862997
1607063161.532865047
1607063161.632954121
1607063161.732868195
1607063161.832965374
1607063161.932795286
1607063162.032962084
1607063162.132867575
1607063162.232954979
1607063162.332939148
1607063162.432958126
1607063162.532925844
1607063162.632958174
1607063162.732818604
1607063162.832957268
1607063162.932961226
1607063163.032959700
1607063163.132956505
1607063163.232864857
1607063163.332954407
1607063163.432957411
1607063163.532961130
1607063163.632959366
1607063163.732824326
1607063163.832961321
1607063163.932955980
1607063164.032955647
1607063164.132959843
1607063164.232960224
1607063164.332990646
1607063164.432969332
1607063164.532956123
1607063164.632953405
1607063164.732963800
1607063164.832923651
1607063164.932949781
1607063165.032963276
1607063165.132955313
1607063165.232961655
1607063165.332960844
1607063165.432957172
1607063165.532957077
1607063165.632931948
1607063165.732850313
1607063165.832955837
1607063165.932955980
1607063166.032957077
1607063166.132964849
1607063166.232958078
1607063166.332957029
1607063166.432859898
1607063166.532954454
1607063166.632959843
1607063166.732962847
1607063166.832957029
1607063166.932956696
1607063167.032984495
1607063167.132968187
1607063167.232958317
1607063167.332960606
1607063167.432940722
1607063167.532845259
1607063167.632955074
1607063167.732954025
1607063167.832963705
1607063167.932956457
1607063168.032945633
1607063168.132944822
1607063168.232957602
1607063168.332958698
1607063168.432955503
1607063168.532962561
1607063168.632958412
1607063168.732861042
1607063168.832955837
1607063168.932954788
1607063169.032956362
1607063169.132959366
1607063169.232960939
1607063169.332951784
1607063169.432958841
1607063169.532958031
1607063169.632959843
1607063169.732988119
1607063169.832990408
1607063169.932958126
1607063170.032967091
1607063170.132956505
1607063170.232960463
1607063170.332960606
1607063170.432962418
1607063170.532963514
1607063170.632961750
1607063170.732965946
1607063170.832960367
1607063170.932965040
1607063171.032861710
1607063171.132956028
1607063171.232959509
1607063171.332958937
1607063171.432962656
1607063171.532957315
1607063171.632969141
1607063171.732957125
1607063171.832961559
1607063171.932964087
1607063172.032961845
1607063172.132962227
1607063172.232962608
1607063172.332927942
1607063172.432988644
1607063172.532984257
1607063172.632968187
1607063172.732963562
1607063172.832796812
1607063172.932941914
1607063173.032961845
1607063173.132960320
1607063173.232963324
1607063173.332960367
1607063173.432961464
1607063173.532958269
1607063173.632959366
1607063173.732865334
1607063173.832957268
1607063173.932965517
1607063174.032957315
1607063174.132958412
1607063174.232964993
1607063174.332960367
1607063174.432960987
1607063174.532960415
1607063174.632964373
1607063174.732958794
1607063174.832962275
1607063174.932962179
1607063175.032962322
1607063175.132972240
1607063175.232987642
1607063175.332958698
1607063175.432960987
1607063175.532959938
1607063175.632963896
1607063175.732966900
1607063175.832956791
1607063175.932923079
1607063176.032959700
1607063176.132971287
1607063176.232961178
1607063176.332960129
1607063176.432966232
1607063176.532960176
1607063176.632951498
1607063176.732955217
1607063176.832957745
1607063176.932962656
1607063177.032960653
1607063177.132960320
1607063177.232939720
1607063177.332961559
1607063177.432962656
1607063177.532960176
1607063177.632797003
1607063177.732959747
1607063177.832935810
1607063177.932981491
1607063178.032971859
1607063178.132966280
1607063178.232968330
1607063178.332961798
1607063178.432924509
1607063178.532957315
1607063178.632961273
1607063178.732961893
1607063178.832796812
1607063178.932965040
1607063179.032954216
1607063179.132952213
1607063179.232964993
1607063179.332864285
1607063179.432959318
1607063179.532959938
1607063179.632964373
1607063179.732794762
1607063179.832963467
1607063179.932963133
1607063180.032963276
1607063180.132959604
1607063180.232957602
1607063180.332958698
1607063180.432959318
1607063180.532960892
1607063180.632869482
1607063180.732973337
1607063180.832959652
1607063180.932946920
1607063181.032958508
1607063181.132970333
1607063181.232960463
1607063181.332962275
1607063181.432965279
1607063181.532956123
1607063181.632960558
1607063181.732834578
1607063181.832957983
1607063181.932959318
1607063182.032964468
1607063182.132962704
1607063182.232950687
1607063182.332830667
1607063182.432931185
1607063182.532865047
1607063182.632935762
1607063182.732956886
1607063182.832963228
1607063182.932961226
1607063183.032959223
1607063183.132960796
1607063183.232977629
1607063183.332966805
1607063183.432965517
1607063183.532963276
1607063183.632880211
1607063183.732955694
1607063183.832963467
1607063183.932944536
1607063184.032958984
1607063184.132961750
1607063184.232965231
1607063184.332990408
1607063184.432978392
1607063184.532796144
1607063184.632963181
1607063184.732877731
1607063184.832964659
1607063184.932960272
1607063185.032961130
1607063185.132963419
1607063185.232966661
1607063185.332962275
1607063185.432863235
1607063185.532957792
1607063185.632962942
1607063185.732964754
1607063185.832957506
1607063185.932956934
1607063186.032962322
1607063186.132960558
1607063186.232962370
1607063186.332957029
1607063186.432928562
1607063186.532959700
1607063186.632957697
1607063186.732955456
1607063186.832958698
1607063186.932965994
1607063187.032863140
1607063187.132963419
1607063187.232960701
1607063187.332960606
1607063187.432960272
1607063187.532958984
1607063187.632957935
1607063187.732954025
1607063187.832963228
1607063187.932959318
1607063188.032958746
1607063188.132962227
1607063188.232961178
1607063188.332976103
1607063188.432979584
1607063188.532963991
1607063188.632960796
1607063188.732959509
1607063188.832865477
1607063188.932965517
1607063189.032956362
1607063189.132964611
1607063189.232964754
1607063189.332956076
1607063189.432940006
1607063189.532958984
1607063189.632964849
1607063189.732957840
1607063189.832960129
1607063189.932962656
1607063190.032930851
1607063190.132958889
1607063190.232957125
1607063190.332961559
1607063190.432960272
1607063190.532929420
1607063190.632882118
1607063190.732956886
1607063190.832960844
1607063190.932961702
1607063191.032973766
1607063191.132981777
1607063191.232955456
1607063191.332961559
1607063191.432966471
1607063191.532959700
1607063191.632963181
1607063191.732960701
1607063191.832958698
1607063191.932957172
1607063192.032961845
1607063192.132963896
1607063192.232961893
1607063192.332965374
1607063192.432943821
1607063192.532964468
1607063192.632961750
1607063192.732960463
1607063192.832961082
1607063192.932960033
1607063193.032941341
1607063193.132960320
1607063193.232967138
1607063193.332961559
1607063193.432961702
1607063193.532960653
1607063193.632960558
1607063193.732863426
1607063193.832984447
1607063193.932969809
1607063194.032963991
1607063194.132959843
1607063194.232862473
1607063194.332958460
1607063194.432958841
1607063194.532960653
1607063194.632796526
1607063194.732960463
1607063194.832943678
1607063194.932962894
1607063195.032958746
1607063195.132961035
1607063195.232960463
1607063195.332962036
1607063195.432938576
1607063195.532863140
1607063195.632960081
1607063195.732967854
1607063195.832961798
1607063195.932869673
1607063196.032958269
1607063196.132959127
1607063196.232962608
1607063196.332961082
1607063196.432962418
1607063196.532986164
1607063196.632976294
1607063196.732957125
1607063196.832958698
1607063196.932957411
1607063197.032960653
1607063197.132963181
1607063197.232961416
1607063197.332923174
1607063197.432963133
1607063197.532961845
1607063197.632960320
1607063197.732795715
1607063197.832961559
1607063197.932924032
1607063198.032961369
1607063198.132958651
1607063198.232966900
1607063198.332960606
1607063198.432965755
1607063198.532938242
1607063198.632956743
1607063198.732958555
1607063198.832956791
1607063198.932961226
1607063199.032957077
1607063199.132928371
1607063199.232985973
1607063199.332974434
