0.000463486
0.000475407
0.000504732
0.000476599
0.000500441
0.000484467
0.000503063
0.000768900
0.000488997
0.000501871
0.000478029
0.000504971
0.000482559
0.000491142
0.000497103
0.000475645
0.000508308
0.000480890
0.000512123
0.000482082
0.000480413
0.000482321
0.000513315
0.000496626
0.000481129
0.000488043
0.000488758
0.000483274
0.000505447
0.000482798
0.000500679
0.000488997
0.000483990
0.000477552
0.000493526
0.000500679
0.000480175
0.000486612
0.000477552
0.000267267
0.000476837
0.000509501
0.000476360
0.000525951
0.000480890
0.000475168
0.000498533
0.000476122
0.000484228
0.000480413
0.000474691
0.000473022
0.000467777
0.000468969
0.000440836
0.000467777
0.000432014
0.000507832
0.000461817
0.000471354
0.000493526
0.000479221
0.000516176
0.000474215
0.000487089
0.000508785
0.000483990
0.000504494
0.000494480
0.000493288
0.000468493
0.000482798
0.000467777
0.000495672
0.000487089
0.000499725
0.000480652
0.000505447
0.000471354
0.000514030
0.000479698
0.000484228
0.000479937
0.000475168
0.000487328
0.000477076
0.000503302
0.000464439
0.000503540
0.000482798
0.000558376
0.000480890
0.000498056
0.000478268
0.000503302
0.000515938
0.000500917
0.000502348
0.000486374
0.000499249
0.000478268
0.000519753
0.000479937
0.000495672
0.000475407
0.000510216
0.000480890
0.000479221
0.000483036
0.000481129
0.000485420
0.000511646
0.000396967
0.000481367
0.000486135
0.000488997
0.000492334
0.000477552
0.000508070
0.000472069
0.000501156
0.000436068
0.000508547
0.000499725
0.000491858
0.000496387
0.000471592
0.000503540
0.000472784
0.000442743
0.000474691
0.000492811
0.000478983
0.000487328
0.000455856
0.000456810
0.000497341
0.000478268
0.000448942
0.000480890
0.000494003
0.000480413
0.000501156
0.000478268
0.000517607
0.000478506
0.000504017
0.000478745
0.000490427
0.000491142
0.000479221
0.000476122
0.000476122
0.000510454
0.000498056
0.000455379
0.000472069
0.000479698
0.000465870
0.000500917
0.000492096
0.000474215
0.000493050
0.000511646
0.000447750
0.000463724
0.000477076
0.000478745
0.000443459
0.000491381
0.000478745
0.000495195
0.000478506
0.000490427
0.000537157
0.000496864
0.000494003
0.000472307
0.000503778
0.000359297
0.000499725
0.000492096
0.000494957
0.000481129
0.000492811
0.000499487
0.000495195
0.000475168
0.000491142
0.000500917
0.000480652
0.000477314
0.000466585
0.000481844
0.000479221
0.000487566
0.000505924
0.000465870
0.000477791
0.000479698
0.000464439
0.000467062
0.000468731
0.000492334
0.000426292
0.000496626
0.000495911
0.000384808
0.000456333
0.000462055
0.000483990
0.000471592
0.000481367
0.000453949
0.000478029
0.000468493
0.000506163
0.000461817
0.000471115
0.000462055
0.000479221
0.000470638
0.000471115
0.000473261
0.000479698
0.000436068
0.000530958
0.000472307
0.000473022
0.000487566
0.000468254
0.000462294
0.000461340
0.000437737
0.000474215
0.000469446
0.000467300
0.000480175
0.000516415
0.000477552
