0.000596762
0.000560760
0.000560522
0.000578880
0.000554323
0.000716925
0.000576019
0.000555277
0.000607491
0.000643015
0.000541687
0.000540495
0.000555992
0.000672817
0.000557423
0.000545740
0.000567913
0.000548124
0.000580788
0.000560522
0.000566721
0.000546217
0.000540495
0.000706196
0.000542641
0.000563622
0.000567675
0.000581264
0.000556707
0.000545740
0.000550985
0.000545502
0.000567436
0.000544548
0.000695705
0.000578880
0.000568867
0.000573635
0.000566483
0.000541210
0.000551462
0.000697851
0.000542402
0.000557899
0.000560284
0.000564575
0.000566721
0.000545025
0.000542879
0.000929356
0.000562429
0.000684738
0.000546694
0.000543118
0.000565290
0.000563383
0.000549078
0.000567436
0.000542641
0.000559092
0.000549793
0.000566244
0.000548124
0.000708580
0.000559568
0.000466347
0.000566006
0.000540495
0.000570536
0.000544786
0.000699520
0.000544548
0.000563860
0.000592947
0.000544786
0.000548601
0.000570059
0.000545025
0.000672102
0.000561476
0.000549078
0.000570059
0.000540018
0.000550747
0.000547409
0.000541449
0.000564814
0.000519753
0.000566006
0.000376701
0.000533342
0.000539541
0.000533104
0.000530958
0.000522137
0.000528336
0.000530243
0.000516415
0.000478029
0.000512838
0.000702381
0.000510216
0.000505686
0.000529766
0.000508070
0.000513315
0.000507593
0.000538111
0.000514507
0.000564337
0.000509024
0.000541210
0.000504255
0.000508547
0.000952721
0.000510693
0.000530481
0.000507355
0.000475883
0.000508070
0.000545263
0.000503302
0.000530005
0.000724554
0.000497580
0.000483274
0.000504732
0.000482082
0.000513315
0.000521183
0.000511408
0.000509024
0.000740290
0.000511646
0.000518560
0.000512362
0.000522614
0.000542402
0.000536442
0.000504732
0.000533581
0.000741243
0.000525236
0.000511408
0.000527382
0.000531197
0.000562429
0.000545502
0.000533581
0.000512600
0.000891685
0.000537872
0.000503063
0.000534296
0.001077414
0.000526905
0.000522614
0.000536442
0.000469446
0.000543833
0.000522852
0.000516415
0.000542164
0.000515938
0.000528574
0.000518322
0.000528097
0.000513315
0.000532150
0.000509501
0.000535727
0.000532866
0.000511408
0.000532389
0.000531197
0.000527143
0.000513315
0.000538826
0.000506639
0.000530481
0.000510931
0.000538349
0.000504971
0.000536442
0.000514984
0.000522375
0.000536680
0.000512362
0.000494003
0.000516176
0.000532150
0.000507355
0.000552177
0.000508070
0.000539303
0.000516891
0.000541687
0.000507355
0.000441074
0.000513315
0.000515461
0.000510454
0.000525236
0.000515461
0.000565052
0.000580311
0.000589132
0.000545025
0.000570536
0.000404596
0.000567675
0.000545025
0.000586510
0.000550032
0.000556231
0.000547171
0.000569820
0.000546217
0.000567198
0.000539541
0.000552416
0.000595331
0.000592709
0.000558138
0.000555992
0.000567913
0.000549793
0.000570536
0.000549555
0.000559568
0.000543356
0.000594139
0.000553608
0.000541925
0.000546455
0.000547409
0.000551701
0.000548124
0.000544310
0.000569582
