0.084814310
0.000391960
0.000457525
0.000449181
0.000453472
0.000459671
0.000410557
0.000448704
0.000259161
0.000365973
0.000366926
0.000320435
0.000414848
0.000398636
0.000430584
0.000435114
0.000397921
0.000184059
0.000431299
0.000350237
0.000457048
0.000452995
0.000494719
0.000494957
0.000489712
0.000494242
0.000489712
0.000484705
0.000499964
0.000249624
0.000462055
0.000439882
0.000496626
0.000483274
0.000356436
0.000483513
0.000461340
0.000470638
0.000465393
0.000470161
0.000467300
0.000460148
0.000470400
0.000470877
0.000460863
0.000460386
0.000471115
0.000465631
0.000493526
0.000482321
0.000479937
0.000494480
0.000485897
0.000487328
0.000476837
0.000468493
0.000474453
0.000508308
0.000464439
0.000490427
0.000486851
0.000489235
0.000468731
0.000471592
0.000456333
0.000468731
0.000466585
0.000476599
0.000467777
0.000465870
0.000471115
0.000466585
0.000478745
0.000474453
0.000463963
0.000488281
0.000489235
0.000483274
0.000481844
0.000491858
0.000483513
0.000470877
0.000496387
0.000482082
0.000481844
0.000488043
0.000477314
0.000482798
0.000495195
0.000475407
0.000470161
0.000468016
0.000470638
0.000469208
0.000464916
0.000469685
0.000469923
0.000461817
0.000464439
0.000473738
0.000492811
0.000487566
0.000479698
0.000484228
0.000473976
0.000478029
0.000490189
0.000486612
0.000485897
0.000472784
0.000488997
0.000506878
0.000503063
0.000774384
0.000468969
0.000504255
0.000497580
0.000475407
0.000511408
0.000290871
0.000492811
0.000501633
0.001097202
0.000487804
0.000484467
0.000499249
0.000478029
0.000479221
0.000476599
0.000477314
0.000480413
0.001036406
0.000479937
0.000485659
0.000480652
0.000480652
0.000478745
0.000477076
0.000470877
0.000478029
0.000475883
0.000477552
0.000479698
0.000473261
0.000477314
0.000476599
0.000475883
0.000478506
0.000482798
0.000474691
0.000479937
0.000478268
0.000495911
0.000484228
0.000361919
0.000503302
0.000497341
0.000479460
0.000500202
0.000488520
0.000461340
0.000501156
0.000498056
0.000480652
0.000487566
0.000479698
0.000510216
0.000503778
0.000479460
0.000478983
0.000473738
0.000481844
0.000480413
0.000476599
0.000484228
0.000481367
0.000480175
0.000478506
0.000500441
0.000497341
0.000480413
0.000505447
0.000497580
0.000505686
0.000487566
0.000446796
0.000486851
0.000486135
0.000505924
0.000489712
0.000484467
0.000508308
0.000478506
0.000483751
0.000478268
0.000476360
0.000481129
0.000480413
0.000479698
0.000485659
0.000883818
0.000478745
0.000474215
0.000474691
0.000477076
0.000476360
0.000498056
0.000485420
0.000488997
0.000488997
0.000500917
0.000480890
0.000498772
0.000501394
0.000475407
0.000494003
0.000499249
0.000476837
0.000500917
0.000476599
0.000475407
0.000485659
0.000475645
0.000477076
0.000482082
0.000474215
0.000472307
0.000473738
0.000477552
0.000473976
0.000826836
0.000498295
0.000495434
0.000492573
0.000481367
0.000437498
0.000506639
0.000493050
0.000482798
0.000480652
