0.000484467
0.000480175
0.000494003
0.000594616
0.000506163
0.000478983
0.000495195
0.000483274
0.000481367
0.000487089
0.000483513
0.000505447
0.000510216
0.000516415
0.000479937
0.000480890
0.000489712
0.000476599
0.000476122
0.000487804
0.000483274
0.000480652
0.000465393
0.000520468
0.000481367
0.000487089
0.000507116
0.000515223
0.000509977
0.000463009
0.000485182
0.000509739
0.000486374
0.000509262
0.000503302
0.000477314
0.000477791
0.000507355
0.000492096
0.000502586
0.000485420
0.000513077
0.000479937
0.000504494
0.000458479
0.000508308
0.000479698
0.000497103
0.000491858
0.000522137
0.000494480
0.000481129
0.000477314
0.000509739
0.000503302
0.000495195
0.000487328
0.000491142
0.000515699
0.000423908
0.000482798
0.000486612
0.000403881
0.000481606
0.000482798
0.000449419
0.000513315
0.000504255
0.000508547
0.000496387
0.000487804
0.000605583
0.000460148
0.000480652
0.000460625
0.000482082
0.000482559
0.000515699
0.000487804
0.000493288
0.000484943
0.000473022
0.000461102
0.000469685
0.000470638
0.000489235
0.000472307
0.000485659
0.000484943
0.000484705
0.000480175
0.000498533
0.000468969
0.000487328
0.000509501
0.000480413
0.000508070
0.000476360
0.000486135
0.000502586
0.000441074
0.000425100
0.000474930
0.000461102
0.000452757
0.000491381
0.000494719
0.000481367
0.000502348
0.000470877
0.000504732
0.000473976
0.000496387
0.000475883
0.000507593
0.000484467
0.000496864
0.000484943
0.000506401
0.000480413
0.000494957
0.000480413
0.000497818
0.000483513
0.000524044
0.000477791
0.000499964
0.000485659
0.000506163
0.000481844
0.000508070
0.000479698
0.000512362
0.000484705
0.000526905
0.000503063
0.000484705
0.000484943
0.000503540
0.000479937
0.000486374
0.000492096
0.000502586
0.000476837
0.000518799
0.000478983
0.000504971
0.000478745
0.000500679
0.000475168
0.000497103
0.000493288
0.000478745
0.000499487
0.000481606
0.000549078
0.000478268
0.000457525
0.000480413
0.000493765
0.000476599
0.000500441
0.000474453
0.000501633
0.000477791
0.000522614
0.000480175
0.000504494
0.000480413
0.000493288
0.000477791
0.000498533
0.000481606
0.000477552
0.000511646
0.000496387
0.000479221
0.000480175
0.000481129
0.000483513
0.000488043
0.000498295
0.000482798
0.000492334
0.000480413
0.000470161
0.000486612
0.000489950
0.000473738
0.000478983
0.000481129
0.000491142
0.000485897
0.000446558
0.000489950
0.000487804
0.000498533
0.000478268
0.000505924
0.000477791
0.000497341
0.000477791
0.000429392
0.000501871
0.000475645
0.000504017
0.000512123
0.000467777
0.000467062
0.000495195
0.000502586
0.000481367
0.000497580
0.000479937
0.000496626
0.000433207
0.000475883
0.000519753
0.000470161
0.000511169
0.000494719
0.000514746
0.000488520
0.000508308
0.000483036
0.000482559
0.000492573
0.000537157
0.000485420
0.000473738
0.000498295
0.000478506
0.000511408
0.000472784
0.000492096
0.000477076
0.000483513
0.000485659
0.000491619
0.000463247
