0.015950680
0.012072802
0.011901855
0.013790131
0.011874437
0.013792515
0.007005215
0.014627457
0.013689280
0.011192560
0.012148142
0.013836622
0.009094715
0.010019541
0.011201143
0.012074947
0.015066624
0.012028217
0.012215137
0.012064934
0.012195349
0.011386395
0.007655382
0.013647795
0.010028124
0.012532711
0.011307001
0.012131691
0.014014721
0.012112617
0.014330626
0.012099028
0.011173725
0.011170626
0.014657259
0.007411242
0.012078762
0.012068272
0.012096167
0.011608362
0.013642073
0.012035370
0.013832808
0.012015581
0.012018442
0.012027979
0.011313438
0.011553049
0.012124300
0.007334232
0.012079239
0.014755249
0.012166262
0.011328936
0.010726690
0.012028933
0.011383533
0.012142420
0.012106657
0.012919426
0.011735678
0.007703543
0.011114120
0.012191534
0.011827707
0.012066841
0.011226654
0.012076855
0.007323980
0.011140585
0.013616562
0.012016773
0.011947632
0.011198044
0.011808395
0.007362843
0.013688087
0.012077093
0.011953831
0.013696671
0.012320518
0.011298180
0.011125088
0.011977911
0.011996508
0.016251802
0.012192249
0.014019251
0.013811350
0.019790649
0.015668631
0.013877869
0.013833046
0.008051634
0.010629416
0.013862848
0.013905764
0.013133287
0.012524366
0.013951540
0.007556677
0.012532949
0.008899927
0.012578726
0.012628078
0.012571096
0.019663334
0.012621641
0.012593269
0.012532234
0.012485504
0.012586832
0.012520552
0.012458324
0.020834208
0.011901855
0.010575533
0.010596752
0.010628939
0.010574341
0.010594368
0.010679007
0.008907080
0.012633801
0.012564182
0.012665510
0.012815714
0.008865118
0.012650490
0.012695789
0.012578487
0.012565613
0.012641907
0.008153677
0.010712624
0.011235476
0.010731459
0.010704756
0.008094788
0.010682821
0.010879040
0.010629892
0.010643244
0.010623693
0.008301258
0.010712385
0.010684967
0.010694027
0.010668993
0.008211136
0.010617733
0.010732412
0.010659456
0.016913652
0.008152008
0.010649443
0.010756254
0.010869026
0.010746956
0.008239031
0.010734558
0.010593414
0.016741514
0.010698080
0.008279324
0.010726929
0.010785580
0.010618210
0.010710001
0.010709047
0.008178234
0.010746717
0.010720015
0.010662794
0.010730505
0.008260489
0.010685921
0.010743141
0.010625601
0.010700464
0.008286953
0.010716200
0.010792494
0.010802269
0.010736227
0.008367777
0.010707855
0.010746241
0.010731220
0.010743141
0.010763407
0.008307457
0.011102438
0.010735512
0.010660887
0.010642052
0.008280516
0.010683537
0.010682821
0.010761499
0.010757923
0.010712862
0.008267403
0.010693550
0.010743856
0.010607719
0.010747194
0.008239269
0.010663033
0.010704517
0.010578156
0.010584831
0.010705709
0.008286715
0.010589361
0.010681152
0.010729074
0.010661840
0.010684252
0.008233309
0.010685921
0.010625362
0.010757446
0.010719061
0.008314133
0.010653496
0.010710239
0.010695934
0.010662556
0.010710955
0.008317471
0.011064768
0.010631561
0.010785103
0.010686398
0.008278131
0.010676146
0.010719776
0.010766983
0.010758162
