0.000640154
0.000516176
0.000537395
0.000711679
0.000524282
0.000514507
0.000527143
0.000514507
0.000572205
0.000536442
0.000527620
0.000515223
0.000521421
0.000517368
0.000518322
0.000513554
0.000666618
0.000515223
0.000571012
0.000520945
0.000540257
0.000516176
0.000542879
0.000520945
0.000537157
0.000515938
0.000543356
0.000523090
0.000547409
0.000531912
0.000543118
0.000509501
0.000538826
0.000658274
0.000539541
0.000534058
0.000546932
0.000531435
0.000523567
0.000539303
0.000511885
0.000533819
0.000515223
0.000525713
0.000519037
0.000518799
0.000516891
0.000539303
0.000518322
0.000660896
0.000517130
0.000535965
0.000527382
0.000528812
0.000517368
0.000479698
0.000518084
0.000516891
0.000513792
0.000533819
0.000515461
0.000536203
0.000516891
0.000529528
0.000541449
0.000514269
0.000546694
0.000689983
0.000530005
0.000539303
0.000527143
0.000529051
0.000519037
0.000519276
0.000539780
0.000545025
0.000556231
0.000514746
0.000535965
0.000518799
0.000538111
0.000522375
0.000533104
0.000516176
0.000529051
0.000638723
0.000537872
0.000515699
0.000534534
0.000515461
0.000537872
0.000518084
0.000540733
0.000522375
0.000566483
0.000544310
0.000538349
0.000516176
0.000527620
0.000518322
0.000515699
0.000514030
0.000514984
0.000534058
0.000509501
0.000529766
0.000513554
0.000532389
0.000515461
0.000536442
0.000514746
0.000532866
0.000514269
0.000534773
0.000531673
0.000526428
0.000512362
0.000531673
0.000515223
0.000536680
0.000514984
0.000533581
0.000514984
0.000535965
0.000538826
0.000522375
0.000511169
0.000534773
0.000517845
0.000532627
0.000514746
0.000525475
0.000511408
0.000530481
0.000510693
0.000524282
0.000519037
0.000522852
0.000535727
0.000512362
0.000515938
0.000535011
0.000514984
0.000539541
0.000515223
0.000536680
0.000514746
0.000533819
0.000513554
0.000538349
0.000512123
0.000533819
0.000504971
0.000523806
0.000493288
0.000517368
0.000490427
0.000513077
0.000488281
0.000522137
0.000483274
0.000520945
0.000487328
0.000539541
0.000491858
0.000512838
0.000492573
0.000507116
0.000482082
0.000491858
0.000485659
0.000513792
0.000480652
0.000531435
0.000494242
0.000720024
0.000535965
0.000521183
0.000514030
0.000518799
0.000513315
0.000512600
0.000511646
0.000536919
0.000516176
0.000520945
0.000512362
0.000517368
0.000511169
0.000493765
0.000511408
0.000518084
0.000524282
0.000554085
0.000513554
0.000519037
0.000518084
0.000512362
0.000509977
0.000510931
0.000526190
0.000512123
0.000509501
0.000532150
0.000511646
0.000537634
0.000515461
0.000518560
0.000512362
0.000513792
0.000515223
0.000520468
0.000565767
0.000511169
0.000527859
0.000511408
0.000504255
0.000532389
0.000507116
0.000535250
0.000507116
0.000533104
0.000535488
0.000526667
0.000830650
0.000531912
0.000512362
0.000528336
0.000528336
0.000528336
0.000536919
0.000457525
0.000535011
0.000504971
0.000510931
0.000508785
0.000540018
0.000557661
0.000511646
0.000542641
