0.012478828
0.005967617
0.005896568
0.006762981
0.006191969
0.006757975
0.006793976
0.006848574
0.005975723
0.006036758
0.005417824
0.005864620
0.005568027
0.006808043
0.005913258
0.005911827
0.005592108
0.006428719
0.006840706
0.006655693
0.005889893
0.005963564
0.006718397
0.005935669
0.005934715
0.005857706
0.005518436
0.006762028
0.005975723
0.006033182
0.006634712
0.006018400
0.005880356
0.005876064
0.006670952
0.005533218
0.005846739
0.006705761
0.005556583
0.005950212
0.002395153
0.005518198
0.005961657
0.005569220
0.006720781
0.005836010
0.006670237
0.006658316
0.005995512
0.006683588
0.005828619
0.005808353
0.006078720
0.005854368
0.005479336
0.005956650
0.005918264
0.016207933
0.005951166
0.005239248
0.006681681
0.006070852
0.005897522
0.005903482
0.005530596
0.005850554
0.014486074
0.005944729
0.006658554
0.015720367
0.005577087
0.006656170
0.005813599
0.006703138
0.005895615
0.005881786
0.005931854
0.005506754
0.006635666
0.005928993
0.005505323
0.005895853
0.005941629
0.005872250
0.006751060
0.006639004
0.016086817
0.006774664
0.006262302
0.005944014
0.005976200
0.005546808
0.005471468
0.005969524
0.006756544
0.005811930
0.005946636
0.005981684
0.005906105
0.005268097
0.006679296
0.005275011
0.005263805
0.005269051
0.005258799
0.005237103
0.005271196
0.005329132
0.005321026
0.005280256
0.005304098
0.005239964
0.005286217
0.005271673
0.005312681
0.005221605
0.005276680
0.005254269
0.005226612
0.005227089
0.005302906
0.005254269
0.005264759
0.005254269
0.005379677
0.005283833
0.005275011
0.005275011
0.005271196
0.005277634
0.005341053
0.005297661
0.005332708
0.007894039
0.005304813
0.005258322
0.005240917
0.005254984
0.005278587
0.005246878
0.005218983
0.005229473
0.005248785
0.005216837
0.005271912
0.005245447
0.005248785
0.005274296
0.005362511
0.005229950
0.005255699
0.005281687
0.005294561
0.005269766
0.005296946
0.005273819
0.005250216
0.005307436
0.005295992
0.005267382
0.005353689
0.005273104
0.005325556
0.005288124
0.005265713
0.005235434
0.005286217
0.005263567
0.005269766
0.005265951
0.005258083
0.005213022
0.005272865
0.005267859
0.005274057
0.005256653
0.005232096
0.005248785
0.005277872
0.005221128
0.005265713
0.005245924
0.005344391
0.005229712
0.005286455
0.007933140
0.005292892
0.005256176
0.005353451
0.005282879
0.007906199
0.005285263
0.005231619
0.005274534
0.005272388
0.005256414
0.005198002
0.005312443
0.005299330
0.005305529
0.005294561
0.005290508
0.005240917
0.005248785
0.005256653
0.005299091
0.005231380
0.005244017
0.005287886
0.005272150
0.005311489
0.007248640
0.005294085
0.005223751
0.005214453
0.005303621
0.005233288
0.005265951
0.005270243
0.005229235
0.005255222
0.005280018
0.005214930
0.005250931
0.005294085
0.005218029
0.005316019
0.005340815
0.005320072
0.005253315
0.005317926
0.005263805
0.005284071
0.005300283
0.005252838
0.005240202
0.005622625
0.005316973
0.005391121
0.005413771
