0.000480890
0.000467777
0.000485420
0.000478745
0.000504732
0.000468731
0.000486135
0.000468731
0.000465631
0.000607729
0.000468969
0.000487566
0.000468254
0.000507832
0.000437975
0.000493765
0.000466108
0.000488043
0.000467539
0.000489473
0.000469446
0.000492334
0.000469923
0.000504255
0.000466347
0.000491381
0.000471830
0.000487566
0.000471830
0.000488281
0.000463963
0.000475645
0.000475645
0.000513792
0.000476122
0.000494957
0.000472307
0.000480413
0.000467062
0.000481844
0.000469923
0.000607014
0.000476837
0.000482321
0.000485897
0.000465393
0.000469923
0.000493765
0.000470161
0.000500202
0.000471354
0.000488281
0.000496149
0.000513792
0.000469685
0.000469685
0.000473261
0.000491381
0.000470400
0.000484943
0.000468016
0.000495434
0.000491142
0.000493765
0.000473022
0.000499487
0.000470161
0.000490189
0.000468016
0.000454187
0.000442028
0.000443935
0.000591993
0.000458241
0.000441790
0.000463963
0.000440598
0.000463963
0.000438929
0.000466824
0.000442743
0.000447750
0.000480652
0.000441551
0.000456333
0.000460148
0.000424385
0.000458956
0.000443935
0.000467300
0.000435591
0.000469685
0.000441790
0.000443220
0.000458479
0.000465155
0.000462055
0.000445127
0.000441313
0.000470161
0.000483990
0.000486374
0.000480175
0.000473261
0.000488043
0.000466108
0.000493765
0.000466585
0.000489473
0.000467300
0.000466108
0.000483036
0.000457287
0.000482082
0.000470638
0.000520468
0.000465631
0.000495672
0.000470161
0.000480652
0.000490427
0.000499964
0.000498772
0.000466108
0.000471592
0.000486851
0.000473499
0.000486135
0.000465870
0.000491619
0.000448227
0.000466824
0.000504732
0.000469685
0.000475645
0.000469685
0.000469923
0.000482082
0.000469685
0.000471354
0.000469685
0.000437975
0.000494242
0.000470161
0.000489473
0.000466585
0.000493526
0.000465870
0.000467777
0.000467777
0.000528336
0.000494242
0.000527620
0.000494719
0.000532389
0.000491142
0.000502110
0.000503778
0.000499725
0.000500917
0.000494003
0.000863552
0.000497341
0.000525951
0.000504255
0.000520706
0.000513554
0.000519753
0.000503778
0.000498295
0.000509024
0.000493765
0.000515461
0.000494480
0.000521421
0.000498056
0.000514984
0.000491858
0.000516653
0.000492573
0.000515699
0.000496864
0.000522375
0.000486374
0.000520706
0.000494957
0.000515223
0.000491858
0.000502348
0.000372171
0.000517130
0.000494719
0.000497818
0.000504017
0.000522375
0.000478506
0.000498772
0.000504017
0.000517368
0.000448227
0.000494242
0.000522852
0.000534534
0.000541925
0.000498295
0.000509024
0.000493526
0.000515461
0.000502348
0.000507832
0.000491619
0.000518560
0.000512123
0.000530958
0.000486612
0.000522614
0.000485420
0.000488520
0.000495434
0.000526905
0.000496149
0.000522852
0.000497580
0.000546932
0.000495911
0.000524521
0.000503778
0.000507116
0.000501394
0.000519753
0.000502348
0.000523090
0.000496864
0.000516415
0.000439644
0.000506639
0.000524282
0.000499725
0.000492811
0.000525475
