0.013044357
0.001892567
0.002233028
0.001998663
0.001923561
0.002116203
0.001888037
0.001923561
0.001979828
0.001762629
0.002153873
0.001935005
0.002129793
0.001876831
0.001937151
0.001857042
0.002128363
0.002001762
0.001843929
0.001850128
0.001873970
0.002166271
0.001780033
0.002001762
0.002163887
0.001981974
0.001962662
0.002156019
0.002977371
0.002178669
0.001939774
0.001836777
0.002753258
0.001946688
0.001712322
0.002139568
0.001818180
0.001963854
0.001801014
0.001710653
0.001851082
0.002187729
0.001923561
0.001897812
0.001889229
0.002142191
0.001799822
0.001948118
0.001772404
0.001874924
0.001997471
0.001911879
0.002118826
0.001757622
0.002003670
0.002056360
0.001940250
0.001924038
0.001921892
0.001700878
0.001883507
0.001898289
0.002062559
0.001986742
0.001921177
0.001900434
0.002149582
0.002146482
0.001912594
0.002155542
0.001966953
0.001954317
0.001922369
0.002018452
0.002078772
0.001788616
0.001917362
0.001961708
0.001929522
0.001784325
0.001925230
0.002136707
0.002177954
0.002150059
0.001993656
0.001925468
0.001773119
0.001938581
0.001827955
0.001856565
0.002001047
0.001951456
0.002137423
0.002019167
0.001755953
0.001804590
0.001995087
0.002026320
0.002177954
0.001976728
0.002028704
0.001758099
0.001786947
0.001778841
0.001760006
0.001757383
0.001785755
0.001751661
0.001739502
0.001785040
0.001778364
0.001762629
0.001785040
0.001775980
0.001762629
0.002164841
0.001765966
0.001747370
0.001799345
0.001780987
0.001759529
0.001743078
0.001750469
0.001791239
0.001772165
0.001742601
0.001801014
0.001652241
0.001750946
0.001850605
0.001829147
0.001761198
0.001768589
0.001767397
0.001756907
0.001764297
0.001805544
0.001777172
0.001800537
0.001794338
0.001773596
0.001786232
0.001836061
0.001782179
0.001762867
0.001786232
0.001773119
0.001779079
0.001814365
0.001723528
0.001794100
0.001753092
0.001769543
0.001798391
0.001628399
0.001799583
0.001801729
0.001822472
0.001781702
0.001780510
0.001766920
0.001764536
0.001821041
0.001707077
0.001773119
0.001777887
0.001765490
0.001785755
0.001812696
0.001765490
0.001767397
0.001774311
0.001699924
0.001772404
0.001773119
0.001766920
0.001761913
0.001784801
0.001838446
0.001783133
0.001766682
0.001779079
0.001822710
0.001764297
0.001840830
0.001803160
0.001804829
0.001769304
0.001782894
0.001793861
0.001692295
0.001767397
0.001846790
0.001777887
0.001781464
0.001775742
0.001769781
0.001763105
0.001767874
0.001705408
0.001765966
0.001772881
0.001769781
0.001820087
0.001766443
0.001742840
0.001771450
0.001796007
0.001829863
0.001743793
0.001780033
0.001790047
0.001759291
0.001780987
0.001764536
0.001760721
0.001830578
0.001801252
0.001791954
0.001775265
0.001789570
0.001775742
0.001794577
0.000894070
0.001768589
0.001779079
0.001776457
0.001779556
0.001796484
0.001752853
0.001758814
0.001788616
0.001777172
0.001798868
0.001809835
0.001725197
0.001825571
0.001739025
0.001770258
0.001792192
