0.001248598
0.001338243
0.002570391
0.001154900
0.001161814
0.001325846
0.001135111
0.001376629
0.001401901
0.001352072
0.000695467
0.002433300
0.001242399
0.001335621
0.001349688
0.001333237
0.012339592
0.001401424
0.001231432
0.001218081
0.001204491
0.001383543
0.001335144
0.001143456
0.001331568
0.001198292
0.001143217
0.001322985
0.001399517
0.001218319
0.001388073
0.001142979
0.001217127
0.001343489
0.001396894
0.001163721
0.001379251
0.001303911
0.001078129
0.001230001
0.001187563
0.001324177
0.001304865
0.001202822
0.001328468
0.001436472
0.001398563
0.001158476
0.001192570
0.001378298
0.001265764
0.001199245
0.001312971
0.001312733
0.001195431
0.001282930
0.001132965
0.001265287
0.001316071
0.001195192
0.001224995
0.001330376
0.001268387
0.001335382
0.001201153
0.001135111
0.001385689
0.001158953
0.001312256
0.001323223
0.001325369
0.001371861
0.001144409
0.001063347
0.001106501
0.001331329
0.001092434
0.001166344
0.001411676
0.001183033
0.001340151
0.001186371
0.001386404
0.001220226
0.001162052
0.001360416
0.001083612
0.001283407
0.001379967
0.001384020
0.001168728
0.001138449
0.001331806
0.001144648
0.001305819
0.001396656
0.001333714
0.001199245
0.001125097
0.001323700
0.001167536
0.001707077
0.001123905
0.001096010
0.001178265
0.001183033
0.001190186
0.001187801
0.001202583
0.001176357
0.001169682
0.001106024
0.001126528
0.001066685
0.000964403
0.001182318
0.001175165
0.001175404
0.000970364
0.001239538
0.001262665
0.001102209
0.001123905
0.001127481
0.001164913
0.001160860
0.001137257
0.001149893
0.001117945
0.001160860
0.001179457
0.001058817
0.001096249
0.001192331
0.001172066
0.001110077
0.001132488
0.001176357
0.001174927
0.001210690
0.001181602
0.001203537
0.001115084
0.001103401
0.001168251
0.001124144
0.001145601
0.001135349
0.001149178
0.001095772
0.001180410
0.001211166
0.001147747
0.001133680
0.001139164
0.001144171
0.001150131
0.001146793
0.001183271
0.001160622
0.001135111
0.001142025
0.001116514
0.001114607
0.001112461
0.001120567
0.001130581
0.001572132
0.001149416
0.001127481
0.001146078
0.001152277
0.001145601
0.001149654
0.001155138
0.001038074
0.001521111
0.001146317
0.001166105
0.001140356
0.001188993
0.001148224
0.001151085
0.001132727
0.001170397
0.001157045
0.001143694
0.001103163
0.000961542
0.001172304
0.001621008
0.001163721
0.001154423
0.001134157
0.001108646
0.001123667
0.001142740
0.001144648
0.001151562
0.001140833
0.001145363
0.001121521
0.001139402
0.001141310
0.001138210
0.001151562
0.001149416
0.001117229
0.001147270
0.001208544
0.001157284
0.001151323
0.001145124
0.001118660
0.001137018
0.001101255
0.001146793
0.001116514
0.001122952
0.001216173
0.001137018
0.001127481
0.001169205
0.001132965
0.001177311
0.001142263
0.001142740
0.001132488
0.001150608
0.001186609
0.001144409
0.001133680
0.001168489
0.001203537
0.001128197
0.001142025
0.001145601
0.001133204
0.001167774
0.001226187
