1606995804.401558161
1606995804.503034592
1606995804.603758097
1606995804.704807758
1606995804.805893660
1606995804.906751394
1606995805.007616520
1606995805.108682871
1606995805.209540844
1606995805.310272217
1606995805.411279202
1606995805.512181282
1606995805.613004684
1606995805.714099884
1606995805.814898252
1606995805.916002035
1606995806.016846657
1606995806.117947578
1606995806.218967676
1606995806.320024252
1606995806.421076298
1606995806.522008181
1606995806.622773886
1606995806.723882675
1606995806.824718952
1606995806.925573349
1606995807.026633263
1606995807.127597570
1606995807.228417397
1606995807.329272270
1606995807.430081844
1606995807.531058550
1606995807.632033825
1606995807.732916117
1606995807.833922625
1606995807.934848547
1606995808.035515785
1606995808.136234760
1606995808.237288713
1606995808.338404894
1606995808.439138651
1606995808.539990425
1606995808.641057730
1606995808.741901398
1606995808.842737436
1606995808.943796873
1606995809.044859409
1606995809.145957947
1606995809.246913195
1606995809.347843885
1606995809.448590040
1606995809.549606800
1606995809.650433540
1606995809.751475334
1606995809.852321386
1606995809.953254461
1606995810.053930998
1606995810.154794216
1606995810.255854607
1606995810.356953144
1606995810.457926273
1606995810.559001446
1606995810.660058737
1606995810.760949612
1606995810.862008810
1606995810.962834597
1606995811.063627481
1606995811.164747477
1606995811.265788078
1606995811.366644621
1606995811.467471123
1606995811.568591833
1606995811.669298172
1606995811.770088434
1606995811.870767832
1606995811.971826077
1606995812.072888374
1606995812.173977852
1606995812.274670124
1606995812.375502586
1606995812.476570845
1606995812.577428102
1606995812.678386450
1606995812.779473543
1606995812.880535603
1606995812.981409550
1606995813.082275867
1606995813.183114767
1606995813.283953667
1606995813.385061502
1606995813.485888481
1606995813.586786747
1606995813.687468052
1606995813.788586617
1606995813.889612913
1606995813.990323544
1606995814.091201305
1606995814.192069530
1606995814.292804718
1606995814.393761635
1606995814.494481802
1606995814.595272541
1606995814.696020842
1606995814.796791792
1606995814.897495985
1606995814.998172998
1606995815.098810673
1606995815.199571848
1606995815.300296783
1606995815.401051998
1606995815.501536846
1606995815.601548910
1606995815.701535940
1606995815.801549911
1606995815.901429415
1606995816.001546621
1606995816.101539612
1606995816.201548100
1606995816.301535606
1606995816.401547909
1606995816.501576185
1606995816.601569176
1606995816.701565981
1606995816.801568270
1606995816.901569128
1606995817.001574993
1606995817.101548672
1606995817.201428652
1606995817.301559925
1606995817.401574135
1606995817.501547813
1606995817.601546288
1606995817.701404572
1606995817.801545858
1606995817.901536703
1606995818.001545668
1606995818.101395130
1606995818.201543570
1606995818.301531792
1606995818.401547194
1606995818.501539707
1606995818.601543427
1606995818.701534510
1606995818.801540136
1606995818.901511192
1606995819.001398325
1606995819.101538420
1606995819.201518059
1606995819.301537275
1606995819.401369572
1606995819.501553535
1606995819.601609945
1606995819.701569080
1606995819.801575184
1606995819.901448727
1606995820.001603842
1606995820.101561308
1606995820.201572418
1606995820.301559448
1606995820.401558399
1606995820.501535654
1606995820.601526499
1606995820.701544762
1606995820.801544666
1606995820.901525974
1606995821.001552343
1606995821.101537228
1606995821.201549530
1606995821.301531553
1606995821.401549339
1606995821.501538992
1606995821.601542950
1606995821.701538086
1606995821.801548481
1606995821.901486397
1606995822.001399517
1606995822.101460695
1606995822.201510429
1606995822.301502466
1606995822.401576757
1606995822.501558781
1606995822.601575851
1606995822.701565027
1606995822.801569223
1606995822.901418209
1606995823.001574278
1606995823.101568222
1606995823.201570988
1606995823.301484108
1606995823.401536942
1606995823.501517057
1606995823.601489544
1606995823.701613665
1606995823.801369190
1606995823.901510954
1606995824.001545668
1606995824.101532698
1606995824.201368570
1606995824.301530838
1606995824.401547194
1606995824.501533031
1606995824.601541996
1606995824.701512098
1606995824.801542521
1606995824.901419878
1606995825.001549959
1606995825.101428032
1606995825.201545715
1606995825.301533699
1606995825.401571751
1606995825.501561642
1606995825.601548672
1606995825.701537132
1606995825.801569223
1606995825.901573181
1606995826.001566172
1606995826.101560831
1606995826.201565027
1606995826.301565886
1606995826.401360750
1606995826.501529694
1606995826.601540565
1606995826.701536894
1606995826.801543951
1606995826.901450634
1606995827.001539230
1606995827.101525784
1606995827.201534510
1606995827.301523924
1606995827.401466608
1606995827.501450777
1606995827.601461649
1606995827.701439381
1606995827.801415205
1606995827.901532888
1606995828.001455545
1606995828.101566792
1606995828.201614618
1606995828.301566124
1606995828.401575089
1606995828.501561403
1606995828.601554155
1606995828.701567888
1606995828.801572084
1606995828.901571989
1606995829.001575470
1606995829.101583004
1606995829.201562166
1606995829.301541328
1606995829.401546240
1606995829.501540422
1606995829.601549149
1606995829.701506138
1606995829.801540852
1606995829.901534319
1606995830.001554489
1606995830.101537704
1606995830.201548576
1606995830.301541328
1606995830.401547909
1606995830.501538038
1606995830.601548910
1606995830.701538086
1606995830.801548958
1606995830.901657581
1606995831.001531124
1606995831.101537466
1606995831.201544523
1606995831.301568985
1606995831.401574612
1606995831.501394510
1606995831.601584435
1606995831.701567650
1606995831.801578760
1606995831.901472330
1606995832.001478434
1606995832.101551771
1606995832.201545238
1606995832.301538467
1606995832.401544809
1606995832.501534700
1606995832.601564169
1606995832.701535702
1606995832.801400900
1606995832.901537418
1606995833.001470566
1606995833.101521492
1606995833.201524258
1606995833.301450014
1606995833.401548862
1606995833.501536846
1606995833.601548195
1606995833.701532364
1606995833.801529884
1606995833.901671410
1606995834.001601934
1606995834.101531506
1606995834.201571226
1606995834.301412582
1606995834.401575565
1606995834.501568556
1606995834.601423979
1606995834.701559782
1606995834.801579714
1606995834.901552439
1606995835.001399517
1606995835.101550817
1606995835.201548338
1606995835.301542521
1606995835.401548147
1606995835.501394033
1606995835.601542473
1606995835.701533556
1606995835.801542282
1606995835.901537180
1606995836.001462221
1606995836.101523638
1606995836.201541424
1606995836.301530361
1606995836.401442766
1606995836.501443386
1606995836.601539850
1606995836.701515913
1606995836.801540136
1606995836.901591301
1606995837.001543522
1606995837.101533413
1606995837.201397657
1606995837.301443338
1606995837.401566505
1606995837.501569986
1606995837.601572752
1606995837.701563358
1606995837.801572800
1606995837.901472330
1606995838.001557350
1606995838.101539850
1606995838.201543808
1606995838.301536322
1606995838.401542425
1606995838.501515627
1606995838.601541042
1606995838.701532841
1606995838.801543236
1606995838.901398897
1606995839.001545191
1606995839.101521730
1606995839.201535463
1606995839.301387310
1606995839.401545525
1606995839.501533747
1606995839.601546764
1606995839.701446295
1606995839.801540852
1606995839.901547670
1606995840.001381874
1606995840.101561785
1606995840.201576233
1606995840.301457882
1606995840.401568890
1606995840.501562595
1606995840.601574898
1606995840.701453447
1606995840.801572561
1606995840.901558399
1606995841.001557350
1606995841.101545572
1606995841.201546192
1606995841.301536560
1606995841.401544333
1606995841.501519918
1606995841.601519823
1606995841.701539993
1606995841.801544666
1606995841.901538849
1606995842.001458406
1606995842.101508379
1606995842.201437950
1606995842.301522017
1606995842.401547909
1606995842.501541615
1606995842.601553679
1606995842.701526403
1606995842.801399469
1606995842.901538610
1606995843.001567841
1606995843.101568699
1606995843.201572418
1606995843.301562786
1606995843.401483297
1606995843.501569510
1606995843.601576090
1606995843.701492786
1606995843.801569223
1606995843.901552916
1606995844.001489401
1606995844.101536274
1606995844.201550007
1606995844.301448584
1606995844.401544571
1606995844.501543999
1606995844.601551056
1606995844.701541901
1606995844.801550150
1606995844.901519060
1606995845.001546621
1606995845.101524830
1606995845.201549768
1606995845.301453114
1606995845.401551723
1606995845.501458645
1606995845.601550102
1606995845.701535940
1606995845.801552534
1606995845.901539326
1606995846.001555920
1606995846.101542950
1606995846.201557398
1606995846.301548719
1606995846.401529312
1606995846.501544952
1606995846.601554871
1606995846.701547146
1606995846.801461458
1606995846.901537895
1606995847.001581430
1606995847.101568937
1606995847.201441765
1606995847.301470280
1606995847.401555777
1606995847.501568794
1606995847.601573229
1606995847.701440811
1606995847.801564217
1606995847.901549816
1606995848.001549006
1606995848.101537943
1606995848.201478481
1606995848.301516056
1606995848.401545048
1606995848.501540899
1606995848.601466894
1606995848.701537371
1606995848.801550150
1606995848.901523352
1606995849.001546621
1606995849.101538897
1606995849.201548338
1606995849.301539898
1606995849.401551247
1606995849.501501799
1606995849.601543665
1606995849.701541662
1606995849.801544905
1606995849.901531696
1606995850.001554012
1606995850.101532459
1606995850.201550245
1606995850.301538706
1606995850.401539564
1606995850.501535654
1606995850.601553679
1606995850.701537609
1606995850.801368713
1606995850.901543140
1606995851.001551628
1606995851.101538181
1606995851.201486349
1606995851.301390886
1606995851.401573896
1606995851.501564264
1606995851.601571798
1606995851.701395035
1606995851.801545620
1606995851.901566029
1606995852.001574993
1606995852.101418972
1606995852.201567411
1606995852.301547289
1606995852.401532888
1606995852.501536608
1606995852.601403952
1606995852.701535463
1606995852.801546335
1606995852.901431322
1606995853.001489401
1606995853.101541042
1606995853.201546431
1606995853.301539421
1606995853.401553869
1606995853.501464844
1606995853.601549387
1606995853.701542139
1606995853.801547766
1606995853.901536703
1606995854.001549244
1606995854.101537704
1606995854.201544762
1606995854.301448822
1606995854.401471138
1606995854.501564264
1606995854.601573944
1606995854.701569319
1606995854.801396132
1606995854.901565552
1606995855.001573563
1606995855.101564884
1606995855.201547384
1606995855.301538944
1606995855.401546478
1606995855.501539469
1606995855.601544142
1606995855.701394558
1606995855.801535845
1606995855.901533604
1606995856.001545191
1606995856.101393938
1606995856.201544285
1606995856.301537037
1606995856.401539087
1606995856.501538515
1606995856.601400137
1606995856.701537848
1606995856.801547527
1606995856.901534796
1606995857.001401663
1606995857.101540565
1606995857.201574087
1606995857.301450014
1606995857.401576281
1606995857.501539230
1606995857.601577520
1606995857.701564312
1606995857.801574945
1606995857.901422739
1606995858.001574039
1606995858.101522684
1606995858.201551437
1606995858.301516771
1606995858.401550531
1606995858.501459837
1606995858.601543188
1606995858.701466084
1606995858.801551342
1606995858.901537895
1606995859.001539230
1606995859.101536751
1606995859.201369286
1606995859.301510572
1606995859.401535034
1606995859.501510143
1606995859.601464748
1606995859.701585293
1606995859.801545620
1606995859.901536465
1606995860.001546860
1606995860.101416349
1606995860.201574326
1606995860.301451683
1606995860.401492357
1606995860.501569271
1606995860.601576090
1606995860.701564312
1606995860.801573515
1606995860.901562452
1606995861.001427650
1606995861.101541042
1606995861.201548100
1606995861.301542759
1606995861.401394844
1606995861.501536608
1606995861.601547003
1606995861.701533794
1606995861.801548958
1606995861.901397467
1606995862.001546860
1606995862.101440430
1606995862.201544523
1606995862.301534414
1606995862.401450634
1606995862.501541853
1606995862.601547480
1606995862.701555490
1606995862.801539898
1606995862.901535988
1606995863.001547813
1606995863.101561785
1606995863.201370239
1606995863.301448584
1606995863.401571751
1606995863.501563072
1606995863.601577282
1606995863.701561451
1606995863.801573277
1606995863.901533365
1606995864.001552343
1606995864.101392984
1606995864.201483488
1606995864.301532507
1606995864.401544094
1606995864.501548290
1606995864.601541281
1606995864.701538086
1606995864.801550150
1606995864.901534081
1606995865.001510859
1606995865.101559401
1606995865.201555729
1606995865.301545858
1606995865.401371002
1606995865.501535416
1606995865.601547480
1606995865.701537132
1606995865.801539898
1606995865.901393652
1606995866.001569271
1606995866.101564884
1606995866.201575279
1606995866.301391602
1606995866.401573181
1606995866.501565456
1606995866.601574183
1606995866.701566458
1606995866.801568270
1606995866.901559830
1606995867.001544714
1606995867.101537943
1606995867.201395512
1606995867.301537991
1606995867.401548862
1606995867.501538992
1606995867.601534843
1606995867.701542377
1606995867.801548243
1606995867.901536226
1606995868.001550436
1606995868.101446152
1606995868.201536894
1606995868.301544428
1606995868.401547670
1606995868.501395464
1606995868.601545334
1606995868.701505661
1606995868.801549673
1606995868.901532412
1606995869.001578093
1606995869.101564646
1606995869.201588869
1606995869.301376581
1606995869.401426077
1606995869.501561403
1606995869.601580381
1606995869.701561451
1606995869.801449776
1606995869.901547909
1606995870.001547813
1606995870.101534367
1606995870.201546669
1606995870.301395893
1606995870.401545286
1606995870.501538754
1606995870.601545811
1606995870.701536179
1606995870.801552773
1606995870.901535034
1606995871.001543760
1606995871.101533890
1606995871.201544762
1606995871.301539660
1606995871.401547909
1606995871.501536131
1606995871.601440907
1606995871.701536417
1606995871.801547527
1606995871.901565552
1606995872.001578093
1606995872.101455927
1606995872.201563120
1606995872.301465988
1606995872.401574850
1606995872.501487255
1606995872.601502657
1606995872.701559305
1606995872.801557541
1606995872.901543379
1606995873.001543760
1606995873.101539135
1606995873.201546431
1606995873.301535606
1606995873.401522160
1606995873.501535654
1606995873.601549149
1606995873.701540709
1606995873.801544666
1606995873.901536465
1606995874.001396894
1606995874.101535320
1606995874.201544523
1606995874.301540852
1606995874.401455641
1606995874.501538992
1606995874.601396084
1606995874.701540232
1606995874.801563978
1606995874.901570559
1606995875.001573324
1606995875.101562500
1606995875.201489449
1606995875.301548958
1606995875.401574135
1606995875.501422167
1606995875.601570606
1606995875.701565504
1606995875.801553965
1606995875.901535988
1606995876.001547813
1606995876.101538897
1606995876.201549053
1606995876.301536322
1606995876.401459932
1606995876.501536608
1606995876.601547480
1606995876.701535225
1606995876.801546335
1606995876.901532412
1606995877.001545906
1606995877.101405382
1606995877.201543331
1606995877.301532507
1606995877.401542902
1606995877.501562357
1606995877.601546288
1606995877.701437473
1606995877.801567316
1606995877.901567698
1606995878.001568317
1606995878.101542473
1606995878.201543093
1606995878.301503420
1606995878.401656151
1606995878.501566410
1606995878.601399183
1606995878.701546431
1606995878.801544905
1606995878.901532412
1606995879.001540661
1606995879.101395607
1606995879.201458454
1606995879.301532030
1606995879.401543856
1606995879.501392603
1606995879.601541519
1606995879.701535940
1606995879.801533222
1606995879.901535034
1606995880.001545668
1606995880.101529837
1606995880.201542139
1606995880.301414013
1606995880.401518106
1606995880.501533270
1606995880.601455212
1606995880.701557398
1606995880.801571369
1606995880.901589155
1606995881.001571894
1606995881.101562023
1606995881.201485157
1606995881.301545620
1606995881.401409388
1606995881.501562357
1606995881.601552248
1606995881.701488256
1606995881.801488876
1606995881.901533127
1606995882.001544714
1606995882.101398230
1606995882.201451778
1606995882.301449776
1606995882.401457787
1606995882.501446724
1606995882.601459980
1606995882.701447964
1606995882.801458359
1606995882.901450872
1606995883.001526833
1606995883.101454496
1606995883.201464415
1606995883.301454782
1606995883.401387930
1606995883.501571894
1606995883.601613283
1606995883.701600790
1606995883.801584959
1606995883.901576757
1606995884.001577139
1606995884.101567984
1606995884.201573133
1606995884.301548481
1606995884.401428461
1606995884.501559019
1606995884.601552248
1606995884.701543570
1606995884.801419973
1606995884.901463032
1606995885.001554966
1606995885.101560116
1606995885.201546192
1606995885.301395178
1606995885.401549816
1606995885.501537085
1606995885.601552010
1606995885.701395273
1606995885.801543713
1606995885.901543617
1606995886.001546383
1606995886.101543665
1606995886.201472759
1606995886.301532507
1606995886.401542664
1606995886.501535892
1606995886.601371050
1606995886.701564789
1606995886.801443100
1606995886.901549101
1606995887.001580715
1606995887.101567984
1606995887.201575041
1606995887.301536083
1606995887.401579142
1606995887.501423597
1606995887.601554155
1606995887.701538086
1606995887.801541090
1606995887.901535273
1606995888.001550436
1606995888.101523638
1606995888.201550961
1606995888.301540613
1606995888.401540756
1606995888.501537085
1606995888.601548672
1606995888.701512098
1606995888.801547289
1606995888.901542187
1606995889.001547337
1606995889.101540565
1606995889.201553822
1606995889.301445246
1606995889.401546717
1606995889.501549006
1606995889.601571083
1606995889.701566935
1606995889.801580191
1606995889.901564121
1606995890.001575708
1606995890.101570368
1606995890.201572895
1606995890.301531315
1606995890.401525021
1606995890.501542568
1606995890.601549149
1606995890.701540947
1606995890.801542997
1606995890.901534319
1606995891.001580954
1606995891.101537943
1606995891.201545238
1606995891.301460028
1606995891.401539564
1606995891.501537800
1606995891.601492643
1606995891.701440096
1606995891.801545143
1606995891.901539803
1606995892.001553774
1606995892.101539612
1606995892.201402903
1606995892.301532745
1606995892.401539564
1606995892.501559258
1606995892.601400852
1606995892.701570272
1606995892.801572323
1606995892.901569605
1606995893.001577616
1606995893.101565361
1606995893.201573610
1606995893.301501036
1606995893.401555061
1606995893.501540661
1606995893.601547241
1606995893.701536179
1606995893.801549911
1606995893.901508570
1606995894.001547337
1606995894.101543188
1606995894.201547861
1606995894.301392078
1606995894.401400089
1606995894.501462936
1606995894.601548433
1606995894.701537132
1606995894.801369905
1606995894.901539564
1606995895.001547575
1606995895.101539612
1606995895.201547384
1606995895.301395416
1606995895.401572943
1606995895.501561165
1606995895.601574183
1606995895.701395512
1606995895.801564455
1606995895.901565075
1606995896.001572132
1606995896.101564646
1606995896.201427221
1606995896.301413059
1606995896.401427269
1606995896.501540422
1606995896.601360321
1606995896.701559544
1606995896.801522255
1606995896.901536703
1606995897.001510620
1606995897.101536751
1606995897.201431036
1606995897.301503658
1606995897.401562929
1606995897.501462221
1606995897.601529598
1606995897.701535702
1606995897.801546812
1606995897.901532888
1606995898.001547813
1606995898.101540565
1606995898.201545238
1606995898.301448822
1606995898.401573658
1606995898.501544714
1606995898.601580620
1606995898.701574087
1606995898.801572561
1606995898.901563644
1606995899.001578331
1606995899.101546526
1606995899.201567650
1606995899.301499844
1606995899.401548147
1606995899.501502752
1606995899.601475239
1606995899.701519489
1606995899.801541090
1606995899.901537657
1606995900.001439571
1606995900.101541996
1606995900.201461554
1606995900.301535845
1606995900.401537418
1606995900.501471281
1606995900.601416349
1606995900.701501608
1606995900.801491737
1606995900.901579618
1606995901.001549006
1606995901.101540565
1606995901.201547384
1606995901.301546335
1606995901.401523352
1606995901.501545191
1606995901.601556301
1606995901.701548338
1606995901.801480532
1606995901.901546717
1606995902.001466751
1606995902.101515532
1606995902.201547861
1606995902.301659584
1606995902.401574135
1606995902.501568794
1606995902.601538658
1606995902.701565504
1606995902.801578999
1606995902.901577711
1606995903.001489878
1606995903.101560831
1606995903.201571941
1606995903.301543713
1606995903.401475906
1606995903.501535177
1606995903.601547241
1606995903.701539516
1606995903.801545382
1606995903.901531935
1606995904.001540422
1606995904.101538658
1606995904.201545000
1606995904.301531315
1606995904.401454210
