1606995594.388526201
1606995594.489042282
1606995594.589528799
1606995594.689999580
1606995594.790401459
1606995594.890783310
1606995594.991200447
1606995595.091607332
1606995595.192071199
1606995595.292542219
1606995595.393018246
1606995595.493317127
1606995595.593784332
1606995595.694213152
1606995595.794564962
1606995595.894972086
1606995595.995448351
1606995596.095943451
1606995596.196330070
1606995596.296696901
1606995596.397185087
1606995596.497657061
1606995596.598111153
1606995596.698523283
1606995596.798925638
1606995596.899321556
1606995596.999794722
1606995597.100272655
1606995597.200676918
1606995597.301145554
1606995597.401557446
1606995597.502056599
1606995597.602462769
1606995597.702890396
1606995597.803271055
1606995597.903773308
1606995598.004126072
1606995598.104578972
1606995598.205081463
1606995598.305490732
1606995598.405907869
1606995598.506332397
1606995598.606721401
1606995598.707227707
1606995598.807702541
1606995598.908176184
1606995599.008586407
1606995599.108992577
1606995599.209339142
1606995599.309737682
1606995599.410102606
1606995599.510502338
1606995599.610910177
1606995599.711293697
1606995599.811668158
1606995599.912144661
1606995600.012449503
1606995600.112928391
1606995600.213403463
1606995600.313805103
1606995600.414203167
1606995600.514448404
1606995600.614737749
1606995600.715138435
1606995600.815601587
1606995600.916054249
1606995601.016467571
1606995601.116923094
1606995601.217333555
1606995601.317708015
1606995601.417937040
1606995601.518334150
1606995601.618717909
1606995601.719125032
1606995601.819440365
1606995601.919821978
1606995602.020269156
1606995602.120700598
1606995602.221133471
1606995602.321651459
1606995602.422156572
1606995602.522525549
1606995602.622950554
1606995602.723284960
1606995602.823744297
1606995602.924254894
1606995603.024758816
1606995603.125041008
1606995603.225445986
1606995603.325918674
1606995603.426368713
1606995603.526765108
1606995603.627232552
1606995603.727635860
1606995603.828036308
1606995603.928413868
1606995604.028867006
1606995604.129282236
1606995604.229749918
1606995604.330215931
1606995604.430629969
1606995604.531099796
1606995604.631487370
1606995604.731875181
1606995604.832275867
1606995604.932661295
1606995605.033030987
1606995605.133417368
1606995605.233784199
1606995605.334031582
1606995605.434460402
1606995605.534851313
1606995605.635149240
1606995605.735396624
1606995605.835781336
1606995605.936165333
1606995606.036539316
1606995606.136940002
1606995606.237314463
1606995606.337724686
1606995606.438108206
1606995606.538501740
1606995606.638796568
1606995606.739092112
1606995606.839477301
1606995606.939861774
1606995607.040248632
1606995607.140628576
1606995607.241010189
1606995607.341395378
1606995607.441781521
1606995607.542060375
1606995607.642335653
1606995607.742553234
1606995607.842844248
1606995607.943133831
1606995608.043517590
1606995608.143899679
1606995608.244278669
1606995608.344657183
1606995608.445037127
1606995608.545418501
1606995608.645806551
1606995608.746095419
1606995608.846482754
1606995608.946888208
1606995609.047271729
1606995609.147683382
1606995609.247958183
1606995609.348201752
1606995609.448462009
1606995609.548853874
1606995609.649235249
1606995609.749595642
1606995609.849969864
1606995609.950269938
1606995610.050661087
1606995610.151043177
1606995610.251329660
1606995610.351641655
1606995610.452012777
1606995610.552393436
1606995610.652779341
1606995610.753164291
1606995610.853543043
1606995610.953945637
1606995611.054333925
1606995611.154588699
1606995611.255000830
1606995611.355252743
1606995611.455639124
1606995611.556021214
1606995611.656408310
1606995611.756793022
1606995611.857178688
1606995611.957559347
1606995612.057946920
1606995612.158332825
1606995612.258723497
1606995612.359076023
1606995612.459457159
1606995612.559836149
1606995612.660212040
1606995612.760624409
1606995612.861017227
1606995612.961431026
1606995613.061813831
1606995613.162207842
1606995613.262602329
1606995613.362892866
1606995613.463250399
1606995613.563627243
1606995613.664010763
1606995613.764423847
1606995613.864805937
1606995613.965219259
1606995614.065601587
1606995614.166018724
1606995614.266405344
1606995614.366794825
1606995614.467202902
1606995614.567584753
1606995614.667997837
1606995614.768284559
1606995614.868670702
1606995614.969057322
1606995615.069442987
1606995615.169821024
1606995615.270215034
1606995615.370610237
1606995615.471004486
1606995615.571393490
1606995615.671682358
1606995615.772065878
1606995615.872476816
1606995615.972864866
1606995616.073154688
1606995616.173560858
1606995616.273921251
1606995616.374315977
1606995616.474547148
1606995616.574831724
1606995616.675233126
1606995616.775619984
1606995616.876028538
1606995616.976318836
1606995617.076694965
1606995617.177082062
1606995617.277463913
1606995617.377684355
1606995617.478072405
1606995617.578488111
1606995617.678874731
1606995617.779287338
1606995617.879578114
1606995617.979869843
1606995618.080249310
1606995618.180658579
1606995618.281038284
1606995618.381449461
1606995618.481839180
1606995618.582259417
1606995618.682642460
1606995618.782934189
1606995618.883322954
1606995618.983710289
1606995619.084096193
1606995619.184479713
1606995619.284859180
1606995619.385238171
1606995619.485614538
1606995619.585992336
1606995619.686382055
1606995619.786764860
1606995619.887145042
1606995619.987430811
1606995620.087720633
1606995620.188106060
1606995620.288323879
1606995620.388715506
1606995620.488644123
1606995620.588721037
1606995620.688720703
1606995620.788726091
1606995620.888721228
1606995620.988729000
1606995621.088625908
1606995621.188729286
1606995621.288727522
1606995621.388724089
1606995621.488720894
1606995621.588618040
1606995621.688717604
1606995621.788721085
1606995621.888718367
1606995621.988723516
1606995622.088722229
1606995622.188629150
1606995622.288719654
1606995622.388720274
1606995622.488725424
1606995622.588721752
1606995622.688716650
1606995622.788737535
1606995622.888723850
1606995622.988755941
1606995623.088751554
1606995623.188748360
1606995623.288586140
1606995623.388710022
1606995623.488723278
1606995623.588616133
1606995623.688705206
1606995623.788593054
1606995623.888688326
1606995623.988698483
1606995624.088589191
1606995624.188726902
1606995624.288717270
1606995624.388726950
1606995624.488620043
1606995624.588723660
1606995624.688724518
1606995624.788728714
1606995624.888728380
1606995624.988725662
1606995625.088700294
1606995625.188726425
1606995625.288717508
1606995625.388729572
1606995625.488732338
1606995625.588725567
1606995625.688688040
1606995625.788721323
1606995625.888740301
1606995625.988755941
1606995626.088724613
1606995626.188740969
1606995626.288576841
1606995626.388731480
1606995626.488723993
1606995626.588724852
1606995626.688722849
1606995626.788727999
1606995626.888699055
1606995626.988726616
1606995627.088724852
1606995627.188728571
1606995627.288728237
1606995627.388725042
1606995627.488618851
1606995627.588700056
1606995627.688723326
1606995627.788726330
1606995627.888721704
1606995627.988591433
1606995628.088724375
1606995628.188725948
1606995628.288726330
1606995628.388726473
1606995628.488724947
1606995628.588691950
1606995628.688717604
1606995628.788729668
1606995628.888752460
1606995628.988754034
1606995629.088750839
1606995629.188719511
1606995629.288573265
1606995629.388730764
1606995629.488729000
1606995629.588721514
1606995629.688720942
1606995629.788706303
1606995629.888725758
1606995629.988707066
1606995630.088723660
1606995630.188622713
1606995630.288725138
1606995630.388726473
1606995630.488726139
1606995630.588725567
1606995630.688725948
1606995630.788730145
1606995630.888724566
1606995630.988715410
1606995631.088726997
1606995631.188725948
1606995631.288725853
1606995631.388730764
1606995631.488615274
1606995631.588727236
1606995631.688725233
1606995631.788753748
1606995631.888751507
1606995631.988754272
1606995632.088714361
1606995632.188722849
1606995632.288659334
1606995632.388695717
1606995632.488602400
1606995632.588744640
1606995632.688632965
1606995632.788730383
1606995632.888726711
1606995632.988732100
1606995633.088726521
1606995633.188733578
1606995633.288698435
1606995633.388727188
1606995633.488729239
1606995633.588616133
1606995633.688726187
1606995633.788729191
1606995633.888721704
1606995633.988729477
1606995634.088621378
1606995634.188726425
1606995634.288727045
1606995634.388705730
1606995634.488706112
1606995634.588724852
1606995634.688747168
1606995634.788749218
1606995634.888752699
1606995634.988733530
1606995635.088733435
1606995635.188728094
1606995635.288737774
1606995635.388730764
1606995635.488729000
1606995635.588714600
1606995635.688724518
1606995635.788728237
1606995635.888698101
1606995635.988725662
1606995636.088621378
1606995636.188726664
1606995636.288621426
1606995636.388727427
1606995636.488722324
1606995636.588722229
1606995636.688593388
1606995636.788711786
1606995636.888723612
1606995636.988723516
1606995637.088723183
1606995637.188726902
1606995637.288721085
1606995637.388627768
1606995637.488722086
1606995637.588703156
1606995637.688752651
1606995637.788748503
1606995637.888746023
1606995637.988654137
1606995638.088717461
1606995638.188719511
1606995638.288730145
1606995638.388727427
1606995638.488722086
1606995638.588718653
1606995638.688717842
1606995638.788725853
1606995638.888715982
1606995638.988723040
1606995639.088628054
1606995639.188721180
1606995639.288722992
1606995639.388724327
1606995639.488723516
1606995639.588725090
1606995639.688627243
1606995639.788722277
1606995639.888721704
1606995639.988726139
1606995640.088721752
1606995640.188724995
1606995640.288629532
1606995640.388726711
1606995640.488724470
1606995640.588752985
1606995640.688751221
1606995640.788753271
1606995640.888725996
1606995640.988730192
1606995641.088722944
1606995641.188726187
1606995641.288722992
1606995641.388722420
1606995641.488726616
1606995641.588726282
1606995641.688719511
1606995641.788731098
1606995641.888724327
1606995641.988692045
1606995642.088728189
1606995642.188727617
1606995642.288724661
1606995642.388730526
1606995642.488722324
1606995642.588705540
1606995642.688729048
1606995642.788727283
1606995642.888697386
1606995642.988731384
1606995643.088724136
1606995643.188725233
1606995643.288732052
1606995643.388725996
1606995643.488727331
1606995643.588751793
1606995643.688748121
1606995643.788752079
1606995643.888731241
1606995643.988727093
1606995644.088723421
1606995644.188728094
1606995644.288735390
1606995644.388725281
1606995644.488621473
1606995644.588726282
1606995644.688726425
1606995644.788729668
1606995644.888726711
1606995644.988693953
1606995645.088727474
1606995645.188729048
1606995645.288722277
1606995645.388622522
1606995645.488721371
1606995645.588726759
1606995645.688721418
1606995645.788726568
1606995645.888726234
1606995645.988729000
1606995646.088691711
1606995646.188731194
1606995646.288722992
1606995646.388726473
1606995646.488746166
1606995646.588752747
1606995646.688749552
1606995646.788739204
1606995646.888718843
1606995646.988727808
1606995647.088727951
1606995647.188700438
1606995647.288726807
1606995647.388723612
1606995647.488723040
1606995647.588623047
1606995647.688724518
1606995647.788689613
1606995647.888727903
1606995647.988732815
1606995648.088723898
1606995648.188729763
1606995648.288723946
1606995648.388706684
1606995648.488619566
1606995648.588732719
1606995648.688721180
1606995648.788724184
1606995648.888723612
1606995648.988726139
1606995649.088722467
1606995649.188727856
1606995649.288726330
1606995649.388753414
1606995649.488742352
1606995649.588752508
1606995649.688737631
1606995649.788734913
1606995649.888721704
1606995649.988723993
1606995650.088632345
1606995650.188621759
1606995650.288620472
1606995650.388728619
1606995650.488729715
1606995650.588724375
1606995650.688705921
1606995650.788725615
1606995650.888723612
1606995650.988726139
1606995651.088723660
1606995651.188597202
1606995651.288721323
1606995651.388725996
1606995651.488722324
1606995651.588731766
1606995651.688724041
1606995651.788727522
1606995651.888711691
1606995651.988620043
1606995652.088593006
1606995652.188732624
1606995652.288724184
1606995652.388753653
1606995652.488591671
1606995652.588743925
1606995652.688732862
1606995652.788726091
1606995652.888724089
1606995652.988732576
1606995653.088726044
1606995653.188725948
1606995653.288725615
1606995653.388727665
1606995653.488723993
1606995653.588725328
1606995653.688724041
1606995653.788722515
1606995653.888721466
1606995653.988710165
1606995654.088691473
1606995654.188635349
1606995654.288721800
1606995654.388728619
1606995654.488724470
1606995654.588729143
1606995654.688724041
1606995654.788727045
1606995654.888693333
1606995654.988724232
1606995655.088726521
1606995655.188719511
1606995655.288745403
1606995655.388595819
1606995655.488749743
1606995655.588734865
1606995655.688730240
1606995655.788725376
1606995655.888723612
1606995655.988724470
1606995656.088723183
1606995656.188726902
1606995656.288600922
1606995656.388723135
1606995656.488724709
1606995656.588728189
1606995656.688724995
1606995656.788633347
1606995656.888725758
1606995656.988726139
1606995657.088723421
1606995657.188593864
1606995657.288721323
1606995657.388727188
1606995657.488721609
1606995657.588724136
1606995657.688720942
1606995657.788724184
1606995657.888723612
1606995657.988716602
1606995658.088722944
1606995658.188699007
1606995658.288751125
1606995658.388718367
1606995658.488736391
1606995658.588742971
1606995658.688720703
1606995658.788722754
1606995658.888722420
1606995658.988701344
1606995659.088722467
1606995659.188723564
1606995659.288712502
1606995659.388720989
1606995659.488722086
1606995659.588725328
1606995659.688720465
1606995659.788725138
1606995659.888628960
1606995659.988719702
1606995660.088719368
1606995660.188726902
1606995660.288625956
1606995660.388728142
1606995660.488729477
1606995660.588724852
1606995660.688724756
1606995660.788727045
1606995660.888722181
1606995660.988724947
1606995661.088739395
1606995661.188746452
1606995661.288747311
1606995661.388749123
1606995661.488638639
1606995661.588723898
1606995661.688731194
1606995661.788624763
1606995661.888616562
1606995661.988578081
1606995662.088711262
1606995662.188707829
1606995662.288618803
1606995662.388592958
1606995662.488626957
1606995662.588630676
1606995662.688557386
1606995662.788560629
1606995662.888648748
1606995662.988740206
1606995663.088722467
1606995663.188725948
1606995663.288718700
1606995663.388619661
1606995663.488722324
1606995663.588721037
1606995663.688729048
1606995663.788723230
1606995663.888722658
1606995663.988720655
1606995664.088728666
1606995664.188750505
1606995664.288747072
1606995664.388737679
1606995664.488729000
1606995664.588722706
1606995664.688717842
1606995664.788723946
1606995664.888721943
1606995664.988725901
1606995665.088609934
1606995665.188631058
1606995665.288717031
1606995665.388725042
1606995665.488719940
1606995665.588734150
1606995665.688722372
1606995665.788714409
1606995665.888719082
1606995665.988633871
1606995666.088721514
1606995666.188723326
1606995666.288723469
1606995666.388606787
1606995666.488718748
1606995666.588720083
1606995666.688721180
1606995666.788723707
1606995666.888593674
1606995666.988719702
1606995667.088725328
1606995667.188735247
1606995667.288710594
1606995667.388722181
1606995667.488693476
1606995667.588721514
1606995667.688719273
1606995667.788722992
1606995667.888720989
1606995667.988724232
1606995668.088719606
1606995668.188726664
1606995668.288743734
1606995668.388732910
1606995668.488727331
1606995668.588612080
1606995668.688721418
1606995668.788631678
1606995668.888719559
1606995668.988720894
1606995669.088697672
1606995669.188720942
1606995669.288719654
1606995669.388727188
1606995669.488718987
1606995669.588723421
1606995669.688715696
1606995669.788709164
1606995669.888695478
1606995669.988605261
1606995670.088728428
1606995670.188724279
1606995670.288601160
1606995670.388565302
1606995670.488731623
1606995670.588695049
1606995670.688724279
1606995670.788729191
1606995670.888728857
1606995670.988600492
1606995671.088719368
1606995671.188601732
1606995671.288725853
1606995671.388725758
1606995671.488728285
1606995671.588726521
1606995671.688723087
1606995671.788702488
1606995671.888724804
1606995671.988728046
1606995672.088726997
1606995672.188726425
1606995672.288726091
1606995672.388700008
1606995672.488750219
1606995672.588748932
1606995672.688749790
1606995672.788731813
1606995672.888730049
1606995672.988647223
1606995673.088722944
1606995673.188727617
1606995673.288726807
1606995673.388727188
1606995673.488731384
1606995673.588732481
1606995673.688723326
1606995673.788724661
1606995673.888726711
1606995673.988725662
1606995674.088690996
1606995674.188724756
1606995674.288725853
1606995674.388729095
1606995674.488730907
1606995674.588728428
1606995674.688700199
1606995674.788731337
1606995674.888724804
1606995674.988726854
1606995675.088728428
1606995675.188726902
1606995675.288707256
1606995675.388750553
1606995675.488751411
1606995675.588752031
1606995675.688735723
1606995675.788727999
1606995675.888724566
1606995675.988727331
1606995676.088726044
1606995676.188727617
1606995676.288725138
1606995676.388730526
1606995676.488706112
1606995676.588728189
1606995676.688725471
1606995676.788728237
1606995676.888733149
1606995676.988729239
1606995677.088705301
1606995677.188728571
1606995677.288723230
1606995677.388724327
1606995677.488722563
1606995677.588727713
1606995677.688714504
1606995677.788723469
1606995677.888626099
1606995677.988730907
1606995678.088721514
1606995678.188716412
1606995678.288733006
1606995678.388750792
1606995678.488748312
1606995678.588745356
1606995678.688725710
1606995678.788632870
1606995678.888721704
1606995678.988724709
1606995679.088726997
1606995679.188728571
1606995679.288721323
1606995679.388622522
1606995679.488723516
1606995679.588727951
1606995679.688721418
1606995679.788726807
1606995679.888722420
1606995679.988725424
1606995680.088726044
1606995680.188693047
1606995680.288728476
1606995680.388705492
1606995680.488722086
1606995680.588703156
1606995680.688725710
1606995680.788719177
1606995680.888721704
1606995680.988728046
1606995681.088721275
1606995681.188689709
1606995681.288746119
1606995681.388715982
1606995681.488746405
1606995681.588736773
1606995681.688704252
1606995681.788722515
1606995681.888728142
1606995681.988723755
1606995682.088722467
1606995682.188624620
1606995682.288688660
1606995682.388595819
1606995682.488723755
1606995682.588721991
1606995682.688723087
1606995682.788692951
1606995682.888722420
1606995682.988725185
1606995683.088624954
1606995683.188726425
1606995683.288721561
1606995683.388725042
1606995683.488624811
1606995683.588726044
1606995683.688721657
1606995683.788724422
1606995683.888724566
1606995683.988595963
1606995684.088721514
1606995684.188755512
1606995684.288747549
1606995684.388627291
1606995684.488737822
1606995684.588708639
1606995684.688722372
1606995684.788730621
1606995684.888719797
1606995684.988723755
1606995685.088723660
1606995685.188719988
1606995685.288628578
1606995685.388723612
1606995685.488717318
1606995685.588724852
1606995685.688717842
1606995685.788715363
1606995685.888719320
1606995685.988712788
1606995686.088717222
1606995686.188556194
1606995686.288625479
1606995686.388628960
1606995686.488556147
1606995686.588734150
1606995686.688725471
1606995686.788728476
1606995686.888704300
1606995686.988729000
1606995687.088729382
1606995687.188752174
1606995687.288754940
1606995687.388752699
1606995687.488715410
1606995687.588728905
1606995687.688727617
1606995687.788727522
1606995687.888730049
1606995687.988726854
1606995688.088723421
1606995688.188725948
1606995688.288728237
1606995688.388733864
1606995688.488722563
1606995688.588731050
1606995688.688725710
1606995688.788715601
1606995688.888725042
1606995688.988728523
1606995689.088725090
1606995689.188729048
1606995689.288723469
1606995689.388693094
1606995689.488730669
1606995689.588726759
1606995689.688724995
1606995689.788722038
1606995689.888728619
1606995689.988700628
1606995690.088591099
1606995690.188755274
1606995690.288750648
1606995690.388739109
1606995690.488708735
1606995690.588707924
1606995690.688723564
1606995690.788732052
1606995690.888726473
1606995690.988725185
1606995691.088730097
1606995691.188702106
1606995691.288724899
1606995691.388733149
1606995691.488726616
1606995691.588727713
1606995691.688730478
1606995691.788658381
1606995691.888723373
1606995691.988727093
1606995692.088722706
1606995692.188727140
1606995692.288725138
1606995692.388711929
1606995692.488725424
1606995692.588734388
1606995692.688722372
1606995692.788725615
1606995692.888725042
1606995692.988760948
1606995693.088755608
1606995693.188755512
1606995693.288745403
1606995693.388734818
1606995693.488730669
1606995693.588727951
1606995693.688718081
1606995693.788730860
1606995693.888725996
1606995693.988726616
1606995694.088726997
1606995694.188725710
1606995694.288695574
1606995694.388726711
