1606995384.380582571
1606995384.480924129
1606995384.581254482
1606995384.681607246
1606995384.781930923
1606995384.882310629
1606995384.982658863
1606995385.082985401
1606995385.183312178
1606995385.283640862
1606995385.383953094
1606995385.484351873
1606995385.584675789
1606995385.684999943
1606995385.785322905
1606995385.885674715
1606995385.986002922
1606995386.086381197
1606995386.186731577
1606995386.286960840
1606995386.387300730
1606995386.487628222
1606995386.587926865
1606995386.688317060
1606995386.788644075
1606995386.888962269
1606995386.989282131
1606995387.089602947
1606995387.190015793
1606995387.290346384
1606995387.390659094
1606995387.490849018
1606995387.591177702
1606995387.691503286
1606995387.791890383
1606995387.892115593
1606995387.992442608
1606995388.092797756
1606995388.193124056
1606995388.293452501
1606995388.393700838
1606995388.494029760
1606995388.594354868
1606995388.694708586
1606995388.795033932
1606995388.895365477
1606995388.995691061
1606995389.096034527
1606995389.196372032
1606995389.296593189
1606995389.396920681
1606995389.497166157
1606995389.597491264
1606995389.697702169
1606995389.798030376
1606995389.898249865
1606995389.998575211
1606995390.098826647
1606995390.199062347
1606995390.299349308
1606995390.399662256
1606995390.499899387
1606995390.600230694
1606995390.700450897
1606995390.800785303
1606995390.901062489
1606995391.001387119
1606995391.101581097
1606995391.201937437
1606995391.302227259
1606995391.402616978
1606995391.502900839
1606995391.603221655
1606995391.703511953
1606995391.803836107
1606995391.904133081
1606995392.004488230
1606995392.104780436
1606995392.205068111
1606995392.305285692
1606995392.405612946
1606995392.505967379
1606995392.606284857
1606995392.706611395
1606995392.806930304
1606995392.907216311
1606995393.007522583
1606995393.107823372
1606995393.208150625
1606995393.308450699
1606995393.408786535
1606995393.509090185
1606995393.609473705
1606995393.709804296
1606995393.810127974
1606995393.910438538
1606995394.010762691
1606995394.110993385
1606995394.211370945
1606995394.311686516
1606995394.412023783
1606995394.512340546
1606995394.612662077
1606995394.712871075
1606995394.813171625
1606995394.913486242
1606995395.013807535
1606995395.114122868
1606995395.214458704
1606995395.314785242
1606995395.415091991
1606995395.515413284
1606995395.615716934
1606995395.716051340
1606995395.816373825
1606995395.916666508
1606995396.016996622
1606995396.117313385
1606995396.217664719
1606995396.317990780
1606995396.418297291
1606995396.518497467
1606995396.618816376
1606995396.719135761
1606995396.819454432
1606995396.919744730
1606995397.020062923
1606995397.120391846
1606995397.220707178
1606995397.321032763
1606995397.421360016
1606995397.521677732
1606995397.621992350
1606995397.722333908
1606995397.822659731
1606995397.922946215
1606995398.023266554
1606995398.123589277
1606995398.223909616
1606995398.324255705
1606995398.424492598
1606995398.524814129
1606995398.625144720
1606995398.725462914
1606995398.825780869
1606995398.926100492
1606995399.026421785
1606995399.126745701
1606995399.227065802
1606995399.327385902
1606995399.427611589
1606995399.527921438
1606995399.628259420
1606995399.728574038
1606995399.828891516
1606995399.929210663
1606995400.029529095
1606995400.129749060
1606995400.230064631
1606995400.330416918
1606995400.430572271
1606995400.530754566
1606995400.630980015
1606995400.731213093
1606995400.831439972
1606995400.931664944
1606995401.031891584
1606995401.132229090
1606995401.232451677
1606995401.332788944
1606995401.433000326
1606995401.533308506
1606995401.633560181
1606995401.733783960
1606995401.833998680
1606995401.934153557
1606995402.034371376
1606995402.134695292
1606995402.234987020
1606995402.335175753
1606995402.435480833
1606995402.535804987
1606995402.636124849
1606995402.736337423
1606995402.836663246
1606995402.936984539
1606995403.037306309
1606995403.137629509
1606995403.237928391
1606995403.338270664
1606995403.438573360
1606995403.538862705
1606995403.639081955
1606995403.739404202
1606995403.839726686
1606995403.940052509
1606995404.040385723
1606995404.140707493
1606995404.241030455
1606995404.341353893
1606995404.441704273
1606995404.541912079
1606995404.642279387
1606995404.742606401
1606995404.842938185
1606995404.943125963
1606995405.043422937
1606995405.143744946
1606995405.244063377
1606995405.344388247
1606995405.444579601
1606995405.544930935
1606995405.645250082
1606995405.745573044
1606995405.845897675
1606995405.946219683
1606995406.046466827
1606995406.146789551
1606995406.247117519
1606995406.347343922
1606995406.447649002
1606995406.547973871
1606995406.648279190
1606995406.748589516
1606995406.848904610
1606995406.949230909
1606995407.049552679
1606995407.149845123
1606995407.250165701
1606995407.350487947
1606995407.450816393
1606995407.551137209
1606995407.651355982
1606995407.751663685
1606995407.851988316
1606995407.952314138
1606995408.052634478
1606995408.152964830
1606995408.253280878
1606995408.353604317
1606995408.453924894
1606995408.554263353
1606995408.654586077
1606995408.754909754
1606995408.855231047
1606995408.955554724
1606995409.055876255
1606995409.156209230
1606995409.256536245
1606995409.356871128
1606995409.457190037
1606995409.557511568
1606995409.657835722
1606995409.758122206
1606995409.858442068
1606995409.958763361
1606995410.059094429
1606995410.159416199
1606995410.259584427
1606995410.359897852
1606995410.460233688
1606995410.560554028
1606995410.660880804
1606995410.761204958
1606995410.861516714
1606995410.961840391
1606995411.062166691
1606995411.162451029
1606995411.262773514
1606995411.362948179
1606995411.463270664
1606995411.563591003
1606995411.663746357
1606995411.764066935
1606995411.864356756
1606995411.964706182
1606995412.065022945
1606995412.165340185
1606995412.265666008
1606995412.365986109
1606995412.466313362
1606995412.566632986
1606995412.666981459
1606995412.767305613
1606995412.867631674
1606995412.967959642
1606995413.068280220
1606995413.168618202
1606995413.268941879
1606995413.369263887
1606995413.469569683
1606995413.569890022
1606995413.670247793
1606995413.770567656
1606995413.870889425
1606995413.971177101
1606995414.071499586
1606995414.171855927
1606995414.272168636
1606995414.372483969
1606995414.472797871
1606995414.573125124
1606995414.673473835
1606995414.773795605
1606995414.874117136
1606995414.974433899
1606995415.074755907
1606995415.175087214
1606995415.275409222
1606995415.375734329
1606995415.475953817
1606995415.576279640
1606995415.676594019
1606995415.776943445
1606995415.877262831
1606995415.977590322
1606995416.077900171
1606995416.178227663
1606995416.278584957
1606995416.378802061
1606995416.479133606
1606995416.579359531
1606995416.679676771
1606995416.779995680
1606995416.880318880
1606995416.980513334
1606995417.080829144
1606995417.180797338
1606995417.280830860
1606995417.380694866
1606995417.480832338
1606995417.580856800
1606995417.680849075
1606995417.780824184
1606995417.880760431
1606995417.980829477
1606995418.080831528
1606995418.180828571
1606995418.280738354
1606995418.380800009
1606995418.480829239
1606995418.580833435
1606995418.680830717
1606995418.780697107
1606995418.880833387
1606995418.980801821
1606995419.080827236
1606995419.180704594
1606995419.280804157
1606995419.380831718
1606995419.480830669
1606995419.580811977
1606995419.680837631
1606995419.780800104
1606995419.880832434
1606995419.980833054
1606995420.080750942
1606995420.180829287
1606995420.280833006
1606995420.380834341
1606995420.480828285
1606995420.580830812
1606995420.680831194
1606995420.780828238
1606995420.880832672
1606995420.980821371
1606995421.080835104
1606995421.180806398
1606995421.280832529
1606995421.380795479
1606995421.480833054
1606995421.580838203
1606995421.680828571
1606995421.780833244
1606995421.880857229
1606995421.980822563
1606995422.080841064
1606995422.180831909
1606995422.280801535
1606995422.380835056
1606995422.480831623
1606995422.580809593
1606995422.680835009
1606995422.780740023
1606995422.880830765
1606995422.980832338
1606995423.080840826
1606995423.180835247
1606995423.280831575
1606995423.380802631
1606995423.480831623
1606995423.580830574
1606995423.680836439
1606995423.780829668
1606995423.880832434
1606995423.980832577
1606995424.080832005
1606995424.180833101
1606995424.280814886
1606995424.380827188
1606995424.480833054
1606995424.580834627
1606995424.680832386
1606995424.780858517
1606995424.880697250
1606995424.980843306
1606995425.080834389
1606995425.180831909
1606995425.280799627
1606995425.380830765
1606995425.480844021
1606995425.580830097
1606995425.680830956
1606995425.780830622
1606995425.880833864
1606995425.980828047
1606995426.080728531
1606995426.180826187
1606995426.280830622
1606995426.380835772
1606995426.480830669
1606995426.580728769
1606995426.680836201
1606995426.780808449
1606995426.880831480
1606995426.980728149
1606995427.080831528
1606995427.180832386
1606995427.280832291
1606995427.380830050
1606995427.480830669
1606995427.580827236
1606995427.680809975
1606995427.780801535
1606995427.880740166
1606995427.980828047
1606995428.080832958
1606995428.180834293
1606995428.280704975
1606995428.380832434
1606995428.480847359
1606995428.580831051
1606995428.680829287
1606995428.780835629
1606995428.880831957
1606995428.980829716
1606995429.080804825
1606995429.180832386
1606995429.280832052
1606995429.380831242
1606995429.480832338
1606995429.580805063
1606995429.680793524
1606995429.780831814
1606995429.880832195
1606995429.980830908
1606995430.080724716
1606995430.180830956
1606995430.280810356
1606995430.380832434
1606995430.480833054
1606995430.580827236
1606995430.680857658
1606995430.780857563
1606995430.880697489
1606995430.980699539
1606995431.080834866
1606995431.180831194
1606995431.280699730
1606995431.380828381
1606995431.480832815
1606995431.580826283
1606995431.680811167
1606995431.780829668
1606995431.880699873
1606995431.980833054
1606995432.080832243
1606995432.180820942
1606995432.280830860
1606995432.380831957
1606995432.480832338
1606995432.580832958
1606995432.680831432
1606995432.780729532
1606995432.880830526
1606995432.980829477
1606995433.080831289
1606995433.180831671
1606995433.280831814
1606995433.380836248
1606995433.480817795
1606995433.580835342
1606995433.680742979
1606995433.780848980
1606995433.880836725
1606995433.980831623
1606995434.080831528
1606995434.180830002
1606995434.280841589
1606995434.380832434
1606995434.480828524
1606995434.580832243
1606995434.680832148
1606995434.780829668
1606995434.880830050
1606995434.980834246
1606995435.080830574
1606995435.180830479
1606995435.280697107
1606995435.380829096
1606995435.480838299
1606995435.580832481
1606995435.680729866
1606995435.780797005
1606995435.880835772
1606995435.980832338
1606995436.080829382
1606995436.180822849
1606995436.280829906
1606995436.380805016
1606995436.480830431
1606995436.580725670
1606995436.680857182
1606995436.780841351
1606995436.880830526
1606995436.980843306
1606995437.080835819
1606995437.180833578
1606995437.280831099
1606995437.380836010
1606995437.480829954
1606995437.580829859
1606995437.680822849
1606995437.780824661
1606995437.880832672
1606995437.980820656
1606995438.080829382
1606995438.180799246
1606995438.280832529
1606995438.380830050
1606995438.480832577
1606995438.580834627
1606995438.680830002
1606995438.780801535
1606995438.880828142
1606995438.980831146
1606995439.080832243
1606995439.180830717
1606995439.280829906
1606995439.380836487
1606995439.480855465
1606995439.580859184
1606995439.680843115
1606995439.780833006
1606995439.880830765
1606995439.980833292
1606995440.080821276
1606995440.180839062
1606995440.280837059
1606995440.380831480
1606995440.480834246
1606995440.580830336
1606995440.680792093
1606995440.780832529
1606995440.880828619
1606995440.980827332
1606995441.080833197
1606995441.180834055
1606995441.280789852
1606995441.380833626
1606995441.480829954
1606995441.580829144
1606995441.680828810
1606995441.780828238
1606995441.880804777
1606995441.980828762
1606995442.080827475
1606995442.180827618
1606995442.280829906
1606995442.380832672
1606995442.480818748
1606995442.580847979
1606995442.680834532
1606995442.780826569
1606995442.880799294
1606995442.980826855
1606995443.080823421
1606995443.180825472
1606995443.280830383
1606995443.380825520
1606995443.480825424
1606995443.580827475
1606995443.680715322
1606995443.780825138
1606995443.880731583
1606995443.980732918
1606995444.080661535
1606995444.180835962
1606995444.280830145
1606995444.380829573
1606995444.480798244
1606995444.580830097
1606995444.680827618
1606995444.780839205
1606995444.880827427
1606995444.980834007
1606995445.080811501
1606995445.180832148
1606995445.280830145
1606995445.380795956
1606995445.480854273
1606995445.580838203
1606995445.680834293
1606995445.780830622
1606995445.880830288
1606995445.980784655
1606995446.080844402
1606995446.180829287
1606995446.280830383
1606995446.380830526
1606995446.480830669
1606995446.580817223
1606995446.680834770
1606995446.780831099
1606995446.880833149
1606995446.980827808
1606995447.080811262
1606995447.180832386
1606995447.280836105
1606995447.380831480
1606995447.480832815
1606995447.580827951
1606995447.680795670
1606995447.780836105
1606995447.880827904
1606995447.980828524
1606995448.080831051
1606995448.180829048
1606995448.280855417
1606995448.380852222
1606995448.480837107
1606995448.580726147
1606995448.680828333
1606995448.780828238
1606995448.880828619
1606995448.980830908
1606995449.080828667
1606995449.180827618
1606995449.280830622
1606995449.380727291
1606995449.480728149
1606995449.580814362
1606995449.680826664
1606995449.780823946
1606995449.880814791
1606995449.980727911
1606995450.080737352
1606995450.180727482
1606995450.280726910
1606995450.380726576
1606995450.480685472
1606995450.580668449
1606995450.680855989
1606995450.780837774
1606995450.880825520
1606995450.980829954
1606995451.080829382
1606995451.180832624
1606995451.280858517
1606995451.380696297
1606995451.480834484
1606995451.580829859
1606995451.680827618
1606995451.780829668
1606995451.880830526
1606995451.980829000
1606995452.080822229
1606995452.180835009
1606995452.280696630
1606995452.380831003
1606995452.480837584
1606995452.580828905
1606995452.680806398
1606995452.780832767
1606995452.880832672
1606995452.980822563
1606995453.080828428
1606995453.180829287
1606995453.280743837
1606995453.380826473
1606995453.480662107
1606995453.580825567
1606995453.680829763
1606995453.780727625
1606995453.880828857
1606995453.980828047
1606995454.080808401
1606995454.180841684
1606995454.280856609
1606995454.380708694
1606995454.480829716
1606995454.580830812
1606995454.680826426
1606995454.780704737
1606995454.880830050
1606995454.980830431
1606995455.080828667
1606995455.180830717
1606995455.280814648
1606995455.380828381
1606995455.480828762
1606995455.580828428
1606995455.680828810
1606995455.780726671
1606995455.880825758
1606995455.980827570
1606995456.080832243
1606995456.180827856
1606995456.280832052
1606995456.380795956
1606995456.480826855
1606995456.580826283
1606995456.680827141
1606995456.780829191
1606995456.880837202
1606995456.980801344
1606995457.080826998
1606995457.180855036
1606995457.280842543
1606995457.380836010
1606995457.480828762
1606995457.580807447
1606995457.680828094
1606995457.780827522
1606995457.880827665
1606995457.980827332
1606995458.080828428
1606995458.180832624
1606995458.280827761
1606995458.380830050
1606995458.480831385
1606995458.580829620
1606995458.680828333
1606995458.780712843
1606995458.880824327
1606995458.980827093
1606995459.080832243
1606995459.180832386
1606995459.280818939
1606995459.380833864
1606995459.480824947
1606995459.580802679
1606995459.680839300
1606995459.780831575
1606995459.880830288
1606995459.980824947
1606995460.080814838
1606995460.180740595
1606995460.280674696
1606995460.380833149
1606995460.480809689
1606995460.580832005
1606995460.680798054
1606995460.780834913
1606995460.880787849
1606995460.980834007
1606995461.080830812
1606995461.180730581
1606995461.280830622
1606995461.380832195
1606995461.480832577
1606995461.580834150
1606995461.680835247
1606995461.780730724
1606995461.880834341
1606995461.980833292
1606995462.080824375
1606995462.180832148
1606995462.280830383
1606995462.380833626
1606995462.480818748
1606995462.580835104
1606995462.680831432
1606995462.780835152
1606995462.880836248
1606995462.980853319
1606995463.080857515
1606995463.180841208
1606995463.280838013
1606995463.380831242
1606995463.480829239
1606995463.580765963
1606995463.680833817
1606995463.780831814
1606995463.880830765
1606995463.980834484
1606995464.080830097
1606995464.180823088
1606995464.280834436
1606995464.380682707
1606995464.480730534
1606995464.580831528
1606995464.680809259
1606995464.780831575
1606995464.880829334
1606995464.980833530
1606995465.080829144
1606995465.180836439
1606995465.280831337
1606995465.380700111
1606995465.480833054
1606995465.580833197
1606995465.680828810
1606995465.780704021
1606995465.880831718
1606995465.980857849
1606995466.080857038
1606995466.180845737
1606995466.280814409
1606995466.380799532
1606995466.480830669
1606995466.580837011
1606995466.680834055
1606995466.780835390
1606995466.880831957
1606995466.980804920
1606995467.080729723
1606995467.180836439
1606995467.280838728
1606995467.380834579
1606995467.480703354
1606995467.580826521
1606995467.680833817
1606995467.780832529
1606995467.880836010
1606995467.980835199
1606995468.080830097
1606995468.180840492
1606995468.280835867
1606995468.380699396
1606995468.480831623
1606995468.580835581
1606995468.680831432
1606995468.780831814
1606995468.880857706
1606995468.980856895
1606995469.080844879
1606995469.180838585
1606995469.280815601
1606995469.380829334
1606995469.480819225
1606995469.580830812
1606995469.680699587
1606995469.780831099
1606995469.880835772
1606995469.980834007
1606995470.080802917
1606995470.180725336
1606995470.280832291
1606995470.380834341
1606995470.480835199
1606995470.580727339
1606995470.680835485
1606995470.780831337
1606995470.880834579
1606995470.980828524
1606995471.080825567
1606995471.180800676
1606995471.280833006
1606995471.380830526
1606995471.480739832
1606995471.580842495
1606995471.680832386
1606995471.780843019
1606995471.880835295
1606995471.980833769
1606995472.080833435
1606995472.180832148
1606995472.280831337
1606995472.380721331
1606995472.480831385
1606995472.580833435
1606995472.680830717
1606995472.780830622
1606995472.880857706
1606995472.980828047
1606995473.080840826
1606995473.180833101
1606995473.280712128
1606995473.380832672
1606995473.480833530
1606995473.580802679
1606995473.680699110
1606995473.780833960
1606995473.880830526
1606995473.980831385
1606995474.080830097
1606995474.180810213
1606995474.280834913
1606995474.380834103
1606995474.480830669
1606995474.580832481
1606995474.680832148
1606995474.780830383
1606995474.880831718
1606995474.980830669
1606995475.080832958
1606995475.180831432
1606995475.280749559
1606995475.380831480
1606995475.480831861
1606995475.580831528
1606995475.680833817
1606995475.780828714
1606995475.880822897
1606995475.980831623
1606995476.080832243
1606995476.180834293
1606995476.280737638
1606995476.380814552
1606995476.480812311
1606995476.580798864
1606995476.680668831
1606995476.780830860
1606995476.880835056
1606995476.980829954
1606995477.080832958
1606995477.180665255
1606995477.280852079
1606995477.380845785
1606995477.480836868
1606995477.580776691
1606995477.680830240
1606995477.780837297
1606995477.880830288
1606995477.980831146
1606995478.080828905
1606995478.180796385
1606995478.280831099
1606995478.380841970
1606995478.480734825
1606995478.580829382
1606995478.680838108
1606995478.780832291
1606995478.880684614
1606995478.980829954
1606995479.080830812
1606995479.180832624
1606995479.280830860
1606995479.380824566
1606995479.480829716
1606995479.580835819
1606995479.680831194
1606995479.780739546
1606995479.880829573
1606995479.980830193
1606995480.080831051
1606995480.180801868
1606995480.280852318
1606995480.380841732
1606995480.480829954
1606995480.580768824
1606995480.680722952
1606995480.780833006
1606995480.880831718
1606995480.980831861
1606995481.080834389
1606995481.180797338
1606995481.280822754
1606995481.380833864
1606995481.480832100
1606995481.580699444
1606995481.680831671
1606995481.780831337
1606995481.880818844
1606995481.980829000
1606995482.080831528
1606995482.180833101
1606995482.280737400
1606995482.380832195
1606995482.480701923
1606995482.580841780
1606995482.680832386
1606995482.780833244
1606995482.880697727
1606995482.980832338
1606995483.080863953
1606995483.180856466
1606995483.280734062
1606995483.380730152
1606995483.480832338
1606995483.580832005
1606995483.680830717
1606995483.780724049
1606995483.880834818
1606995483.980832100
1606995484.080826521
1606995484.180828333
1606995484.280658722
1606995484.380693913
