1606996019.429585695
1606996019.535016775
1606996019.638717890
1606996019.741443634
1606996019.845067263
1606996019.948578835
1606996020.052060127
1606996020.155555010
1606996020.258111715
1606996020.361644030
1606996020.464220524
1606996020.566839695
1606996020.670431376
1606996020.773964882
1606996020.876290798
1606996020.978914022
1606996021.082493544
1606996021.185066462
1606996021.287602425
1606996021.391179800
1606996021.494705200
1606996021.597547770
1606996021.700121641
1606996021.803610563
1606996021.907166243
1606996022.009773970
1606996022.113145590
1606996022.216738462
1606996022.320245028
1606996022.422860861
1606996022.526475668
1606996022.628483534
1606996022.728528976
1606996022.828549862
1606996022.928527355
1606996023.028524160
1606996023.128603458
1606996023.228546858
1606996023.328577995
1606996023.428135633
1606996023.528525114
1606996023.628552437
1606996023.728608131
1606996023.828519583
1606996023.928505898
1606996024.028553486
1606996024.128577948
1606996024.228537560
1606996024.328599930
1606996024.428579569
1606996024.528593779
1606996024.628556728
1606996024.728567600
1606996024.828579903
1606996024.928665876
1606996025.028545618
1606996025.128649473
1606996025.228546858
1606996025.328525305
1606996025.428571463
1606996025.528583527
1606996025.628478289
1606996025.728620052
1606996025.828557014
1606996025.928573608
1606996026.028395653
1606996026.128570795
1606996026.228567600
1606996026.328594685
1606996026.428302050
1606996026.528575659
1606996026.628549337
1606996026.728600979
1606996026.828526258
1606996026.928414822
1606996027.028547049
1606996027.128638744
1606996027.228583574
1606996027.328651667
1606996027.428580999
1606996027.528634071
1606996027.628588915
1606996027.728631258
1606996027.828554630
1606996027.928599596
1606996028.028560400
1606996028.128613234
1606996028.228568554
1606996028.328584909
1606996028.428568602
1606996028.528598309
1606996028.628523588
1606996028.728574276
1606996028.828550100
1606996028.928591728
1606996029.028562069
1606996029.128605366
1606996029.228558302
1606996029.328608036
1606996029.428522587
1606996029.528599501
1606996029.628462076
1606996029.728580952
1606996029.828550100
1606996029.928634882
1606996030.028367281
1606996030.128653765
1606996030.228557348
1606996030.328625441
1606996030.428575277
1606996030.528632641
1606996030.628587961
1606996030.728646278
1606996030.828574181
1606996030.928422213
1606996031.028565407
1606996031.128614902
1606996031.228582144
1606996031.328527689
1606996031.428571463
1606996031.528610706
1606996031.628258467
1606996031.728573799
1606996031.828585625
1606996031.928578615
1606996032.028549671
1606996032.128602505
1606996032.228145361
1606996032.328582525
1606996032.428461790
1606996032.528573036
1606996032.628521681
1606996032.728603125
1606996032.828544855
1606996032.928615093
1606996033.028461695
1606996033.128505945
1606996033.228458405
1606996033.328610659
1606996033.428557873
1606996033.528596401
1606996033.628434658
1606996033.728369474
1606996033.828468084
1606996033.928526878
1606996034.028350592
1606996034.128638506
1606996034.228561640
1606996034.328569889
1606996034.428359270
1606996034.528551102
1606996034.628494263
1606996034.728533030
1606996034.828472614
1606996034.928540468
1606996035.028473377
1606996035.128514051
1606996035.228466034
1606996035.328383207
1606996035.428467989
1606996035.528521776
1606996035.628455400
1606996035.728575468
1606996035.828602791
1606996035.928671122
1606996036.028535128
1606996036.128616095
1606996036.228356123
1606996036.328605890
1606996036.428535700
1606996036.528580666
1606996036.628366947
1606996036.728590250
1606996036.828528881
1606996036.928602457
1606996037.028537273
1606996037.128588438
1606996037.228553295
1606996037.328577518
1606996037.428529263
1606996037.528602600
1606996037.628465414
1606996037.728603601
1606996037.828552961
1606996037.928566456
1606996038.028524637
1606996038.128604412
1606996038.228152037
1606996038.328625441
1606996038.428575754
1606996038.528593063
1606996038.628559828
1606996038.728591919
1606996038.828533649
1606996038.928610086
1606996039.028555155
1606996039.128611803
1606996039.228551149
1606996039.328429461
1606996039.428554058
1606996039.528604984
1606996039.628425360
1606996039.728598595
1606996039.828551054
1606996039.928598881
1606996040.028560400
1606996040.128602266
1606996040.228368044
1606996040.328507185
1606996040.428552151
1606996040.528603792
1606996040.628361464
1606996040.728606939
1606996040.828528881
1606996040.928518772
1606996041.028522491
1606996041.128602743
1606996041.228555918
1606996041.328633070
1606996041.428574324
1606996041.528169632
1606996041.628475189
1606996041.728639841
1606996041.828558922
1606996041.928449392
1606996042.028576136
1606996042.128623486
1606996042.228576660
1606996042.328622341
1606996042.428540707
1606996042.528597116
1606996042.628578186
1606996042.728615522
1606996042.828558683
1606996042.928583384
1606996043.028521299
1606996043.128603697
1606996043.228550434
1606996043.328568697
1606996043.428549767
1606996043.528597832
1606996043.628531694
1606996043.728596210
1606996043.828468561
1606996043.928587198
1606996044.028549910
1606996044.128594160
1606996044.228551149
1606996044.328630209
1606996044.428572655
1606996044.528209925
1606996044.628498793
1606996044.728544235
1606996044.828577995
1606996044.928153992
1606996045.028547525
1606996045.128623724
1606996045.228558064
1606996045.328619003
1606996045.428570271
1606996045.528527260
1606996045.628477573
1606996045.728582144
1606996045.828499794
1606996045.928574085
1606996046.028558731
1606996046.128603697
1606996046.228527069
1606996046.328530073
1606996046.428557396
1606996046.528581381
1606996046.628524542
1606996046.728436947
1606996046.828522682
1606996046.928578615
1606996047.028551340
1606996047.128576994
1606996047.228474379
1606996047.328623056
1606996047.428580761
1606996047.528634310
1606996047.628588200
1606996047.728623152
1606996047.828573465
1606996047.928623676
1606996048.028554440
1606996048.128615379
1606996048.228568077
1606996048.328581095
1606996048.428563833
1606996048.528621912
1606996048.628550053
1606996048.728601217
1606996048.828531981
1606996048.928577185
1606996049.028551817
1606996049.128612041
1606996049.228554249
1606996049.328584194
1606996049.428477049
1606996049.528580904
1606996049.628462553
1606996049.728508711
1606996049.828521252
1606996049.928580046
1606996050.028514624
1606996050.128634930
1606996050.228153229
1606996050.328636169
1606996050.428574562
1606996050.528626204
1606996050.628145933
1606996050.728602886
1606996050.828580379
1606996050.928626776
1606996051.028569698
1606996051.128589153
1606996051.228481293
1606996051.328606844
1606996051.428568363
1606996051.528610945
1606996051.628585815
1606996051.728587627
1606996051.828529596
1606996051.928600788
1606996052.028559446
1606996052.128600359
1606996052.228569984
1606996052.328582048
1606996052.428469658
1606996052.528605223
1606996052.628526449
1606996052.728580952
1606996052.828473330
1606996052.928512812
1606996053.028550148
1606996053.128593206
1606996053.228551626
1606996053.328632116
1606996053.428559542
1606996053.528537035
1606996053.628490448
1606996053.728598595
1606996053.828451395
1606996053.928671122
1606996054.028629541
1606996054.128640652
1606996054.228565931
1606996054.328588963
1606996054.428564072
1606996054.528604746
1606996054.628551245
1606996054.728604555
1606996054.828562498
1606996054.928604364
1606996055.028553963
1606996055.128513813
1606996055.228556395
1606996055.328514099
1606996055.428545237
1606996055.528599501
1606996055.628553152
1606996055.728579283
1606996055.828549623
1606996055.928516626
1606996056.028556585
1606996056.128633976
1606996056.228548527
1606996056.328612089
1606996056.428573370
1606996056.528605461
1606996056.628556013
1606996056.728628397
1606996056.828574657
1606996056.928600788
1606996057.028387070
1606996057.128611803
1606996057.228559494
1606996057.328610659
1606996057.428545713
1606996057.528614044
1606996057.628477812
1606996057.728600502
1606996057.828549862
1606996057.928574800
1606996058.028549433
1606996058.128594637
1606996058.228531361
1606996058.328572035
1606996058.428553104
1606996058.528577089
1606996058.628545761
1606996058.728202581
1606996058.828549385
1606996058.928519011
1606996059.028588533
1606996059.128609180
1606996059.228571653
1606996059.328628540
1606996059.428576708
1606996059.528627157
1606996059.628585577
1606996059.728630304
1606996059.828568935
1606996059.928618670
1606996060.028568745
1606996060.128611326
1606996060.228579521
1606996060.328605890
1606996060.428556919
1606996060.528587580
1606996060.628524780
1606996060.728601217
1606996060.828535318
1606996060.928628445
1606996061.028526068
1606996061.128602743
1606996061.228554249
1606996061.328577518
1606996061.428464890
1606996061.528514385
1606996061.628461361
1606996061.728522539
1606996061.828515530
1606996061.928513050
1606996062.028463840
1606996062.128544807
1606996062.228551626
1606996062.328183174
1606996062.428491831
1606996062.528544664
1606996062.628493309
1606996062.728540421
1606996062.828486919
1606996062.928619623
1606996063.028474808
1606996063.128535032
1606996063.228475809
1606996063.328524828
1606996063.428475380
1606996063.528527260
1606996063.628468275
1606996063.728520155
1606996063.828461170
1606996063.928517818
1606996064.028465509
1606996064.128184795
1606996064.228425026
1606996064.328540325
1606996064.428479671
1606996064.528516769
1606996064.628494740
1606996064.728518009
1606996064.828466177
1606996064.928511620
1606996065.028470039
1606996065.128545046
1606996065.228392363
1606996065.328544140
1606996065.428483248
1606996065.528539896
1606996065.628484488
1606996065.728223801
1606996065.828494072
1606996065.928184271
1606996066.028472900
1606996066.128224850
1606996066.228481531
1606996066.328521013
1606996066.428481817
1606996066.528525352
1606996066.628157854
1606996066.728533745
1606996066.828459501
1606996066.928509235
1606996067.028094769
1606996067.128440142
1606996067.228477001
1606996067.328529358
1606996067.428487539
1606996067.528533459
1606996067.628493071
1606996067.728655815
1606996067.828491688
1606996067.928578854
1606996068.028521776
1606996068.128631830
1606996068.228579998
1606996068.328635693
1606996068.428600073
1606996068.528606892
1606996068.628492355
1606996068.728590727
1606996068.828549623
1606996068.928619385
1606996069.028566599
1606996069.128585577
1606996069.228532791
1606996069.328578234
1606996069.428554296
1606996069.528602123
1606996069.628458738
1606996069.728605747
1606996069.828526258
1606996069.928604126
1606996070.028524637
1606996070.128597736
1606996070.228522778
1606996070.328514099
1606996070.428547144
1606996070.528577328
1606996070.628557920
1606996070.728623152
1606996070.828581095
1606996070.928539515
1606996071.028464794
1606996071.128599167
1606996071.228556395
1606996071.328640223
1606996071.428553104
1606996071.528596640
1606996071.628569603
1606996071.728592873
1606996071.828575373
1606996071.928590298
1606996072.028498888
1606996072.128584862
1606996072.228532791
1606996072.328581095
1606996072.428533554
1606996072.528565168
1606996072.628538132
1606996072.728568316
1606996072.828365564
1606996072.928644419
1606996073.028594255
1606996073.128647804
1606996073.228480816
1606996073.328513145
1606996073.428554773
1606996073.528635025
1606996073.628458023
1606996073.728512764
1606996073.828570604
1606996073.928539276
1606996074.028576851
1606996074.128539324
1606996074.228545666
1606996074.328605413
1606996074.428367376
1606996074.528597832
1606996074.628566504
1606996074.728613853
1606996074.828564405
1606996074.928614378
1606996075.028490782
1606996075.128606558
1606996075.228149891
1606996075.328608036
1606996075.428565741
1606996075.528603554
1606996075.628433704
1606996075.728600740
1606996075.828554869
1606996075.928604841
1606996076.028553247
1606996076.128575087
1606996076.228517294
1606996076.328581095
1606996076.428550482
1606996076.528610706
1606996076.628523588
1606996076.728605509
1606996076.828541756
1606996076.928186655
1606996077.028584242
1606996077.128627300
1606996077.228577137
1606996077.328605652
1606996077.428590298
1606996077.528612852
1606996077.628482580
1606996077.728587627
1606996077.828419924
1606996077.928592682
1606996078.028528452
1606996078.128609896
1606996078.228525162
1606996078.328609943
1606996078.428551912
1606996078.528607845
1606996078.628478289
1606996078.728484631
1606996078.828521013
1606996078.928608179
1606996079.028524637
1606996079.128519535
1606996079.228528261
1606996079.328511238
1606996079.428558588
1606996079.528606653
1606996079.628349066
1606996079.728629351
1606996079.828545570
1606996079.928539991
1606996080.028549910
1606996080.128632069
1606996080.228577137
1606996080.328627825
1606996080.428542137
1606996080.528619528
1606996080.628549576
1606996080.728620291
1606996080.828541756
1606996080.928646803
1606996081.028537750
1606996081.128598928
1606996081.228557110
1606996081.328607082
1606996081.428548813
1606996081.528625011
1606996081.628464699
1606996081.728610277
1606996081.828553915
1606996081.928605080
1606996082.028554916
1606996082.128615379
1606996082.228550434
1606996082.328575611
1606996082.428467274
1606996082.528642416
1606996082.628580093
1606996082.728646755
1606996082.828580379
1606996082.928537607
1606996083.028547764
1606996083.128609180
1606996083.228585958
1606996083.328619719
1606996083.428578854
1606996083.528483152
1606996083.628567934
1606996083.728641987
1606996083.828540802
1606996083.928593159
1606996084.028550148
1606996084.128607035
1606996084.228550434
1606996084.328619242
1606996084.428410292
1606996084.528573275
1606996084.628527403
1606996084.728586197
1606996084.828549147
1606996084.928611040
1606996085.028539658
1606996085.128602028
1606996085.228554487
1606996085.328504324
1606996085.428550720
1606996085.528617144
1606996085.628462076
1606996085.728626251
1606996085.828582764
1606996085.928538322
1606996086.028577089
1606996086.128640890
1606996086.228491545
1606996086.328608513
1606996086.428566933
1606996086.528454304
1606996086.628538370
1606996086.728595972
1606996086.828559399
1606996086.928602934
1606996087.028528690
1606996087.128602505
1606996087.228549004
1606996087.328567982
1606996087.428548813
1606996087.528608084
1606996087.628550529
1606996087.728603125
1606996087.828397751
1606996087.928594589
1606996088.028545380
1606996088.128607273
1606996088.228546381
1606996088.328225851
1606996088.428557158
1606996088.528610468
1606996088.628459215
1606996088.728435040
1606996088.828474045
1606996088.928521633
1606996089.028490305
1606996089.128601551
1606996089.228482485
1606996089.328603745
1606996089.428538799
1606996089.528612614
1606996089.628236055
1606996089.728661537
1606996089.828623533
1606996089.928678513
1606996090.028568983
1606996090.128590822
1606996090.228527784
1606996090.328610897
1606996090.428557396
1606996090.528146505
1606996090.628529787
1606996090.728528261
1606996090.828471422
1606996090.928513765
1606996091.028472185
1606996091.128513098
1606996091.228553534
1606996091.328433514
1606996091.428362846
1606996091.528424501
1606996091.628463268
1606996091.728580713
1606996091.828556538
1606996091.928517580
1606996092.028539658
1606996092.128607035
1606996092.228558779
1606996092.328430176
1606996092.428558826
1606996092.528522730
1606996092.628520012
1606996092.728598595
1606996092.828552008
1606996092.928615570
1606996093.028574467
1606996093.128596306
1606996093.228561640
1606996093.328596592
1606996093.428549051
1606996093.528611660
1606996093.628473520
1606996093.728626728
1606996093.828563213
1606996093.928616762
1606996094.028534889
1606996094.128632784
1606996094.228549004
1606996094.328521252
1606996094.428446293
1606996094.528589964
1606996094.628557205
1606996094.728576183
1606996094.828411818
1606996094.928518772
1606996095.028543472
1606996095.128610373
1606996095.228555918
1606996095.328519344
1606996095.428549767
1606996095.528603315
1606996095.628551245
1606996095.728606701
1606996095.828562021
1606996095.928583860
1606996096.028551579
1606996096.128605127
1606996096.228561878
1606996096.328613281
1606996096.428554296
1606996096.528578758
1606996096.628523350
1606996096.728631973
1606996096.828579664
1606996096.928634644
1606996097.028585196
1606996097.128605843
1606996097.228576183
1606996097.328544140
1606996097.428573608
1606996097.528620720
1606996097.628491879
1606996097.728598595
1606996097.828565121
1606996097.928524733
1606996098.028567791
1606996098.128614426
1606996098.228555441
1606996098.328573465
1606996098.428399801
1606996098.528574467
1606996098.628547907
1606996098.728575945
1606996098.828472137
1606996098.928595781
1606996099.028548002
1606996099.128604174
1606996099.228556633
1606996099.328419685
1606996099.428568602
1606996099.528639078
1606996099.628550768
1606996099.728635788
1606996099.828580856
1606996099.928638220
1606996100.028589010
1606996100.128628254
1606996100.228576183
1606996100.328536987
1606996100.428568363
1606996100.528614998
1606996100.628443241
1606996100.728606462
1606996100.828556061
1606996100.928526402
1606996101.028569221
1606996101.128602028
1606996101.228534937
1606996101.328519344
1606996101.428548336
1606996101.528625727
1606996101.628459215
1606996101.728645086
1606996101.828169107
1606996101.928624153
1606996102.028551340
1606996102.128609180
1606996102.228457689
1606996102.328585625
1606996102.428551674
1606996102.528628111
1606996102.628529072
1606996102.728423119
1606996102.828553438
1606996102.928630829
1606996103.028581142
1606996103.128622770
1606996103.228285074
1606996103.328546286
1606996103.428498268
1606996103.528618813
1606996103.628409624
1606996103.728596687
1606996103.828588247
1606996103.928523302
1606996104.028335810
1606996104.128454924
1606996104.228554964
1606996104.328607321
1606996104.428548574
1606996104.528436422
1606996104.628460407
1606996104.728598356
1606996104.828551054
1606996104.928585291
1606996105.028538465
1606996105.128622770
1606996105.228549004
1606996105.328206778
1606996105.428555727
1606996105.528628111
1606996105.628461838
1606996105.728200912
1606996105.828574419
1606996105.928630114
1606996106.028586149
1606996106.128633738
1606996106.228153229
1606996106.328538179
1606996106.428572655
1606996106.528600454
1606996106.628149748
1606996106.728610516
1606996106.828586102
1606996106.928519249
1606996107.028528214
1606996107.128577232
1606996107.228553534
1606996107.328601837
1606996107.428464174
1606996107.528203487
1606996107.628565550
1606996107.728603840
1606996107.828549385
1606996107.928607464
1606996108.028524637
1606996108.128602982
1606996108.228545904
1606996108.328637123
1606996108.428355932
1606996108.528650045
1606996108.628476620
1606996108.728633642
1606996108.828557491
1606996108.928627729
1606996109.028578281
1606996109.128594875
1606996109.228574753
1606996109.328195095
1606996109.428540230
1606996109.528619766
1606996109.628143787
1606996109.728460073
1606996109.828542948
1606996109.928534269
1606996110.028551817
1606996110.128607035
1606996110.228373289
1606996110.328583717
1606996110.428547382
1606996110.528578758
1606996110.628330469
1606996110.728606701
1606996110.828467369
1606996110.928604126
1606996111.028562069
1606996111.128577948
1606996111.228553057
1606996111.328634739
1606996111.428521395
1606996111.528624773
1606996111.628577471
1606996111.728608847
1606996111.828554630
1606996111.928609610
1606996112.028504848
1606996112.128622293
1606996112.228549480
1606996112.328539133
1606996112.428276777
1606996112.528663397
1606996112.628536701
1606996112.728643417
1606996112.828557968
1606996112.928527594
1606996113.028549671
1606996113.128578901
1606996113.228528023
1606996113.328604221
1606996113.428554535
1606996113.528601408
1606996113.628465891
1606996113.728614807
1606996113.828542948
1606996113.928605556
1606996114.028525591
1606996114.128603220
1606996114.228463888
1606996114.328644753
1606996114.428570509
1606996114.528636932
1606996114.628580570
1606996114.728624582
1606996114.828580856
1606996114.928596735
1606996115.028558254
1606996115.128619671
1606996115.228564739
1606996115.328538418
1606996115.428361893
1606996115.528587103
1606996115.628537416
1606996115.728618145
1606996115.828529835
1606996115.928520203
1606996116.028544188
1606996116.128599882
1606996116.228547335
1606996116.328602076
1606996116.428526163
1606996116.528522015
1606996116.628465891
1606996116.728279114
1606996116.828523159
1606996116.928600311
1606996117.028548479
1606996117.128570318
1606996117.228399992
1606996117.328602076
1606996117.428574562
1606996117.528630733
1606996117.628403425
1606996117.728626490
1606996117.828562021
1606996117.928629160
1606996118.028567791
1606996118.128595114
1606996118.228558064
1606996118.328548193
1606996118.428562641
1606996118.528459549
1606996118.628533363
1606996118.728609800
1606996118.828553438
1606996118.928541660
1606996119.028466463
1606996119.128602266
1606996119.228460073
1606996119.328602076
1606996119.428459883
