1606994859.460953712
1606994859.561121702
1606994859.661092281
1606994859.760912657
1606994859.861071587
1606994859.961063147
1606994860.060984135
1606994860.160945892
1606994860.261060953
1606994860.361066103
1606994860.461068869
1606994860.561065674
1606994860.661062479
1606994860.761064529
1606994860.861068487
1606994860.961064100
1606994861.060964346
1606994861.160969496
1606994861.261060715
1606994861.361063957
1606994861.461072445
1606994861.561063528
1606994861.661064863
1606994861.760968447
1606994861.861061335
1606994861.961063623
1606994862.061034203
1606994862.161064148
1606994862.261062860
1606994862.361060143
1606994862.461060524
1606994862.561089754
1606994862.661073446
1606994862.761063814
1606994862.860916853
1606994862.961064339
1606994863.061049223
1606994863.161061049
1606994863.261063337
1606994863.361066341
1606994863.461064339
1606994863.561065197
1606994863.661053658
1606994863.761062860
1606994863.861065626
1606994863.961060047
1606994864.061065674
1606994864.160965681
1606994864.261061192
1606994864.361059666
1606994864.461065054
1606994864.561063528
1606994864.661067724
1606994864.760971308
1606994864.861061096
1606994864.960970402
1606994865.061060667
1606994865.161068678
1606994865.260982037
1606994865.361088991
1606994865.461079359
1606994865.561073303
1606994865.661065102
1606994865.761070490
1606994865.860970259
1606994865.960971355
1606994866.061064720
1606994866.160957575
1606994866.261068821
1606994866.361061096
1606994866.461051941
1606994866.561065674
1606994866.661060095
1606994866.761064291
1606994866.861062288
1606994866.960905313
1606994867.060969353
1606994867.160970449
1606994867.260957003
1606994867.360900164
1606994867.461067438
1606994867.561071396
1606994867.661073923
1606994867.761065483
1606994867.861066580
1606994867.960968971
1606994868.061067581
1606994868.161065578
1606994868.261093378
1606994868.361064434
1606994868.461068392
1606994868.561069489
1606994868.661067247
1606994868.761068583
1606994868.861067295
1606994868.961070538
1606994869.061067581
1606994869.161068201
1606994869.261060953
1606994869.361069679
1606994869.461065531
1606994869.561013460
1606994869.661064386
1606994869.760968208
1606994869.860912561
1606994869.961068153
1606994870.061070204
1606994870.160904169
1606994870.260908365
1606994870.361070156
1606994870.461070299
1606994870.561075211
1606994870.661043882
1606994870.760932446
1606994870.860937119
1606994870.961102724
1606994871.060921192
1606994871.161057949
1606994871.261072159
1606994871.360938072
1606994871.460995197
1606994871.560955286
1606994871.660936832
1606994871.760961294
1606994871.860970020
1606994871.960961342
1606994872.060938120
1606994872.161036015
1606994872.261033297
1606994872.361036062
1606994872.460979223
1606994872.561046124
1606994872.661039591
1606994872.760964155
1606994872.861037970
1606994872.961045742
1606994873.060966253
1606994873.160933256
1606994873.261044025
1606994873.361039877
1606994873.461032629
1606994873.561048269
1606994873.660965919
1606994873.761039734
1606994873.861051321
1606994873.960971594
1606994874.060964823
1606994874.160996675
1606994874.260998011
1606994874.361048698
1606994874.460970163
1606994874.560964823
1606994874.661055088
1606994874.761061668
1606994874.861054420
1606994874.960963249
1606994875.061056614
1606994875.160973310
1606994875.261059999
1606994875.361063719
1606994875.461052656
1606994875.560969830
1606994875.661060095
1606994875.761067390
1606994875.860964537
1606994875.960973740
1606994876.061050892
1606994876.161063194
1606994876.261047602
1606994876.361061335
1606994876.460972071
1606994876.561064482
1606994876.660973072
1606994876.760961056
1606994876.861070633
1606994876.961065292
1606994877.060979128
1606994877.160963297
1606994877.261063576
1606994877.361069441
1606994877.460931301
1606994877.561062336
1606994877.661063910
1606994877.761091471
1606994877.861091852
1606994877.961073160
1606994878.061064720
1606994878.161066771
1606994878.261063099
1606994878.361062288
1606994878.460963726
1606994878.560972691
1606994878.660969734
1606994878.761065960
1606994878.860933781
1606994878.961073160
1606994879.061068296
1606994879.161066532
1606994879.261041641
1606994879.361063957
1606994879.461063147
1606994879.561067343
1606994879.661070585
1606994879.761060238
1606994879.861043453
1606994879.961062670
1606994880.061064243
1606994880.161067009
1606994880.261065006
1606994880.361064911
1606994880.461047173
1606994880.561064005
1606994880.661067247
1606994880.761065483
1606994880.861068010
1606994880.961064816
1606994881.061058998
1606994881.161072493
1606994881.261065722
1606994881.361064196
1606994881.461067200
1606994881.561063290
1606994881.661046505
1606994881.761067390
1606994881.861063719
1606994881.961055517
1606994882.061090469
1606994882.160933256
1606994882.261044979
1606994882.361060619
1606994882.461062670
1606994882.561067343
1606994882.661065578
1606994882.760969639
1606994882.861061573
1606994882.961036205
1606994883.061063528
1606994883.161063910
1606994883.261062860
1606994883.360962152
1606994883.461067438
1606994883.560959339
1606994883.660928249
1606994883.761060953
1606994883.861064911
1606994883.960968256
1606994884.061061859
1606994884.161065340
1606994884.261065960
1606994884.361060858
1606994884.461063385
1606994884.560930014
1606994884.661060810
1606994884.761052608
1606994884.860970497
1606994884.960963488
1606994885.061060667
1606994885.160961390
1606994885.261039495
1606994885.361067057
1606994885.460938931
1606994885.561071634
1606994885.661066771
1606994885.761065483
1606994885.861066103
1606994885.961068392
1606994886.061070919
1606994886.161067486
1606994886.261067867
1606994886.361051559
1606994886.461069345
1606994886.561064482
1606994886.661068439
1606994886.761071682
1606994886.861049652
1606994886.961071253
1606994887.061071157
1606994887.161064863
1606994887.261068344
1606994887.361065865
1606994887.461061954
1606994887.561063290
1606994887.661065578
1606994887.761095047
1606994887.861077785
1606994887.961067915
1606994888.061064482
1606994888.161031485
1606994888.261030674
1606994888.361067295
1606994888.461065531
1606994888.560967684
1606994888.661066055
1606994888.761062145
1606994888.861066580
1606994888.960980892
1606994889.061068535
1606994889.161065817
1606994889.261064291
1606994889.361062288
1606994889.461061478
1606994889.561066628
1606994889.661067009
1606994889.761065722
1606994889.861065626
1606994889.961065531
1606994890.061064720
1606994890.161065102
1606994890.261064768
1606994890.361060619
1606994890.461066008
1606994890.561098099
1606994890.661091566
1606994890.761075735
1606994890.861063480
1606994890.961066723
1606994891.060959339
1606994891.161067724
1606994891.260941744
1606994891.361065388
1606994891.460969925
1606994891.561068058
1606994891.661061049
1606994891.761063337
1606994891.861063004
1606994891.960968256
1606994892.060960293
1606994892.161062479
1606994892.261064529
1606994892.360941410
1606994892.461066246
1606994892.561068535
1606994892.661062002
1606994892.761063814
1606994892.861062288
1606994892.961068630
1606994893.061071157
1606994893.161068678
1606994893.261061907
1606994893.361066580
1606994893.461090565
1606994893.561086893
1606994893.661073208
1606994893.761047363
1606994893.861067295
1606994893.961068153
1606994894.061072826
1606994894.160933018
1606994894.260984182
1606994894.361052275
1606994894.461066961
1606994894.561069012
1606994894.661068678
1606994894.761064291
1606994894.861071825
1606994894.961072922
1606994895.061067104
1606994895.161068201
1606994895.261066914
1606994895.361074209
1606994895.461066008
1606994895.561069012
1606994895.661068916
1606994895.761067629
1606994895.861065388
1606994895.961062193
1606994896.061069012
1606994896.161068916
1606994896.261087894
1606994896.361094713
1606994896.461072206
1606994896.561072588
1606994896.661068439
1606994896.761066675
1606994896.861036301
1606994896.961067200
1606994897.061057568
1606994897.161064148
1606994897.260945797
1606994897.361069918
1606994897.461063147
1606994897.560970545
1606994897.661062479
1606994897.761063099
1606994897.861064672
1606994897.961065292
1606994898.060930967
1606994898.160968065
1606994898.261062384
1606994898.361063719
1606994898.461063147
1606994898.561029911
1606994898.661064148
1606994898.760898590
1606994898.861061573
1606994898.961051226
1606994899.061066389
1606994899.161090136
1606994899.261099339
1606994899.361075401
1606994899.461066484
1606994899.561063766
1606994899.661067724
1606994899.761066675
1606994899.861043692
1606994899.961065769
1606994900.061065912
1606994900.161067963
1606994900.261061907
1606994900.361063242
1606994900.461069107
1606994900.561055899
1606994900.661062956
1606994900.761065006
1606994900.861069202
1606994900.961071253
1606994901.061067343
1606994901.161030531
1606994901.261071205
1606994901.361066818
1606994901.461062670
1606994901.561069012
1606994901.661067724
1606994901.761064053
1606994901.861068964
1606994901.961066723
1606994902.061090946
1606994902.161079168
1606994902.261072874
1606994902.361067772
1606994902.461068153
1606994902.561056852
1606994902.661043644
1606994902.760985374
1606994902.861049891
1606994902.961066723
1606994903.061069012
1606994903.161072016
1606994903.261054277
1606994903.361067772
1606994903.461070538
1606994903.561068773
1606994903.661066771
1606994903.760973930
1606994903.861067533
1606994903.961066961
1606994904.061069250
1606994904.161059380
1606994904.261070728
1606994904.361073732
1606994904.461060047
1606994904.561070442
1606994904.661055326
1606994904.761045694
1606994904.861068726
1606994904.961099386
1606994905.061076641
1606994905.161073208
1606994905.261067152
1606994905.361052513
1606994905.461065292
1606994905.560932398
1606994905.661068678
1606994905.761067867
1606994905.861067772
1606994905.960970879
1606994906.061067104
1606994906.161066055
1606994906.261050224
1606994906.361068726
1606994906.460966349
1606994906.561063051
1606994906.661065340
1606994906.761063814
1606994906.861069202
1606994906.961066723
1606994907.061035872
1606994907.161067724
1606994907.261066675
1606994907.361069202
1606994907.461060524
1606994907.561066151
1606994907.661069632
1606994907.761069059
1606994907.861092329
1606994907.961080074
1606994908.061047316
1606994908.161065340
1606994908.260979414
1606994908.361067295
1606994908.461070776
1606994908.560965061
1606994908.661065102
1606994908.761073828
1606994908.861063480
1606994908.960964918
1606994909.061070919
1606994909.161066055
1606994909.261043310
1606994909.361044168
1606994909.461065292
1606994909.561071396
1606994909.661068201
1606994909.761067390
1606994909.861069918
1606994909.961045027
1606994910.061069965
1606994910.161067963
1606994910.261066198
1606994910.361067772
1606994910.461066723
1606994910.561031818
1606994910.661103010
1606994910.761089563
1606994910.861076593
1606994910.961066246
1606994911.061066866
1606994911.161071539
1606994911.260974884
1606994911.361066103
1606994911.461047649
1606994911.561070204
1606994911.661072731
1606994911.760981083
1606994911.860960007
1606994911.961066008
1606994912.060936689
1606994912.160956383
1606994912.261047840
1606994912.360932827
1606994912.460964918
1606994912.560936213
1606994912.660979986
1606994912.760934591
1606994912.860983849
1606994912.960962772
1606994913.060935974
1606994913.161039829
1606994913.260977268
1606994913.360939026
1606994913.461036682
1606994913.560937881
1606994913.660935402
1606994913.760933161
1606994913.860903978
1606994913.960979939
1606994914.060960770
1606994914.160916805
1606994914.260969877
1606994914.360970497
1606994914.460901499
1606994914.560969353
1606994914.660970211
1606994914.760972261
1606994914.861052513
1606994914.960970163
1606994915.060969591
1606994915.160973072
1606994915.261034012
1606994915.360969543
1606994915.461054325
1606994915.560935020
1606994915.660970688
1606994915.761042356
1606994915.860970020
1606994915.961049795
1606994916.060972691
1606994916.161059618
1606994916.261052370
1606994916.361043453
1606994916.460972548
1606994916.561079979
1606994916.661062717
1606994916.760988235
1606994916.861057043
1606994916.960968971
1606994917.061046839
1606994917.161065340
1606994917.261066914
1606994917.361063242
1606994917.461058140
1606994917.561053276
1606994917.661030293
1606994917.761060476
1606994917.861056328
1606994917.961036921
1606994918.061073303
1606994918.160962582
1606994918.261030674
1606994918.360968828
1606994918.460969448
1606994918.560962439
1606994918.660972357
1606994918.760970354
1606994918.860970020
1606994918.960898638
1606994919.060878515
1606994919.161091089
1606994919.260972500
1606994919.360977650
1606994919.460963011
1606994919.560969114
1606994919.661067009
1606994919.761064768
1606994919.860968828
1606994919.960964441
1606994920.060970068
1606994920.160969257
1606994920.260973215
1606994920.360969782
1606994920.460961819
1606994920.561074495
1606994920.661032677
1606994920.761069775
1606994920.861065149
1606994920.961065531
1606994921.061065674
1606994921.161068678
1606994921.260913372
1606994921.361063242
1606994921.461063147
1606994921.561065197
1606994921.661065578
1606994921.761066437
1606994921.861060143
1606994921.961063623
1606994922.061064005
1606994922.160972595
1606994922.261091709
1606994922.360959291
1606994922.461069822
1606994922.560932159
1606994922.661064863
1606994922.761070728
1606994922.861065865
1606994922.961004734
1606994923.061062574
1606994923.161063194
1606994923.261063814
1606994923.361064196
1606994923.461062431
1606994923.561061382
1606994923.661066294
1606994923.760963917
1606994923.861064672
1606994923.961064100
1606994924.061063051
1606994924.161061525
1606994924.260902882
1606994924.361062527
1606994924.461065531
1606994924.561066628
1606994924.661046267
1606994924.761066198
1606994924.861067295
1606994924.961063147
1606994925.061087847
1606994925.161075830
1606994925.261064291
1606994925.361063719
1606994925.461066961
1606994925.561065435
1606994925.661041021
1606994925.761067152
1606994925.861060858
1606994925.961065054
1606994926.061064720
1606994926.161058664
1606994926.261065245
1606994926.360957623
1606994926.460962296
1606994926.560971498
1606994926.661072016
1606994926.760958910
1606994926.860962152
1606994926.960963488
1606994927.061067581
1606994927.161067724
1606994927.260938644
1606994927.361069679
1606994927.461067438
1606994927.561027527
1606994927.661062956
1606994927.761039495
1606994927.861065865
1606994927.960904837
1606994928.061088562
1606994928.161067247
1606994928.261068583
1606994928.361068726
1606994928.461066484
1606994928.561067581
1606994928.661072969
1606994928.761032104
1606994928.861067772
1606994928.961071968
1606994929.061063766
1606994929.160974503
1606994929.261001587
1606994929.361065865
1606994929.460963249
1606994929.561066151
1606994929.661066294
1606994929.761069298
1606994929.861068010
1606994929.961059332
1606994930.061067581
1606994930.161066532
1606994930.261073828
1606994930.361035109
1606994930.461038589
1606994930.561064005
1606994930.661068916
1606994930.761040449
1606994930.861070871
1606994930.961069107
1606994931.061061144
1606994931.161078691
1606994931.261069536
1606994931.361067533
1606994931.461070299
1606994931.561059952
1606994931.661068439
1606994931.761071205
1606994931.861091852
1606994931.961088657
1606994932.061073303
1606994932.160961151
1606994932.261068583
1606994932.361070395
1606994932.461067200
1606994932.561064959
1606994932.661070108
1606994932.761063814
1606994932.861069679
1606994932.961070776
1606994933.061066151
1606994933.161068439
1606994933.261064768
1606994933.361052275
1606994933.460961580
1606994933.561065674
1606994933.661068201
1606994933.761068344
1606994933.861063957
1606994933.961026192
1606994934.061066866
1606994934.161073446
1606994934.261065483
1606994934.361068249
1606994934.461072922
1606994934.561058521
1606994934.661065340
1606994934.760968685
1606994934.861066580
1606994934.961069107
1606994935.061071873
1606994935.161061287
1606994935.261054754
1606994935.361064911
1606994935.461069584
1606994935.561067104
1606994935.661031246
1606994935.761070967
1606994935.861066341
1606994935.961063862
1606994936.061069250
1606994936.161089659
1606994936.261081457
1606994936.361070395
1606994936.461064100
1606994936.561065435
1606994936.661069393
1606994936.761066437
1606994936.861074209
1606994936.961066484
1606994937.061066151
1606994937.161070347
1606994937.261065722
1606994937.361063004
1606994937.461067438
1606994937.561064720
1606994937.661060095
1606994937.761049271
1606994937.861032724
1606994937.960935593
1606994938.061061621
1606994938.161067724
1606994938.260967970
1606994938.361065865
1606994938.461066961
1606994938.561069012
1606994938.661059141
1606994938.761065960
1606994938.861071587
1606994938.961066723
1606994939.061091661
1606994939.160939693
1606994939.261058807
1606994939.361064672
1606994939.461063385
1606994939.561066151
1606994939.661067009
1606994939.761071205
1606994939.861063480
1606994939.961064339
1606994940.061067820
1606994940.161067009
1606994940.261067629
1606994940.361066103
1606994940.461056471
1606994940.561065674
1606994940.661067724
1606994940.761066675
1606994940.861068964
1606994940.960974932
1606994941.061065912
1606994941.161064148
1606994941.261067152
1606994941.361062050
1606994941.461066961
1606994941.561042786
1606994941.661065102
1606994941.761067390
1606994941.861077547
1606994941.961091757
1606994942.061065674
1606994942.161069393
1606994942.261067390
1606994942.361061811
1606994942.461066961
1606994942.560960293
1606994942.661060572
1606994942.761064529
1606994942.861061811
1606994942.961065769
1606994943.061065197
1606994943.160969019
1606994943.261061907
1606994943.361060858
1606994943.461069584
1606994943.561064959
1606994943.661066532
1606994943.761068821
1606994943.861060619
1606994943.961041927
1606994944.061067104
1606994944.161065578
1606994944.261067390
1606994944.360879660
1606994944.461061478
1606994944.561065197
1606994944.661068916
1606994944.761063814
1606994944.861090899
1606994944.961058617
1606994945.060968637
1606994945.161063194
1606994945.261030197
1606994945.361061573
1606994945.461065531
1606994945.561034918
1606994945.661062241
1606994945.761065722
1606994945.861065865
1606994945.961067200
1606994946.061033487
1606994946.161063433
1606994946.261068344
1606994946.361063480
1606994946.461065054
1606994946.561072826
1606994946.661063910
1606994946.761065006
1606994946.861034155
1606994946.961063385
1606994947.061064005
1606994947.161068916
1606994947.261059761
1606994947.361053467
1606994947.461066723
1606994947.561063528
1606994947.661087990
1606994947.761073112
1606994947.861068487
1606994947.961065054
1606994948.061065435
1606994948.161063433
1606994948.261063337
1606994948.361025810
1606994948.461062908
1606994948.561063766
1606994948.661063433
1606994948.761064291
1606994948.861065626
1606994948.961019039
1606994949.061062574
1606994949.161065578
1606994949.261069536
1606994949.361063719
1606994949.461064339
1606994949.560955048
1606994949.661071062
1606994949.761063576
1606994949.861066103
1606994949.961072683
1606994950.061034679
1606994950.161067247
1606994950.261067629
1606994950.361064911
1606994950.460897446
1606994950.561096191
1606994950.661084890
1606994950.761072636
1606994950.861068487
1606994950.961067438
1606994951.061064959
1606994951.161071301
1606994951.261064768
1606994951.361061096
1606994951.461074829
1606994951.561065197
1606994951.661064863
1606994951.761065483
1606994951.860969543
1606994951.960968971
1606994952.061066866
1606994952.161065817
1606994952.261066437
1606994952.361066818
1606994952.460970640
1606994952.561070919
1606994952.661057711
1606994952.761027098
1606994952.861069202
1606994952.960972548
1606994953.060918093
1606994953.161024332
1606994953.261076927
1606994953.361063719
1606994953.460985661
1606994953.561093807
1606994953.660970449
1606994953.760947704
1606994953.861067295
1606994953.961066008
1606994954.061069012
1606994954.161072969
1606994954.261004686
1606994954.360904694
1606994954.460972071
1606994954.560969353
1606994954.661026001
1606994954.760906219
1606994954.860907555
1606994954.960906267
1606994955.060930252
1606994955.160947800
1606994955.260977745
1606994955.360905170
1606994955.460928202
1606994955.560971498
1606994955.661036491
1606994955.761027098
1606994955.860966921
1606994955.961032391
1606994956.060931683
1606994956.161050320
1606994956.261041164
1606994956.361028671
1606994956.461022139
1606994956.561050653
1606994956.661049604
1606994956.761039972
1606994956.860954285
1606994956.960967302
1606994957.060900927
1606994957.161036730
1606994957.261036158
1606994957.361049175
1606994957.461033344
1606994957.561064720
1606994957.660970926
1606994957.760959864
1606994957.860967636
1606994957.960959673
1606994958.061010122
1606994958.160965443
1606994958.261052608
1606994958.361057520
1606994958.461046696
1606994958.561054945
1606994958.660964727
1606994958.761055946
1606994958.861052990
1606994958.961062193
1606994959.061029673
1606994959.161066055
1606994959.261083126
1606994959.361081362
