1606995069.368249178
1606995069.468532085
1606995069.568842411
1606995069.669146299
1606995069.769432306
1606995069.869734287
1606995069.970036983
1606995070.070356846
1606995070.170565128
1606995070.270840645
1606995070.371152163
1606995070.471456528
1606995070.571655989
1606995070.671993256
1606995070.772200346
1606995070.872499228
1606995070.972801685
1606995071.073103905
1606995071.173409224
1606995071.273617506
1606995071.373912811
1606995071.474125385
1606995071.574437857
1606995071.674584150
1606995071.774854660
1606995071.875025034
1606995071.975282192
1606995072.075590372
1606995072.175907373
1606995072.276209593
1606995072.376407623
1606995072.476710320
1606995072.576906681
1606995072.677211285
1606995072.777438402
1606995072.877740145
1606995072.977946997
1606995073.078281879
1606995073.178439617
1606995073.278579235
1606995073.378882885
1606995073.479185581
1606995073.579447508
1606995073.679746628
1606995073.780008554
1606995073.880283594
1606995073.980553865
1606995074.080852270
1606995074.181059837
1606995074.281347990
1606995074.381680250
1606995074.481983185
1606995074.582207680
1606995074.682522774
1606995074.782721281
1606995074.882934809
1606995074.983134985
1606995075.083415508
1606995075.183721066
1606995075.284033775
1606995075.384357452
1606995075.484644651
1606995075.584950209
1606995075.685279846
1606995075.785491467
1606995075.885792255
1606995075.986103773
1606995076.086409092
1606995076.186712503
1606995076.287017345
1606995076.387226105
1606995076.487438917
1606995076.587677240
1606995076.687985420
1606995076.788293839
1606995076.888575792
1606995076.988928080
1606995077.089236259
1606995077.189565897
1606995077.289869785
1606995077.390174389
1606995077.490450382
1606995077.590623379
1606995077.690903187
1606995077.791209936
1606995077.891486168
1606995077.991683960
1606995078.091983795
1606995078.192293644
1606995078.292608976
1606995078.392770052
1606995078.492976665
1606995078.593289375
1606995078.693599939
1606995078.793904543
1606995078.894083977
1606995078.994272232
1606995079.094510078
1606995079.194726706
1606995079.294904709
1606995079.395112753
1606995079.495391607
1606995079.595681429
1606995079.695976973
1606995079.796156168
1606995079.896463633
1606995079.996767282
1606995080.097072124
1606995080.197370291
1606995080.297675133
1606995080.397974968
1606995080.498318911
1606995080.598458052
1606995080.698624849
1606995080.798833370
1606995080.899070978
1606995080.999279022
1606995081.099485159
1606995081.199771881
1606995081.300064802
1606995081.400362730
1606995081.500665188
1606995081.600967169
1606995081.701265335
1606995081.801567078
1606995081.901767492
1606995082.002097368
1606995082.102405787
1606995082.202681303
1606995082.302984715
1606995082.403263092
1606995082.503566027
1606995082.603856802
1606995082.704161406
1606995082.804493904
1606995082.904797077
1606995083.005101442
1606995083.105385303
1606995083.205687284
1606995083.305992842
1606995083.406298399
1606995083.506601095
1606995083.606895447
1606995083.707199335
1606995083.807487011
1606995083.907794237
1606995084.008089304
1606995084.108393669
1606995084.208698273
1606995084.309003353
1606995084.409171581
1606995084.509384632
1606995084.609598160
1606995084.709739447
1606995084.809950590
1606995084.910158396
1606995085.010454416
1606995085.110681534
1606995085.210898161
1606995085.311106682
1606995085.411318541
1606995085.511549473
1606995085.611762524
1606995085.712055206
1606995085.812353611
1606995085.912656784
1606995086.012983799
1606995086.113257408
1606995086.213488102
1606995086.313816071
1606995086.414122820
1606995086.514441252
1606995086.614598036
1606995086.714802504
1606995086.815011740
1606995086.915237904
1606995087.015443563
1606995087.115751743
1606995087.215965033
1606995087.316161871
1606995087.416475296
1606995087.516805410
1606995087.617108822
1606995087.717280626
1606995087.817611456
1606995087.917915583
1606995088.018219948
1606995088.118447304
1606995088.218750477
1606995088.318965912
1606995088.419272423
1606995088.519577265
1606995088.619868279
1606995088.720157623
1606995088.820434570
1606995088.920740128
1606995089.021073103
1606995089.121376514
1606995089.221682072
1606995089.321972132
1606995089.422276974
1606995089.522579670
1606995089.622738123
1606995089.722963572
1606995089.823088884
1606995089.923260689
1606995090.023493767
1606995090.123632669
1606995090.223839045
1606995090.324107647
1606995090.424397230
1606995090.524678946
1606995090.624978542
1606995090.725285292
1606995090.825503111
1606995090.925814390
1606995091.026117086
1606995091.126422882
1606995091.226697922
1606995091.326968670
1606995091.427273989
1606995091.527580500
1606995091.627884865
1606995091.728208542
1606995091.828515768
1606995091.928824902
1606995092.029130220
1606995092.129434824
1606995092.229742765
1606995092.330048323
1606995092.430366516
1606995092.530574083
1606995092.630876064
1606995092.731177807
1606995092.831387520
1606995092.931597948
1606995093.031886101
1606995093.132187843
1606995093.232490301
1606995093.332787037
1606995093.433091640
1606995093.533415556
1606995093.633720398
1606995093.734021902
1606995093.834330082
1606995093.934635639
1606995094.034808636
1606995094.135113716
1606995094.235395432
1606995094.335684299
1606995094.435967445
1606995094.536272764
1606995094.636576414
1606995094.736907244
1606995094.837193966
1606995094.937365055
1606995095.037719250
1606995095.137892485
1606995095.238069057
1606995095.338212967
1606995095.438427687
1606995095.538716793
1606995095.639010191
1606995095.739288330
1606995095.839574575
1606995095.939879894
1606995096.040184736
1606995096.140489340
1606995096.240777731
1606995096.341079473
1606995096.441405296
1606995096.541707754
1606995096.642015219
1606995096.742324829
1606995096.842599869
1606995096.942904472
1606995097.043183327
1606995097.143487692
1606995097.243799210
1606995097.344101667
1606995097.444402933
1606995097.544710398
1606995097.645015240
1606995097.745320559
1606995097.845626593
1606995097.945931673
1606995098.046256542
1606995098.146564960
1606995098.246900558
1606995098.347115278
1606995098.447398424
1606995098.547709703
1606995098.648018599
1606995098.748322964
1606995098.848603010
1606995098.948874712
1606995099.049184322
1606995099.149487734
1606995099.249791145
1606995099.350115776
1606995099.450425863
1606995099.550726891
1606995099.651029825
1606995099.751313925
1606995099.851600647
1606995099.951891422
1606995100.052190304
1606995100.152513742
1606995100.252740383
1606995100.353027821
1606995100.453243732
1606995100.553547382
1606995100.653831005
1606995100.754125834
1606995100.854345083
1606995100.954480410
1606995101.054658175
1606995101.154793739
1606995101.254961491
1606995101.355170250
1606995101.455450058
1606995101.555738926
1606995101.656033993
1606995101.756330729
1606995101.856627941
1606995101.956934452
1606995102.057261944
1606995102.157564402
1606995102.257873058
1606995102.358181715
1606995102.458443642
1606995102.558750391
1606995102.659054756
1606995102.759279966
1606995102.859488726
1606995102.959775686
1606995103.060070038
1606995103.160369873
1606995103.260639668
1606995103.360939264
1606995103.461242437
1606995103.561547518
1606995103.661851883
1606995103.762178898
1606995103.862484694
1606995103.962791681
1606995104.063094616
1606995104.163382769
1606995104.263686895
1606995104.363990545
1606995104.464286089
1606995104.564482450
1606995104.664785385
1606995104.765116692
1606995104.865413427
1606995104.965716839
1606995105.066017866
1606995105.166330814
1606995105.266566277
1606995105.366840363
1606995105.466974497
1606995105.567113400
1606995105.667285204
1606995105.767486572
1606995105.867659807
1606995105.967868567
1606995106.068078995
1606995106.168367624
1606995106.268486977
1606995106.368344784
1606995106.468391418
1606995106.568480968
1606995106.668478966
1606995106.768379211
1606995106.868462086
1606995106.968489647
1606995107.068396330
1606995107.168481827
1606995107.268458843
1606995107.368490934
1606995107.468483925
1606995107.568489790
1606995107.668497562
1606995107.768482208
1606995107.868487835
1606995107.968488693
1606995108.068492889
1606995108.168512821
1606995108.268516064
1606995108.368394375
1606995108.468477964
1606995108.568464756
1606995108.668487787
1606995108.768487215
1606995108.868488550
1606995108.968494177
1606995109.068492651
1606995109.168496609
1606995109.268494368
1606995109.368489265
1606995109.468488932
1606995109.568488359
1606995109.668488264
1606995109.768453598
1606995109.868490219
1606995109.968490124
1606995110.068488359
1606995110.168494463
1606995110.268341541
1606995110.368466139
1606995110.468493462
1606995110.568491936
1606995110.668497562
1606995110.768375397
1606995110.868488550
1606995110.968485832
1606995111.068485975
1606995111.168505669
1606995111.268478632
1606995111.368491173
1606995111.468482971
1606995111.568460941
1606995111.668493748
1606995111.768486738
1606995111.868486881
1606995111.968487978
1606995112.068389654
1606995112.168487310
1606995112.268492699
1606995112.368491650
1606995112.468384743
1606995112.568493366
1606995112.668486834
1606995112.768486977
1606995112.868492126
1606995112.968484879
1606995113.068487644
1606995113.168486595
1606995113.268326283
1606995113.368487597
1606995113.468488455
1606995113.568456650
1606995113.668486834
1606995113.768494129
1606995113.868458986
1606995113.968484402
1606995114.068515301
1606995114.168386459
1606995114.268491983
1606995114.368489027
1606995114.468452930
1606995114.568489075
1606995114.668493032
1606995114.768487215
1606995114.868485212
1606995114.968493223
1606995115.068394184
1606995115.168487787
1606995115.268495083
1606995115.368485689
1606995115.468369484
1606995115.568486929
1606995115.668402910
1606995115.768488407
1606995115.868493319
1606995115.968471050
1606995116.068488121
1606995116.168487549
1606995116.268398523
1606995116.368484259
1606995116.468491793
1606995116.568486929
1606995116.668487787
1606995116.768489838
1606995116.868395090
1606995116.968516827
1606995117.068508863
1606995117.168494225
1606995117.268489599
1606995117.368494034
1606995117.468461752
1606995117.568490267
1606995117.668485641
1606995117.768489599
1606995117.868491411
1606995117.968487978
1606995118.068487644
1606995118.168487072
1606995118.268489122
1606995118.368489981
1606995118.468488216
1606995118.568454027
1606995118.668485880
1606995118.768486023
1606995118.868494034
1606995118.968485355
1606995119.068487406
1606995119.168487072
1606995119.268493652
1606995119.368487597
1606995119.468493700
1606995119.568485975
1606995119.668460369
1606995119.768489361
1606995119.868515015
1606995119.968508959
1606995120.068498611
1606995120.168484926
1606995120.268491268
1606995120.368489981
1606995120.468489170
1606995120.568488836
1606995120.668488026
1606995120.768484592
1606995120.868485928
1606995120.968484163
1606995121.068489075
1606995121.168387890
1606995121.268491745
1606995121.368488550
1606995121.468468189
1606995121.568480492
1606995121.668467283
1606995121.768452644
1606995121.868446589
1606995121.968455315
1606995122.068490267
1606995122.168492794
1606995122.268489361
1606995122.368487358
1606995122.468490601
1606995122.568346500
1606995122.668491602
1606995122.768490076
1606995122.868510485
1606995122.968360662
1606995123.068477154
1606995123.168492079
1606995123.268490553
1606995123.368490934
1606995123.468491793
1606995123.568488598
1606995123.668485880
1606995123.768490553
1606995123.868490696
1606995123.968491316
1606995124.068490267
1606995124.168456793
1606995124.268488884
1606995124.368489981
1606995124.468491077
1606995124.568493605
1606995124.668488026
1606995124.768460989
1606995124.868493080
1606995124.968490601
1606995125.068490028
1606995125.168386459
1606995125.268485308
1606995125.368471384
1606995125.468489408
1606995125.568386316
1606995125.668499708
1606995125.768483400
1606995125.868474007
1606995125.968487978
1606995126.068391323
1606995126.168494701
1606995126.268490791
1606995126.368488550
1606995126.468388319
1606995126.568488836
1606995126.668489218
1606995126.768507481
1606995126.868520260
1606995126.968484640
1606995127.068494081
1606995127.168490171
1606995127.268492460
1606995127.368489265
1606995127.468490601
1606995127.568458796
1606995127.668485641
1606995127.768487692
1606995127.868488550
1606995127.968491077
1606995128.068490744
1606995128.168473721
1606995128.268490076
1606995128.368489742
1606995128.468492508
1606995128.568490505
1606995128.668488979
1606995128.768472910
1606995128.868491173
1606995128.968493223
1606995129.068487883
1606995129.168488979
1606995129.268399239
1606995129.368381500
1606995129.468486786
1606995129.568381071
1606995129.668490887
1606995129.768489122
1606995129.868495226
1606995129.968465567
1606995130.068486691
1606995130.168491602
1606995130.268486261
1606995130.368491411
1606995130.468489647
1606995130.568485260
1606995130.668488503
1606995130.768489361
1606995130.868472815
1606995130.968492270
1606995131.068517447
1606995131.168488503
1606995131.268500566
1606995131.368491173
1606995131.468484402
1606995131.568488836
1606995131.668488026
1606995131.768484592
1606995131.868487358
1606995131.968490839
1606995132.068483353
1606995132.168491125
1606995132.268458128
1606995132.368488073
1606995132.468452215
1606995132.568494320
1606995132.668487787
1606995132.768489838
1606995132.868482828
1606995132.968498468
1606995133.068399906
1606995133.168399572
1606995133.268384695
1606995133.368495464
1606995133.468490362
1606995133.568490744
1606995133.668491125
1606995133.768492699
1606995133.868489742
1606995133.968477249
1606995134.068518400
1606995134.168504238
1606995134.268496752
1606995134.368490458
1606995134.468489170
1606995134.568487883
1606995134.668492317
1606995134.768400908
1606995134.868489027
1606995134.968477964
1606995135.068462610
1606995135.168491840
1606995135.268492937
1606995135.368493319
1606995135.468488455
1606995135.568491697
1606995135.668429613
1606995135.768490076
1606995135.868491411
1606995135.968489885
1606995136.068489552
1606995136.168492794
1606995136.268489838
1606995136.368488550
1606995136.468492985
1606995136.568489075
1606995136.668489218
1606995136.768487692
1606995136.868499994
1606995136.968514681
1606995137.068511009
1606995137.168497324
1606995137.268490076
1606995137.368492126
1606995137.468380928
1606995137.568488836
1606995137.668491364
1606995137.768485546
1606995137.868490934
1606995137.968490124
1606995138.068483114
1606995138.168490887
1606995138.268386364
1606995138.368475199
1606995138.468456984
1606995138.568492651
1606995138.668486834
1606995138.768490076
1606995138.868491411
1606995138.968493700
1606995139.068385839
1606995139.168462038
1606995139.268326283
1606995139.368502378
1606995139.468489885
1606995139.568486929
1606995139.668490171
1606995139.768493652
1606995139.868515968
1606995139.968518496
1606995140.068490267
1606995140.168489456
1606995140.268489361
1606995140.368490934
1606995140.468490839
1606995140.568490982
1606995140.668408632
1606995140.768482685
1606995140.868484974
1606995140.968485355
1606995141.068486691
1606995141.168489218
1606995141.268394232
1606995141.368483543
1606995141.468484163
1606995141.568485975
1606995141.668484449
1606995141.768381357
1606995141.868493557
1606995141.968484879
1606995142.068491936
1606995142.168485403
1606995142.268389463
1606995142.368392944
1606995142.468392134
1606995142.568494320
1606995142.668488741
1606995142.768519163
1606995142.868519783
1606995142.968321800
1606995143.068487644
1606995143.168327093
1606995143.268485308
1606995143.368358850
1606995143.468359709
1606995143.568359375
1606995143.668355942
1606995143.768362522
1606995143.868337393
1606995143.968357563
1606995144.068355799
1606995144.168360472
1606995144.268334150
1606995144.368393183
1606995144.468328714
1606995144.568349600
1606995144.668387890
1606995144.768392563
1606995144.868328333
1606995144.968359947
1606995145.068454504
1606995145.168355227
1606995145.268355131
1606995145.368354559
1606995145.468372822
1606995145.568462849
1606995145.668400764
1606995145.768455029
1606995145.868385315
1606995145.968477964
1606995146.068464518
1606995146.168469906
1606995146.268379211
1606995146.368462563
1606995146.468478680
1606995146.568355083
1606995146.668463469
1606995146.768460274
1606995146.868332863
1606995146.968474150
1606995147.068450451
1606995147.168459177
1606995147.268473148
1606995147.368462801
1606995147.468387365
1606995147.568478107
1606995147.668473244
1606995147.768477678
1606995147.868472338
1606995147.968482971
1606995148.068482161
1606995148.168472290
1606995148.268473625
1606995148.368387461
1606995148.468474627
1606995148.568482399
1606995148.668475866
1606995148.768510342
1606995148.868486881
1606995148.968488932
1606995149.068489552
1606995149.168489933
1606995149.268359423
1606995149.368486643
1606995149.468358755
1606995149.568489075
1606995149.668490410
1606995149.768487453
1606995149.868483782
1606995149.968490362
1606995150.068493128
1606995150.168488026
1606995150.268455744
1606995150.368488073
1606995150.468386173
1606995150.568485260
1606995150.668482542
1606995150.768489361
1606995150.868490219
1606995150.968489170
1606995151.068489313
1606995151.168489695
1606995151.268473387
1606995151.368488550
1606995151.468490362
1606995151.568516493
1606995151.668513775
1606995151.768497705
1606995151.868487120
1606995151.968488455
1606995152.068489552
1606995152.168486357
1606995152.268351078
1606995152.368457794
1606995152.468488693
1606995152.568489313
1606995152.668353796
1606995152.768485546
1606995152.868461132
1606995152.968488693
1606995153.068488836
1606995153.168394327
1606995153.268491745
1606995153.368462324
1606995153.468488693
1606995153.568359375
1606995153.668487072
1606995153.768486261
1606995153.868499279
1606995153.968490362
1606995154.068491936
1606995154.168501139
1606995154.268486977
1606995154.368488789
1606995154.468493462
1606995154.568515301
1606995154.668497562
1606995154.768496513
1606995154.868489504
1606995154.968489885
1606995155.068499327
1606995155.168487072
1606995155.268486977
1606995155.368491650
1606995155.468488216
1606995155.568486691
1606995155.668498755
1606995155.768478394
1606995155.868486166
1606995155.968467474
1606995156.068489075
1606995156.168486834
1606995156.268467903
1606995156.368488550
1606995156.468484879
1606995156.568471670
1606995156.668401480
1606995156.768361568
1606995156.868460894
1606995156.968489647
1606995157.068356514
1606995157.168491840
1606995157.268488884
1606995157.368383646
1606995157.468507528
1606995157.568505049
1606995157.668502331
1606995157.768489838
1606995157.868403196
1606995157.968488932
1606995158.068494320
1606995158.168491364
1606995158.268488884
1606995158.368494272
1606995158.468489170
1606995158.568492174
1606995158.668488026
1606995158.768490553
1606995158.868490696
1606995158.968497515
1606995159.068485022
1606995159.168453455
1606995159.268493891
1606995159.368489742
1606995159.468484879
1606995159.568390608
1606995159.668485165
1606995159.768486738
1606995159.868489742
1606995159.968486071
1606995160.068488121
1606995160.168488979
1606995160.268485069
1606995160.368470192
1606995160.468506813
1606995160.568496943
1606995160.668486118
1606995160.768485069
1606995160.868484735
1606995160.968414307
1606995161.068493605
1606995161.168486357
1606995161.268486738
1606995161.368493319
1606995161.468482256
1606995161.568466902
1606995161.668488979
1606995161.768486023
1606995161.868485212
1606995161.968488932
1606995162.068484306
1606995162.168457031
1606995162.268481016
1606995162.368478537
1606995162.468475342
1606995162.568474293
1606995162.668471575
1606995162.768392563
1606995162.868398428
1606995162.968392134
1606995163.068392038
1606995163.168382883
1606995163.268321514
1606995163.368539095
1606995163.468502522
1606995163.568477631
1606995163.668480635
1606995163.768483877
1606995163.868478298
1606995163.968489647
1606995164.068495512
1606995164.168495655
1606995164.268491507
1606995164.368383646
1606995164.468472004
1606995164.568485737
1606995164.668484926
1606995164.768393278
1606995164.868489265
1606995164.968358994
1606995165.068389654
1606995165.168490410
1606995165.268473625
1606995165.368486404
1606995165.468488216
1606995165.568467140
1606995165.668490648
1606995165.768391132
1606995165.868488073
1606995165.968493223
1606995166.068492889
1606995166.168355703
1606995166.268517733
1606995166.368510485
1606995166.468503952
1606995166.568490744
1606995166.668490171
1606995166.768464804
1606995166.868487597
1606995166.968491316
1606995167.068490505
1606995167.168491602
1606995167.268491745
1606995167.368354797
1606995167.468485832
1606995167.568489790
1606995167.668493032
1606995167.768489838
1606995167.868467808
1606995167.968491077
1606995168.068482876
1606995168.168490648
1606995168.268491268
1606995168.368492603
1606995168.468493223
1606995168.568487883
1606995168.668486595
1606995168.768361330
1606995168.868485212
1606995168.968494415
1606995169.068485022
1606995169.168355703
1606995169.268509865
1606995169.368498802
