1606994549.453683376
1606994549.553551912
1606994549.653640985
1606994549.753669977
1606994549.853641510
1606994549.953541040
1606994550.053675175
1606994550.153675079
1606994550.253641605
1606994550.353667974
1606994550.453674078
1606994550.553669691
1606994550.653671741
1606994550.753676414
1606994550.853542089
1606994550.953699112
1606994551.053701639
1606994551.153681755
1606994551.253538847
1606994551.353590727
1606994551.453581333
1606994551.553570747
1606994551.653585672
1606994551.753512144
1606994551.853569031
1606994551.953574181
1606994552.053539276
1606994552.153565168
1606994552.253507614
1606994552.353615999
1606994552.453571796
1606994552.553676367
1606994552.653568745
1606994552.753574610
1606994552.853659868
1606994552.953667641
1606994553.053540468
1606994553.153673649
1606994553.253674507
1606994553.353668451
1606994553.453675747
1606994553.553664446
1606994553.653674126
1606994553.753673553
1606994553.853538513
1606994553.953507423
1606994554.053690195
1606994554.153662682
1606994554.253670216
1606994554.353675365
1606994554.453557253
1606994554.553566456
1606994554.653547764
1606994554.753539801
1606994554.853535414
1606994554.953545570
1606994555.053535461
1606994555.153567314
1606994555.253512621
1606994555.353569984
1606994555.453510761
1606994555.553648949
1606994555.653513908
1606994555.753678322
1606994555.853657007
1606994555.953682184
1606994556.053510427
1606994556.153508902
1606994556.253509760
1606994556.353570938
1606994556.453538418
1606994556.553535700
1606994556.653535843
1606994556.753578186
1606994556.853570700
1606994556.953577518
1606994557.053568363
1606994557.153577089
1606994557.253524542
1606994557.353592873
1606994557.453584909
1606994557.553576946
1606994557.653583288
1606994557.753578663
1606994557.853576422
1606994557.953582764
1606994558.053528309
1606994558.153578281
1606994558.253577232
1606994558.353577137
1606994558.453572750
1606994558.553576231
1606994558.653579235
1606994558.753577232
1606994558.853576183
1606994558.953580141
1606994559.053580999
1606994559.153582335
1606994559.253571987
1606994559.353577137
1606994559.453576326
1606994559.553575993
1606994559.653535843
1606994559.753507376
1606994559.853593349
1606994559.953701496
1606994560.053686142
1606994560.153668404
1606994560.253558159
1606994560.353589296
1606994560.453655720
1606994560.553654194
1606994560.653655052
1606994560.753666401
1606994560.853662729
1606994560.953664541
1606994561.053660393
1606994561.153658390
1606994561.253574848
1606994561.353672504
1606994561.453666449
1606994561.553670645
1606994561.653538227
1606994561.753648520
1606994561.853570700
1606994561.953545332
1606994562.053669930
1606994562.153666019
1606994562.253670931
1606994562.353670359
1606994562.453575611
1606994562.553541899
1606994562.653663397
1606994562.753669739
1606994562.853669882
1606994562.953688145
1606994563.053685188
1606994563.153676987
1606994563.253672361
1606994563.353584051
1606994563.453672409
1606994563.553673744
1606994563.653658152
1606994563.753674984
1606994563.853671312
1606994563.953671694
1606994564.053668976
1606994564.153671265
1606994564.253637075
1606994564.353671551
1606994564.453541279
1606994564.553671360
1606994564.653570414
1606994564.753672123
1606994564.853532791
1606994564.953668833
1606994565.053669453
1606994565.153670073
1606994565.253590822
1606994565.353669882
1606994565.453673601
1606994565.553567648
1606994565.653672457
1606994565.753669262
1606994565.853669882
1606994565.953696489
1606994566.053685665
1606994566.153674841
1606994566.253672838
1606994566.353677034
1606994566.453670025
1606994566.553671360
1606994566.653682232
1606994566.753672123
1606994566.853537083
1606994566.953675032
1606994567.053669930
1606994567.153670549
1606994567.253582001
1606994567.353670597
1606994567.453671455
1606994567.553675890
1606994567.653670549
1606994567.753675222
1606994567.853672028
1606994567.953664780
1606994568.053670645
1606994568.153578043
1606994568.253674507
1606994568.353677034
1606994568.453675508
1606994568.553674221
1606994568.653573275
1606994568.753667593
1606994568.853669167
1606994568.953511477
1606994569.053678513
1606994569.153670788
1606994569.253676176
1606994569.353668213
1606994569.453676701
1606994569.553544521
1606994569.653672457
1606994569.753674269
1606994569.853677988
1606994569.953675032
1606994570.053676844
1606994570.153675795
1606994570.253658295
1606994570.353677273
1606994570.453675508
1606994570.553676605
1606994570.653676271
1606994570.753652096
1606994570.853547096
1606994570.953677177
1606994571.053674698
1606994571.153671980
1606994571.253677845
1606994571.353670597
1606994571.453673363
1606994571.553680182
1606994571.653575897
1606994571.753673792
1606994571.853643656
1606994571.953701019
1606994572.053689480
1606994572.153675318
1606994572.253679514
1606994572.353671312
1606994572.453660727
1606994572.553572178
1606994572.653676510
1606994572.753671646
1606994572.853674650
1606994572.953652143
1606994573.053580761
1606994573.153677940
1606994573.253674984
1606994573.353671551
1606994573.453540564
1606994573.553679943
1606994573.653673172
1606994573.753671646
1606994573.853647709
1606994573.953654766
1606994574.053674698
1606994574.153673887
1606994574.253673077
1606994574.353569031
1606994574.453676224
1606994574.553675413
1606994574.653668404
1606994574.753671169
1606994574.853674173
1606994574.953699827
1606994575.053684473
1606994575.153671503
1606994575.253543854
1606994575.353674173
1606994575.453673840
1606994575.553678751
1606994575.653644085
1606994575.753671885
1606994575.853677273
1606994575.953677177
1606994576.053675890
1606994576.153579950
1606994576.253556490
1606994576.353672266
1606994576.453675032
1606994576.553677797
1606994576.653599501
1606994576.753671646
1606994576.853570223
1606994576.953675747
1606994577.053673506
1606994577.153671503
1606994577.253678083
1606994577.353673220
1606994577.453652859
1606994577.553675175
1606994577.653678894
1606994577.753674507
1606994577.853684425
1606994577.953682423
1606994578.053687334
1606994578.153676033
1606994578.253673077
1606994578.353673220
1606994578.453675985
1606994578.553676844
1606994578.653679371
1606994578.753676414
1606994578.853676558
1606994578.953676224
1606994579.053673506
1606994579.153558493
1606994579.253672361
1606994579.353671074
1606994579.453668594
1606994579.553655863
1606994579.653640747
1606994579.753562450
1606994579.853529930
1606994579.953675032
1606994580.053675413
1606994580.153674603
1606994580.253674507
1606994580.353640318
1606994580.453672647
1606994580.553673983
1606994580.653676748
1606994580.753671408
1606994580.853539705
1606994580.953696251
1606994581.053679705
1606994581.153676510
1606994581.253680468
1606994581.353578806
1606994581.453673601
1606994581.553676844
1606994581.653671265
1606994581.753672123
1606994581.853674173
1606994581.953674078
1606994582.053673506
1606994582.153571367
1606994582.253667593
1606994582.353675604
1606994582.453672647
1606994582.553668976
1606994582.653674126
1606994582.753675699
1606994582.853528500
1606994582.953679562
1606994583.053542614
1606994583.153676748
1606994583.253677130
1606994583.353674889
1606994583.453652620
1606994583.553672791
1606994583.653675556
1606994583.753674746
1606994583.853701591
1606994583.953698874
1606994584.053519726
1606994584.153506279
1606994584.253675222
1606994584.353672266
1606994584.453675032
1606994584.553671598
1606994584.653640509
1606994584.753671646
1606994584.853674412
1606994584.953680992
1606994585.053674459
1606994585.153676271
1606994585.253664732
1606994585.353672028
1606994585.453676462
1606994585.553673267
1606994585.653683424
1606994585.753671169
1606994585.853519917
1606994585.953677416
1606994586.053675890
1606994586.153671265
1606994586.253665447
1606994586.353674650
1606994586.453675508
1606994586.553672314
1606994586.653672457
1606994586.753650904
1606994586.853673220
1606994586.953705549
1606994587.053688765
1606994587.153673649
1606994587.253669977
1606994587.353661060
1606994587.453672886
1606994587.553673744
1606994587.653676748
1606994587.753673792
1606994587.853673697
1606994587.953673840
1606994588.053572655
1606994588.153669119
1606994588.253659725
1606994588.353679419
1606994588.453576088
1606994588.553673983
1606994588.653680801
1606994588.753668785
1606994588.853632689
1606994588.953673363
1606994589.053678274
1606994589.153662443
1606994589.253535271
1606994589.353575230
1606994589.453672171
1606994589.553676367
1606994589.653673172
1606994589.753672600
1606994589.853700399
1606994589.953699589
1606994590.053691149
1606994590.153679132
1606994590.253672361
1606994590.353677750
1606994590.453537226
1606994590.553676367
1606994590.653661489
1606994590.753674507
1606994590.853675842
1606994590.953659534
1606994591.053676128
1606994591.153676510
1606994591.253576040
1606994591.353675842
1606994591.453674316
1606994591.553674698
1606994591.653675318
1606994591.753676653
1606994591.853654623
1606994591.953563213
1606994592.053574800
1606994592.153673410
1606994592.253577232
1606994592.353672504
1606994592.453647614
1606994592.553581953
1606994592.653674603
1606994592.753673792
1606994592.853517532
1606994592.953702211
1606994593.053688049
1606994593.153678417
1606994593.253674746
1606994593.353673697
1606994593.453677416
1606994593.553673506
1606994593.653674603
1606994593.753675461
1606994593.853672743
1606994593.953674793
1606994594.053673983
1606994594.153542757
1606994594.253658295
1606994594.353671312
1606994594.453673124
1606994594.553678036
1606994594.653573513
1606994594.753674507
1606994594.853572845
1606994594.953672171
1606994595.053572893
1606994595.153682709
1606994595.253672600
1606994595.353675842
1606994595.453674793
1606994595.553674221
1606994595.653673410
1606994595.753680706
1606994595.853574038
1606994595.953684807
1606994596.053670406
1606994596.153674603
1606994596.253550291
1606994596.353572845
1606994596.453673840
1606994596.553641796
1606994596.653676510
1606994596.753569126
1606994596.853681803
1606994596.953694582
1606994597.053510427
1606994597.153588295
1606994597.253662348
1606994597.353513479
1606994597.453514099
1606994597.553674698
1606994597.653522730
1606994597.753579140
1606994597.853538275
1606994597.953510523
1606994598.053530216
1606994598.153535128
1606994598.253513575
1606994598.353512526
1606994598.453511238
1606994598.553518772
1606994598.653563976
1606994598.753513098
1606994598.853514671
1606994598.953643084
1606994599.053643703
1606994599.153637171
1606994599.253548861
1606994599.353506565
1606994599.453578711
1606994599.553577185
1606994599.653581858
1606994599.753506184
1606994599.853653431
1606994599.953644991
1606994600.053651571
1606994600.153644323
1606994600.253576517
1606994600.353645086
1606994600.453643560
1606994600.553641081
1606994600.653647184
1606994600.753663301
1606994600.853570938
1606994600.953649521
1606994601.053650379
1606994601.153644085
1606994601.253659487
1606994601.353644848
1606994601.453685522
1606994601.553679466
1606994601.653663158
1606994601.753652811
1606994601.853667021
1606994601.953657627
1606994602.053648949
1606994602.153666019
1606994602.253651619
1606994602.353653669
1606994602.453668833
1606994602.553653002
1606994602.653655767
1606994602.753567457
1606994602.853656530
1606994602.953670025
1606994603.053662300
1606994603.153505087
1606994603.253656387
1606994603.353667259
1606994603.453667164
1606994603.553670168
1606994603.653570175
1606994603.753567696
1606994603.853571177
1606994603.953674078
1606994604.053667545
1606994604.153670788
1606994604.253673077
1606994604.353505611
1606994604.453693151
1606994604.553689480
1606994604.653677464
1606994604.753671408
1606994604.853672743
1606994604.953666925
1606994605.053672791
1606994605.153676510
1606994605.253673077
1606994605.353673935
1606994605.453508139
1606994605.553671837
1606994605.653676510
1606994605.753675222
1606994605.853674412
1606994605.953673124
1606994606.053627014
1606994606.153674126
1606994606.253577948
1606994606.353668451
1606994606.453674316
1606994606.553669930
1606994606.653659344
1606994606.753668308
1606994606.853571892
1606994606.953670025
1606994607.053673267
1606994607.153672934
1606994607.253673077
1606994607.353668451
1606994607.453696966
1606994607.553695440
1606994607.653682947
1606994607.753602743
1606994607.853669167
1606994607.953676701
1606994608.053669453
1606994608.153670073
1606994608.253670454
1606994608.353577852
1606994608.453671694
1606994608.553668976
1606994608.653669596
1606994608.753668785
1606994608.853671074
1606994608.953669786
1606994609.053668022
1606994609.153678417
1606994609.253578663
1606994609.353671789
1606994609.453581572
1606994609.553670883
1606994609.653672934
1606994609.753669262
1606994609.853570223
1606994609.953696966
1606994610.053577900
1606994610.153668880
1606994610.253672361
1606994610.353669167
1606994610.453669786
1606994610.553669214
1606994610.653536320
1606994610.753671169
1606994610.853667021
1606994610.953669548
1606994611.053673506
1606994611.153570175
1606994611.253668070
1606994611.353672743
1606994611.453671932
1606994611.553670406
1606994611.653678656
1606994611.753672123
1606994611.853670597
1606994611.953668356
1606994612.053672075
1606994612.153671265
1606994612.253577471
1606994612.353695393
1606994612.453676224
1606994612.553671598
1606994612.653672934
1606994612.753669977
1606994612.853554726
1606994612.953673601
1606994613.053669930
1606994613.153674841
1606994613.253673553
1606994613.353537798
1606994613.453675270
1606994613.553672075
1606994613.653670788
1606994613.753669977
1606994613.853673935
1606994613.953672171
1606994614.053567410
1606994614.153668404
1606994614.253673315
1606994614.353675365
1606994614.453672647
1606994614.553671598
1606994614.653637648
1606994614.753695965
1606994614.853677988
1606994614.953672886
1606994615.053673983
1606994615.153671741
1606994615.253584623
1606994615.353672981
1606994615.453674316
1606994615.553656816
1606994615.653642178
1606994615.753526926
1606994615.853501081
1606994615.953673601
1606994616.053672552
1606994616.153674364
1606994616.253671408
1606994616.353631020
1606994616.453670979
1606994616.553671122
1606994616.653672457
1606994616.753671169
1606994616.853672504
1606994616.953584671
1606994617.053669930
1606994617.153699875
1606994617.253677845
1606994617.353670359
1606994617.453672886
1606994617.553580046
1606994617.653670549
1606994617.753671408
1606994617.853672981
1606994617.953671694
1606994618.053674936
1606994618.153576136
1606994618.253571510
1606994618.353667736
1606994618.453670025
1606994618.553670883
1606994618.653668880
1606994618.753656864
1606994618.853500843
1606994618.953677177
1606994619.053575993
1606994619.153578758
1606994619.253576040
1606994619.353577137
1606994619.453535795
1606994619.553507090
1606994619.653663635
1606994619.753667831
1606994619.853670835
1606994619.953584909
1606994620.053668499
1606994620.153670788
1606994620.253675222
1606994620.353569746
1606994620.453671455
1606994620.553657770
1606994620.653667212
1606994620.753568411
1606994620.853669167
1606994620.953675747
1606994621.053677559
1606994621.153576374
1606994621.253520250
1606994621.353675604
1606994621.453672409
1606994621.553672314
1606994621.653568745
1606994621.753671885
1606994621.853538275
1606994621.953696966
1606994622.053684950
1606994622.153671265
1606994622.253668547
1606994622.353672266
1606994622.453665018
1606994622.553537846
1606994622.653669596
1606994622.753672361
1606994622.853662729
1606994622.953539610
1606994623.053670883
1606994623.153673649
1606994623.253680229
1606994623.353670835
1606994623.453667402
1606994623.553673506
1606994623.653670788
1606994623.753675938
1606994623.853541374
1606994623.953671455
1606994624.053671837
1606994624.153676033
1606994624.253569603
1606994624.353682756
1606994624.453567505
1606994624.553675890
1606994624.653671265
1606994624.753638983
1606994624.853670359
1606994624.953676462
1606994625.053670645
1606994625.153658867
1606994625.253674030
1606994625.353677750
1606994625.453667164
1606994625.553668499
1606994625.653656483
1606994625.753659487
1606994625.853672266
1606994625.953668594
1606994626.053577662
1606994626.153672695
1606994626.253671408
1606994626.353669882
1606994626.453669310
1606994626.553669691
1606994626.653668642
1606994626.753703833
1606994626.853689909
1606994626.953660488
1606994627.053668737
1606994627.153672457
1606994627.253669500
1606994627.353670835
1606994627.453569412
1606994627.553669453
1606994627.653671026
1606994627.753671646
1606994627.853667498
1606994627.953671932
1606994628.053676844
1606994628.153668165
1606994628.253672123
1606994628.353668690
1606994628.453672171
1606994628.553672791
1606994628.653638840
1606994628.753651857
1606994628.853668928
1606994628.953669310
1606994629.053682327
1606994629.153537750
1606994629.253693104
1606994629.353675604
1606994629.453670979
1606994629.553676128
1606994629.653544188
1606994629.753669977
1606994629.853662252
1606994629.953668833
1606994630.053673506
1606994630.153671026
1606994630.253670454
1606994630.353673935
1606994630.453649998
1606994630.553671837
1606994630.653670788
1606994630.753669739
1606994630.853671312
1606994630.953673124
1606994631.053671837
1606994631.153671265
1606994631.253669739
1606994631.353671551
1606994631.453666449
1606994631.553672075
1606994631.653655291
1606994631.753683329
1606994631.853667021
1606994631.953667879
1606994632.053669453
1606994632.153674364
1606994632.253640890
1606994632.353667974
1606994632.453679800
1606994632.553665876
1606994632.653648853
1606994632.753575802
1606994632.853509188
1606994632.953671455
1606994633.053568602
1606994633.153671741
1606994633.253670692
1606994633.353651524
1606994633.453669548
1606994633.553537607
1606994633.653678417
1606994633.753672838
1606994633.853640079
1606994633.953538418
1606994634.053700447
1606994634.153702736
1606994634.253675222
1606994634.353675365
1606994634.453584909
1606994634.553671360
1606994634.653670788
1606994634.753671885
1606994634.853567600
1606994634.953672886
1606994635.053672791
1606994635.153670788
1606994635.253668070
1606994635.353672266
1606994635.453671217
1606994635.553672791
1606994635.653659105
1606994635.753538847
1606994635.853671312
1606994635.953670502
1606994636.053671837
1606994636.153654099
1606994636.253667831
1606994636.353670359
1606994636.453672171
1606994636.553703070
1606994636.653570652
1606994636.753675222
1606994636.853669882
1606994636.953677177
1606994637.053671360
1606994637.153670788
1606994637.253669739
1606994637.353665590
1606994637.453678846
1606994637.553674221
1606994637.653675556
1606994637.753672123
1606994637.853672266
1606994637.953579426
1606994638.053677797
1606994638.153674841
1606994638.253654957
1606994638.353562593
1606994638.453664303
1606994638.553529263
1606994638.653652906
1606994638.753647327
1606994638.853570461
1606994638.953674555
1606994639.053586006
1606994639.153675556
1606994639.253592730
1606994639.353606224
1606994639.453517437
1606994639.553541183
1606994639.653542519
1606994639.753569365
1606994639.853514433
1606994639.953560114
1606994640.053553104
1606994640.153640985
1606994640.253572226
1606994640.353575230
1606994640.453511000
1606994640.553642035
1606994640.653536558
1606994640.753517389
1606994640.853636742
1606994640.953584671
1606994641.053646803
1606994641.153644323
1606994641.253630161
1606994641.353649855
1606994641.453643084
1606994641.553580523
1606994641.653669357
1606994641.753654957
1606994641.853572845
1606994641.953640223
1606994642.053653002
1606994642.153648138
1606994642.253641129
1606994642.353645802
1606994642.453641653
1606994642.553657770
1606994642.653659105
1606994642.753569841
1606994642.853646755
1606994642.953658819
1606994643.053644419
1606994643.153538227
1606994643.253650904
1606994643.353655815
1606994643.453670263
1606994643.553660154
1606994643.653572083
1606994643.753654480
1606994643.853668451
1606994643.953671932
1606994644.053664446
1606994644.153667450
1606994644.253634453
1606994644.353669882
1606994644.453568459
1606994644.553658009
1606994644.653666973
1606994644.753674507
1606994644.853697062
1606994644.953685045
1606994645.053673744
1606994645.153658867
1606994645.253670931
1606994645.353589773
1606994645.453675985
1606994645.553669214
1606994645.653670788
1606994645.753670216
1606994645.853669643
1606994645.953667641
1606994646.053668976
1606994646.153676033
1606994646.253671169
1606994646.353671312
1606994646.453669548
1606994646.553656340
1606994646.653649330
1606994646.753643513
1606994646.853669643
1606994646.953669071
1606994647.053555965
1606994647.153644085
1606994647.253674746
1606994647.353676081
1606994647.453669786
1606994647.553670883
1606994647.653669119
1606994647.753671646
1606994647.853667974
1606994647.953669310
1606994648.053670883
1606994648.153671980
1606994648.253677368
1606994648.353674412
1606994648.453670025
1606994648.553700209
1606994648.653686047
1606994648.753674746
1606994648.853597403
1606994648.953670263
1606994649.053668737
1606994649.153674841
1606994649.253670931
1606994649.353669405
