1606995699.394557953
1606995699.495331287
1606995699.596006393
1606995699.696582079
1606995699.797270060
1606995699.897929668
1606995699.998385906
1606995700.098916531
1606995700.199550629
1606995700.300103903
1606995700.400734901
1606995700.501292467
1606995700.601940393
1606995700.702656984
1606995700.803194523
1606995700.903726578
1606995701.004349470
1606995701.105002403
1606995701.205520630
1606995701.306069851
1606995701.406731844
1606995701.507138014
1606995701.607796907
1606995701.708450556
1606995701.809002638
1606995701.909523010
1606995702.010170937
1606995702.110844374
1606995702.211363077
1606995702.312041521
1606995702.412429571
1606995702.512930393
1606995702.613419771
1606995702.714056492
1606995702.814586639
1606995702.915227175
1606995703.015732288
1606995703.116405964
1606995703.216913462
1606995703.317586660
1606995703.418226719
1606995703.518764257
1606995703.619302988
1606995703.719949722
1606995703.820609570
1606995703.921278238
1606995704.021813869
1606995704.122456312
1606995704.222938776
1606995704.323487520
1606995704.424003839
1606995704.524524689
1606995704.625195980
1606995704.725840569
1606995704.826359987
1606995704.927014589
1606995705.027536154
1606995705.128189087
1606995705.228703022
1606995705.329380512
1606995705.429948092
1606995705.530605078
1606995705.631017923
1606995705.731590271
1606995705.832112312
1606995705.932754993
1606995706.033213139
1606995706.133863688
1606995706.234398365
1606995706.335039139
1606995706.435688734
1606995706.536196232
1606995706.636835337
1606995706.737386465
1606995706.837897062
1606995706.938511133
1606995707.039071321
1606995707.139598131
1606995707.240266800
1606995707.340886354
1606995707.441428423
1606995707.542107105
1606995707.642654181
1606995707.743299007
1606995707.843719721
1606995707.944242716
1606995708.044879675
1606995708.145555735
1606995708.245946884
1606995708.346607685
1606995708.447153568
1606995708.547855854
1606995708.648378134
1606995708.748926163
1606995708.849576712
1606995708.950261593
1606995709.050781727
1606995709.151449680
1606995709.252100945
1606995709.352779150
1606995709.453296900
1606995709.553968430
1606995709.654462576
1606995709.754952431
1606995709.855425119
1606995709.955902576
1606995710.056396961
1606995710.156909227
1606995710.257426023
1606995710.357898474
1606995710.458387852
1606995710.558837652
1606995710.659361839
1606995710.759846210
1606995710.860311508
1606995710.960804701
1606995711.061292171
1606995711.161799908
1606995711.262317419
1606995711.362767696
1606995711.463258505
1606995711.563746214
1606995711.664267302
1606995711.764782429
1606995711.865238190
1606995711.965724945
1606995712.066217899
1606995712.166622639
1606995712.266988993
1606995712.367379189
1606995712.467874050
1606995712.568387747
1606995712.668910503
1606995712.769402504
1606995712.869808674
1606995712.970304489
1606995713.070796728
1606995713.171316147
1606995713.271808624
1606995713.372296095
1606995713.472785950
1606995713.573272943
1606995713.673763752
1606995713.774283171
1606995713.874732971
1606995713.975229025
1606995714.075720310
1606995714.176232576
1606995714.276730061
1606995714.377214909
1606995714.477705956
1606995714.578218460
1606995714.678750992
1606995714.779241323
1606995714.879736900
1606995714.980227232
1606995715.080748796
1606995715.181262732
1606995715.281750679
1606995715.382250071
1606995715.482712746
1606995715.583226204
1606995715.683745146
1606995715.784229517
1606995715.884723663
1606995715.985208750
1606995716.085742712
1606995716.186270237
1606995716.286762238
1606995716.387246132
1606995716.487750053
1606995716.588256121
1606995716.688774824
1606995716.789260626
1606995716.889747381
1606995716.990230799
1606995717.090589523
1606995717.191048622
1606995717.291541338
1606995717.392048359
1606995717.492542267
1606995717.593027115
1606995717.693520069
1606995717.794071198
1606995717.894414902
1606995717.994571447
1606995718.094621658
1606995718.194565535
1606995718.294602394
1606995718.394535542
1606995718.494691133
1606995718.594542980
1606995718.694605112
1606995718.794594765
1606995718.894600868
1606995718.994687557
1606995719.094691992
1606995719.194537878
1606995719.294548035
1606995719.394535303
1606995719.494552851
1606995719.594506979
1606995719.694553137
1606995719.794538975
1606995719.894557238
1606995719.994547129
1606995720.094551802
1606995720.194520473
1606995720.294564724
1606995720.394550800
1606995720.494596958
1606995720.594605684
1606995720.694576263
1606995720.794683218
1606995720.894696236
1606995720.994686842
1606995721.094573736
1606995721.194563150
1606995721.294690609
1606995721.394658089
1606995721.494565964
1606995721.594596863
1606995721.694690228
1606995721.794693232
1606995721.894568443
1606995721.994683981
1606995722.094696045
1606995722.194592714
1606995722.294532776
1606995722.394701242
1606995722.494688988
1606995722.594683170
1606995722.694717646
1606995722.794544220
1606995722.894561052
1606995722.994708300
1606995723.094710588
1606995723.194694757
1606995723.294694185
1606995723.394548416
1606995723.494583845
1606995723.594582796
1606995723.694688320
1606995723.794557810
1606995723.894685745
1606995723.994519472
1606995724.094513893
1606995724.194679976
1606995724.294689178
1606995724.394526482
1606995724.494689941
1606995724.594520569
1606995724.694554567
1606995724.794681311
1606995724.894690037
1606995724.994680882
1606995725.094685316
1606995725.194515705
1606995725.294535398
1606995725.394524813
1606995725.494572163
1606995725.594679594
1606995725.694557428
1606995725.794543505
1606995725.894553423
1606995725.994685173
1606995726.094708920
1606995726.194688797
1606995726.294687986
1606995726.394685984
1606995726.494592190
1606995726.594573736
1606995726.694690943
1606995726.794685125
1606995726.894688368
1606995726.994677544
1606995727.094691992
1606995727.194572687
1606995727.294693232
1606995727.394683838
1606995727.494695425
1606995727.594686747
1606995727.694696665
1606995727.794686794
1606995727.894696474
1606995727.994683504
1606995728.094703197
1606995728.194682121
1606995728.294590235
1606995728.394684315
1606995728.494606972
1606995728.594711542
1606995728.694561005
1606995728.794709444
1606995728.894721746
1606995728.994707108
1606995729.094597816
1606995729.194686413
1606995729.294628382
1606995729.394594908
1606995729.494694948
1606995729.594683886
1606995729.694693565
1606995729.794684410
1606995729.894691467
1606995729.994594812
1606995730.094696999
1606995730.194670439
1606995730.294690609
1606995730.394690037
1606995730.494689465
1606995730.594663858
1606995730.694691181
1606995730.794684887
1606995730.894689798
1606995730.994549990
1606995731.094689131
1606995731.194647074
1606995731.294592142
1606995731.394682646
1606995731.494718552
1606995731.594562531
1606995731.694571257
1606995731.794662714
1606995731.894719601
1606995731.994597197
1606995732.094696999
1606995732.194684982
1606995732.294594288
1606995732.394597769
1606995732.494693756
1606995732.594684362
1606995732.694689751
1606995732.794687271
1606995732.894572973
1606995732.994679451
1606995733.094689846
1606995733.194567442
1606995733.294693708
1606995733.394682407
1606995733.494690657
1606995733.594664335
1606995733.694700480
1606995733.794682503
1606995733.894689322
1606995733.994685650
1606995734.094694614
1606995734.194679976
1606995734.294589520
1606995734.394710302
1606995734.494716644
1606995734.594711065
1606995734.694693804
1606995734.794560432
1606995734.894711256
1606995734.994574547
1606995735.094690561
1606995735.194678545
1606995735.294659376
1606995735.394682884
1606995735.494574070
1606995735.594686270
1606995735.694690466
1606995735.794510603
1606995735.894574165
1606995735.994572401
1606995736.094690084
1606995736.194599152
1606995736.294600725
1606995736.394596577
1606995736.494695902
1606995736.594602108
1606995736.694692135
1606995736.794595242
1606995736.894572735
1606995736.994662285
1606995737.094564438
1606995737.194558382
1606995737.294579983
1606995737.394632816
1606995737.494718075
1606995737.594710588
1606995737.694575787
1606995737.794584513
1606995737.894625664
1606995737.994682789
1606995738.094695091
1606995738.194687366
1606995738.294570446
1606995738.394685745
1606995738.494690180
1606995738.594684601
1606995738.694695711
1606995738.794684410
1606995738.894693136
1606995738.994550467
1606995739.094691992
1606995739.194682121
1606995739.294690847
1606995739.394593477
1606995739.494667768
1606995739.594688654
1606995739.694688559
1606995739.794597864
1606995739.894597769
1606995739.994655371
1606995740.094674349
1606995740.194563389
1606995740.294564247
1606995740.394765139
1606995740.494721889
1606995740.594689369
1606995740.694630384
1606995740.794508457
1606995740.894698381
1606995740.994580030
1606995741.094609499
1606995741.194682598
1606995741.294677734
1606995741.394559145
1606995741.494691133
1606995741.594686270
1606995741.694689512
1606995741.794683456
1606995741.894664526
1606995741.994688988
1606995742.094693661
1606995742.194687605
1606995742.294693470
1606995742.394562483
1606995742.494590759
1606995742.594682932
1606995742.694692135
1606995742.794686794
1606995742.894693136
1606995742.994552135
1606995743.094671249
1606995743.194681168
1606995743.294568539
1606995743.394708872
1606995743.494716167
1606995743.594712019
1606995743.694689274
1606995743.794586182
1606995743.894693375
1606995743.994684935
1606995744.094690561
1606995744.194685698
1606995744.294686079
1606995744.394684315
1606995744.494689226
1606995744.594682455
1606995744.694556236
1606995744.794687748
1606995744.894687653
1606995744.994682074
1606995745.094690800
1606995745.194682598
1606995745.294691086
1606995745.394704103
1606995745.494694233
1606995745.594567776
1606995745.694690943
1606995745.794685125
1606995745.894690514
1606995745.994594336
1606995746.094690561
1606995746.194699049
1606995746.294539928
1606995746.394511461
1606995746.494555950
1606995746.594552040
1606995746.694708824
1606995746.794688940
1606995746.894592285
1606995746.994600534
1606995747.094690323
1606995747.194557190
1606995747.294698238
1606995747.394683123
1606995747.494693518
1606995747.594685793
1606995747.694709301
1606995747.794684410
1606995747.894694567
1606995747.994680643
1606995748.094690323
1606995748.194686651
1606995748.294691324
1606995748.394681692
1606995748.494695663
1606995748.594683170
1606995748.694578171
1606995748.794684410
1606995748.894661665
1606995748.994683027
1606995749.094719887
1606995749.194708586
1606995749.294528008
1606995749.394565582
1606995749.494547129
1606995749.594692230
1606995749.694699526
1606995749.794684649
1606995749.894691229
1606995749.994686127
1606995750.094575405
1606995750.194657087
1606995750.294695616
1606995750.394682884
1606995750.494689226
1606995750.594689846
1606995750.694688082
1606995750.794603825
1606995750.894694090
1606995750.994572401
1606995751.094692469
1606995751.194690466
1606995751.294656277
1606995751.394685745
1606995751.494692802
1606995751.594684839
1606995751.694689512
1606995751.794566393
1606995751.894685507
1606995751.994685173
1606995752.094715118
1606995752.194713593
1606995752.294527531
1606995752.394693851
1606995752.494713068
1606995752.594628811
1606995752.694701910
1606995752.794683456
1606995752.894589424
1606995752.994687557
1606995753.094690323
1606995753.194685698
1606995753.294689417
1606995753.394683599
1606995753.494707346
1606995753.594682217
1606995753.694691658
1606995753.794687748
1606995753.894608021
1606995753.994683504
1606995754.094690561
1606995754.194682360
1606995754.294693708
1606995754.394565344
1606995754.494577885
1606995754.594687700
1606995754.694679499
1606995754.794683218
1606995754.894602299
1606995754.994555473
1606995755.094715118
1606995755.194713116
1606995755.294509411
1606995755.394576788
1606995755.494714022
1606995755.594687939
1606995755.694626331
1606995755.794688225
1606995755.894665480
1606995755.994685411
1606995756.094546080
1606995756.194685698
1606995756.294689178
1606995756.394564867
1606995756.494557381
1606995756.594675064
1606995756.694670200
1606995756.794650555
1606995756.894639730
1606995756.994684458
1606995757.094690561
1606995757.194682360
1606995757.294687748
1606995757.394686699
1606995757.494688034
1606995757.594566584
1606995757.694689512
1606995757.794686794
1606995757.894699097
1606995757.994700670
1606995758.094697952
1606995758.194704056
1606995758.294531107
1606995758.394577265
1606995758.494691849
1606995758.594687700
1606995758.694689274
1606995758.794600010
1606995758.894686460
1606995758.994563103
1606995759.094717026
1606995759.194711924
1606995759.294720173
1606995759.394710302
1606995759.494709253
1606995759.594628334
1606995759.694689035
1606995759.794567108
1606995759.894687653
1606995759.994680405
1606995760.094691038
1606995760.194680691
1606995760.294542551
1606995760.394684553
1606995760.494688511
1606995760.594687939
1606995760.694681644
1606995760.794685602
1606995760.894562006
1606995760.994684219
1606995761.094695568
1606995761.194672346
1606995761.294525385
1606995761.394682646
1606995761.494691610
1606995761.594567537
1606995761.694689512
1606995761.794651985
1606995761.894686222
1606995761.994553804
1606995762.094690800
1606995762.194684505
1606995762.294687986
1606995762.394682646
1606995762.494679928
1606995762.594683647
1606995762.694585800
1606995762.794682503
1606995762.894689322
1606995762.994547606
1606995763.094595671
1606995763.194683075
1606995763.294691801
1606995763.394514799
1606995763.494571209
1606995763.594709635
1606995763.694711685
1606995763.794709206
1606995763.894698143
1606995763.994570255
1606995764.094599724
1606995764.194680929
1606995764.294553757
1606995764.394540310
1606995764.494572163
1606995764.594683409
1606995764.694692373
1606995764.794684649
1606995764.894546270
1606995764.994549036
1606995765.094689131
1606995765.194684267
1606995765.294551611
1606995765.394695520
1606995765.494691849
1606995765.594687462
1606995765.694688559
1606995765.794576883
1606995765.894688129
1606995765.994667292
1606995766.094553471
1606995766.194540977
1606995766.294569254
1606995766.394525051
1606995766.494531393
1606995766.594622850
1606995766.694602251
1606995766.794700146
1606995766.894581318
1606995766.994681120
1606995767.094568968
1606995767.194572687
1606995767.294544458
1606995767.394551516
1606995767.494553328
1606995767.594548702
1606995767.694526434
1606995767.794546127
1606995767.894556999
1606995767.994566679
1606995768.094552279
1606995768.194542170
1606995768.294545174
1606995768.394527197
1606995768.494527102
1606995768.594529629
1606995768.694535255
1606995768.794529200
1606995768.894531250
1606995768.994521856
1606995769.094521523
1606995769.194516420
1606995769.294530392
1606995769.394528866
1606995769.494526148
1606995769.594524622
1606995769.694526434
1606995769.794543505
1606995769.894554615
1606995769.994710207
1606995770.094603539
1606995770.194561958
1606995770.294550896
1606995770.394584894
1606995770.494598389
1606995770.594564915
1606995770.694686174
1606995770.794594049
1606995770.894597530
1606995770.994546652
1606995771.094687939
1606995771.194680691
1606995771.294541359
1606995771.394583941
1606995771.494598627
1606995771.594682932
1606995771.694686413
1606995771.794595957
1606995771.894600391
1606995771.994550705
1606995772.094547749
1606995772.194545984
1606995772.294556618
1606995772.394553661
1606995772.494566679
1606995772.594559669
1606995772.694573402
1606995772.794574976
1606995772.894557476
1606995772.994586706
1606995773.094689369
1606995773.194560528
1606995773.294675112
1606995773.394687176
1606995773.494692326
1606995773.594594240
1606995773.694614649
1606995773.794595003
1606995773.894691706
1606995773.994685650
1606995774.094686747
1606995774.194684744
1606995774.294590950
1606995774.394598722
1606995774.494693041
1606995774.594686031
1606995774.694691181
1606995774.794688940
1606995774.894599915
1606995774.994562626
1606995775.094604492
1606995775.194543600
1606995775.294714451
1606995775.394569635
1606995775.494526386
1606995775.594578743
1606995775.694581270
1606995775.794689417
1606995775.894593239
1606995775.994682312
1606995776.094548464
1606995776.194555044
1606995776.294565439
1606995776.394546747
1606995776.494687080
1606995776.594681978
1606995776.694605350
1606995776.794547796
1606995776.894541502
1606995776.994684458
1606995777.094661236
1606995777.194680214
1606995777.294512033
1606995777.394553423
1606995777.494514704
1606995777.594548464
1606995777.694687843
1606995777.794681311
1606995777.894691229
1606995777.994547129
1606995778.094711781
1606995778.194708347
1606995778.294715405
1606995778.394707918
1606995778.494536638
1606995778.594575644
1606995778.694584608
1606995778.794687510
1606995778.894686699
1606995778.994575024
1606995779.094536066
1606995779.194546700
1606995779.294527531
1606995779.394682884
1606995779.494688272
1606995779.594685316
1606995779.694554567
1606995779.794547796
1606995779.894690752
1606995779.994683504
1606995780.094685316
1606995780.194573641
1606995780.294572830
1606995780.394684553
1606995780.494691849
1606995780.594559908
1606995780.694574118
1606995780.794581890
1606995780.894603968
1606995780.994710445
1606995781.094718218
1606995781.194541931
1606995781.294571877
1606995781.394680738
1606995781.494703293
1606995781.594691277
1606995781.694694757
1606995781.794684410
1606995781.894690752
1606995781.994687080
1606995782.094685555
1606995782.194686413
1606995782.294704437
1606995782.394682884
1606995782.494693041
1606995782.594683647
1606995782.694669485
1606995782.794684172
1606995782.894598246
1606995782.994565725
1606995783.094555616
1606995783.194590807
1606995783.294631481
1606995783.394572258
1606995783.494694948
1606995783.594686031
1606995783.694573402
1606995783.794686317
1606995783.894713640
1606995783.994701385
1606995784.094722271
1606995784.194712877
1606995784.294605017
1606995784.394711256
1606995784.494697809
1606995784.594686747
1606995784.694694757
1606995784.794685125
1606995784.894607067
1606995784.994688988
1606995785.094690561
1606995785.194557905
1606995785.294698238
1606995785.394685268
1606995785.494700432
1606995785.594568968
1606995785.694692373
1606995785.794663906
1606995785.894691229
1606995785.994573593
1606995786.094691992
1606995786.194688082
1606995786.294569731
1606995786.394679070
1606995786.494580984
1606995786.594685793
1606995786.694693089
1606995786.794572592
1606995786.894569159
1606995786.994567633
1606995787.094556332
1606995787.194710732
1606995787.294718504
1606995787.394617081
1606995787.494599342
1606995787.594683409
1606995787.694699049
1606995787.794586897
1606995787.894690514
1606995787.994693756
1606995788.094691277
1606995788.194682837
1606995788.294583082
1606995788.394686699
1606995788.494691372
1606995788.594544888
1606995788.694676399
1606995788.794683933
1606995788.894690514
1606995788.994682789
1606995789.094553947
1606995789.194536209
1606995789.294657469
1606995789.394577503
1606995789.494575024
1606995789.594560146
1606995789.694698095
1606995789.794701099
1606995789.894598722
1606995789.994574547
1606995790.094721556
1606995790.194712400
1606995790.294713020
1606995790.394584179
1606995790.494626999
1606995790.594685555
1606995790.694693327
1606995790.794601440
1606995790.894690514
1606995790.994672060
1606995791.094553232
1606995791.194685698
1606995791.294549942
1606995791.394688368
1606995791.494693279
1606995791.594685316
1606995791.694693565
1606995791.794686317
1606995791.894688368
1606995791.994586945
1606995792.094691515
1606995792.194680452
1606995792.294694185
1606995792.394685268
1606995792.494600534
1606995792.594685793
1606995792.694694042
1606995792.794661045
1606995792.894718647
1606995792.994567156
1606995793.094715118
1606995793.194707870
1606995793.294698715
1606995793.394569874
1606995793.494598150
1606995793.594571829
1606995793.694691181
1606995793.794605255
1606995793.894595385
1606995793.994680166
1606995794.094692945
1606995794.194683790
1606995794.294690371
1606995794.394685507
1606995794.494555473
1606995794.594550371
1606995794.694576025
1606995794.794682980
1606995794.894687176
1606995794.994681358
1606995795.094544411
1606995795.194524050
1606995795.294573069
1606995795.394683599
1606995795.494686127
1606995795.594533682
1606995795.694563866
1606995795.794548512
1606995795.894722223
1606995795.994711399
1606995796.094631672
1606995796.194708586
1606995796.294580936
1606995796.394575596
1606995796.494686127
1606995796.594686747
1606995796.694686651
1606995796.794547319
1606995796.894530058
1606995796.994546413
1606995797.094687462
1606995797.194685936
1606995797.294688225
1606995797.394520998
1606995797.494554996
1606995797.594681263
1606995797.694688082
1606995797.794686556
1606995797.894687414
1606995797.994532824
1606995798.094557285
1606995798.194680214
1606995798.294687986
1606995798.394590616
1606995798.494520664
1606995798.594682932
1606995798.694718361
1606995798.794713497
1606995798.894717455
1606995798.994718313
1606995799.094717741
1606995799.194589138
1606995799.294698715
1606995799.394682884
