1606995279.376394033
1606995279.476611137
1606995279.576928616
1606995279.677259922
1606995279.777574301
1606995279.877887011
1606995279.978158236
1606995280.078469515
1606995280.178686380
1606995280.279002428
1606995280.379291296
1606995280.479504585
1606995280.579814434
1606995280.680135489
1606995280.780386209
1606995280.880701065
1606995280.981036186
1606995281.081318378
1606995281.181619883
1606995281.281919956
1606995281.382230997
1606995281.482455015
1606995281.582754135
1606995281.683138609
1606995281.783453941
1606995281.883753300
1606995281.984057188
1606995282.084370136
1606995282.184681892
1606995282.284994125
1606995282.385171652
1606995282.485509157
1606995282.585816860
1606995282.686127663
1606995282.786451340
1606995282.886767864
1606995282.987057209
1606995283.087372065
1606995283.187690973
1606995283.288012505
1606995283.388325930
1606995283.488555431
1606995283.588867426
1606995283.689193726
1606995283.789560318
1606995283.889875174
1606995283.990193129
1606995284.090521336
1606995284.190703392
1606995284.291012287
1606995284.391331673
1606995284.491645813
1606995284.591892481
1606995284.692210197
1606995284.792525530
1606995284.892840147
1606995284.993178129
1606995285.093502760
1606995285.193816185
1606995285.294132233
1606995285.394448757
1606995285.494678974
1606995285.594997168
1606995285.695148230
1606995285.795305729
1606995285.895482302
1606995285.995808363
1606995286.096099138
1606995286.196394205
1606995286.296676397
1606995286.396884680
1606995286.497200251
1606995286.597514391
1606995286.697877645
1606995286.798086405
1606995286.898409843
1606995286.998725176
1606995287.099040747
1606995287.199356079
1606995287.299651146
1606995287.399871349
1606995287.500221252
1606995287.600529909
1606995287.700839996
1606995287.801177979
1606995287.901396751
1606995288.001703024
1606995288.102015734
1606995288.202338934
1606995288.302488089
1606995288.402679205
1606995288.502967119
1606995288.603200912
1606995288.703419447
1606995288.803636312
1606995288.903942108
1606995289.004147053
1606995289.104482174
1606995289.204790354
1606995289.305023432
1606995289.405319691
1606995289.505608797
1606995289.605885744
1606995289.706062794
1606995289.806298018
1606995289.906447411
1606995290.006726503
1606995290.107044220
1606995290.207382441
1606995290.307695150
1606995290.407905817
1606995290.508224487
1606995290.608537912
1606995290.708776236
1606995290.809091568
1606995290.909413099
1606995291.009742975
1606995291.110000372
1606995291.210219383
1606995291.310388565
1606995291.410692215
1606995291.510992050
1606995291.611293554
1606995291.711502552
1606995291.811799765
1606995291.912098408
1606995292.012427092
1606995292.112608194
1606995292.212920427
1606995292.313256741
1606995292.413563728
1606995292.513870716
1606995292.614182472
1606995292.714451075
1606995292.814728498
1606995292.915038109
1606995293.015248775
1606995293.115537643
1606995293.215850115
1606995293.316179276
1606995293.416488409
1606995293.516664267
1606995293.616970778
1606995293.717189312
1606995293.817510605
1606995293.917819738
1606995294.018128395
1606995294.118443966
1606995294.218744278
1606995294.318922281
1606995294.419152260
1606995294.519471884
1606995294.619785309
1606995294.719959974
1606995294.820299864
1606995294.920609474
1606995295.020919561
1606995295.121221304
1606995295.221513987
1606995295.321753263
1606995295.422068596
1606995295.522382736
1606995295.622722149
1606995295.722939491
1606995295.823276758
1606995295.923588991
1606995296.023769855
1606995296.123953581
1606995296.224193573
1606995296.324391365
1606995296.424581289
1606995296.524734497
1606995296.624934912
1606995296.725236416
1606995296.825520515
1606995296.925750256
1606995297.026026726
1606995297.126333237
1606995297.226669312
1606995297.326889515
1606995297.427092791
1606995297.527335167
1606995297.627629042
1606995297.727929354
1606995297.828266382
1606995297.928570986
1606995298.028879404
1606995298.129191637
1606995298.229511499
1606995298.329850197
1606995298.430147171
1606995298.530455828
1606995298.630767584
1606995298.731048584
1606995298.831333399
1606995298.931546926
1606995299.031843424
1606995299.132147551
1606995299.232457876
1606995299.332775593
1606995299.433063030
1606995299.533391953
1606995299.633703232
1606995299.734012365
1606995299.834333658
1606995299.934612274
1606995300.034930229
1606995300.135244370
1606995300.235556841
1606995300.335855722
1606995300.436101913
1606995300.536408663
1606995300.636734247
1606995300.737046003
1606995300.837356567
1606995300.937669277
1606995301.037983418
1606995301.138339758
1606995301.238525629
1606995301.338742733
1606995301.438921928
1606995301.539109945
1606995301.639400244
1606995301.739693642
1606995301.839992046
1606995301.940287113
1606995302.040567160
1606995302.140881300
1606995302.241193771
1606995302.341519117
1606995302.441828251
1606995302.542045593
1606995302.642364740
1606995302.742593288
1606995302.842904806
1606995302.943216085
1606995303.043508530
1606995303.143807173
1606995303.244144678
1606995303.344459057
1606995303.444771051
1606995303.544977665
1606995303.645285130
1606995303.745594025
1606995303.845905066
1606995303.946112871
1606995304.046423912
1606995304.146740198
1606995304.247021675
1606995304.347354650
1606995304.447571754
1606995304.547898054
1606995304.648223877
1606995304.748410702
1606995304.848727226
1606995304.949038029
1606995305.049376488
1606995305.149652719
1606995305.249969959
1606995305.350274563
1606995305.450590849
1606995305.550909519
1606995305.651247501
1606995305.751459599
1606995305.851782322
1606995305.952093124
1606995306.052406788
1606995306.152718067
1606995306.253028870
1606995306.353332281
1606995306.453572989
1606995306.553789139
1606995306.654006481
1606995306.754304647
1606995306.854454041
1606995306.954659224
1606995307.054879665
1606995307.155124664
1606995307.255341768
1606995307.355633497
1606995307.455929041
1606995307.556103706
1606995307.656412601
1606995307.756719351
1606995307.857026815
1606995307.957355261
1606995308.057664633
1606995308.157971621
1606995308.258285522
1606995308.358595848
1606995308.458810329
1606995308.559121132
1606995308.659431458
1606995308.759770870
1606995308.860083103
1606995308.960400105
1606995309.060715914
1606995309.161026716
1606995309.261364460
1606995309.361675978
1606995309.461984396
1606995309.562289000
1606995309.662599087
1606995309.762874603
1606995309.863183737
1606995309.963495970
1606995310.063798666
1606995310.164112568
1606995310.264426947
1606995310.364760160
1606995310.465075254
1606995310.565387726
1606995310.665703297
1606995310.766014338
1606995310.866357327
1606995310.966668606
1606995311.066979885
1606995311.167284966
1606995311.267596483
1606995311.367814064
1606995311.467978954
1606995311.568155766
1606995311.668388844
1606995311.768699884
1606995311.868977547
1606995311.969297886
1606995312.069597483
1606995312.169874907
1606995312.270185471
1606995312.370515108
1606995312.470831156
1606995312.571170092
1606995312.671483040
1606995312.771799088
1606995312.872113228
1606995312.972421885
1606995313.072764874
1606995313.173074961
1606995313.273382902
1606995313.373692513
1606995313.474004269
1606995313.574334621
1606995313.674648046
1606995313.774965286
1606995313.875276804
1606995313.975495577
1606995314.075809956
1606995314.176122189
1606995314.276410580
1606995314.376585722
1606995314.476493835
1606995314.576586246
1606995314.676595926
1606995314.776591063
1606995314.876464128
1606995314.976589441
1606995315.076592445
1606995315.176587582
1606995315.276592255
1606995315.376453876
1606995315.476585388
1606995315.576587915
1606995315.676586390
1606995315.776454926
1606995315.876588345
1606995315.976593971
1606995316.076462984
1606995316.176586866
1606995316.276500463
1606995316.376587152
1606995316.476588726
1606995316.576585770
1606995316.676538229
1606995316.776587248
1606995316.876618624
1606995316.976613998
1606995317.076611519
1606995317.176592112
1606995317.276435137
1606995317.376585722
1606995317.476590157
1606995317.576457977
1606995317.676589489
1606995317.776590109
1606995317.876586437
1606995317.976586342
1606995318.076588631
1606995318.176588058
1606995318.276591301
1606995318.376573086
1606995318.476457596
1606995318.576587200
1606995318.676591396
1606995318.776589870
1606995318.876588345
1606995318.976585150
1606995319.076584339
1606995319.176566839
1606995319.276557684
1606995319.376475573
1606995319.476587296
1606995319.576458216
1606995319.676585197
1606995319.776458263
1606995319.876597166
1606995319.976593971
1606995320.076594353
1606995320.176585197
1606995320.276436806
1606995320.376589537
1606995320.476587534
1606995320.576581955
1606995320.676589012
1606995320.776480198
1606995320.876582623
1606995320.976423979
1606995321.076447010
1606995321.176589012
1606995321.276507616
1606995321.376580954
1606995321.476585865
1606995321.576626778
1606995321.676448107
1606995321.776583672
1606995321.876484156
1606995321.976565599
1606995322.076424837
1606995322.176424742
1606995322.276559114
1606995322.376451015
1606995322.476583719
1606995322.576489687
1606995322.676487684
1606995322.776451111
1606995322.876485825
1606995322.976590395
1606995323.076454163
1606995323.176457405
1606995323.276438951
1606995323.376424313
1606995323.476449966
1606995323.576432467
1606995323.676436901
1606995323.776496172
1606995323.876585722
1606995323.976488113
1606995324.076565027
1606995324.176453590
1606995324.276507139
1606995324.376494884
1606995324.476473570
1606995324.576457739
1606995324.676580191
1606995324.776489019
1606995324.876495361
1606995324.976485252
1606995325.076629877
1606995325.176453114
1606995325.276610374
1606995325.376594543
1606995325.476577759
1606995325.576474428
1606995325.676581144
1606995325.776494980
1606995325.876587391
1606995325.976590395
1606995326.076592445
1606995326.176587820
1606995326.276482105
1606995326.376492262
1606995326.476484299
1606995326.576551437
1606995326.676486731
1606995326.776584387
1606995326.876492977
1606995326.976452112
1606995327.076481581
1606995327.176585674
1606995327.276587248
1606995327.376594305
1606995327.476593018
1606995327.576590538
1606995327.676486492
1606995327.776587725
1606995327.876594305
1606995327.976500988
1606995328.076587200
1606995328.176620007
1606995328.276425123
1606995328.376445770
1606995328.476417542
1606995328.576514482
1606995328.676583529
1606995328.776490927
1606995328.876493692
1606995328.976449966
1606995329.076490641
1606995329.176482439
1606995329.276490211
1606995329.376454115
1606995329.476548195
1606995329.576479673
1606995329.676484823
1606995329.776486158
1606995329.876457453
1606995329.976496696
1606995330.076588392
1606995330.176485538
1606995330.276588440
1606995330.376588821
1606995330.476593256
1606995330.576454163
1606995330.676585197
1606995330.776590824
1606995330.876592398
1606995330.976483345
1606995331.076588154
1606995331.176598787
1606995331.276609421
1606995331.376595974
1606995331.476585388
1606995331.576587439
1606995331.676554680
1606995331.776585579
1606995331.876585245
1606995331.976590872
1606995332.076586962
1606995332.176587820
1606995332.276597738
1606995332.376453876
1606995332.476589441
1606995332.576590538
1606995332.676585436
1606995332.776454926
1606995332.876594305
1606995332.976593256
1606995333.076586962
1606995333.176590919
1606995333.276480436
1606995333.376586437
1606995333.476590395
1606995333.576586246
1606995333.676485300
1606995333.776587009
1606995333.876589298
1606995333.976589203
1606995334.076613426
1606995334.176608801
1606995334.276598930
1606995334.376579046
1606995334.476590633
1606995334.576492310
1606995334.676585913
1606995334.776582241
1606995334.876590729
1606995334.976485491
1606995335.076588869
1606995335.176589489
1606995335.276574612
1606995335.376575947
1606995335.476486444
1606995335.576589584
1606995335.676587105
1606995335.776585102
1606995335.876588106
1606995335.976587296
1606995336.076592445
1606995336.176590204
1606995336.276587963
1606995336.376538992
1606995336.476587772
1606995336.576586485
1606995336.676588774
1606995336.776571035
1606995336.876590014
1606995336.976589680
1606995337.076612234
1606995337.176602364
1606995337.276585817
1606995337.376589537
1606995337.476589918
1606995337.576572895
1606995337.676566124
1606995337.776582241
1606995337.876585960
1606995337.976590395
1606995338.076451778
1606995338.176587582
1606995338.276586056
1606995338.376585960
1606995338.476584911
1606995338.576484680
1606995338.676583767
1606995338.776567459
1606995338.876589537
1606995338.976482391
1606995339.076586485
1606995339.176581860
1606995339.276585340
1606995339.376551390
1606995339.476479053
1606995339.576581955
1606995339.676584482
1606995339.776589394
1606995339.876479864
1606995339.976550102
1606995340.076609135
1606995340.176589966
1606995340.276515245
1606995340.376509190
1606995340.476486444
1606995340.576462269
1606995340.676586866
1606995340.776457310
1606995340.876588106
1606995340.976589441
1606995341.076587200
1606995341.176554918
1606995341.276588440
1606995341.376588583
1606995341.476589680
1606995341.576584339
1606995341.676588535
1606995341.776561737
1606995341.876590252
1606995341.976566553
1606995342.076590061
1606995342.176548481
1606995342.276590586
1606995342.376574993
1606995342.476584673
1606995342.576585531
1606995342.676589012
1606995342.776586533
1606995342.876609325
1606995342.976608515
1606995343.076594591
1606995343.176589489
1606995343.276589155
1606995343.376587629
1606995343.476495266
1606995343.576592922
1606995343.676587582
1606995343.776588440
1606995343.876586914
1606995343.976587534
1606995344.076586485
1606995344.176589727
1606995344.276584864
1606995344.376585245
1606995344.476588249
1606995344.576582909
1606995344.676492214
1606995344.776584625
1606995344.876591921
1606995344.976586342
1606995345.076483488
1606995345.176584959
1606995345.276569605
1606995345.376588583
1606995345.476583481
1606995345.576589108
1606995345.676584005
1606995345.776587009
1606995345.876614332
1606995345.976483345
1606995346.076588631
1606995346.176580429
1606995346.276498556
1606995346.376552582
1606995346.476484060
1606995346.576489925
1606995346.676489115
1606995346.776493311
1606995346.876420021
1606995346.976420403
1606995347.076613188
1606995347.176585436
1606995347.276586771
1606995347.376589298
1606995347.476495504
1606995347.576586008
1606995347.676592588
1606995347.776494741
1606995347.876589775
1606995347.976591110
1606995348.076559305
1606995348.176586390
1606995348.276590586
1606995348.376590252
1606995348.476589680
1606995348.576561689
1606995348.676496267
1606995348.776614428
1606995348.876614332
1606995348.976597548
1606995349.076587677
1606995349.176594734
1606995349.276567221
1606995349.376587391
1606995349.476590395
1606995349.576591969
1606995349.676496983
1606995349.776587725
1606995349.876565695
1606995349.976583958
1606995350.076456308
1606995350.176589251
1606995350.276595116
1606995350.376589298
1606995350.476499319
1606995350.576584578
1606995350.676589489
1606995350.776600361
1606995350.876588821
1606995350.976488590
1606995351.076584578
1606995351.176588774
1606995351.276588202
1606995351.376590729
1606995351.476590872
1606995351.576587677
1606995351.676587343
1606995351.776601076
1606995351.876593828
1606995351.976594210
1606995352.076589584
1606995352.176495790
1606995352.276588440
1606995352.376590490
1606995352.476596832
1606995352.576591969
1606995352.676587820
1606995352.776493549
1606995352.876594782
1606995352.976590157
1606995353.076488018
1606995353.176595926
1606995353.276587009
1606995353.376491547
1606995353.476590395
1606995353.576587200
1606995353.676582813
1606995353.776589632
1606995353.876590014
1606995353.976589918
1606995354.076573610
1606995354.176591158
1606995354.276588440
1606995354.376584291
1606995354.476586819
1606995354.576586723
1606995354.676568747
1606995354.776597500
1606995354.876589537
1606995354.976583958
1606995355.076586485
1606995355.176587820
1606995355.276483536
1606995355.376581430
1606995355.476582050
1606995355.576582193
1606995355.676584482
1606995355.776451111
1606995355.876489639
1606995355.976558685
1606995356.076589108
1606995356.176560640
1606995356.276584864
1606995356.376576185
1606995356.476560116
1606995356.576493025
1606995356.676510811
1606995356.776588678
1606995356.876591682
1606995356.976496458
1606995357.076565504
1606995357.176590681
1606995357.276587248
1606995357.376587868
1606995357.476588011
1606995357.576613426
1606995357.676496267
1606995357.776597023
1606995357.876589060
1606995357.976587057
1606995358.076591492
1606995358.176588535
1606995358.276589155
1606995358.376590490
1606995358.476588488
1606995358.576588869
1606995358.676592350
1606995358.776590347
1606995358.876461029
1606995358.976586819
1606995359.076584101
1606995359.176588774
1606995359.276588202
1606995359.376590490
1606995359.476564169
1606995359.576595545
1606995359.676590681
1606995359.776588202
1606995359.876589775
1606995359.976590872
1606995360.076486111
1606995360.176590681
1606995360.276582956
1606995360.376583576
1606995360.476589918
1606995360.576611757
1606995360.676599741
1606995360.776597023
1606995360.876588821
1606995360.976586342
1606995361.076589108
1606995361.176592112
1606995361.276563644
1606995361.376484871
1606995361.476592302
1606995361.576588154
1606995361.676591396
1606995361.776593447
1606995361.876587391
1606995361.976589203
1606995362.076589823
1606995362.176587820
1606995362.276491165
1606995362.376594067
1606995362.476587057
1606995362.576589108
1606995362.676594019
1606995362.776585817
1606995362.876590014
1606995362.976569891
1606995363.076588631
1606995363.176588774
1606995363.276595592
1606995363.376589298
1606995363.476616383
1606995363.576602936
1606995363.676596880
1606995363.776588678
1606995363.876594782
1606995363.976589441
1606995364.076555252
1606995364.176590204
1606995364.276556015
1606995364.376590729
1606995364.476583958
1606995364.576590061
1606995364.676554441
1606995364.776603699
1606995364.876589298
1606995364.976590872
1606995365.076482534
1606995365.176590919
1606995365.276587486
1606995365.376591921
1606995365.476588964
1606995365.576589108
1606995365.676589727
1606995365.776587963
1606995365.876460075
1606995365.976591825
1606995366.076589584
1606995366.176588774
1606995366.276457071
1606995366.376593113
1606995366.476616621
1606995366.576601744
1606995366.676590919
1606995366.776514530
1606995366.876587629
1606995366.976588964
1606995367.076585054
1606995367.176589251
1606995367.276588440
1606995367.376588106
1606995367.476588011
1606995367.576478481
1606995367.676588535
1606995367.776587009
1606995367.876590014
1606995367.976567507
1606995368.076582909
1606995368.176589966
1606995368.276593685
1606995368.376419544
1606995368.476588964
1606995368.576587677
1606995368.676589012
1606995368.776591301
1606995368.876571417
1606995368.976588964
1606995369.076591253
1606995369.176586866
1606995369.276590347
1606995369.376617908
1606995369.476597309
1606995369.576596260
1606995369.676456213
1606995369.776589394
1606995369.876588821
1606995369.976459265
1606995370.076479912
1606995370.176588297
1606995370.276595354
1606995370.376595497
1606995370.476588488
1606995370.576567888
1606995370.676574230
1606995370.776588917
1606995370.876589298
1606995370.976563215
1606995371.076586008
1606995371.176593065
1606995371.276572943
1606995371.376588345
1606995371.476588964
1606995371.576587677
1606995371.676589012
1606995371.776587009
1606995371.876582623
1606995371.976589203
1606995372.076591492
1606995372.176591635
1606995372.276611328
1606995372.376585960
1606995372.476600409
1606995372.576587915
1606995372.676566362
1606995372.776588678
1606995372.876588345
1606995372.976555824
1606995373.076455116
1606995373.176593304
1606995373.276587963
1606995373.376593351
1606995373.476590633
1606995373.576485395
1606995373.676588058
1606995373.776587963
1606995373.876585245
1606995373.976591110
1606995374.076491356
1606995374.176594973
1606995374.276595116
1606995374.376589060
1606995374.476587772
1606995374.576594353
1606995374.676589489
1606995374.776588202
1606995374.876566887
1606995374.976583719
1606995375.076573610
1606995375.176569223
1606995375.276556730
1606995375.376501799
1606995375.476598740
1606995375.576588154
1606995375.676588297
1606995375.776592016
1606995375.876586676
1606995375.976596832
1606995376.076585531
1606995376.176568031
1606995376.276613712
1606995376.376611471
1606995376.476593494
1606995376.576573610
1606995376.676469564
1606995376.776589632
1606995376.876587152
1606995376.976587772
1606995377.076567411
1606995377.176452398
1606995377.276584148
1606995377.376587629
1606995377.476590395
1606995377.576587439
1606995377.676582098
1606995377.776576996
1606995377.876583576
1606995377.976563692
1606995378.076586962
1606995378.176587343
1606995378.276588917
1606995378.376584291
1606995378.476584196
1606995378.576591730
1606995378.676586628
1606995378.776587725
1606995378.876454115
1606995378.976585865
1606995379.076586246
1606995379.176589251
1606995379.276584387
1606995379.376588106
