1606995174.371964931
1606995174.472247362
1606995174.572546244
1606995174.672856092
1606995174.773045301
1606995174.873332024
1606995174.973508358
1606995175.073796749
1606995175.174078465
1606995175.274386168
1606995175.374552965
1606995175.474758387
1606995175.574972630
1606995175.675278425
1606995175.775570393
1606995175.875865459
1606995175.976171017
1606995176.076526165
1606995176.176735401
1606995176.276935577
1606995176.377234221
1606995176.477541685
1606995176.577852726
1606995176.678161621
1606995176.778483629
1606995176.878639698
1606995176.978819847
1606995177.079127312
1606995177.179270267
1606995177.279561043
1606995177.379857779
1606995177.480157375
1606995177.580355406
1606995177.680652380
1606995177.780944824
1606995177.881272793
1606995177.981549740
1606995178.081762552
1606995178.181960583
1606995178.282273054
1606995178.382455587
1606995178.482743025
1606995178.583022594
1606995178.683331490
1606995178.783625126
1606995178.883934259
1606995178.984237432
1606995179.084544659
1606995179.184857845
1606995179.285165787
1606995179.385475874
1606995179.485781670
1606995179.586081982
1606995179.686395645
1606995179.786716461
1606995179.886921406
1606995179.987137794
1606995180.087330103
1606995180.187618732
1606995180.287906647
1606995180.388118029
1606995180.488418102
1606995180.588715792
1606995180.689000607
1606995180.789300203
1606995180.889603376
1606995180.989810944
1606995181.090114594
1606995181.190300226
1606995181.290487051
1606995181.390700102
1606995181.490914345
1606995181.591117382
1606995181.691331387
1606995181.791619301
1606995181.891911983
1606995181.992200851
1606995182.092505693
1606995182.192810535
1606995182.293119192
1606995182.393451214
1606995182.493744612
1606995182.594053507
1606995182.694367647
1606995182.794680834
1606995182.894955873
1606995182.995233297
1606995183.095569849
1606995183.195870876
1606995183.296176195
1606995183.396352530
1606995183.496677637
1606995183.596974850
1606995183.697285891
1606995183.797457457
1606995183.897761822
1606995183.997976542
1606995184.098291159
1606995184.198501825
1606995184.298771858
1606995184.399058104
1606995184.499365330
1606995184.599639893
1606995184.699936867
1606995184.800237656
1606995184.900547266
1606995185.000764847
1606995185.101074934
1606995185.201261044
1606995185.301574230
1606995185.401739597
1606995185.501943350
1606995185.602098227
1606995185.702274323
1606995185.802438259
1606995185.902653456
1606995186.002869129
1606995186.103085756
1606995186.203290701
1606995186.303502560
1606995186.403717518
1606995186.503926039
1606995186.604228973
1606995186.704436779
1606995186.804657698
1606995186.904961586
1606995187.005221605
1606995187.105475426
1606995187.205636024
1606995187.305878639
1606995187.406127691
1606995187.506378174
1606995187.606518030
1606995187.706657410
1606995187.806823969
1606995187.906963110
1606995188.007101059
1606995188.107240438
1606995188.207378626
1606995188.307542562
1606995188.407678843
1606995188.507818937
1606995188.607956648
1606995188.708094835
1606995188.808233976
1606995188.908373356
1606995189.008577824
1606995189.108834028
1606995189.209080935
1606995189.309329510
1606995189.409579754
1606995189.509829760
1606995189.610073566
1606995189.710330963
1606995189.810484886
1606995189.910675526
1606995190.010855913
1606995190.111128807
1606995190.211328030
1606995190.311534882
1606995190.411743641
1606995190.511956215
1606995190.612165928
1606995190.712378740
1606995190.812587023
1606995190.912796259
1606995191.013031244
1606995191.113240242
1606995191.213448048
1606995191.313656569
1606995191.413867235
1606995191.514076710
1606995191.614296198
1606995191.714459658
1606995191.814599037
1606995191.914798260
1606995192.014996767
1606995192.115197182
1606995192.215420246
1606995192.315593004
1606995192.415790796
1606995192.516018391
1606995192.616168499
1606995192.716334105
1606995192.816564798
1606995192.916774750
1606995193.016978979
1606995193.117185354
1606995193.217477798
1606995193.317680359
1606995193.417884111
1606995193.518186808
1606995193.618361473
1606995193.718502998
1606995193.818700790
1606995193.918914557
1606995194.019128561
1606995194.119343281
1606995194.219556332
1606995194.319849730
1606995194.419988632
1606995194.520292282
1606995194.620599270
1606995194.720800877
1606995194.821105242
1606995194.921409845
1606995195.021606922
1606995195.121908665
1606995195.222209930
1606995195.322332621
1606995195.422478199
1606995195.522636652
1606995195.622848749
1606995195.723059893
1606995195.823274851
1606995195.923489332
1606995196.023808002
1606995196.124106169
1606995196.224413395
1606995196.324565887
1606995196.424885273
1606995196.525203228
1606995196.625508308
1606995196.725659132
1606995196.825991631
1606995196.926194906
1606995197.026442051
1606995197.126583576
1606995197.226786613
1606995197.326957703
1606995197.427168608
1606995197.527384043
1606995197.627596140
1606995197.727803230
1606995197.827955246
1606995197.928280592
1606995198.028571844
1606995198.128876448
1606995198.229178429
1606995198.329370737
1606995198.429656506
1606995198.529973507
1606995198.630162477
1606995198.730358601
1606995198.830500364
1606995198.930700779
1606995199.030912638
1606995199.131122589
1606995199.231330872
1606995199.331536055
1606995199.431747675
1606995199.532067537
1606995199.632354498
1606995199.732656956
1606995199.832879305
1606995199.933183193
1606995200.033475161
1606995200.133753061
1606995200.234044790
1606995200.334263802
1606995200.434462309
1606995200.534604073
1606995200.634817123
1606995200.735025167
1606995200.835217714
1606995200.935430050
1606995201.035640001
1606995201.135932207
1606995201.236245394
1606995201.336455584
1606995201.436737776
1606995201.537066221
1606995201.637353420
1606995201.737656355
1606995201.837947607
1606995201.938258886
1606995202.038403273
1606995202.138707399
1606995202.238998175
1606995202.339303732
1606995202.439514160
1606995202.539801836
1606995202.640091181
1606995202.740389585
1606995202.840683460
1606995202.940918922
1606995203.041213751
1606995203.141513109
1606995203.241831541
1606995203.342130899
1606995203.442446232
1606995203.542596579
1606995203.642806292
1606995203.743022203
1606995203.843224287
1606995203.943531513
1606995204.043732882
1606995204.143950939
1606995204.244245052
1606995204.344465494
1606995204.444611073
1606995204.544803143
1606995204.645078897
1606995204.745359898
1606995204.845649958
1606995204.945952415
1606995205.046254396
1606995205.146558762
1606995205.246832132
1606995205.347043753
1606995205.447329044
1606995205.547634363
1606995205.647808790
1606995205.748115540
1606995205.848408222
1606995205.948715687
1606995206.048918247
1606995206.149140596
1606995206.249432087
1606995206.349735498
1606995206.450029850
1606995206.550337791
1606995206.650556087
1606995206.750760078
1606995206.851036310
1606995206.951206923
1606995207.051493883
1606995207.151793718
1606995207.252074957
1606995207.352247477
1606995207.452417850
1606995207.552723646
1606995207.653016329
1606995207.753167391
1606995207.853458643
1606995207.953763008
1606995208.054058313
1606995208.154394865
1606995208.254556179
1606995208.354827404
1606995208.455108404
1606995208.555419207
1606995208.655737877
1606995208.756036043
1606995208.856311083
1606995208.956616402
1606995209.056911707
1606995209.157215118
1606995209.257512808
1606995209.357653379
1606995209.457954168
1606995209.558167696
1606995209.658469439
1606995209.758617878
1606995209.858763695
1606995209.958913088
1606995210.059127808
1606995210.159354687
1606995210.259655476
1606995210.359973907
1606995210.460272074
1606995210.560572863
1606995210.660871029
1606995210.761182308
1606995210.861482620
1606995210.961785793
1606995211.062089920
1606995211.162399769
1606995211.262541771
1606995211.362755775
1606995211.462968588
1606995211.563178778
1606995211.663395405
1606995211.763683558
1606995211.863900185
1606995211.964202881
1606995212.064499855
1606995212.164786816
1606995212.265109062
1606995212.365418434
1606995212.465723515
1606995212.566027164
1606995212.666345119
1606995212.766652584
1606995212.866988659
1606995212.967296600
1606995213.067588329
1606995213.167897701
1606995213.268200397
1606995213.368503571
1606995213.468807936
1606995213.569137096
1606995213.669443846
1606995213.769751549
1606995213.869969368
1606995213.970277309
1606995214.070491076
1606995214.170778990
1606995214.270990849
1606995214.371269703
1606995214.471567154
1606995214.571882486
1606995214.672164202
1606995214.772160292
1606995214.872169018
1606995214.972169638
1606995215.072154284
1606995215.172195435
1606995215.272174358
1606995215.372169018
1606995215.472100735
1606995215.572172403
1606995215.672171116
1606995215.772168636
1606995215.872134209
1606995215.972171068
1606995216.072171450
1606995216.172169447
1606995216.272168159
1606995216.372180462
1606995216.472156763
1606995216.572047710
1606995216.672170639
1606995216.772175312
1606995216.872171164
1606995216.972008944
1606995217.072178364
1606995217.172172070
1606995217.272172213
1606995217.372002602
1606995217.472169161
1606995217.572142363
1606995217.672168970
1606995217.772036314
1606995217.872169018
1606995217.972170115
1606995218.072041273
1606995218.172034740
1606995218.272038460
1606995218.372045994
1606995218.472136259
1606995218.572076559
1606995218.672036409
1606995218.772012949
1606995218.872039318
1606995218.972011089
1606995219.072014809
1606995219.172130585
1606995219.272025585
1606995219.372031927
1606995219.472139835
1606995219.572131395
1606995219.672060966
1606995219.772006273
1606995219.872140169
1606995219.972127914
1606995220.072142124
1606995220.172133923
1606995220.272149563
1606995220.372141838
1606995220.472146511
1606995220.572140932
1606995220.672154665
1606995220.772153139
1606995220.872147799
1606995220.972141266
1606995221.072136879
1606995221.172063112
1606995221.272102118
1606995221.372153521
1606995221.472076654
1606995221.572056532
1606995221.672141075
1606995221.772149801
1606995221.872146606
1606995221.972172022
1606995222.072070122
1606995222.172147751
1606995222.272166491
1606995222.372149706
1606995222.472158909
1606995222.572150707
1606995222.672069788
1606995222.772157907
1606995222.872162819
1606995222.972161293
1606995223.072160721
1606995223.172159910
1606995223.272155046
1606995223.372160673
1606995223.472161531
1606995223.572156191
1606995223.672159910
1606995223.772163153
1606995223.872160673
1606995223.972170591
1606995224.072167397
1606995224.172161102
1606995224.272161484
1606995224.372160912
1606995224.472161770
1606995224.572160482
1606995224.672167778
1606995224.772161245
1606995224.872162342
1606995224.972065210
1606995225.072064877
1606995225.172173977
1606995225.272064924
1606995225.372090340
1606995225.472061157
1606995225.572056532
1606995225.672071695
1606995225.772075891
1606995225.872072697
1606995225.972071648
1606995226.072071552
1606995226.172002077
1606995226.272050619
1606995226.372073412
1606995226.472077370
1606995226.572161198
1606995226.672163486
1606995226.772157192
1606995226.872160912
1606995226.972159863
1606995227.072163343
1606995227.172163248
1606995227.272067547
1606995227.372075319
1606995227.472159386
1606995227.572163343
1606995227.672006130
1606995227.772160292
1606995227.872161627
1606995227.972160101
1606995228.072159290
1606995228.172067404
1606995228.272161007
1606995228.372159481
1606995228.472135305
1606995228.572160244
1606995228.672137260
1606995228.772160053
1606995228.872163773
1606995228.972160101
1606995229.072157383
1606995229.172143698
1606995229.272075176
1606995229.372065783
1606995229.472182274
1606995229.572065592
1606995229.672163010
1606995229.772160053
1606995229.872161150
1606995229.972162485
1606995230.072163105
1606995230.172157049
1606995230.272061586
1606995230.372162580
1606995230.472161293
1606995230.572159290
1606995230.672030687
1606995230.772158146
1606995230.872164011
1606995230.972159624
1606995231.072161674
1606995231.172066450
1606995231.272161484
1606995231.372163773
1606995231.472159863
1606995231.572159052
1606995231.672160625
1606995231.772157431
1606995231.872161865
1606995231.972162962
1606995232.072065830
1606995232.172159195
1606995232.272190332
1606995232.372184515
1606995232.472172737
1606995232.572163343
1606995232.672160625
1606995232.772161961
1606995232.872168779
1606995232.972160101
1606995233.072162151
1606995233.172164440
1606995233.272161245
1606995233.372149944
1606995233.472159863
1606995233.572150230
1606995233.672163248
1606995233.772165060
1606995233.872162104
1606995233.972158909
1606995234.072166681
1606995234.172161579
1606995234.272145748
1606995234.372165442
1606995234.472079277
1606995234.572067261
1606995234.672132730
1606995234.772162199
1606995234.872159004
1606995234.972161293
1606995235.072163343
1606995235.172161341
1606995235.272174120
1606995235.372066021
1606995235.472165346
1606995235.572161436
1606995235.672163725
1606995235.772170782
1606995235.872172356
1606995235.972172022
1606995236.072168350
1606995236.172170162
1606995236.272165775
1606995236.372153759
1606995236.472173214
1606995236.572169542
1606995236.672172308
1606995236.772170067
1606995236.872173071
1606995236.972155333
1606995237.072168827
1606995237.172082186
1606995237.272163391
1606995237.372161150
1606995237.472168207
1606995237.572150469
1606995237.672163010
1606995237.772167921
1606995237.872169495
1606995237.972160339
1606995238.072142124
1606995238.172187090
1606995238.272186995
1606995238.372174025
1606995238.472161531
1606995238.572172880
1606995238.672169209
1606995238.772162199
1606995238.872169733
1606995238.972087145
1606995239.072167873
1606995239.172168255
1606995239.272156239
1606995239.372169495
1606995239.472161293
1606995239.572170258
1606995239.672075510
1606995239.772064924
1606995239.872071028
1606995239.972159147
1606995240.072156191
1606995240.172163486
1606995240.272171021
1606995240.372163773
1606995240.472160339
1606995240.572156429
1606995240.672160387
1606995240.772161007
1606995240.872169971
1606995240.972174406
1606995241.072061539
1606995241.172184706
1606995241.272170067
1606995241.372169495
1606995241.472168684
1606995241.572076559
1606995241.672157764
1606995241.772159815
1606995241.872166634
1606995241.972161055
1606995242.072168589
1606995242.172158480
1606995242.272161722
1606995242.372160196
1606995242.472167253
1606995242.572169542
1606995242.672168016
1606995242.772162199
1606995242.872043371
1606995242.972166061
1606995243.072166443
1606995243.172164202
1606995243.272063494
1606995243.372162580
1606995243.472157717
1606995243.572166443
1606995243.672167540
1606995243.772063971
1606995243.872156858
1606995243.972161055
1606995244.072189331
1606995244.172068357
1606995244.272153616
1606995244.372169733
1606995244.472074986
1606995244.572160721
1606995244.672163963
1606995244.772156954
1606995244.872161150
1606995244.972001791
1606995245.072132349
1606995245.172156334
1606995245.272041082
1606995245.372159481
1606995245.472157240
1606995245.572070837
1606995245.672163963
1606995245.772161961
1606995245.872165918
1606995245.972159624
1606995246.072158098
1606995246.172079563
1606995246.272072554
1606995246.372026920
1606995246.472171068
1606995246.572168112
1606995246.672170639
1606995246.772143602
1606995246.872173309
1606995246.972196102
1606995247.072191477
1606995247.172175169
1606995247.272170067
1606995247.372093439
1606995247.472167492
1606995247.572170258
1606995247.672158957
1606995247.772170067
1606995247.872172356
1606995247.972169161
1606995248.072169781
1606995248.172170162
1606995248.272172928
1606995248.372170448
1606995248.472169638
1606995248.572160959
1606995248.672168732
1606995248.772169828
1606995248.872169971
1606995248.972170353
1606995249.072138548
1606995249.172176361
1606995249.272168875
1606995249.372070789
1606995249.472160339
1606995249.572170496
1606995249.672151566
1606995249.772168159
1606995249.872130156
1606995249.972180367
1606995250.072178602
1606995250.172176838
1606995250.272171497
1606995250.372170687
1606995250.472169876
1606995250.572171450
1606995250.672170877
1606995250.772161245
1606995250.872144699
1606995250.972169161
1606995251.072170258
1606995251.172172546
1606995251.272161722
1606995251.372173071
1606995251.472132921
1606995251.572167873
1606995251.672162056
1606995251.772172928
1606995251.872169971
1606995251.972170830
1606995252.072170019
1606995252.172169685
1606995252.272171736
1606995252.372175694
1606995252.472161531
1606995252.572172165
1606995252.672173977
1606995252.772193193
1606995252.872196674
1606995252.972181559
1606995253.072139740
1606995253.172169447
1606995253.272169113
1606995253.372170448
1606995253.472173691
1606995253.572134733
1606995253.672169685
1606995253.772157669
1606995253.872168541
1606995253.972159863
1606995254.072167397
1606995254.172070980
1606995254.272033691
1606995254.372161627
1606995254.472167969
1606995254.572166681
1606995254.672172546
1606995254.772071600
1606995254.872159481
1606995254.972159147
1606995255.072176218
1606995255.172172070
1606995255.272170544
1606995255.372171402
1606995255.472169638
1606995255.572164297
1606995255.672163725
1606995255.772184610
1606995255.872193098
1606995255.972165585
1606995256.072036505
1606995256.172137022
1606995256.272161722
1606995256.372048616
1606995256.472140789
1606995256.572177649
1606995256.672168970
1606995256.772169590
1606995256.872165918
1606995256.972053766
1606995257.072169781
1606995257.172164440
1606995257.272170782
1606995257.372074127
1606995257.472170115
1606995257.572166443
1606995257.672088861
1606995257.772174120
1606995257.872162819
1606995257.972170115
1606995258.072179794
1606995258.172163010
1606995258.272091627
1606995258.372169495
1606995258.472169876
1606995258.572039604
1606995258.672027349
1606995258.772006512
1606995258.872172356
1606995258.972045183
1606995259.072172403
1606995259.172070980
1606995259.272180796
1606995259.372034073
1606995259.472170115
1606995259.572035551
1606995259.672014713
1606995259.772038937
1606995259.872078419
1606995259.972007513
1606995260.072021723
1606995260.172043085
1606995260.272066355
1606995260.372006655
1606995260.472139120
1606995260.572020769
1606995260.672008753
1606995260.772063971
1606995260.872039318
1606995260.972134352
1606995261.072033644
1606995261.172072649
1606995261.272074223
1606995261.372073174
1606995261.472073317
1606995261.572073460
1606995261.672072649
1606995261.772170305
1606995261.872100115
1606995261.972020626
1606995262.072145462
1606995262.172072172
1606995262.272073984
1606995262.372073889
1606995262.472148657
1606995262.572072744
1606995262.672148943
1606995262.772035599
1606995262.872155428
1606995262.972074986
1606995263.072156191
1606995263.172031879
1606995263.272158384
1606995263.372081041
1606995263.472156763
1606995263.572148800
1606995263.672163010
1606995263.772073984
1606995263.872148752
1606995263.972142220
1606995264.072142839
1606995264.172036886
1606995264.272151470
1606995264.372152090
1606995264.472162247
1606995264.572142363
1606995264.672187328
1606995264.772169590
1606995264.872164249
1606995264.972154856
1606995265.072120428
1606995265.172101498
1606995265.272166252
1606995265.372159719
1606995265.472158194
1606995265.572160959
1606995265.672163963
1606995265.772165060
1606995265.872164488
1606995265.972162485
1606995266.072165489
1606995266.172163010
1606995266.272074699
1606995266.372161388
1606995266.472161293
1606995266.572077990
1606995266.672159433
1606995266.772134304
1606995266.872161388
1606995266.972158909
1606995267.072161436
1606995267.172161102
1606995267.272161245
1606995267.372152090
1606995267.472032309
1606995267.572186947
1606995267.672169924
1606995267.772162199
1606995267.872139215
1606995267.972160101
1606995268.072162390
1606995268.172161341
1606995268.272161245
1606995268.372035980
1606995268.472140074
1606995268.572160244
1606995268.672159910
1606995268.772162437
1606995268.872160673
1606995268.972160101
1606995269.072130680
1606995269.172163010
1606995269.272035122
1606995269.372158766
1606995269.472161293
1606995269.572162867
1606995269.672160864
1606995269.772011280
1606995269.872160673
1606995269.972156525
1606995270.072166920
1606995270.172155142
1606995270.272171021
1606995270.372070312
1606995270.472063303
1606995270.572178841
1606995270.672175169
1606995270.772165537
1606995270.872177362
1606995270.972070694
1606995271.072157860
1606995271.172143459
1606995271.272167206
1606995271.372164965
1606995271.472160816
1606995271.572168589
1606995271.672163963
1606995271.772173882
1606995271.872168541
1606995271.972169161
1606995272.072067022
1606995272.172079086
1606995272.272162437
1606995272.372174740
1606995272.472169638
1606995272.572169065
1606995272.672159195
1606995272.772169590
1606995272.872174501
1606995272.972171783
1606995273.072165012
1606995273.172177792
1606995273.272175550
1606995273.372197151
1606995273.472064972
1606995273.572176456
1606995273.672170877
1606995273.772170782
1606995273.872179031
1606995273.972164392
1606995274.072171688
1606995274.172165394
1606995274.272171021
1606995274.372165918
