1606995489.383415937
1606995489.483747482
1606995489.584139109
1606995489.684413671
1606995489.784830093
1606995489.885174513
1606995489.985520840
1606995490.085935116
1606995490.186269760
1606995490.286466122
1606995490.386812210
1606995490.487160683
1606995490.587574005
1606995490.687915087
1606995490.788288593
1606995490.888642073
1606995490.988991737
1606995491.089433193
1606995491.189780474
1606995491.290128708
1606995491.390481472
1606995491.490839243
1606995491.591253996
1606995491.691611528
1606995491.791952610
1606995491.892293930
1606995491.992709160
1606995492.093081951
1606995492.193428278
1606995492.293684006
1606995492.394031763
1606995492.494249105
1606995492.594602108
1606995492.694977999
1606995492.795332432
1606995492.895684719
1606995492.996021271
1606995493.096208811
1606995493.196589708
1606995493.296941042
1606995493.397384167
1606995493.497729778
1606995493.597984076
1606995493.698337078
1606995493.798685074
1606995493.899128675
1606995493.999384403
1606995494.099717379
1606995494.200073004
1606995494.300418139
1606995494.400836706
1606995494.501214743
1606995494.601565838
1606995494.701924086
1606995494.802299976
1606995494.902629852
1606995495.002978802
1606995495.103299379
1606995495.203700066
1606995495.304058075
1606995495.404439688
1606995495.504790783
1606995495.605119228
1606995495.705564976
1606995495.805920362
1606995495.906368971
1606995496.006726027
1606995496.107081413
1606995496.207355261
1606995496.307713270
1606995496.408030510
1606995496.508457184
1606995496.608703375
1606995496.709057093
1606995496.809414148
1606995496.909766912
1606995497.010032654
1606995497.110444069
1606995497.210762024
1606995497.311105251
1606995497.411526680
1606995497.511783123
1606995497.612127781
1606995497.712489843
1606995497.812894344
1606995497.913272142
1606995498.013687611
1606995498.114041328
1606995498.214423180
1606995498.314737082
1606995498.414939642
1606995498.515203476
1606995498.615624189
1606995498.716006041
1606995498.816345215
1606995498.916785002
1606995499.017042398
1606995499.117397308
1606995499.217747688
1606995499.318078756
1606995499.418509722
1606995499.518760920
1606995499.619080782
1606995499.719329357
1606995499.819644451
1606995499.919987917
1606995500.020328760
1606995500.120671034
1606995500.220908880
1606995500.321266413
1606995500.421611309
1606995500.521956682
1606995500.622302532
1606995500.722651720
1606995500.822997570
1606995500.923243284
1606995501.023494482
1606995501.123747826
1606995501.224090338
1606995501.324436188
1606995501.424701929
1606995501.525024891
1606995501.625361443
1606995501.725707531
1606995501.826050043
1606995501.926438093
1606995502.026695490
1606995502.127029657
1606995502.227355719
1606995502.327594757
1606995502.427906036
1606995502.528220654
1606995502.628417492
1606995502.728648663
1606995502.829022646
1606995502.929388285
1606995503.029751778
1606995503.130075455
1606995503.230450869
1606995503.330794334
1606995503.431139469
1606995503.531459332
1606995503.631829023
1606995503.732166767
1606995503.832509279
1606995503.932880163
1606995504.033223152
1606995504.133568048
1606995504.233908176
1606995504.334276438
1606995504.434486866
1606995504.534725428
1606995504.635068655
1606995504.735316038
1606995504.835660696
1606995504.936004400
1606995505.036348104
1606995505.136698723
1606995505.236938000
1606995505.337287426
1606995505.437631845
1606995505.538001537
1606995505.638351679
1606995505.738531590
1606995505.838892937
1606995505.939244509
1606995506.039488077
1606995506.139832973
1606995506.240178585
1606995506.340419054
1606995506.440774202
1606995506.541123390
1606995506.641468525
1606995506.741809845
1606995506.842179537
1606995506.942545891
1606995507.042891026
1606995507.143262625
1606995507.243610620
1606995507.343950987
1606995507.444288015
1606995507.544638872
1606995507.644980669
1606995507.745328665
1606995507.845666885
1606995507.946017027
1606995508.046358824
1606995508.146704197
1606995508.246946573
1606995508.347288132
1606995508.447628498
1606995508.547972679
1606995508.648213148
1606995508.748553991
1606995508.848925352
1606995508.949149609
1606995509.049500704
1606995509.149823666
1606995509.250058413
1606995509.350404501
1606995509.450753450
1606995509.551111460
1606995509.651451588
1606995509.751780510
1606995509.852129698
1606995509.952471495
1606995510.052789450
1606995510.153134108
1606995510.253478765
1606995510.353830099
1606995510.454039335
1606995510.554393768
1606995510.654736280
1606995510.755081892
1606995510.855322361
1606995510.955568314
1606995511.055909157
1606995511.156139135
1606995511.256482840
1606995511.356724262
1606995511.457067013
1606995511.557441950
1606995511.657785892
1606995511.758021832
1606995511.858375549
1606995511.958727598
1606995512.059078455
1606995512.159421921
1606995512.259749174
1606995512.360121489
1606995512.460464954
1606995512.560811043
1606995512.661020041
1606995512.761364222
1606995512.861740112
1606995512.962085009
1606995513.062441587
1606995513.162708282
1606995513.263079643
1606995513.363422632
1606995513.463765144
1606995513.563999891
1606995513.664341927
1606995513.764713526
1606995513.865057468
1606995513.965298891
1606995514.065623283
1606995514.165934563
1606995514.266279936
1606995514.366542339
1606995514.466883183
1606995514.567233801
1606995514.667587519
1606995514.767905235
1606995514.868262291
1606995514.968606949
1606995515.068948030
1606995515.169295073
1606995515.269525051
1606995515.369868040
1606995515.470252514
1606995515.570488214
1606995515.670830488
1606995515.771146297
1606995515.871362686
1606995515.971700668
1606995516.072041988
1606995516.172382832
1606995516.272724628
1606995516.373068571
1606995516.473412275
1606995516.573773861
1606995516.674115181
1606995516.774461985
1606995516.874809980
1606995516.975133181
1606995517.075482130
1606995517.175825834
1606995517.276189327
1606995517.376532316
1606995517.476797104
1606995517.577142954
1606995517.677488327
1606995517.777856112
1606995517.878200769
1606995517.978565216
1606995518.078892708
1606995518.179236889
1606995518.279582500
1606995518.379925728
1606995518.480293036
1606995518.580612183
1606995518.680957079
1606995518.781301022
1606995518.881652594
1606995518.981989861
1606995519.082214355
1606995519.182571411
1606995519.282880545
1606995519.383232117
1606995519.483571053
1606995519.583581209
1606995519.683554173
1606995519.783579826
1606995519.883587122
1606995519.983582497
1606995520.083580971
1606995520.183581591
1606995520.283559799
1606995520.383581400
1606995520.483579636
1606995520.583583593
1606995520.683580160
1606995520.783580542
1606995520.883555889
1606995520.983581305
1606995521.083579063
1606995521.183581114
1606995521.283578873
1606995521.383582830
1606995521.483583689
1606995521.583560944
1606995521.683578730
1606995521.783585072
1606995521.883579493
1606995521.983580828
1606995522.083548069
1606995522.183580875
1606995522.283579350
1606995522.383561850
1606995522.483561993
1606995522.583555698
1606995522.683484793
1606995522.783581495
1606995522.883581638
1606995522.983588457
1606995523.083580732
1606995523.183582067
1606995523.283581734
1606995523.383562803
1606995523.483605862
1606995523.583615541
1606995523.683589458
1606995523.783582211
1606995523.883588314
1606995523.983563423
1606995524.083561659
1606995524.183567524
1606995524.283579588
1606995524.383584023
1606995524.483582735
1606995524.583566904
1606995524.683555365
1606995524.783583641
1606995524.883580446
1606995524.983583689
1606995525.083577633
1606995525.183574200
1606995525.283581018
1606995525.383589029
1606995525.483557224
1606995525.583583355
1606995525.683563471
1606995525.783583164
1606995525.883558273
1606995525.983580589
1606995526.083579063
1606995526.183497906
1606995526.283579588
1606995526.383609533
1606995526.483585119
1606995526.583597660
1606995526.683570862
1606995526.783519268
1606995526.883563995
1606995526.983581305
1606995527.083582640
1606995527.183562279
1606995527.283568621
1606995527.383555412
1606995527.483583927
1606995527.583562851
1606995527.683556318
1606995527.783541918
1606995527.883536577
1606995527.983563662
1606995528.083578587
1606995528.183587790
1606995528.283578873
1606995528.383580923
1606995528.483549118
1606995528.583556414
1606995528.683580399
1606995528.783583164
1606995528.883580685
1606995528.983487606
1606995529.083584785
1606995529.183582306
1606995529.283582926
1606995529.383607626
1606995529.483608007
1606995529.583588123
1606995529.683580637
1606995529.783583403
1606995529.883579016
1606995529.983581781
1606995530.083580732
1606995530.183480024
1606995530.283580542
1606995530.383583784
1606995530.483560801
1606995530.583579540
1606995530.683582544
1606995530.783559799
1606995530.883486509
1606995530.983489275
1606995531.083579779
1606995531.183581114
1606995531.283549547
1606995531.383580446
1606995531.483579159
1606995531.583586216
1606995531.683481693
1606995531.783581018
1606995531.883580208
1606995531.983579636
1606995532.083558798
1606995532.183585882
1606995532.283610582
1606995532.383605242
1606995532.483595371
1606995532.583583593
1606995532.683559895
1606995532.783582449
1606995532.883580446
1606995532.983582735
1606995533.083582878
1606995533.183558226
1606995533.283565044
1606995533.383588076
1606995533.483581543
1606995533.583581448
1606995533.683586121
1606995533.783578873
1606995533.883560181
1606995533.983486414
1606995534.083577633
1606995534.183580160
1606995534.283578157
1606995534.383482218
1606995534.483486652
1606995534.583557129
1606995534.683577061
1606995534.783443689
1606995534.883563280
1606995534.983561516
1606995535.083486319
1606995535.183486223
1606995535.283602476
1606995535.383601665
1606995535.483583212
1606995535.583560944
1606995535.683495283
1606995535.783578396
1606995535.883577585
1606995535.983531952
1606995536.083578587
1606995536.183443546
1606995536.283486366
1606995536.383578539
1606995536.483481646
1606995536.583558798
1606995536.683579206
1606995536.783487320
1606995536.883486986
1606995536.983473539
1606995537.083577156
1606995537.183578253
1606995537.283584118
1606995537.383473396
1606995537.483485460
1606995537.583578348
1606995537.683579445
1606995537.783577204
1606995537.883556843
1606995537.983583689
1606995538.083595037
1606995538.183606625
1606995538.283588648
1606995538.383591175
1606995538.483514309
1606995538.583575964
1606995538.683561087
1606995538.783580780
1606995538.883563995
1606995538.983582020
1606995539.083485842
1606995539.183448076
1606995539.283548355
1606995539.383580208
1606995539.483444691
1606995539.583581924
1606995539.683578253
1606995539.783581257
1606995539.883581400
1606995539.983581543
1606995540.083580017
1606995540.183582067
1606995540.283578634
1606995540.383582354
1606995540.483582258
1606995540.583579779
1606995540.683578968
1606995540.783476830
1606995540.883491039
1606995540.983551264
1606995541.083611965
1606995541.183606148
1606995541.283590317
1606995541.383587360
1606995541.483542204
1606995541.583583832
1606995541.683588982
1606995541.783563614
1606995541.883584976
1606995541.983585119
1606995542.083579302
1606995542.183444262
1606995542.283557892
1606995542.383584499
1606995542.483558416
1606995542.583486080
1606995542.683576584
1606995542.783580303
1606995542.883585930
1606995542.983580351
1606995543.083585262
1606995543.183586836
1606995543.283579350
1606995543.383560658
1606995543.483581543
1606995543.583580256
1606995543.683579922
1606995543.783483505
1606995543.883579254
1606995543.983606815
1606995544.083431244
1606995544.183586597
1606995544.283584833
1606995544.383582115
1606995544.483577728
1606995544.583582163
1606995544.683577776
1606995544.783581734
1606995544.883580446
1606995544.983559608
1606995545.083579779
1606995545.183475018
1606995545.283578157
1606995545.383573294
1606995545.483550549
1606995545.583452702
1606995545.683483601
1606995545.783490896
1606995545.883578062
1606995545.983581305
1606995546.083581448
1606995546.183583498
1606995546.283579588
1606995546.383583069
1606995546.483483076
1606995546.583579302
1606995546.683578968
1606995546.783580780
1606995546.883579493
1606995546.983611345
1606995547.083605766
1606995547.183594704
1606995547.283577204
1606995547.383498192
1606995547.483581305
1606995547.583579302
1606995547.683579683
1606995547.783581257
1606995547.883583069
1606995547.983452797
1606995548.083581448
1606995548.183580875
1606995548.283578634
1606995548.383584023
1606995548.483554363
1606995548.583580017
1606995548.683578253
1606995548.783558607
1606995548.883579016
1606995548.983467340
1606995549.083579302
1606995549.183579206
1606995549.283584356
1606995549.383587599
1606995549.483558655
1606995549.583545208
1606995549.683581352
1606995549.783561468
1606995549.883601665
1606995549.983608007
1606995550.083601952
1606995550.183511257
1606995550.283582687
1606995550.383581161
1606995550.483577490
1606995550.583583832
1606995550.683579206
1606995550.783578396
1606995550.883582592
1606995550.983564854
1606995551.083581686
1606995551.183563948
1606995551.283577681
1606995551.383447409
1606995551.483559608
1606995551.583560228
1606995551.683556080
1606995551.783488750
1606995551.883485079
1606995551.983557224
1606995552.083487034
1606995552.183488846
1606995552.283482552
1606995552.383561373
1606995552.483559608
1606995552.583495855
1606995552.683561802
1606995552.783563375
1606995552.883485317
1606995552.983584881
1606995553.083480120
1606995553.183510065
1606995553.283507824
1606995553.383560896
1606995553.483556986
1606995553.583445787
1606995553.683483124
1606995553.783547401
1606995553.883480549
1606995553.983556747
1606995554.083483458
1606995554.183560610
1606995554.283555746
1606995554.383481503
1606995554.483480215
1606995554.583485126
1606995554.683482885
1606995554.783482790
1606995554.883555889
1606995554.983485699
1606995555.083481312
1606995555.183483601
1606995555.283475399
1606995555.383412361
1606995555.483448029
1606995555.583610058
1606995555.683560610
1606995555.783489466
1606995555.883609056
1606995555.983483315
1606995556.083587885
1606995556.183505297
1606995556.283499718
1606995556.383580685
1606995556.483488560
1606995556.583448410
1606995556.683561325
1606995556.783560753
1606995556.883484602
1606995556.983584881
1606995557.083477974
1606995557.183563948
1606995557.283464670
1606995557.383561611
1606995557.483484745
1606995557.583486795
1606995557.683582306
1606995557.783580780
1606995557.883546829
1606995557.983488083
1606995558.083486080
1606995558.183583498
1606995558.283579588
1606995558.383488417
1606995558.483485699
1606995558.583559513
1606995558.683585882
1606995558.783611298
1606995558.883485556
1606995558.983582973
1606995559.083568573
1606995559.183581591
1606995559.283487320
1606995559.383564711
1606995559.483556747
1606995559.583561182
1606995559.683557987
1606995559.783585548
1606995559.883579016
1606995559.983581305
1606995560.083581686
1606995560.183435202
1606995560.283581972
1606995560.383561611
1606995560.483484745
1606995560.583435774
1606995560.683487415
1606995560.783560038
1606995560.883560658
1606995560.983561277
1606995561.083441734
1606995561.183562517
1606995561.283549070
1606995561.383464575
1606995561.483449221
1606995561.583582163
1606995561.683484793
1606995561.783607721
1606995561.883596182
1606995561.983571291
1606995562.083578110
1606995562.183562517
1606995562.283580780
1606995562.383582354
1606995562.483582973
1606995562.583587646
1606995562.683580160
1606995562.783583641
1606995562.883579969
1606995562.983581543
1606995563.083479881
1606995563.183581829
1606995563.283581018
1606995563.383587360
1606995563.483586788
1606995563.583559513
1606995563.683578491
1606995563.783580780
1606995563.883578300
1606995563.983423710
1606995564.083578110
1606995564.183580875
1606995564.283557415
1606995564.383559465
1606995564.483578682
1606995564.583609343
1606995564.683604717
1606995564.783602715
1606995564.883560181
1606995564.983579636
1606995565.083492517
1606995565.183581591
1606995565.283562183
1606995565.383580685
1606995565.483560085
1606995565.583580017
1606995565.683578014
1606995565.783564329
1606995565.883576155
1606995565.983583689
1606995566.083544016
1606995566.183477879
1606995566.283579350
1606995566.383579016
1606995566.483559132
1606995566.583581448
1606995566.683559418
1606995566.783581018
1606995566.883578539
1606995566.983578920
1606995567.083475590
1606995567.183556795
1606995567.283477306
1606995567.383580685
1606995567.483563662
1606995567.583606005
1606995567.683604240
1606995567.783593893
1606995567.883509874
1606995567.983473301
1606995568.083576202
1606995568.183578253
1606995568.283485889
1606995568.383445024
1606995568.483566046
1606995568.583578587
1606995568.683577538
1606995568.783578873
1606995568.883451700
1606995568.983557224
1606995569.083564997
1606995569.183580875
1606995569.283577442
1606995569.383577824
1606995569.483577013
1606995569.583580256
1606995569.683555365
1606995569.783581495
1606995569.883579254
1606995569.983577490
1606995570.083578348
1606995570.183581591
1606995570.283563375
1606995570.383581400
1606995570.483605862
1606995570.583485842
1606995570.683593988
1606995570.783586979
1606995570.883577824
1606995570.983493805
1606995571.083576918
1606995571.183486700
1606995571.283480406
1606995571.383486271
1606995571.483484268
1606995571.583583593
1606995571.683581114
1606995571.783578396
1606995571.883575916
1606995571.983577728
1606995572.083557129
1606995572.183577776
1606995572.283578873
1606995572.383578062
1606995572.483579636
1606995572.583584547
1606995572.683548450
1606995572.783577681
1606995572.883582592
1606995572.983577728
1606995573.083578110
1606995573.183580399
1606995573.283448219
1606995573.383558750
1606995573.483584404
1606995573.583578348
1606995573.683560848
1606995573.783581972
1606995573.883548498
1606995573.983579636
1606995574.083483934
1606995574.183578491
1606995574.283578396
1606995574.383587837
1606995574.483550549
1606995574.583606720
1606995574.683590174
1606995574.783583403
1606995574.883579254
1606995574.983577967
1606995575.083471060
1606995575.183578968
1606995575.283575773
1606995575.383557796
1606995575.483580112
1606995575.583486080
1606995575.683578253
1606995575.783556700
1606995575.883575916
1606995575.983558893
1606995576.083485126
1606995576.183555126
1606995576.283558130
1606995576.383558989
1606995576.483563662
1606995576.583558798
1606995576.683581352
1606995576.783483505
1606995576.883487701
1606995576.983484507
1606995577.083580494
1606995577.183483124
1606995577.283559799
1606995577.383417368
1606995577.483556509
1606995577.583545446
1606995577.683478117
1606995577.783584356
1606995577.883584023
1606995577.983580828
1606995578.083581686
1606995578.183585644
1606995578.283580303
1606995578.383481503
1606995578.483584404
1606995578.583560228
1606995578.683580875
1606995578.783609867
1606995578.883608103
1606995578.983603954
1606995579.083586693
1606995579.183521748
1606995579.283555984
1606995579.383582354
1606995579.483578920
1606995579.583581686
1606995579.683580637
1606995579.783563375
1606995579.883559227
1606995579.983581066
1606995580.083580971
1606995580.183581114
1606995580.283581734
1606995580.383572340
1606995580.483578444
1606995580.583585262
1606995580.683559179
1606995580.783580303
1606995580.883582830
1606995580.983569384
1606995581.083578825
1606995581.183449507
1606995581.283560276
1606995581.383581161
1606995581.483560801
1606995581.583548307
1606995581.683559895
1606995581.783615828
1606995581.883602619
1606995581.983591557
1606995582.083585024
1606995582.183550119
1606995582.283561945
1606995582.383586168
1606995582.483548880
1606995582.583581924
1606995582.683580160
1606995582.783580542
1606995582.883557081
1606995582.983479738
1606995583.083579302
1606995583.183580160
1606995583.283586740
1606995583.383481026
1606995583.483566999
1606995583.583583117
1606995583.683561563
1606995583.783440828
1606995583.883586884
1606995583.983581305
1606995584.083578348
1606995584.183444500
1606995584.283559561
1606995584.383584023
1606995584.483583450
1606995584.583485842
1606995584.683553457
1606995584.783611298
1606995584.883596182
1606995584.983588696
1606995585.083458662
1606995585.183582544
1606995585.283555746
1606995585.383485079
1606995585.483448982
1606995585.583583117
1606995585.683577776
1606995585.783488512
1606995585.883570910
1606995585.983448267
1606995586.083484888
1606995586.183582306
1606995586.283482552
1606995586.383444548
1606995586.483558893
1606995586.583580971
1606995586.683579922
1606995586.783581734
1606995586.883554459
1606995586.983483791
1606995587.083554506
1606995587.183556080
1606995587.283579111
1606995587.383584499
1606995587.483578682
1606995587.583411694
1606995587.683484316
1606995587.783489943
1606995587.883487463
1606995587.983578205
1606995588.083507061
1606995588.183490276
1606995588.283484697
1606995588.383555889
1606995588.483444691
1606995588.583554745
1606995588.683537483
1606995588.783486605
1606995588.883485317
1606995588.983474970
1606995589.083577156
1606995589.183580399
1606995589.283483505
1606995589.383484840
