0.000542641
0.000623703
0.000641584
0.000523567
0.000567198
0.000617743
0.000574589
0.000555277
0.000600576
0.000638008
0.000646114
0.000652075
0.000542164
0.000643969
0.000547171
0.000568867
0.000620842
0.000612020
0.000618935
0.000569582
0.000546932
0.000671625
0.000618458
0.000568151
0.000544310
0.000622034
0.000618696
0.000653505
0.000514030
0.000645876
0.000542641
0.000569582
0.000560522
0.000649929
0.000668526
0.000650167
0.000536919
0.000668287
0.000452518
0.000571251
0.000611067
0.000564337
0.000611544
0.000451088
0.000572681
0.000623465
0.000589132
0.000662327
0.000627279
0.000572205
0.000628471
0.000615597
0.000574589
0.000626326
0.000572205
0.000551224
0.000637770
0.000614405
0.000566244
0.000620365
0.000586987
0.000543833
0.000638723
0.000640631
0.000643969
0.000573874
0.000523329
0.000635862
0.000550508
0.000566483
0.000559568
0.000648975
0.000612736
0.000576973
0.000633955
0.000565290
0.000524521
0.000563860
0.000619888
0.000553846
0.000636578
0.000619411
0.000639439
0.000569820
0.000554085
0.000632048
0.000537634
0.000636339
0.000630140
0.000552893
0.000641108
0.000544310
0.000547886
0.000643253
0.000640154
0.000604630
0.000541449
0.000545025
0.000637531
0.000545502
0.000646591
0.000529051
0.000557899
0.000547409
0.000555992
0.000535965
0.000560760
0.000535965
0.000534534
0.000537395
0.000561953
0.000533819
0.000555277
0.000575781
0.000551701
0.000548601
0.000535488
0.000560760
0.000524282
0.000536442
0.000544310
0.000552416
0.000553608
0.000563383
0.000550508
0.000555992
0.000527143
0.000571489
0.000517845
0.000562429
0.000539780
0.000541210
0.000479937
0.000544786
0.000585079
0.000544548
0.000453711
0.000570297
0.000573158
0.000571012
0.000569344
0.000467300
0.000542164
0.000562906
0.000537634
0.000454903
0.000545263
0.000526428
0.000567675
0.000545263
0.000467062
0.000573397
0.000546932
0.000546217
0.000543118
0.000542641
0.000543356
0.000463724
0.000604153
0.000546217
0.000550747
0.000549078
0.000574589
0.000544310
0.000545979
0.000574827
0.000576496
0.000550270
0.000573158
0.000542641
0.000572443
0.000533581
0.000544310
0.000563383
0.000588655
0.000562429
0.000571489
0.000565052
0.000615835
0.000543356
0.000544548
0.000547409
0.000555277
0.000558615
0.000556707
0.000575066
0.000549793
0.000556231
0.000546455
0.000572920
0.000506639
0.000541210
0.000525713
0.000576735
0.000538349
0.000559092
0.000539541
0.000555038
0.000557899
0.000538826
0.000554323
0.000531197
0.000554323
0.000429630
0.000545740
0.000584841
0.000542164
0.000428200
0.000540257
0.000540018
0.000557184
0.000555992
0.000539541
0.000561237
0.000542402
0.000568628
0.000537872
0.000560760
0.000529051
0.000556231
0.000545979
0.000535011
0.000561237
0.000554323
0.000559092
0.000528574
0.000565052
0.000512600
0.000554323
0.000525475
0.000566006
0.000521898
0.000535965
0.000520945
0.000541449
0.000525951
0.000530958
0.000527620
0.000459194
0.000553608
0.000536442
0.000547409
0.000529289
0.000548840
0.000529528
0.000535965
0.000467539
0.000497103
0.000497103
0.000530720
0.000533104
0.000530958
0.000540733
0.000551224
0.000541210
0.000553370
0.000559092
0.000426531
0.000606537
0.000535488
0.000527620
0.000574827
0.000546455
0.000543594
0.000557899
0.000563622
0.000540972
0.000552893
0.000559330
0.000550270
0.000555038
0.000552177
0.000557661
0.000556946
0.000556469
0.000531435
0.000556946
0.000518560
0.000548601
0.000528812
0.000541687
0.000526905
0.000538111
0.000465631
0.000531673
0.000554562
0.000527620
0.000527859
0.000530481
0.000533819
0.000555754
0.000561237
0.000559568
0.000537872
0.000534534
0.000530958
0.000535011
0.000448465
0.000550270
0.000553370
0.000524044
0.000560760
0.000564337
0.000549793
0.000560045
0.000550747
0.000562668
0.000482798
0.000529766
0.000524998
0.000541925
0.000530243
0.000538349
0.000546217
0.000541687
0.000529289
0.000544310
0.000557899
0.000546455
0.000568390
0.000552177
0.000532866
0.000536919
0.000551224
0.000560045
0.000551701
0.000491381
0.000552177
0.000560284
0.000555277
0.000536680
0.000554085
0.000560522
0.000531197
0.000530481
0.000507355
0.000559568
0.000530481
0.000532389
0.000530720
0.000540018
0.000523329
0.000531673
0.000526428
0.000529051
0.000557184
0.000570536
0.000564337
0.000537634
0.000539064
0.000536919
0.000556946
0.000542641
0.000561953
0.000551939
0.000564337
0.000481606
0.000564337
0.000550508
0.000558853
0.000509262
0.000539780
0.000535965
0.000526190
0.000526667
0.000533581
0.000528097
0.000536203
0.000525236
0.000538349
0.000538111
0.000555515
0.000552416
0.000546455
0.000566721
0.000544071
0.000547886
0.000532150
0.000555754
0.000559330
0.000544548
0.000553608
0.000556231
0.000548363
0.000555038
0.000557899
0.000561476
0.000528812
0.000554323
0.000552654
0.000507832
0.000532389
0.000540495
0.000535965
0.000572443
0.000496387
0.000539303
0.000525713
0.000532150
0.000557661
0.000557423
0.000542879
0.000555515
0.000532627
0.000548840
0.000527382
0.000550270
0.000530005
0.000547409
0.000529766
0.000560045
0.000552416
0.000556469
0.000539303
0.000552893
0.000546455
0.000532866
0.000524044
0.000534058
0.000525475
0.000511646
0.000522852
0.000547409
0.000519514
0.000524521
0.000530481
0.000479460
0.000499249
0.000538111
0.000546217
0.000547409
0.000525713
0.000554800
0.000558853
0.000560522
0.000552654
0.000559330
0.000549793
0.000562668
0.000554323
0.000563145
0.000550747
0.000553846
0.000524521
0.000537634
0.000519514
0.000543356
0.000529528
0.000542164
0.000524998
0.000531435
0.000521898
0.000534058
0.000523090
0.000542879
0.000545263
0.000426054
0.000546694
0.000530720
0.000535250
0.000538588
0.000525236
0.000558615
0.000545502
0.000547886
0.000530481
0.000561953
0.000561953
0.000553846
0.000551701
0.000529051
0.000531197
0.000532866
0.000523090
0.000532389
0.000533104
0.000533819
0.000532866
0.000530005
0.000525236
0.000528336
0.000548840
0.000579834
0.000512600
0.000546694
0.000536442
0.000541925
0.000526667
0.000563622
0.000550270
0.000558615
0.000552177
0.000532150
0.000545025
0.000562906
0.000551462
0.000552177
0.000543356
0.000532866
0.000528574
0.000509977
0.000502348
0.000529528
0.000524044
0.000530958
0.000529051
0.000535250
0.000532627
0.000530720
0.000552177
0.000545979
0.000556946
0.000548124
0.000461817
0.000528336
0.000549555
0.000554800
0.000548840
0.000558138
0.000546217
0.000558376
0.000545979
0.000550508
0.000545025
0.000542402
0.000522852
0.000567913
0.000525475
0.000525236
0.000537634
0.000533581
0.000522375
0.000536680
0.000527143
0.000531435
0.000535965
0.000560999
0.000566721
0.000560045
0.000561714
0.000537157
0.000542641
0.000564098
0.000554323
0.000554800
0.000572205
0.000563145
0.000556707
0.000556469
0.000564337
0.000560999
0.000559568
0.000555515
0.000490189
0.000532627
0.000536442
0.000537872
0.000439405
0.000541925
0.000534296
0.000537634
0.000533819
0.000535965
0.000563383
0.000536442
0.000549793
0.000558138
0.000448227
0.000554562
0.000502110
0.000554323
0.000550508
0.000537872
0.000560522
0.000552893
0.000443220
0.000557899
0.000582695
0.000527382
0.000572205
0.000565767
0.000552177
0.000523806
0.000528812
0.000527620
0.000529528
0.000539303
0.000528812
0.000542164
0.000545979
0.000555992
0.000549078
0.000546217
0.000537395
0.000548840
0.000554085
0.000545025
0.000551939
0.000549078
0.000553608
0.000551462
0.000581503
0.000562191
0.000577450
0.000568390
0.000541925
0.000547409
0.000580072
0.000568390
0.000572443
0.000575781
0.000581264
0.000569344
0.000569344
0.000565529
0.000551939
0.000555754
0.000575066
0.000571728
0.000541687
0.000480652
0.000506163
0.000501394
0.000528574
0.000530005
0.000521183
0.000524521
0.000429392
0.000523567
0.000537395
0.000547409
0.000533581
0.000525951
0.000528574
0.000532627
0.000525475
0.000502825
0.000533581
0.000539303
0.000536919
0.000529528
0.000528097
0.000543833
0.000562906
0.000543356
0.000552177
0.000550270
0.000540972
0.000560284
0.000557661
0.000577688
0.000549793
0.000527143
0.000557423
0.000574589
0.000535965
0.000586271
0.000565290
0.000567436
0.000547409
0.000521183
0.000543356
0.000549078
0.000552893
0.000541210
0.000545502
0.000547647
0.000571489
0.000535965
0.000541449
0.000558615
0.000557661
0.000563145
0.000547409
0.000557661
0.000551701
0.000555515
0.000567675
0.000576735
0.000576019
0.000582695
0.000565290
0.000576258
0.000560760
0.000575542
0.000566244
0.000579834
0.000546455
0.000543594
0.000541210
0.000543356
0.000553370
0.000553370
0.000544786
0.000555992
0.000545263
0.000574827
0.000561237
0.000537157
0.000562429
0.000553370
0.000541449
0.000539303
0.000564814
0.000553370
0.000553846
0.000552416
0.000558615
0.000561714
0.000563145
0.000564337
0.000553608
0.000562906
0.000537157
0.000507832
0.000532150
0.000526428
0.000527620
0.000532389
0.000532150
0.000558376
0.000474453
0.000457287
0.000478506
0.000559807
0.000514030
0.000529528
0.000545263
0.000560284
0.000548363
0.000564098
0.000547171
0.000545025
0.000562906
0.000552416
0.000568867
0.000557899
0.000434160
0.000552893
0.000560999
0.000535727
0.000528097
0.000533104
0.000533104
0.000529051
0.000530243
0.000495672
0.000524521
0.000540733
0.000549555
0.000556231
0.000543594
0.000576258
0.000560760
0.000562191
0.000527859
0.000547171
0.000551224
0.000552416
0.000587225
0.000560522
0.000565290
0.000575542
0.000558138
0.000567436
0.000570774
0.000568867
0.000566721
0.000546217
0.000554800
0.000543118
0.000540018
0.000532627
0.000505924
0.000539064
0.000536919
0.000557661
0.000522614
0.000550508
0.000569582
0.000560999
0.000558853
0.000474215
0.000549555
0.000534296
0.000558853
0.000461578
0.000546217
0.000560522
0.000579596
0.000544548
0.000570059
0.000578880
0.000567675
0.000559092
0.000546694
0.000548363
0.000547409
0.000537634
0.000515699
0.000531197
0.000533342
0.000419855
0.000533819
0.000512123
0.000529289
0.000471830
0.000559092
0.000685930
0.000556231
0.000535965
0.000546694
0.000541687
0.000561237
0.000560045
0.000555515
0.000570297
0.000455856
0.000577450
0.000544786
0.000555277
0.000433922
0.000544548
0.000554562
0.000537872
0.000534058
0.000535965
0.000533104
0.000542879
0.000549316
0.000445127
0.000541210
0.000550270
0.000516176
0.000545740
0.000562668
0.000567436
0.000558853
0.000552654
0.000548124
0.000571012
0.000567198
0.000548363
0.000568628
0.000570297
0.000567675
0.000580311
0.000572920
0.000554562
0.000569344
0.000568390
0.000549078
0.000525951
0.000544786
0.000544071
0.000552654
0.000549555
0.000540733
0.000546694
0.000540972
0.000547171
0.000440359
0.000558615
0.000550270
0.000576735
0.000556946
0.000504494
0.000548840
0.000554085
0.000551701
0.000555992
0.000558138
0.000576735
0.000556469
0.000555038
0.000569820
0.000569582
0.000552416
0.000545502
0.000552177
0.000549793
0.000508070
0.000543594
0.000544071
0.000547886
0.000542641
0.000546217
0.000731707
0.000524044
0.000574112
0.000560284
0.000560045
0.000541449
0.000566006
0.000551701
0.000566006
0.000574589
0.000550270
0.000566483
0.000568151
0.000573397
0.000571966
0.000572205
0.000558376
0.000567675
0.000571012
0.000546455
0.000547171
0.000542641
0.000547409
0.000545740
0.000546217
0.000548124
0.000545025
0.000541925
0.000539541
0.000576973
0.000575066
0.000424147
0.000536203
0.000504255
0.000560045
0.000447035
0.000550508
0.000554323
0.000550270
0.000555515
0.000565052
0.000556707
0.000566959
0.000566483
0.000498295
0.000560760
0.000540733
0.000539780
0.000530243
0.000468254
0.000542164
0.000543594
0.000544548
0.000532627
0.000533819
0.000531197
0.000535727
0.000569582
0.000547647
0.000555277
0.000565529
0.000540257
0.000535965
0.000562429
0.000553846
0.000550747
0.000555754
0.000553608
0.000566721
0.000577450
0.000575066
0.000565290
0.000582218
0.000557661
0.000552177
0.000552177
0.000546217
0.000550508
0.000546932
0.000548601
0.000544071
0.000556231
0.000545502
0.000518560
0.000572443
0.000574827
0.000564575
0.000568390
0.000558138
0.000553370
0.000546217
0.000567675
0.000571251
0.000578642
0.000574112
0.000574589
0.000574589
0.000570059
0.000568628
0.000562429
0.000575542
0.000538826
0.000542641
0.000540733
0.000548363
0.000480413
0.000531435
0.000503302
0.000539303
0.000534058
0.000531912
0.000538588
