0.085578203
0.000158072
0.000248909
0.000246763
0.000246525
0.000239611
0.000252962
0.000252008
0.000226498
0.000216722
0.000270844
0.000251770
0.000221491
0.000206947
0.000280380
0.000274897
0.000214338
0.000250340
0.000196457
0.000211477
0.000251532
0.000249147
0.000220060
0.000256062
0.000245333
0.000250578
0.000202894
0.000254154
0.000252962
0.000248909
0.000251770
0.000248432
0.000256538
0.000184774
0.000206709
0.000209093
0.000239849
0.000261307
0.000259399
0.000222683
0.000246763
0.000277519
0.000272512
0.000272036
0.000229120
0.000255108
0.000251293
0.000253439
0.000221491
0.000200033
0.000221729
0.000253677
0.000253201
0.000205755
0.000255346
0.000227690
0.000200272
0.000210524
0.000253677
0.000252962
0.000250578
0.000256777
0.000247240
0.000266314
0.000170946
0.000266790
0.000205994
0.000252485
0.000278234
0.000267029
0.000252485
0.000257254
0.000251770
0.000255823
0.000252247
0.000216246
0.000253201
0.000249386
0.000253201
0.000252008
0.000257969
0.000254869
0.000251770
0.000252247
0.000256062
0.000253916
0.000248909
0.000255346
0.000253677
0.000279427
0.000270367
0.000254869
0.000274897
0.000271559
0.000283241
0.000268698
0.000268936
0.000246525
0.000250101
0.000252724
0.000258446
0.000253677
0.000252008
0.000262499
0.000251293
0.000209332
0.000250578
0.000253916
0.000250340
0.000252247
0.000250578
0.000251770
0.000252247
0.000206947
0.000212908
0.000252962
0.000273228
0.000260115
0.000267267
0.000282288
0.000282049
0.000280857
0.000258446
0.000233173
0.000227451
0.000253201
0.000253916
0.000220776
0.000258207
0.000253201
0.000206947
0.000253439
0.000218391
0.000255823
0.000252962
0.000255108
0.000169277
0.000171900
0.000171900
0.000171423
0.000191689
0.000180960
0.000173569
0.000173092
0.000169039
0.000172138
0.000184774
0.000172377
0.000193834
0.000229597
0.000211477
0.000225306
0.000220060
0.000220537
0.000195026
0.000249624
0.000247955
0.000222683
0.000221491
0.000218630
0.000257492
0.000259638
0.000221014
0.000254869
0.000252724
0.000220537
0.000255108
0.000260115
0.000279665
0.000213623
0.000239611
0.000272751
0.000248432
0.000240326
0.000276089
0.000249863
0.000216246
0.000229836
0.000214100
0.000210524
0.000251532
0.000190258
0.000229597
0.000215054
0.000218868
0.000220299
0.000234365
0.000228405
0.000214577
0.000218868
0.000218153
0.000199795
0.000206947
0.000193119
0.000228882
0.000181675
0.000262260
0.000229597
0.000196457
0.000191212
0.000232220
0.000220776
0.000272751
0.000249386
0.000221252
0.000214100
0.000259876
0.000195026
0.000215769
0.000205994
0.000206947
0.000223637
0.000208139
0.000224352
0.000183344
0.000220537
0.000214338
0.000219345
0.000215054
0.000216246
0.000214815
0.000237703
0.000216484
0.000195503
0.000214338
0.000248432
0.000283003
0.000219345
0.000271797
0.000230789
0.000230074
0.000255823
0.000209332
0.000247717
0.000264406
0.000216722
0.000256538
0.000257015
0.000252247
0.000256538
0.000197649
0.000199080
0.000192404
0.000254631
0.000205994
0.000224352
0.000254869
0.000269413
0.000256300
0.000223160
0.000226736
0.000260830
0.000249147
0.000289440
0.000277519
0.000268459
0.000220537
0.000258684
0.000215054
0.000255108
0.000223160
0.000257015
0.000213146
0.000254393
0.000256777
0.000262022
0.000204802
0.000215769
0.000192165
0.000252485
0.000264645
0.000200033
0.000197649
0.000211716
0.000163555
0.000200510
0.000264645
0.000230074
0.000273705
0.000280619
0.000237226
0.000261784
0.000247955
0.000257492
0.000216484
0.000222445
0.000216961
0.000225544
0.000224352
0.000207901
0.000261545
0.000257015
0.000207424
0.000255585
0.000250101
0.000247002
0.000253677
0.000261784
0.000215769
0.000254631
0.000256062
0.000210762
0.000214577
0.000258207
0.000205755
0.000265598
0.000264168
0.000257969
0.000276804
0.000213623
0.000216007
0.000275135
0.000259638
0.000260592
0.000283957
0.000246286
0.000276804
0.000263453
0.000262737
0.000255346
0.000222206
0.000247478
0.000253439
0.000252247
0.000249863
0.000253201
0.000257015
0.000256300
0.000216007
0.000257730
0.000261307
0.000208616
0.000214100
0.000254393
0.000199318
0.000186920
0.000249863
0.000216722
0.000251532
0.000258207
0.000252485
0.000207663
0.000196695
0.000250340
0.000250578
0.000262260
0.000253677
0.000261068
0.000255823
0.000253916
0.000274420
0.000255346
0.000224590
0.000282764
0.000239611
0.000275612
0.000262737
0.000266075
0.000223637
0.000251770
0.000258446
0.000260353
0.000250578
0.000257492
0.000245094
0.000254869
0.000250578
0.000257492
0.000251770
0.000192881
0.000211716
0.000256777
0.000250816
0.000254631
0.000262260
0.000251770
0.000213146
0.000266790
0.000255823
0.000277042
0.000286102
0.000185966
0.000217199
0.000150204
0.000204802
0.000253201
0.000191689
0.000179529
0.000165939
0.000169754
0.000169277
0.000168324
0.000167847
0.000203848
0.000125408
0.000196934
0.000175476
0.000181437
0.000176430
0.000253439
0.000252962
0.000199795
0.000160456
0.000187159
0.000253677
0.000195742
0.000241756
0.000247002
0.000277996
0.000267267
0.000195026
0.000191450
0.000198841
0.000187397
0.000178337
0.000210047
0.000238895
0.000162601
0.000252485
0.000213861
0.000219822
0.000167847
0.000176907
0.000187635
0.000136375
0.000218391
0.000214100
0.000201464
0.000172377
0.000174284
0.000278473
0.000232697
0.000188589
0.000283241
0.000280619
0.000272274
0.000227690
0.000254393
0.000255108
0.000257492
0.000213861
0.000206947
0.000253916
0.000258446
0.000232697
0.000211000
0.000208139
0.000260353
0.000220776
0.000253201
0.000259161
0.000253677
0.000259161
0.000252247
0.000188589
0.000249147
0.000200033
0.000203609
0.000261068
0.000276327
0.000277519
0.000242233
0.000286579
0.000278950
0.000251055
0.000190258
0.000236750
0.000174046
0.000251532
0.000214100
0.000169754
0.000176668
0.000179529
0.000170708
0.000171661
0.000201702
0.000167847
0.000225067
0.000179529
0.000221491
0.000252485
0.000256538
0.000220060
0.000219584
0.000174284
0.000227213
0.000285149
0.000284195
0.000276566
0.000271320
0.000258684
0.000258923
0.000258207
0.000260592
0.000252485
0.000256538
0.000201702
0.000225067
0.000218630
0.000204563
0.000198841
0.000262260
0.000212431
0.000251293
0.000254393
0.000253201
0.000252247
0.000249624
0.000252485
0.000217438
0.000265598
0.000256777
0.000279188
0.000285149
0.000227928
0.000273943
0.000285864
0.000252962
0.000225544
0.000259161
0.000262737
0.000251293
0.000260592
0.000211954
0.000251770
0.000221252
0.000225544
0.000248909
0.000261068
0.000257730
0.000255346
0.000251532
0.000195503
0.000249147
0.000217199
0.000251055
0.000221729
0.000258446
0.000225544
0.000246286
0.000236511
0.000285149
0.000238180
0.000278711
0.000198603
0.000254869
0.000254154
0.000253201
0.000223875
0.000221252
0.000252962
0.000254869
0.000219345
0.000252724
0.000257969
0.000248671
0.000252962
0.000218630
0.000260830
0.000251532
0.000223160
0.000248194
0.000277519
0.000224590
0.000263929
0.000275373
0.000275373
0.000225782
0.000232220
0.000278950
0.000249386
0.000263929
0.000254154
0.000248671
0.000173092
0.000257254
0.000214100
0.000250578
0.000253439
0.000200272
0.000210762
0.000258923
0.000257015
0.000259876
0.000220776
0.000203133
0.000206709
0.000254393
0.000206470
0.000280857
0.000258207
0.000256300
0.000244856
0.000253677
0.000241995
0.000265360
0.000265837
0.000252008
0.000204563
0.000245333
0.000246763
0.000248194
0.000257254
0.000206470
0.000188589
0.000219822
0.000232220
0.000213146
0.000213385
0.000215292
0.000230312
0.000227690
0.000168324
0.000217676
0.000201941
0.000217438
0.000225306
0.000267506
0.000215530
0.000217676
0.000248194
0.000221491
0.000281096
0.000254631
0.000207901
0.000243187
0.000256300
0.000260353
0.000252008
0.000204802
0.000217199
0.000202894
0.000246525
0.000193834
0.000187635
0.000249386
0.000246763
0.000245571
0.000214100
0.000213146
0.000250578
0.000254631
0.000252724
0.000249863
0.000263929
0.000236750
0.000279427
0.000232458
0.000225067
0.000263214
0.000248432
0.000215054
0.000243425
0.000247955
0.000215054
0.000257492
0.000216961
0.000254869
0.000249147
0.000250340
0.000204563
0.000250816
0.000250340
0.000254869
0.000169277
0.000253439
0.000254154
0.000254869
0.000210524
0.000185013
0.000221252
0.000216007
0.000235796
0.000238180
0.000235081
0.000245094
0.000244379
0.000220060
0.000211716
0.000261068
0.000254393
0.000253677
0.000242233
0.000253677
0.000253439
0.000256300
0.000255108
0.000251770
0.000257730
0.000252247
0.000252962
0.000256062
0.000245333
0.000253677
0.000175953
0.000260115
0.000270128
0.000259399
0.000231266
0.000274658
0.000278234
0.000243425
0.000262976
0.000220060
0.000261307
0.000218630
0.000257492
0.000257015
0.000217915
0.000256300
0.000221014
0.000220299
0.000257015
0.000251532
0.000256777
0.000254393
0.000257254
0.000255823
0.000251532
0.000255346
0.000247717
0.000207186
0.000203371
0.000259638
0.000177145
0.000281096
0.000288725
0.000276804
0.000270128
0.000284672
0.000237465
0.000200033
0.000257015
0.000254869
0.000261068
0.000253201
0.000255823
0.000251532
0.000254393
0.000254393
0.000254631
0.000251532
0.000206470
0.000214577
0.000264883
0.000251293
0.000254631
0.000191450
0.000222921
0.000224113
0.000260115
0.000275850
0.000284910
0.000279427
0.000302076
0.000275850
0.000270844
0.000232697
0.000252247
0.000252247
0.000260115
0.000208378
0.000228882
0.000256300
0.000207424
0.000231504
0.000264406
0.000254631
0.000262022
0.000254869
0.000207901
0.000254631
0.000218391
0.000251770
0.000248671
0.000283241
0.000257969
0.000258446
0.000278473
0.000282049
0.000276089
0.000277519
0.000251293
0.000252962
0.000293732
0.000251770
0.000256300
0.000255108
0.000251770
0.000255346
0.000254393
0.000252962
0.000247955
0.000252485
0.000252008
0.000250101
0.000177860
0.000188828
0.000184774
0.000167131
0.000257730
0.000169754
0.000250340
0.000175953
0.000167608
0.000215292
0.000208378
0.000192404
0.000264645
0.000223637
0.000224113
0.000278711
0.000195742
0.000244379
0.000235081
0.000216007
0.000234842
0.000278473
0.000226736
0.000250816
0.000251055
0.000249624
0.000211716
0.000220776
0.000257969
0.000254393
0.000249863
0.000259876
0.000249386
0.000250578
0.000195503
0.000209093
0.000216722
0.000249624
0.000251293
0.000247478
0.000250578
0.000252962
0.000246763
0.000246525
0.000252962
0.000247955
0.000251055
0.000231981
0.000233650
0.000253677
0.000251055
0.000255108
0.000210285
0.000248432
0.000251532
0.000211000
0.000212193
0.000219345
0.000277758
0.000187159
0.000219345
0.000235081
0.000246525
0.000254631
0.000223637
0.000254631
0.000253201
0.000255108
0.000251532
0.000196934
0.000244617
0.000249624
0.000249624
0.000249624
0.000248671
0.000250578
0.000222683
0.000253201
0.000231504
0.000255823
0.000252247
0.000282764
0.000265360
0.000221729
0.000272989
0.000271797
0.000281096
0.000266314
0.000260353
0.000253439
0.000253677
0.000254154
0.000228882
0.000204563
0.000251055
0.000253439
0.000258684
0.000252247
0.000223160
0.000252485
0.000251293
0.000226021
0.000262976
0.000250340
0.000221014
0.000256777
0.000253439
0.000254154
0.000225067
0.000261784
0.000259399
0.000281334
0.000245810
0.000277281
0.000263453
0.000274897
0.000241518
0.000256538
0.000247717
0.000253439
0.000256300
0.000198841
0.000203609
0.000254631
0.000257254
0.000256777
0.000211239
0.000199318
0.000255108
0.000256538
0.000250816
0.000251055
0.000221014
0.000255585
0.000252724
0.000272989
0.000257492
0.000224352
0.000256777
0.000282049
0.000275612
0.000266314
0.000252485
0.000218153
0.000250816
0.000251293
0.000251770
0.000255585
0.000269890
0.000253677
0.000223875
0.000254393
0.000211000
0.000252008
0.000252724
0.000252247
0.000213385
0.000246286
0.000251532
0.000257254
0.000249147
0.000248432
0.000261545
0.000260830
0.000277042
0.000277758
0.000271082
0.000266790
0.000241280
0.000249147
0.000232220
0.000252008
0.000248671
0.000241756
0.000255585
0.000250578
0.000246763
0.000253439
0.000247478
0.000212908
0.000249147
0.000254393
0.000251055
0.000212193
0.000221968
0.000250101
0.000250816
0.000248671
0.000278234
0.000255585
0.000229836
0.000224829
0.000292540
0.000277996
0.000267267
0.000279427
0.000258207
0.000256062
0.000215292
0.000240088
0.000253677
0.000213623
0.000251770
