0.011774063
0.001295805
0.001445293
0.001281738
0.011989355
0.001280785
0.001507282
0.001192331
0.001306057
0.001467466
0.001349449
0.001497507
0.001455069
0.001320601
0.001499414
0.001500607
0.001299620
0.001494646
0.001363993
0.001328945
0.001306295
0.001510143
0.001287937
0.001597404
0.001566887
0.001332045
0.001485109
0.001325846
0.001366377
0.001571178
0.001269579
0.001529455
0.001585484
0.001303911
0.001285315
0.001319647
0.001485348
0.001311541
0.001280308
0.001478910
0.001457453
0.001283169
0.001054764
0.001457453
0.001300573
0.001245499
0.001380682
0.001491785
0.001461029
0.001473665
0.001249313
0.001590729
0.012630701
0.001340151
0.001487970
0.001334667
0.001586437
0.001487732
0.001280546
0.001519203
0.001368999
0.001508474
0.001279831
0.001464605
0.001544952
0.001377106
0.001485109
0.001510143
0.001477003
0.001043797
0.001310110
0.001438379
0.001455784
0.001525164
0.001288652
0.001455069
0.001307487
0.001511097
0.011449337
0.001298666
0.001488686
0.001466274
0.001526833
0.001497269
0.001306534
0.001311302
0.001537085
0.001488209
0.001232624
0.001516342
0.001412153
0.001312256
0.001458883
0.001344204
0.001317024
0.001492023
0.001455069
0.001326561
0.001456022
0.001350403
0.001484632
0.001261711
0.001230001
0.011412382
0.001232386
0.001196146
0.001322508
0.001225471
0.001270056
0.001213789
0.001286507
0.001226425
0.001230478
0.001218319
0.001235723
0.001243830
0.001268148
0.001189947
0.001221180
0.001219273
0.001328945
0.001220226
0.001317024
0.001235962
0.001329184
0.001228094
0.001263142
0.001365185
0.001313448
0.001333475
0.001240969
0.001288891
0.001233816
0.001338720
0.001015663
0.001274109
0.001004219
0.001225948
0.001184464
0.001200199
0.001255274
0.001230478
0.001244783
0.001237631
0.001292706
0.001232147
0.001210451
0.001341343
0.001327276
0.001241207
0.001015186
0.001220465
0.001238108
0.001273155
0.001330614
0.001330853
0.001263857
0.001321554
0.001226902
0.001262426
0.001285076
0.001322269
0.001306057
0.001208544
0.001332045
0.001239538
0.001219511
0.001018524
0.001246452
0.001235723
0.001227617
0.001226664
0.001278400
0.001295090
0.001281500
0.001246452
0.001339197
0.001337528
0.001269579
0.001332045
0.001296043
0.001260996
0.001243353
0.001308441
0.000996113
0.001214981
0.001206160
0.001259327
0.001265526
0.001321077
0.001276970
0.001237154
0.001238108
0.001275301
0.001221895
0.001265526
0.001245022
0.001260519
0.001333237
0.001255751
0.001247883
0.001271009
0.001247168
0.001342535
0.001212597
0.001242161
0.001183748
0.001228571
0.001249552
0.001324415
0.001257420
0.001306057
0.001331091
0.001224518
0.001199722
0.001300335
0.001236200
0.001360178
0.001203299
0.001216650
0.001321793
0.001209259
0.001225948
0.001327991
0.001227140
0.001225471
0.001261711
0.001237869
0.001327038
0.011441231
0.001259804
0.001226902
0.001219511
0.001008034
0.001200438
0.001303673
0.001307726
0.001209259
0.001208067
0.001212358
0.001199722
0.001326084
0.001256227
0.001248360
0.001238108
0.001367331
0.001328707
0.001336098
0.001275063
0.001211882
0.001324654
0.001239538
0.001251221
0.001224995
0.001208305
0.001333714
0.001213074
0.001245975
0.001322985
0.001241207
0.001205444
0.001222372
0.001286507
0.001317024
0.001228333
0.001216173
0.001278162
0.001337767
0.001345634
0.001237392
0.001238346
0.001342773
0.001323938
0.001234770
0.001341343
0.001257181
0.001192570
0.001254320
0.001269341
0.001208305
0.001318216
0.001295805
0.001226187
0.001256943
0.001187563
0.001236200
0.001330137
0.001189709
0.001250267
0.001204967
0.001208782
0.001260519
0.001194000
0.001331806
0.001009703
0.001252651
0.001239300
0.001219511
0.001229525
0.000994444
0.001300335
0.001359940
0.001301765
0.001030684
0.001312733
0.001230001
0.001262188
0.001300097
0.001309872
0.001335144
0.001232862
0.001234055
0.001199007
0.001254082
0.001252651
0.001333714
0.011615515
0.001177549
0.001269341
0.001276016
0.001176119
0.001318216
0.001211882
0.001235485
0.001247168
0.001201630
0.001233101
0.001240492
0.001305580
0.001294136
0.001220226
0.001211405
0.001225233
0.001254320
0.001337051
0.001349688
0.001225710
0.001228094
0.001265049
0.001258850
0.001243591
0.010993481
0.001291275
0.001326561
0.001242399
0.001263380
0.001317024
0.001292229
0.001218319
0.001319170
0.011449814
0.001322031
0.001321077
0.001310587
0.001311064
0.001231670
0.001206398
0.001272440
0.001317978
0.001248837
0.001247406
0.011435747
0.001318455
0.001024723
0.001281261
0.001307249
0.001231432
0.001382113
0.001222610
0.001207352
0.001230955
0.001341820
0.001258135
0.001209259
0.001198530
0.001323223
0.001308680
0.011496544
0.001265764
0.001278162
0.001318216
0.001314402
0.001188040
0.001336813
0.001250029
0.001258373
0.001219749
0.001305342
0.001269817
0.001328945
0.001225948
0.001230478
0.001252651
0.001322746
0.001327753
0.001332998
0.001297235
0.001285553
0.001265764
0.001229525
0.001252174
0.001313448
0.001256466
0.001295090
0.001200676
0.001274109
0.001206875
0.001257420
0.001248121
0.001334429
0.001204252
0.001315832
0.001345396
0.001232862
0.001224995
0.001233816
0.001248121
0.011314869
0.001227856
0.001349211
0.001242876
0.001319408
0.001207352
0.001248837
0.001252174
0.001236677
0.001208782
0.001237392
0.001240253
0.001251459
0.001201391
0.001271486
0.001214743
0.001212835
0.001243830
0.001205683
0.001291037
0.001292229
0.001272917
0.001235962
0.001329660
0.001206398
0.001212835
0.001310825
0.001259327
0.001242399
0.001272440
0.001233816
0.001171112
0.001258135
0.001291990
0.001230001
0.001235485
0.001234531
0.001231670
0.001240015
0.001319170
0.001214504
0.001246452
0.001320839
0.001317024
0.001258850
0.001179934
0.001338959
0.001327038
0.001344442
0.001238346
0.001345396
0.001211166
0.001234770
0.001217604
0.001227140
0.001208782
0.001317024
0.001194000
0.001231194
0.001266003
0.001230478
0.001173973
0.001319885
0.001252174
0.001226902
0.001317978
0.001167774
0.001201630
0.001224756
0.001353264
0.001257420
0.001216173
0.001217842
0.001236200
0.001272202
0.001289845
0.001252890
0.001309156
0.001291275
0.001229286
0.001040220
0.001236200
0.001328468
0.001242399
0.001225710
0.001240015
0.001324415
0.001265526
0.001241207
0.001311541
0.001201630
0.001203537
0.001234055
0.001193523
0.001234770
0.001246929
0.001231432
0.001300335
0.011392355
0.001248837
0.001212597
0.001249790
0.001262665
0.001263618
0.001235247
0.001178026
0.001299143
0.001296520
0.001304150
0.001249313
0.001224518
0.001296282
0.001200199
0.001286507
0.001219988
0.011505842
0.001207113
0.001227856
0.001293659
0.001270533
0.001278877
0.001244545
0.001266241
0.001242638
0.001253843
0.001260519
0.001259327
0.001256943
0.001260519
0.001233101
0.001224756
0.001327515
0.001219034
0.001227140
0.001273155
0.001322031
0.001230478
0.001236439
0.001253128
0.001345396
0.001245499
0.001215219
0.001280308
0.001332045
0.001253605
0.001235247
0.001263618
0.001341343
0.001248837
0.001337290
0.001245975
0.001222372
0.001250982
0.001317978
0.001193285
0.001211882
0.001205683
0.001227856
0.001214981
0.001323700
0.001206875
0.001233578
0.001232862
0.001306295
0.001348495
0.001195192
0.001246452
0.001233816
0.001353979
0.001329899
0.001242399
0.011375904
0.001256466
0.001330376
0.001237154
0.001321316
0.001240969
0.001197815
0.001204014
0.001314163
0.011073351
0.001290798
0.001253843
0.001269341
0.001302481
0.001224279
0.001222610
0.001312733
0.001248837
0.001210451
0.001234531
0.001202822
0.001282454
0.001250267
0.001230478
0.001235723
0.001232386
0.001356125
0.001338005
0.001257896
0.001332283
0.001232624
0.001242161
0.001330137
0.001327753
0.001253128
0.001234293
0.001203299
0.001231194
0.001272440
0.001242161
0.001218319
0.001197100
0.001243830
0.001197577
0.011548519
0.001335382
0.001335859
0.001246691
0.001300335
0.001220942
0.001249552
0.001254320
0.001322746
0.001232147
0.001234531
0.001236916
0.001237631
0.001320839
0.001196861
0.001205683
0.001222610
0.001216650
0.001177549
0.001209736
0.001291037
0.001221418
0.001234531
0.001335144
0.001199961
0.001217604
0.001219749
0.001346827
0.001330614
0.001236677
0.001356840
0.001241446
0.001214743
0.001228333
0.001314402
0.001222849
0.001183033
0.001197338
0.001245737
0.001189709
0.001188278
0.001192331
0.001193762
0.001240015
0.001199245
0.001311064
0.001198292
0.001236439
0.001235485
0.001280785
0.001305580
0.001264334
0.001349688
0.001255989
0.001288414
0.011594772
0.001338959
0.001330853
0.001325130
0.001194000
0.001261234
0.001266003
0.001317978
0.001258850
0.001245022
0.001224995
0.001228094
0.011577606
0.011434793
0.001332045
0.001299620
0.001221180
0.011084318
0.001181364
0.001285791
0.001358986
0.001254559
0.011479139
0.001214743
0.001201391
0.001245260
0.001011133
0.001271009
0.001337767
0.001238346
0.001219273
0.001320362
0.001243114
0.001231432
0.001245499
0.000982761
0.001232386
0.001215219
0.001244783
0.001189947
0.001213789
0.001315832
0.001250744
0.001241207
0.001025915
0.001247168
0.001361609
0.001324892
0.001015663
0.001326084
0.001256943
0.001324654
0.001254320
0.011463404
0.001280069
0.001223564
0.001188517
0.001321554
0.001202822
0.001199484
0.001242876
0.001307249
0.011571169
0.001317501
0.001214981
0.001180887
0.000999689
0.000987053
0.001242638
0.001197100
0.001228571
0.001258135
0.001240492
0.001203775
0.001223564
0.001012087
0.001220465
0.001235485
0.001262188
0.001189470
0.001226664
0.001311779
0.001238108
0.001195192
0.001206160
0.001328945
0.001247644
0.001290798
0.001313448
0.001233578
0.001217127
0.001213551
0.001217127
0.001205683
0.001246452
0.001316071
0.001300812
0.001246929
0.001274347
0.001201391
0.001272202
0.001251459
0.001233578
0.001238585
0.001250982
0.001232862
0.001231194
0.001230240
0.001247168
0.001237154
0.000978231
0.001307726
0.001214981
0.001199007
0.001241446
0.001223803
0.001243114
0.001231432
0.001203775
0.000979185
0.001304865
0.001229048
0.001317739
0.001216173
0.001057625
0.001231909
0.001236677
0.001214027
0.011459827
0.001200676
0.001258373
0.001326084
0.001327038
0.001147747
0.001231909
0.001245737
0.001215935
0.001171827
0.001191139
0.001163006
0.001230717
0.001229048
0.001280546
0.001201153
0.001353741
0.001233578
0.001208067
0.001211166
0.001234055
0.001302242
0.001231194
0.001202345
0.001190186
0.001201391
0.000979185
0.001240730
0.001219034
0.001209259
0.001218557
0.001236439
0.001333237
0.001251936
0.001227379
0.001350403
0.001216173
0.001178741
0.001342535
0.001215935
0.001216412
0.001212835
0.001301765
0.001216412
0.001258850
0.001252651
0.001214266
0.001297951
0.001048088
0.001194954
0.001200676
0.001227379
0.001217127
0.001203060
0.001111031
0.001208067
0.001379013
0.001011133
0.001365185
0.001219511
0.001352072
0.011580229
0.001271963
0.001094580
0.001228571
0.001327276
0.001219749
0.001320124
0.001223564
0.001262665
0.001331329
0.001268625
0.001234293
0.001236916
0.001282454
0.001185656
0.001241684
0.001320124
0.001295328
0.000992298
0.001312494
0.001320601
0.001260757
0.000990152
0.001240253
0.001238585
0.001204967
0.001268625
0.001258850
0.001322508
0.001359224
0.001275063
0.001217127
0.001354218
0.001254797
0.001259804
0.001200199
0.001189709
0.001179695
0.001233101
0.001239300
0.001186371
0.001235723
0.001254797
0.001213789
0.001208782
0.001274586
0.001203299
0.001212358
0.001215696
0.000995398
0.001247644
0.001320839
0.001340151
0.001230717
0.001222849
0.001208782
0.001327276
0.001267672
0.000987291
0.001222849
0.001254082
0.001315117
0.000998735
0.001286745
0.001209259
0.001295805
0.001243591
0.001329184
0.001138926
0.001229525
0.001221180
0.001003981
0.001365900
0.001266479
0.001365423
0.001354933
0.001338005
0.001278400
0.001241207
0.001361370
0.001200438
0.001327276
0.001260519
0.001236439
0.001344681
0.001271486
0.001221418
0.001332283
0.001190901
0.001249313
0.001332760
0.001207590
0.001304626
0.001229763
0.001317263
0.001197815
0.001230001
0.001273155
0.001269102
0.001229763
0.001262426
0.001209736
0.011382341
0.001269579
0.001212358
0.001355410
0.001249313
0.001271248
0.001325130
0.001280069
0.001304150
0.001046896
0.001305580
0.001230240
0.001310825
0.001010895
0.001227856
0.001238823
0.001194715
0.001323700
0.001240015
0.001295567
0.001240730
