0.000240088
0.000248432
0.000244617
0.000243425
0.000241280
0.000211954
0.000243425
0.000243902
0.000245571
0.000247717
0.000243664
0.000271797
0.000202179
0.000246763
0.000269175
0.000248194
0.000253201
0.000254393
0.000253916
0.000253677
0.000249386
0.000246525
0.000226021
0.000269651
0.000244856
0.000244141
0.000245810
0.000267744
0.000241041
0.000247240
0.000258207
0.000246763
0.000244856
0.000247717
0.000246763
0.000269413
0.000261307
0.000253201
0.000261068
0.000209093
0.000256300
0.000279427
0.000251055
0.000198126
0.000204325
0.000212908
0.000249386
0.000241518
0.000231743
0.000243902
0.000236988
0.000243902
0.000243425
0.000244856
0.000252247
0.000265598
0.000245333
0.000238419
0.000264883
0.000236273
0.000241280
0.000265360
0.000236034
0.000241756
0.000252247
0.000241995
0.000261307
0.000237703
0.000245094
0.000272751
0.000237226
0.000237942
0.000272751
0.000238419
0.000243664
0.000234604
0.000236511
0.000243664
0.000216722
0.000237942
0.000237942
0.000210047
0.000275850
0.000243187
0.000239372
0.000263691
0.000243425
0.000237703
0.000247955
0.000238895
0.000268221
0.000244617
0.000247955
0.000274658
0.000207186
0.000213385
0.000201464
0.000229836
0.000201464
0.000245810
0.000240564
0.000237942
0.000236988
0.000265598
0.000204086
0.000246525
0.000248909
0.000230789
0.000202417
0.000236273
0.000237465
0.000241518
0.000285387
0.000231981
0.000235796
0.000239849
0.000254869
0.000196457
0.000239849
0.000270844
0.000237226
0.000241041
0.000241518
0.000238895
0.000246763
0.000244617
0.000236750
0.000274181
0.000251293
0.000233173
0.000263214
0.000241518
0.000234842
0.000234604
0.000235558
0.000239134
0.000234127
0.000240088
0.000233889
0.000239372
0.000262499
0.000187397
0.000234127
0.000264883
0.000235558
0.000236034
0.000264168
0.000243664
0.000248194
0.000246286
0.000188589
0.000253201
0.000229359
0.000219107
0.000199318
0.000262737
0.000234365
0.000201702
0.000237703
0.000236988
0.000236034
0.000237465
0.000228167
0.000267267
0.000234365
0.000235319
0.000243187
0.000234127
0.000247717
0.000268698
0.000237465
0.000240564
0.000239134
0.000255823
0.000261784
0.000231743
0.000241518
0.000235796
0.000224352
0.000239611
0.000205278
0.000247002
0.000237465
0.000242233
0.000243902
0.000250340
0.000236511
0.000184774
0.000242949
0.000203609
0.000261545
0.000257730
0.000238895
0.000187874
0.000245333
0.000236034
0.000261545
0.000238657
0.000242472
0.000270128
0.000237465
0.000242233
0.000267029
0.000238895
0.000219345
0.000242710
0.000246763
0.000227690
0.000233173
0.000201464
0.000230074
0.000194788
0.000237465
0.000233412
0.000194788
0.000264168
0.000241995
0.000238657
0.000241995
0.000235558
0.000245333
0.000244379
0.000238657
0.000201225
0.000235319
0.000243902
0.000216007
0.000247717
0.000237226
0.000235081
0.000242710
0.000237703
0.000242233
0.000236750
0.000231266
0.000244617
0.000246525
0.000264406
0.000243425
0.000242233
0.000236273
0.000251770
0.000244141
0.000275612
0.000237942
0.000243425
0.000254869
0.000242710
0.000237703
0.000247955
0.000209808
0.000239611
0.000236511
0.000206232
0.000234365
0.000239611
0.000236988
0.000265360
0.000240564
0.000241041
0.000266552
0.000242710
0.000235796
0.000222683
0.000219584
0.000256538
0.000235319
0.000240088
0.000259638
0.000236988
0.000236511
0.000242472
0.000236750
0.000235558
0.000269651
0.000234365
0.000249863
0.000221729
0.000236034
0.000231266
0.000214100
0.000235796
0.000237703
0.000242710
0.000237465
0.000253916
0.000231981
0.000255585
0.000267267
0.000232458
0.000200987
0.000268221
0.000234365
0.000249624
0.000204802
0.000237703
0.000204086
0.000240803
0.000224590
0.000206709
0.000244856
0.000246286
0.000190735
0.000223875
0.000245810
0.000247955
0.000236988
0.000235558
0.000246525
0.000241756
0.000236511
0.000244617
0.000273466
0.000244141
0.000245094
0.000213146
0.000238419
0.000236273
0.000239849
0.000224352
0.000195980
0.000210285
0.000196218
0.000240088
0.000200510
0.000271797
0.000241518
0.000233650
0.000211716
0.000236750
0.000250816
0.000220299
0.000244617
0.000241280
0.000263929
0.000243425
0.000245094
0.000258923
0.000241518
0.000248671
0.000277042
0.000240564
0.000246763
0.000240564
0.000244141
0.000244141
0.000267744
0.000242710
0.000239611
0.000247240
0.000249863
0.000248194
0.000237465
0.000246286
0.000245810
0.000269413
0.000240803
0.000244379
0.000248432
0.000243425
0.000254631
0.000261068
0.000247955
0.000244379
0.000241995
0.000245571
0.000243902
0.000246525
0.000267744
0.000243664
0.000243902
0.000262499
0.000240803
0.000241280
0.000191212
0.000200272
0.000195980
0.000270844
0.000200987
0.000241995
0.000242949
0.000247717
0.000258684
0.000240564
0.000263691
0.000256777
0.000210762
0.000271082
0.000275850
0.000261068
0.000266314
0.000231504
0.000245094
0.000243425
0.000245333
0.000200987
0.000245571
0.000241518
0.000239611
0.000239849
0.000241041
0.000239372
0.000238657
0.000242472
0.000233889
0.000237226
0.000241280
0.000242233
0.000244379
0.000238895
0.000241995
0.000243902
0.000239134
0.000197887
0.000248671
0.000266075
0.000269175
0.000271320
0.000241041
0.000245571
0.000240088
0.000236988
0.000242710
0.000242472
0.000233889
0.000236750
0.000244141
0.000237226
0.000239849
0.000244141
0.000240803
0.000195503
0.000239134
0.000244141
0.000246763
0.000245571
0.000245571
0.000252008
0.000262022
0.000247717
0.000270128
0.000278950
0.000271082
0.000255346
0.000216007
0.000238895
0.000242710
0.000235319
0.000246286
0.000239611
0.000209093
0.000242949
0.000253677
0.000245571
0.000243902
0.000247717
0.000241518
0.000247002
0.000241756
0.000242949
0.000239849
0.000238895
0.000243902
0.000243187
0.000258923
0.000247717
0.000211954
0.000267506
0.000213623
0.000270128
0.000256538
0.000241995
0.000244617
0.000244856
0.000246763
0.000235558
0.000243425
0.000242949
0.000244379
0.000238419
0.000210047
0.000243664
0.000246763
0.000193596
0.000242949
0.000244617
0.000213623
0.000245333
0.000241280
0.000248432
0.000269175
0.000258446
0.000229120
0.000222445
0.000271320
0.000271797
0.000266790
0.000273705
0.000245810
0.000252247
0.000244617
0.000257492
0.000248671
0.000245094
0.000209570
0.000241995
0.000244856
0.000244856
0.000247478
0.000248432
0.000218391
0.000245094
0.000249386
0.000234604
0.000247478
0.000244617
0.000246763
0.000243187
0.000243902
0.000239134
0.000250340
0.000250816
0.000237942
0.000253439
0.000219822
0.000243664
0.000237942
0.000236988
0.000246763
0.000244379
0.000238419
0.000205278
0.000240088
0.000205040
0.000245094
0.000238895
0.000238180
0.000235796
0.000245094
0.000251055
0.000210047
0.000242949
0.000250340
0.000208855
0.000264883
0.000257730
0.000224113
0.000268459
0.000271559
0.000277519
0.000267029
0.000249863
0.000241518
0.000246763
0.000248671
0.000248432
0.000237703
0.000241518
0.000246525
0.000244379
0.000244141
0.000230551
0.000242710
0.000236273
0.000247002
0.000245094
0.000244141
0.000242233
0.000246286
0.000197411
0.000211477
0.000270605
0.000252962
0.000198841
0.000272036
0.000247955
0.000274897
0.000252962
0.000246525
0.000249624
0.000248671
0.000243425
0.000209332
0.000245333
0.000245094
0.000247240
0.000245571
0.000243664
0.000250578
0.000249147
0.000246048
0.000206470
0.000245094
0.000245094
0.000244856
0.000239134
0.000243187
0.000243664
0.000262022
0.000196218
0.000262022
0.000270128
0.000271797
0.000268698
0.000259161
0.000243187
0.000252247
0.000244856
0.000234604
0.000204086
0.000252962
0.000241518
0.000200748
0.000207186
0.000243187
0.000242472
0.000243425
0.000249624
0.000243425
0.000248909
0.000251055
0.000255108
0.000243902
0.000251532
0.000244617
0.000270605
0.000252008
0.000252485
0.000271082
0.000214100
0.000264168
0.000223160
0.000241280
0.000245571
0.000242949
0.000242949
0.000240803
0.000242949
0.000240326
0.000245333
0.000239372
0.000238180
0.000243664
0.000242472
0.000245810
0.000244617
0.000237465
0.000243902
0.000229597
0.000238657
0.000245810
0.000264168
0.000201225
0.000247002
0.000273705
0.000268698
0.000270844
0.000263691
0.000270128
0.000242233
0.000251770
0.000212431
0.000251532
0.000244617
0.000247240
0.000248432
0.000243187
0.000236988
0.000243902
0.000243425
0.000217199
0.000244141
0.000244379
0.000246048
0.000233173
0.000247002
0.000244379
0.000245094
0.000248432
0.000205755
0.000221968
0.000276327
0.000276327
0.000213861
0.000250101
0.000268221
0.000239134
0.000244856
0.000247955
0.000238895
0.000206709
0.000244141
0.000203609
0.000244141
0.000244379
0.000244617
0.000243664
0.000244379
0.000239134
0.000243664
0.000242233
0.000232458
0.000244141
0.000241756
0.000245333
0.000247240
0.000243664
0.000244617
0.000256777
0.000254154
0.000209093
0.000242472
0.000245571
0.000247240
0.000218630
0.000253677
0.000223398
0.000266314
0.000270128
0.000230551
0.000259161
0.000254631
0.000235319
0.000221491
0.000252008
0.000245571
0.000249386
0.000242710
0.000239611
0.000245571
0.000237465
0.000241280
0.000206470
0.000243187
0.000239611
0.000235319
0.000234604
0.000243664
0.000245333
0.000248432
0.000244617
0.000249386
0.000204563
0.000244856
0.000207186
0.000236273
0.000239849
0.000214577
0.000235081
0.000249863
0.000228405
0.000246286
0.000245571
0.000220299
0.000279665
0.000252485
0.000294924
0.000289917
0.000239849
0.000265360
0.000249863
0.000225782
0.000270605
0.000237703
0.000216246
0.000223398
0.000236988
0.000260830
0.000243902
0.000259161
0.000239849
0.000268698
0.000196695
0.000238180
0.000194550
0.000209570
0.000234604
0.000233650
0.000233650
0.000213623
0.000247478
0.000237703
0.000233173
0.000233173
0.000259638
0.000240803
0.000212669
0.000266314
0.000272751
0.000264168
0.000265360
0.000232697
0.000239849
0.000238419
0.000244379
0.000247240
0.000241280
0.000204563
0.000239849
0.000246048
0.000236511
0.000243902
0.000242233
0.000193834
0.000233412
0.000237703
0.000230312
0.000236034
0.000243187
0.000235558
0.000216722
0.000262499
0.000273466
0.000231743
0.000253439
0.000244379
0.000237226
0.000244617
0.000200510
0.000242949
0.000238180
0.000242472
0.000198126
0.000238419
0.000237226
0.000245094
0.000248194
0.000243664
0.000240088
0.000236988
0.000248432
0.000188351
0.000246048
0.000246286
0.000272036
0.000243425
0.000249624
0.000246048
0.000275850
0.000264168
0.000268936
0.000252247
0.000245094
0.000239849
0.000246763
0.000246525
0.000244379
0.000241756
0.000243664
0.000208855
0.000244141
0.000244141
0.000244379
0.000213861
0.000237703
0.000243425
0.000252485
0.000244379
0.000249147
0.000247717
0.000247002
0.000242949
0.000272036
0.000243425
0.000213861
0.000254631
0.000238180
0.000278711
0.000262737
0.000232697
0.000229359
0.000243664
0.000202417
0.000248194
0.000196457
0.000189304
0.000243664
0.000247717
0.000249147
0.000244617
0.000243902
0.000244856
0.000252724
0.000244856
0.000248194
0.000245571
0.000245810
0.000242233
0.000250101
0.000252962
0.000274897
0.000273466
0.000273705
0.000273943
0.000264168
0.000267506
0.000244856
0.000246525
0.000237465
0.000240088
0.000243187
0.000245094
0.000242472
0.000241995
0.000245810
0.000241280
0.000250101
0.000246525
0.000250340
0.000236750
0.000241995
0.000247717
0.000249147
0.000244379
0.000242233
0.000274420
0.000247717
0.000247717
0.000211000
0.000272512
0.000266552
0.000266075
0.000266552
0.000246525
0.000235081
0.000240088
0.000245094
0.000239134
0.000243902
0.000246525
0.000244617
0.000244617
0.000245810
0.000238180
0.000239849
0.000241280
0.000207186
0.000246525
0.000237465
0.000247717
0.000245571
0.000241280
0.000269651
0.000239372
0.000219584
0.000278711
0.000274897
0.000273466
0.000267744
0.000239849
0.000272512
0.000238895
0.000246525
0.000243425
0.000240088
0.000233173
0.000238657
0.000241995
0.000243187
0.000244379
0.000233173
0.000243187
0.000244617
0.000247717
0.000251055
0.000239134
0.000235558
0.000195503
0.000143766
0.000193119
0.000194550
0.000171661
0.000268936
0.000236750
0.000264883
0.000248432
0.000244617
0.000244379
0.000242710
0.000247478
0.000241995
0.000243187
0.000246048
0.000240564
0.000245571
0.000234604
0.000244617
0.000246048
0.000245810
0.000246763
0.000244141
0.000248671
0.000249386
0.000244379
0.000244617
0.000270128
0.000262499
0.000252247
0.000271797
