0.000508547
0.000370979
0.000415087
0.000382423
0.000357866
0.000456810
0.000364780
0.000366211
0.000359535
0.000355482
0.000380039
0.000422716
0.000381470
0.000357389
0.000421047
0.000376940
0.000330925
0.000353336
0.000407696
0.000375748
0.000351906
0.000378609
0.000437021
0.000383615
0.000351429
0.000360489
0.000425577
0.000370502
0.000404835
0.000352859
0.000384092
0.000431061
0.000377893
0.000351191
0.000425816
0.000317335
0.000297070
0.000369787
0.000350475
0.000322819
0.000463486
0.000357389
0.000375271
0.000353813
0.000360966
0.000421524
0.000361681
0.000385523
0.000419855
0.000376225
0.000356436
0.000468731
0.000356197
0.000357628
0.000363111
0.000358582
0.000452518
0.000356436
0.000360012
0.000391006
0.000424862
0.000353813
0.000362635
0.000420332
0.000356674
0.000461578
0.000356913
0.000379801
0.000362158
0.000384092
0.000353098
0.000430822
0.000353098
0.000356436
0.000391006
0.000350475
0.000456810
0.000357151
0.000376940
0.000437260
0.000366926
0.000362396
0.000357151
0.000424623
0.000320673
0.000379562
0.000355005
0.000452042
0.000359058
0.000360012
0.000375748
0.000358343
0.000447989
0.000328064
0.000387669
0.000432491
0.000406981
0.000356674
0.000364780
0.000372648
0.000432253
0.000360012
0.000374317
0.000348091
0.000353575
0.000355005
0.000286579
0.000321150
0.000390768
0.000344753
0.000355244
0.000373840
0.000346661
0.000368834
0.000350475
0.000346661
0.000375748
0.000346184
0.000371218
0.000353336
0.000279665
0.000381231
0.000350237
0.000371218
0.000285864
0.000348330
0.000365019
0.000349998
0.000374556
0.000285387
0.000358582
0.000372648
0.000352621
0.000361204
0.000353575
0.000338554
0.000369787
0.000353098
0.000319719
0.000344515
0.000359535
0.000321150
0.000346422
0.000367880
0.000350714
0.000373125
0.000351667
0.000355721
0.000350714
0.000371218
0.000349998
0.000347614
0.000350952
0.000348330
0.000348330
0.000362873
0.000351191
0.000406742
0.000347614
0.000364542
0.000350475
0.000290394
0.000372648
0.000346661
0.000362158
0.000349522
0.000351191
0.000374794
0.000349283
0.000380039
0.000352621
0.000350237
0.000360727
0.000350952
0.000372410
0.000347853
0.000366688
0.000354528
0.000352144
0.000378609
0.000340223
0.000349283
0.000404358
0.000351667
0.000367403
0.000349998
0.000347137
0.000363588
0.000354052
0.000356913
0.000358820
0.000341892
0.000372410
0.000344038
0.000381708
0.000367880
0.000370979
0.000350952
0.000346661
0.000371933
0.000351191
0.000362396
0.000355721
0.000346422
0.000375271
0.000282764
0.000356913
0.000348330
0.000355959
0.000352383
0.000313997
0.000371456
0.000349283
0.000345469
0.000305891
0.000345707
0.000363111
0.000348568
0.000293255
0.000391960
0.000357151
0.000360727
0.000349760
0.000353098
0.000382185
0.000356674
0.000371695
0.000316143
0.000341892
0.000377178
0.000355482
0.000365734
0.000347853
0.000350952
0.000369787
0.000344753
0.000342607
0.000365973
0.000349998
0.000377178
0.000352144
0.000352859
0.000356913
0.000350237
0.000368834
0.000351429
0.000377178
0.000335693
0.000378370
0.000347614
0.000352144
0.000373602
0.000353813
0.000383854
0.000325918
0.000353098
0.000378370
0.000331879
0.000290394
0.000374556
0.000347614
0.000349522
0.000380039
0.000360250
0.000361919
0.000355244
0.000352621
0.000304222
0.000352144
0.000375032
0.000361443
0.000285625
0.000344515
0.000371695
0.000357628
0.000351191
0.000361443
0.000339985
0.000356197
0.000350952
0.000284433
0.000355959
0.000355244
0.000372887
0.000349045
0.000285149
0.000346661
0.000319481
0.000393629
0.000305891
0.000307322
0.000369549
0.000350952
0.000351191
0.000349760
0.000348091
0.000349283
0.000344038
0.000377417
0.000354052
0.000358343
0.000360012
0.000348091
0.000356436
0.000374556
0.000348091
0.000376940
0.000356197
0.000345230
0.000342846
0.000350714
0.000350475
0.000357151
0.000356913
0.000351906
0.000349283
0.000349045
0.000350475
0.000349760
0.000352144
0.000376701
0.000373602
0.000359058
0.000349522
0.000371218
0.000363350
0.000363827
0.000364304
0.000376463
0.000376463
0.000377893
0.000390530
0.000351429
0.000327826
0.000356913
0.000351906
0.000344753
0.000287056
0.000289440
0.000349283
0.000350237
0.000352621
0.000290155
0.000353813
0.000352621
0.000341415
0.000342369
0.000291586
0.000380754
0.000354052
0.000351906
0.000289440
0.000376701
0.000374317
0.000375509
0.000360489
0.000374794
0.000355005
0.000373363
0.000346899
0.000316620
0.000363111
0.000357628
0.000355244
0.000287533
0.000338554
0.000359774
0.000346422
0.000350237
0.000344038
0.000340462
0.000348806
0.000351429
0.000338554
0.000352383
0.000345230
0.000360250
0.000350952
0.000389099
0.000364304
0.000371456
0.000377893
0.000376940
0.000372410
0.000365496
0.000373840
0.000351429
0.000358820
0.000349522
0.000346422
0.000324249
0.000348806
0.000352621
0.000347137
0.000347853
0.000356436
0.000347376
0.000353098
0.000348568
0.000287294
0.000314713
0.000349522
0.000371933
0.000313520
0.000359297
0.000346661
0.000380516
0.000366688
0.000361204
0.000375271
0.000372410
0.000367880
0.000372887
0.000352383
0.000339985
0.000347137
0.000353336
0.000345469
0.000355005
0.000351906
0.000318289
0.000350714
0.000343323
0.000337124
0.000347853
0.000348091
0.000376225
0.000341892
0.000345707
0.000372887
0.000367641
0.000318289
0.000359058
0.000375748
0.000347614
0.000345230
0.000379324
0.000372887
0.000372410
0.000373125
0.000378609
0.000383377
0.000362396
0.000358343
0.000331402
0.000357628
0.000357389
0.000361443
0.000359535
0.000359535
0.000328064
0.000354767
0.000358582
0.000356436
0.000362873
0.000355005
0.000358820
0.000385523
0.000387669
0.000357628
0.000339508
0.000390053
0.000355244
0.000376225
0.000384331
0.000382900
0.000353575
0.000379801
0.000358343
0.000359058
0.000357389
0.000347853
0.000358582
0.000357628
0.000363350
0.000355959
0.000351191
0.000353098
0.000355005
0.000350475
0.000315189
0.000352144
0.000352144
0.000309229
0.000348806
0.000377178
0.000358820
0.000355721
0.000351429
0.000370264
0.000373602
0.000378132
0.000381947
0.000364065
0.000361204
0.000373363
0.000301123
0.000342607
0.000354052
0.000346899
0.000348806
0.000348091
0.000350952
0.000335693
0.000345707
0.000283480
0.000348330
0.000349522
0.000348806
0.000342846
0.000324726
0.000343323
0.000379324
0.000365257
0.000316858
0.000341654
0.000375509
0.000378132
0.000372887
0.000375032
0.000370741
0.000359058
0.000369072
0.000373363
0.000348568
0.000339508
0.000352621
0.000336409
0.000349760
0.000348806
0.000344038
0.000347376
0.000351667
0.000352144
0.000343084
0.000281096
0.000353336
0.000344992
0.000345945
0.000348806
0.000363350
0.000360489
0.000351429
0.000370741
0.000286341
0.000365734
0.000366211
0.000371695
0.000365973
0.000306129
0.000372171
0.000340939
0.000343323
0.000328541
0.000350714
0.000341892
0.000342846
0.000354290
0.000351191
0.000346184
0.000354767
0.000353098
0.000289440
0.000350714
0.000344038
0.000349998
0.000320911
0.000341654
0.000367403
0.000358343
0.000353813
0.000303984
0.000368595
0.000370026
0.000383615
0.000313520
0.000374079
0.000375986
0.000343084
0.000348330
0.000350237
0.000354767
0.000347137
0.000351906
0.000293970
0.000351191
0.000353336
0.000349045
0.000287056
0.000349522
0.000349045
0.000346422
0.000353098
0.000285387
0.000349045
0.000376463
0.000356436
0.000351667
0.000378370
0.000389338
0.000355959
0.000373125
0.000320911
0.000373840
0.000374079
0.000310659
0.000351906
0.000346899
0.000345707
0.000347614
0.000345469
0.000285864
0.000350475
0.000351667
0.000349522
0.000288248
0.000349283
0.000346422
0.000346899
0.000351667
0.000344038
0.000349045
0.000344276
0.000347853
0.000347853
0.000399113
0.000380754
0.000374079
0.000293970
0.000378132
0.000369787
0.000360489
0.000377893
0.000352144
0.000349045
0.000350952
0.000350952
0.000348568
0.000346661
0.000348806
0.000353813
0.000343084
0.000357151
0.000345707
0.000353813
0.000352621
0.000344038
0.000341415
0.000340223
0.000344276
0.000376463
0.000354052
0.000353336
0.000367403
0.000365257
0.000374317
0.000370741
0.000372410
0.000352144
0.000311852
0.000348568
0.000352621
0.000350475
0.000339985
0.000344038
0.000343323
0.000341654
0.000343323
0.000350237
0.000352383
0.000351191
0.000336409
0.000349522
0.000346422
0.000351906
0.000352859
0.000347376
0.000356913
0.000352144
0.000353813
0.000359535
0.000354290
0.000355005
0.000349760
0.000368357
0.000296593
0.000347853
0.000360012
0.000358820
0.000353575
0.000362635
0.000367641
0.000377893
0.000375271
0.000381231
0.000341892
0.000365257
0.000371933
0.000350475
0.000357628
0.000355005
0.000300169
0.000362396
0.000343323
0.000351906
0.000345230
0.000350237
0.000345945
0.000344038
0.000344753
0.000344515
0.000341177
0.000346184
0.000344038
0.000346422
0.000341177
0.000346899
0.000341892
0.000343561
0.000352144
0.000348330
0.000348806
0.000353575
0.000343561
0.000349045
0.000338793
0.000345469
0.000369310
0.000374556
0.000356674
0.000319719
0.000367880
0.000370741
0.000373363
0.000380039
0.000376701
0.000374794
0.000369310
0.000350952
0.000353098
0.000345707
0.000346422
0.000340939
0.000340462
0.000348568
0.000349760
0.000348806
0.000345945
0.000339270
0.000354052
0.000349522
0.000350952
0.000348330
0.000338554
0.000289202
0.000375986
0.000352383
0.000353336
0.000374556
0.000380993
0.000376463
0.000378847
0.000384092
0.000373602
0.000382423
0.000364780
0.000350475
0.000343084
0.000351906
0.000344038
0.000315428
0.000349998
0.000350952
0.000349283
0.000349760
0.000346661
0.000354290
0.000348091
0.000352859
0.000351906
0.000349998
0.000343084
0.000370026
0.000371456
0.000349998
0.000372887
0.000445366
0.000313759
0.000368357
0.000373840
0.000378370
0.000331402
0.000362635
0.000351906
0.000354290
0.000352383
0.000354528
0.000343800
0.000355244
0.000355244
0.000356436
0.000355721
0.000360489
0.000356674
0.000365019
0.000358343
0.000357628
0.000356197
0.000355005
0.000360012
0.000379801
0.000361443
0.000360012
0.000379086
0.000378609
0.000378847
0.000378132
0.000377655
0.000380039
0.000365496
0.000368834
0.000357628
0.000357151
0.000358820
0.000357866
0.000355482
0.000356436
0.000325680
0.000352383
0.000358582
0.000355959
0.000323772
0.000355482
0.000351667
0.000355721
0.000358820
0.000297070
0.000380516
0.000365973
0.000362873
0.000295877
0.000383615
0.000379562
0.000371933
0.000378609
0.000384808
0.000384331
0.000375271
0.000354290
0.000359058
0.000357389
0.000357151
0.000350237
0.000354052
0.000365734
0.000356674
0.000356674
0.000350952
0.000331163
0.000353098
0.000353813
0.000356674
0.000333786
0.000355005
0.000381470
0.000351191
0.000364542
0.000326395
0.000374794
0.000382185
0.000383139
0.000350714
0.000379086
0.000377655
0.000378609
0.000360727
0.000330925
0.000354767
0.000349283
0.000349045
0.000340700
0.000349760
0.000339508
0.000335932
0.000349522
0.000336409
0.000348806
0.000347137
0.000347614
0.000352383
0.000347137
0.000350237
0.000343323
0.000359774
0.000354052
0.000354528
0.000355959
0.000371456
0.000360489
0.000380278
0.000347614
0.000368834
0.000373840
0.000348568
0.000347853
0.000347137
0.000353336
0.000344753
0.000339270
0.000350237
0.000351429
0.000345469
0.000336647
0.000336409
0.000339270
0.000346661
0.000349283
0.000339746
0.000336170
0.000321388
0.000374794
0.000353813
0.000345230
0.000367403
0.000377655
0.000362396
0.000373125
0.000370741
0.000372887
0.000373125
0.000371218
0.000339270
0.000343800
0.000341892
0.000352383
0.000355005
0.000279427
0.000348091
0.000346184
0.000345469
0.000283957
0.000299454
0.000345945
0.000341415
0.000344992
0.000348806
0.000349283
0.000347137
0.000359058
0.000355244
0.000355959
0.000371456
0.000379324
0.000390053
0.000375032
0.000374794
0.000364780
0.000373125
0.000334263
0.000349998
0.000352383
0.000341177
0.000332117
0.000343800
0.000348330
0.000290871
0.000353813
0.000347376
0.000351667
0.000352859
0.000342846
0.000343561
0.000346184
0.000347376
0.000350237
0.000373363
0.000283480
0.000352383
0.000375748
0.000370026
0.000372171
0.000378609
0.000376225
0.000373125
0.000378609
0.000342369
0.000355721
0.000350714
0.000351667
0.000350952
0.000352859
0.000339746
0.000354290
0.000345945
0.000347614
0.000346899
0.000357866
0.000340700
0.000315189
