0.011323452
0.000891209
0.000980139
0.001012325
0.000893831
0.001016378
0.000959158
0.000887156
0.000918627
0.000942230
0.000962734
0.011389017
0.000996351
0.011494160
0.000953913
0.000967503
0.000975847
0.000813246
0.000632048
0.000855446
0.000962973
0.000879765
0.000762939
0.000972033
0.000859976
0.000872850
0.000832558
0.000745535
0.000830889
0.000979424
0.000953913
0.000763416
0.000907660
0.000966072
0.001023054
0.000870228
0.000851870
0.000958920
0.000842094
0.000962019
0.000959873
0.000853300
0.000922203
0.000818968
0.000869513
0.000976801
0.000843048
0.000955820
0.000983238
0.000907898
0.000890493
0.000900269
0.000980139
0.000805378
0.000982046
0.000925303
0.000816822
0.000879765
0.000977039
0.000850201
0.000830173
0.000971794
0.000836372
0.000911713
0.000924587
0.000986576
0.000941277
0.000841856
0.000992060
0.000980377
0.000824928
0.000962734
0.000886679
0.000938892
0.000857830
0.000955105
0.000782251
0.000777483
0.000841856
0.000952959
0.000826836
0.000978231
0.000926495
0.000820637
0.000840902
0.000991821
0.000970840
0.000831842
0.000855923
0.000755310
0.000825405
0.000854015
0.000951290
0.000837803
0.000869989
0.000936270
0.000968933
0.000967503
0.000822544
0.000959635
0.000832796
0.000848055
0.000825167
0.000865459
0.000837326
0.000826597
0.000743628
0.000818729
0.000806808
0.000819683
0.000810385
0.000804901
0.000793219
0.000802517
0.000759363
0.000813961
0.000795126
0.000796556
0.000801802
0.000798225
0.000805378
0.000802279
0.000820160
0.000809908
0.000769377
0.000812769
0.000780344
0.000772476
0.000793219
0.000806093
0.000864267
0.000851154
0.000794411
0.000831842
0.000809669
0.000789642
0.000825644
0.000849485
0.000786781
0.000771046
0.000883341
0.000788689
0.000827551
0.000817537
0.000797749
0.000797510
0.000872850
0.000798941
0.000787020
0.000792027
0.000807047
0.000827551
0.000805378
0.000808239
0.000812292
0.000870466
0.000827074
0.000813484
0.000874758
0.000818014
0.000803471
0.000867605
0.000784159
0.000789642
0.000864267
0.000824928
0.000860929
0.000793219
0.000810385
0.000782013
0.000785351
0.000806570
0.000789881
0.000821352
0.000873804
0.000805616
0.000806570
0.000845671
0.000833511
0.000802279
0.000797510
0.000790358
0.000809669
0.000773907
0.000791550
0.000808477
0.000854015
0.000807047
0.000807762
0.000863791
0.000875711
0.000803471
0.000949621
0.000818729
0.000813007
0.000838757
0.000800371
0.000836134
0.000795126
0.000817060
0.000817537
0.000863552
0.000845909
0.000820637
0.011173725
0.000811338
0.000811100
0.000868559
0.000826836
0.000802517
0.000818491
0.000876188
0.000805616
0.000813961
0.000833035
0.000810862
0.000644207
0.000879049
0.000870943
0.000872612
0.000818491
0.000808001
0.000808001
0.000815868
0.000635147
0.000855446
0.000797749
0.000799179
0.000780344
0.000816584
0.000799417
0.000774145
0.000802279
0.000863791
0.000832796
0.000874758
0.000870705
0.000793219
0.000815392
0.000808477
0.000807047
0.000790834
0.000831604
0.000834703
0.000879049
0.000795841
0.000816584
0.000860453
0.000860214
0.000852108
0.000867844
0.000795841
0.000812054
0.000809669
0.000865221
0.000785828
0.000815630
0.000805616
0.000811338
0.000794172
0.000872612
0.000804663
0.000797987
0.011432886
0.000802755
0.000800133
0.000796795
0.000811815
0.000858545
0.000822544
0.000785351
0.000825882
0.000783205
0.000869513
0.000871181
0.000862360
0.000820160
0.000851870
0.000879526
0.000814438
0.000813961
0.000804901
0.000852346
0.000814676
0.000821114
0.000830412
0.000822067
0.000807285
0.000870228
0.000805616
0.000805855
0.000868559
0.000807285
0.000788212
0.000815153
0.000788450
0.000779867
0.000825644
0.000844717
0.000789165
0.000783443
0.000810385
0.000833035
0.000808239
0.000716686
0.000876665
0.000823498
0.000863075
0.000824213
0.000805855
0.000787973
0.000825167
0.000829458
0.000745296
0.000782013
0.000806570
0.000822067
0.000849485
0.000846863
0.000808001
0.000870228
0.000815868
0.011157274
0.000792503
0.000800610
0.000808239
0.000635147
0.000799179
0.000822783
0.000826597
0.000831366
0.000808716
0.000811577
0.000806093
0.000864983
0.000857830
0.000855207
0.000786066
0.000813484
0.000822306
0.000832796
0.000795364
0.000823021
0.000810623
0.000783205
0.011380911
0.000874281
0.000805140
0.000825167
0.000877142
0.000815630
0.000818729
0.000807762
0.000860214
0.000876188
0.000866652
0.000865936
0.000804901
0.000871420
0.000734806
0.000843763
0.000854492
0.000859976
0.000737190
0.000893593
0.000811577
0.000816107
0.000812054
0.000802040
0.000817537
0.000818491
0.000808477
0.000814438
0.000813484
0.000810146
0.000853777
0.000874043
0.000818729
0.000802279
0.000868320
0.000874281
0.000819445
0.000779152
0.000865221
0.000814915
0.000818014
0.000804186
0.000796318
0.000797749
0.000802040
0.000629187
0.000861168
0.000662088
0.000782728
0.000840664
0.000815392
0.000652552
0.000814438
0.000833511
0.000847101
0.000814438
0.000815868
0.000795841
0.000808239
0.000796795
0.000822544
0.000868559
0.000883341
0.000873566
0.000808001
0.000787497
0.000824451
0.000869274
0.000798941
0.000808001
0.000859976
0.000797987
0.000815153
0.000824213
0.000821829
0.000789404
0.000814199
0.000811100
0.000861645
0.000805140
0.000798702
0.000873089
0.000838518
0.000814199
0.000796080
0.000812769
0.000816584
0.000879288
0.000864029
0.000874281
0.000871420
0.000804186
0.000769854
0.000771999
0.000814438
0.000803471
0.000861406
0.000883579
0.000824213
0.000854015
0.000851870
0.000850201
0.000788689
0.000785589
0.000808239
0.000868797
0.000792503
0.000808001
0.000861645
0.000808477
0.000820160
0.000776768
0.000789881
0.000827789
0.000822783
0.000824213
0.000788212
0.000809431
0.000798464
0.000787020
0.000789881
0.000887632
0.000810623
0.000863075
0.000805616
0.000807762
0.000809431
0.000806093
0.000852346
0.000793695
0.000786304
0.000807285
0.000816107
0.000837088
0.000808954
0.000809193
0.000862122
0.000874996
0.000805616
0.000814676
0.000868082
0.011381865
0.000874281
0.000804424
0.000812769
0.000817060
0.000808239
0.000807762
0.000780821
0.000791788
0.000790119
0.000853062
0.000786066
0.000806332
0.000808954
0.000852823
0.000791311
0.000791550
0.000777245
0.000779629
0.000818491
0.000882387
0.000878096
0.000823021
0.000863791
0.000858545
0.000797272
0.000795126
0.000825882
0.000825882
0.000803471
0.000860453
0.000809908
0.000811100
0.000819921
0.000877380
0.000805855
0.000815630
0.000869513
0.000803232
0.000806570
0.000802279
0.000762939
0.000804901
0.000783443
0.000785589
0.000795603
0.000849485
0.000845671
0.000786543
0.000615358
0.000847340
0.000844955
0.000771284
0.000858545
0.000796556
0.000892401
0.000791550
0.000778675
0.000778198
0.000818253
0.000866413
0.000793219
0.000798702
0.000794649
0.000869989
0.000833035
0.000787258
0.000782728
0.000828028
0.000824928
0.000804901
0.000817776
0.000797510
0.000822544
0.011193752
0.000781775
0.000788927
0.000824690
0.000809669
0.000808239
0.000815630
0.000873804
0.000816107
0.000872135
0.000656128
0.000850439
0.000874758
0.000805616
0.000614405
0.000867844
0.000810146
0.000795603
0.000815868
0.000627041
0.000803947
0.000855684
0.000817537
0.000637054
0.000813007
0.000864267
0.000802994
0.000822544
0.000820160
0.000814915
0.000810862
0.000812769
0.000818014
0.000866413
0.000865459
0.000820875
0.000829935
0.000779152
0.000874996
0.000876188
0.000827789
0.000814915
0.000813484
0.000823259
0.000608206
0.000821829
0.000793695
0.000812054
0.000862360
0.000857115
0.000814199
0.000802279
0.000883579
0.000811100
0.000818729
0.000847340
0.000820160
0.000864267
0.000875950
0.000856400
0.000879526
0.000875235
0.000834703
0.000810385
0.000856876
0.000874519
0.000840902
0.000871658
0.000819683
0.000807047
0.000801325
0.000786543
0.000820637
0.000847578
0.000874758
0.000862360
0.000812769
0.000803947
0.000870466
0.000811815
0.000812292
0.000807762
0.000807762
0.000815868
0.000814915
0.000818729
0.000824451
0.000869751
0.000893593
0.000864744
0.000808239
0.000864267
0.000879049
0.000800848
0.000879049
0.000823975
0.000816107
0.000866652
0.000871420
0.000876188
0.000849962
0.000842571
0.000790119
0.000853300
0.000845432
0.000807047
0.000806093
0.000808477
0.000814676
0.000812769
0.000820398
0.000876904
0.000799417
0.000869036
0.000791311
0.000877142
0.000808001
0.000865221
0.000812531
0.000880957
0.000881195
0.000808954
0.000824451
0.000866175
0.000816584
0.000799179
0.000818491
0.000709057
0.000810385
0.000868559
0.000862122
0.000777483
0.000850201
0.000803471
0.000866890
0.000811100
0.000883102
0.000841379
0.000819683
0.000809193
0.000816584
0.000871181
0.000821829
0.000873566
0.000872135
0.000852585
0.000786066
0.000812531
0.000844479
0.000916243
0.000803232
0.000879049
0.000855207
0.000863075
0.000872612
0.000853539
0.000815868
0.000809908
0.000816584
0.000808716
0.000838280
0.000877142
0.000834465
0.000804901
0.000837803
0.000816584
0.000805616
0.000827789
0.000826836
0.000782251
0.000776052
0.000783443
0.000809908
0.000821352
0.000819206
0.000812292
0.000869274
0.000811815
0.000792742
0.000783920
0.000800133
0.000802279
0.000858545
0.000800610
0.000811815
0.000892401
0.000874758
0.000799894
0.011434078
0.000817776
0.000805378
0.000802994
0.000828505
0.000812531
0.000879526
0.000874758
0.000826836
0.000831127
0.000866413
0.000799417
0.000796556
0.000824451
0.000791550
0.000847816
0.000828743
0.000804186
0.000875950
0.000789881
0.000819921
0.000814915
0.000826359
0.000869513
0.000815868
0.000874519
0.011382103
0.000808477
0.000822306
0.000885487
0.000801802
0.000751257
0.000825405
0.000876427
0.000814676
0.000830650
0.000798941
0.000831366
0.000801802
0.000866652
0.000747681
0.000807524
0.000797749
0.000881195
0.000778437
0.000802040
0.000837088
0.000821829
0.000882387
0.000808716
0.000818253
0.000808954
0.000818253
0.000873566
0.000871420
0.000780106
0.000786304
0.000801563
0.000814915
0.000791788
0.000817299
0.000853300
0.000755310
0.000806093
0.000816345
0.000802517
0.000792265
0.000858307
0.000814438
0.000871420
0.000807762
0.000871897
0.000871658
0.000802755
0.000812531
0.000805616
0.000818968
0.000871181
0.000845432
0.000870228
0.000870943
0.000865221
0.000867128
0.000807285
0.000821590
0.000826836
0.000820875
0.000800610
0.000849485
0.000814438
0.000824213
0.000823736
0.000817537
0.000615835
0.000820637
0.000838518
0.000808001
0.000786781
0.000808716
0.000864983
0.000826359
0.000818968
0.000823498
0.000784636
0.000635147
0.000824451
0.000869751
0.000834227
0.000816584
0.000857830
0.000795603
0.000818491
0.000781775
0.000781536
0.000796556
0.000818253
0.000810385
0.000875711
0.000803709
0.000819921
0.000807524
0.000828266
0.000820160
0.000810385
0.000780344
0.000874758
0.000858307
0.000865936
0.000810385
0.000812531
0.000805378
0.011172533
0.000831604
0.000805378
0.000801325
0.000803232
0.000792503
0.000820875
0.000797033
0.000826120
0.000806808
0.000807524
0.000617027
0.000856638
0.000820875
0.000803709
0.000820637
0.000811338
0.000816345
0.000807762
0.000801563
0.000871420
0.000793219
0.000870705
0.000868082
0.000813723
0.000794411
0.000870705
0.000859737
0.000787973
0.000791550
0.000846863
0.000803709
0.000816107
0.000809669
0.000875235
0.000763416
0.000865698
0.000805855
0.000581503
0.000806570
0.000801563
0.000779867
0.000806570
0.000812531
0.000789165
0.000775814
0.000817776
0.000802755
0.000855684
0.000848532
0.000872850
0.000832558
0.000850916
0.000815868
0.000792265
0.000810385
0.000848055
0.000787497
0.000839710
0.000859261
0.000624895
0.000826120
0.000828266
0.000838518
0.000830889
0.000857830
0.000801325
0.000792027
0.000598669
0.000645399
0.000872135
0.000858307
0.000824690
0.000797749
0.000873327
0.000802994
0.000833273
0.000793934
0.000856638
0.000814676
0.000809908
0.000857353
0.000830650
0.000863552
0.000799894
0.011182308
0.000805616
0.000795126
0.000865698
0.000845671
0.000643015
0.000828981
0.000811577
0.000792503
0.000821352
0.000795841
0.000802517
0.000780106
0.000783443
0.000844717
0.000784397
0.000792265
0.000719309
0.000789881
0.000871658
0.000864029
0.000818491
0.000815868
0.000869036
0.000820160
0.000779629
0.000794411
0.000847101
0.000823021
0.000825167
0.000829458
0.000814438
0.000807762
0.000870943
0.000805378
