1607004018.460127115
1607004018.560420275
1607004018.660738468
1607004018.761058569
1607004018.861373425
1607004018.961736441
1607004019.061918020
1607004019.162398338
1607004019.262624264
1607004019.362920761
1607004019.463153839
1607004019.563447952
1607004019.663739681
1607004019.764066696
1607004019.864338875
1607004019.964528322
1607004020.064857960
1607004020.165178299
1607004020.265491486
1607004020.365804434
1607004020.466104746
1607004020.566445827
1607004020.666759729
1607004020.767130375
1607004020.867433548
1607004020.967739582
1607004021.068086624
1607004021.168396950
1607004021.268705368
1607004021.369019032
1607004021.469332218
1607004021.569653988
1607004021.670017481
1607004021.770321846
1607004021.870460987
1607004021.970649004
1607004022.070976019
1607004022.171291828
1607004022.271606207
1607004022.371922970
1607004022.472238779
1607004022.572578192
1607004022.672796965
1607004022.773110628
1607004022.873473167
1607004022.973787785
1607004023.074100971
1607004023.174415827
1607004023.274731636
1607004023.375047922
1607004023.475266457
1607004023.575430632
1607004023.675719500
1607004023.775878191
1607004023.876075268
1607004023.976250887
1607004024.076557875
1607004024.176845789
1607004024.277063370
1607004024.377378225
1607004024.477690458
1607004024.578052044
1607004024.678366423
1607004024.778660297
1607004024.878819466
1607004024.979139805
1607004025.079455137
1607004025.179769993
1607004025.279961586
1607004025.380280972
1607004025.480619431
1607004025.580929995
1607004025.681242943
1607004025.781470537
1607004025.881660223
1607004025.981849432
1607004026.082070112
1607004026.182365179
1607004026.282693863
1607004026.383019447
1607004026.483241558
1607004026.583488941
1607004026.683663845
1607004026.783845425
1607004026.884053469
1607004026.984277487
1607004027.084470749
1607004027.184767246
1607004027.285071135
1607004027.385232925
1607004027.485466242
1607004027.585651875
1607004027.685819864
1607004027.786011934
1607004027.886197090
1607004027.986408234
1607004028.086593151
1607004028.186776876
1607004028.286987543
1607004028.387206554
1607004028.487432241
1607004028.587649822
1607004028.687859774
1607004028.788094282
1607004028.888306141
1607004028.988476753
1607004029.088640690
1607004029.188861609
1607004029.289035559
1607004029.389254093
1607004029.489564896
1607004029.589783907
1607004029.689990282
1607004029.790163517
1607004029.890313625
1607004029.990466833
1607004030.090685844
1607004030.190860271
1607004030.291074991
1607004030.391296864
1607004030.491487503
1607004030.591675758
1607004030.691892862
1607004030.792114258
1607004030.892293215
1607004030.992605925
1607004031.092757702
1607004031.192973375
1607004031.293309689
1607004031.393522501
1607004031.493700027
1607004031.593923330
1607004031.694214106
1607004031.794406414
1607004031.894601345
1607004031.994863510
1607004032.095053911
1607004032.195225000
1607004032.295548677
1607004032.395750761
1607004032.495968819
1607004032.596284151
1607004032.696596861
1607004032.796909571
1607004032.897248745
1607004032.997559786
1607004033.097773552
1607004033.198007584
1607004033.298220873
1607004033.398458958
1607004033.498652697
1607004033.598871946
1607004033.699031830
1607004033.799328327
1607004033.899624825
1607004033.999934196
1607004034.100137472
1607004034.200352430
1607004034.300662518
1607004034.400874376
1607004034.501113415
1607004034.601285458
1607004034.701467991
1607004034.801719189
1607004034.901911497
1607004035.002089024
1607004035.102434635
1607004035.202583075
1607004035.302787781
1607004035.403014898
1607004035.503166437
1607004035.603415966
1607004035.703629494
1607004035.803817272
1607004035.904028654
1607004036.004305124
1607004036.104476929
1607004036.204690456
1607004036.304869413
1607004036.405070305
1607004036.505255461
1607004036.605486155
1607004036.705668688
1607004036.806022167
1607004036.906185150
1607004037.006425858
1607004037.106751442
1607004037.206982851
1607004037.307289600
1607004037.407601118
1607004037.507977486
1607004037.608289957
1607004037.708570242
1607004037.808778286
1607004037.908945322
1607004038.009102821
1607004038.109332800
1607004038.209512711
1607004038.309667110
1607004038.409968853
1607004038.510143757
1607004038.610430479
1607004038.710636854
1607004038.810917854
1607004038.911071062
1607004039.011308908
1607004039.111619949
1607004039.211934090
1607004039.312243462
1607004039.412456512
1607004039.512764692
1607004039.613076210
1607004039.713415146
1607004039.813722849
1607004039.914006710
1607004040.014319658
1607004040.114470482
1607004040.214636564
1607004040.314829111
1607004040.415044069
1607004040.515353918
1607004040.615645885
1607004040.715859890
1607004040.816071987
1607004040.916378975
1607004041.016677380
1607004041.116988420
1607004041.217300177
1607004041.317640781
1607004041.417951822
1607004041.518280745
1607004041.618516684
1607004041.718832016
1607004041.819142818
1607004041.919322014
1607004042.019623518
1607004042.119836092
1607004042.220151186
1607004042.320464134
1607004042.420771122
1607004042.521106482
1607004042.621428728
1607004042.721740961
1607004042.822053194
1607004042.922230244
1607004043.022424221
1607004043.122581959
1607004043.222808361
1607004043.322967529
1607004043.423124552
1607004043.523304939
1607004043.623503208
1607004043.723726511
1607004043.823918819
1607004043.924079418
1607004044.024368286
1607004044.124646664
1607004044.224801779
1607004044.325116873
1607004044.425418139
1607004044.525727510
1607004044.626040936
1607004044.726313353
1607004044.826651812
1607004044.926864386
1607004045.027079344
1607004045.127232313
1607004045.227451563
1607004045.327664375
1607004045.427808285
1607004045.528110743
1607004045.628286600
1607004045.728483915
1607004045.828644514
1607004045.928820848
1607004046.029182196
1607004046.129330397
1607004046.229473829
1607004046.329635859
1607004046.429842234
1607004046.530020714
1607004046.630342722
1607004046.730484724
1607004046.830658674
1607004046.930878401
1607004047.031090975
1607004047.131308794
1607004047.231524229
1607004047.331730604
1607004047.432033539
1607004047.532346487
1607004047.632662773
1607004047.732868433
1607004047.833084822
1607004047.933361530
1607004048.033668756
1607004048.133840084
1607004048.234149694
1607004048.334441662
1607004048.434638023
1607004048.534857273
1607004048.635115623
1607004048.735260963
1607004048.835477591
1607004048.935690880
1607004049.035947561
1607004049.136183739
1607004049.236358166
1607004049.336672783
1607004049.436985254
1607004049.537144899
1607004049.637326002
1607004049.737479448
1607004049.837702513
1607004049.937897205
1607004050.038090467
1607004050.138286829
1607004050.238458395
1607004050.338668108
1607004050.438887596
1607004050.539098978
1607004050.639295816
1607004050.739531279
1607004050.839703560
1607004050.939881802
1607004051.040063620
1607004051.140228748
1607004051.240403175
1607004051.340582848
1607004051.440901041
1607004051.541209221
1607004051.641515970
1607004051.741663933
1607004051.841890812
1607004051.942106485
1607004052.042328596
1607004052.142664671
1607004052.242942810
1607004052.343092680
1607004052.443382740
1607004052.543720961
1607004052.644020319
1607004052.744334698
1607004052.844615936
1607004052.944928169
1607004053.045239925
1607004053.145553589
1607004053.245886803
1607004053.346202850
1607004053.446521997
1607004053.546830893
1607004053.647023201
1607004053.747228146
1607004053.847427845
1607004053.947654247
1607004054.047866583
1607004054.148082018
1607004054.248255730
1607004054.348564863
1607004054.448875666
1607004054.549112320
1607004054.649426222
1607004054.749737263
1607004054.850048542
1607004054.950361490
1607004055.050640583
1607004055.150856495
1607004055.251079082
1607004055.351371765
1607004055.451520443
1607004055.551852226
1607004055.652167797
1607004055.752385378
1607004055.852604866
1607004055.952809811
1607004056.053002119
1607004056.153223276
1607004056.253402472
1607004056.353692532
1607004056.453873396
1607004056.554165602
1607004056.654319763
1607004056.754470587
1607004056.854631662
1607004056.954869747
1607004057.055103540
1607004057.155324936
1607004057.255544662
1607004057.355868816
1607004057.456155300
1607004057.556465387
1607004057.656773567
1607004057.757083893
1607004057.857396364
1607004057.957638502
1607004058.057815552
1607004058.158126354
1607004058.258444548
1607004058.358758688
1607004058.459061146
1607004058.559350967
1607004058.659664154
1607004058.759968519
1607004058.860277414
1607004058.960341692
1607004059.060368061
1607004059.160374165
1607004059.260370731
1607004059.360372066
1607004059.460265636
1607004059.560375690
1607004059.660367250
1607004059.760393620
1607004059.860257864
1607004059.960273981
1607004060.060302258
1607004060.160370111
1607004060.260369062
1607004060.360367537
1607004060.460370302
1607004060.560270786
1607004060.660269737
1607004060.760364294
1607004060.860205412
1607004060.960376024
1607004061.060371637
1607004061.160368681
1607004061.260279894
1607004061.360237122
1607004061.460366488
1607004061.560210228
1607004061.660373926
1607004061.760372162
1607004061.860369921
1607004061.960373163
1607004062.060369015
1607004062.160371065
1607004062.260374784
1607004062.360347271
1607004062.460402489
1607004062.560275555
1607004062.660371065
1607004062.760368824
1607004062.860337019
1607004062.960236073
1607004063.060278177
1607004063.160358906
1607004063.260278702
1607004063.360202789
1607004063.460368156
1607004063.560284138
1607004063.660276890
1607004063.760368824
1607004063.860371113
1607004063.960375786
1607004064.060370922
1607004064.160371304
1607004064.260267735
1607004064.360362768
1607004064.460229874
1607004064.560371399
1607004064.660376310
1607004064.760370016
1607004064.860369205
1607004064.960373878
1607004065.060271263
1607004065.160395622
1607004065.260382414
1607004065.360370159
1607004065.460366488
1607004065.560374022
1607004065.660345554
1607004065.760375261
1607004065.860371590
1607004065.960375547
1607004066.060373306
1607004066.160368204
1607004066.260276318
1607004066.360369444
1607004066.460369825
1607004066.560369730
1607004066.660367012
1607004066.760372162
1607004066.860357761
1607004066.960342169
1607004067.060225964
1607004067.160370827
1607004067.260369539
1607004067.360369205
1607004067.460373640
1607004067.560368538
1607004067.660367727
1607004067.760234833
1607004067.860268831
1607004067.960277796
1607004068.060352802
1607004068.160370111
1607004068.260377884
1607004068.360352516
1607004068.460371971
1607004068.560369968
1607004068.660372257
1607004068.760367155
1607004068.860353708
1607004068.960369110
1607004069.060372829
1607004069.160371780
1607004069.260365725
1607004069.360375881
1607004069.460351706
1607004069.560369968
1607004069.660352707
1607004069.760279417
1607004069.860366821
1607004069.960214138
1607004070.060374260
1607004070.160372734
1607004070.260369539
1607004070.360372066
1607004070.460283995
1607004070.560374260
1607004070.660379648
1607004070.760371685
1607004070.860375881
1607004070.960376024
1607004071.060261965
1607004071.160371304
1607004071.260288239
1607004071.360216856
1607004071.460280657
1607004071.560283899
1607004071.660371780
1607004071.760312557
1607004071.860291958
1607004071.960343122
1607004072.060265303
1607004072.160373926
1607004072.260264635
1607004072.360374212
1607004072.460367441
1607004072.560369015
1607004072.660369873
1607004072.760340929
1607004072.860373974
1607004072.960374355
1607004073.060366392
1607004073.160364628
1607004073.260279179
1607004073.360376596
1607004073.460368395
1607004073.560369253
1607004073.660380602
1607004073.760377169
1607004073.860374689
1607004073.960374355
1607004074.060372591
1607004074.160377502
1607004074.260244370
1607004074.360370636
1607004074.460368395
1607004074.560375452
1607004074.660371780
1607004074.760369539
1607004074.860372782
1607004074.960373163
1607004075.060374737
1607004075.160374165
1607004075.260289431
1607004075.360372066
1607004075.460398912
1607004075.560398340
1607004075.660274029
1607004075.760371685
1607004075.860288620
1607004075.960367918
1607004076.060238123
1607004076.160287142
1607004076.260262012
1607004076.360380888
1607004076.460274458
1607004076.560376883
1607004076.660378695
1607004076.760208130
1607004076.860236883
1607004076.960273981
1607004077.060239315
1607004077.160367250
1607004077.260239363
1607004077.360236406
1607004077.460281849
1607004077.560207367
1607004077.660377741
1607004077.760228872
1607004077.860243082
1607004077.960211515
1607004078.060266972
1607004078.160232544
1607004078.260273933
1607004078.360238075
1607004078.460342169
1607004078.560210228
1607004078.660336018
1607004078.760229588
1607004078.860233068
1607004078.960248709
1607004079.060335636
1607004079.160265684
1607004079.260347605
1607004079.360342503
1607004079.460350752
1607004079.560339451
1607004079.660351992
1607004079.760272980
1607004079.860283136
1607004079.960277557
1607004080.060352564
1607004080.160274506
1607004080.260275126
1607004080.360353470
1607004080.460359573
1607004080.560359478
1607004080.660353184
1607004080.760356188
1607004080.860387802
1607004080.960370064
1607004081.060366392
1607004081.160354853
1607004081.260206223
1607004081.360275030
1607004081.460229874
1607004081.560355902
1607004081.660356522
1607004081.760369301
1607004081.860275030
1607004081.960274458
1607004082.060361624
1607004082.160263300
1607004082.260369778
1607004082.360357046
1607004082.460368872
1607004082.560363770
1607004082.660236597
1607004082.760206699
1607004082.860235214
1607004082.960275650
1607004083.060235977
1607004083.160366535
1607004083.260369301
1607004083.360208988
1607004083.460232496
1607004083.560388327
1607004083.660388470
1607004083.760375738
1607004083.860359430
1607004083.960298538
1607004084.060372829
1607004084.160368919
1607004084.260366678
1607004084.360369682
1607004084.460366726
1607004084.560237646
1607004084.660367250
1607004084.760369778
1607004084.860369444
1607004084.960366011
1607004085.060275555
1607004085.160371542
1607004085.260369539
1607004085.360366344
1607004085.460368872
1607004085.560366392
1607004085.660370588
1607004085.760370970
1607004085.860363483
1607004085.960344791
1607004086.060333490
1607004086.160330534
1607004086.260396719
1607004086.360393047
1607004086.460375547
1607004086.560370445
1607004086.660368204
1607004086.760272741
1607004086.860371351
1607004086.960370302
1607004087.060367346
1607004087.160371780
1607004087.260351896
1607004087.360373497
1607004087.460369587
1607004087.560368776
1607004087.660371780
1607004087.760373116
1607004087.860371828
1607004087.960371494
1607004088.060368538
1607004088.160369873
1607004088.260375261
1607004088.360375643
1607004088.460371017
1607004088.560367346
1607004088.660366535
1607004088.760235786
1607004088.860369921
1607004088.960257769
1607004089.060231686
1607004089.160234928
1607004089.260288715
1607004089.360265732
1607004089.460360527
1607004089.560272932
1607004089.660235882
1607004089.760238409
1607004089.860243082
1607004089.960331678
1607004090.060243845
1607004090.160246611
1607004090.260204554
1607004090.360211372
1607004090.460237503
1607004090.560278654
1607004090.660277843
1607004090.760233164
1607004090.860269308
1607004090.960369825
1607004091.060276270
1607004091.160224676
1607004091.260279417
1607004091.360272408
1607004091.460274935
1607004091.560234070
1607004091.660270691
1607004091.760273695
1607004091.860371828
1607004091.960232019
1607004092.060201645
1607004092.160274982
1607004092.260241747
1607004092.360277891
1607004092.460274935
1607004092.560261965
1607004092.660337210
1607004092.760275126
1607004092.860280275
1607004092.960272551
1607004093.060223818
1607004093.160278559
1607004093.260230780
1607004093.360275030
1607004093.460233688
1607004093.560212374
1607004093.660276651
1607004093.760235548
1607004093.860278130
1607004093.960275412
1607004094.060280085
1607004094.160277605
1607004094.260203838
1607004094.360216141
1607004094.460256577
1607004094.560213327
1607004094.660353184
1607004094.760371923
1607004094.860368013
1607004094.960373640
1607004095.060259342
1607004095.160359383
1607004095.260349751
1607004095.360373259
1607004095.460363626
1607004095.560373545
1607004095.660372734
1607004095.760368347
1607004095.860351562
1607004095.960374832
1607004096.060371399
1607004096.160367012
1607004096.260369778
1607004096.360348225
1607004096.460367680
1607004096.560368299
1607004096.660208941
1607004096.760202169
1607004096.860272646
1607004096.960276842
1607004097.060270548
1607004097.160274744
1607004097.260205269
1607004097.360364914
1607004097.460365534
1607004097.560270786
1607004097.660273790
1607004097.760363102
1607004097.860235453
1607004097.960273504
1607004098.060274124
1607004098.160233498
1607004098.260258436
1607004098.360276222
1607004098.460231304
1607004098.560350418
1607004098.660279036
1607004098.760277510
1607004098.860276461
1607004098.960234880
1607004099.060362577
1607004099.160362959
1607004099.260205507
1607004099.360271692
1607004099.460365295
1607004099.560206890
1607004099.660277367
1607004099.760395288
1607004099.860233545
1607004099.960210562
1607004100.060231924
1607004100.160275936
1607004100.260265112
1607004100.360371828
1607004100.460235357
1607004100.560234308
1607004100.660367966
1607004100.760248899
1607004100.860271692
1607004100.960274935
1607004101.060280323
1607004101.160278797
1607004101.260367393
1607004101.360237122
1607004101.460367680
1607004101.560270548
1607004101.660372496
1607004101.760232687
1607004101.860273600
1607004101.960278511
1607004102.060288906
1607004102.160295963
1607004102.260274410
1607004102.360371828
1607004102.460395336
1607004102.560390949
1607004102.660244226
1607004102.760365486
1607004102.860373020
1607004102.960373640
1607004103.060374975
1607004103.160274029
1607004103.260329723
1607004103.360280514
1607004103.460275888
1607004103.560232878
1607004103.660367966
1607004103.760365963
1607004103.860381842
1607004103.960295677
1607004104.060370445
1607004104.160374880
1607004104.260370016
1607004104.360370874
1607004104.460277796
1607004104.560237885
1607004104.660316229
1607004104.760368347
1607004104.860373497
1607004104.960350990
1607004105.060234070
1607004105.160202742
1607004105.260378122
1607004105.360377312
1607004105.460300922
1607004105.560369253
1607004105.660369396
1607004105.760274887
1607004105.860369921
1607004105.960372925
1607004106.060376406
1607004106.160274267
1607004106.260206699
1607004106.360374212
1607004106.460275173
1607004106.560351849
1607004106.660372496
1607004106.760362387
1607004106.860213280
1607004106.960378170
1607004107.060371161
1607004107.160376787
1607004107.260236979
1607004107.360239029
1607004107.460299730
1607004107.560372829
1607004107.660240173
1607004107.760274410
1607004107.860202789
1607004107.960379362
1607004108.060279608
1607004108.160368204
1607004108.260267735
1607004108.360344648
1607004108.460336685
1607004108.560369253
1607004108.660233974
1607004108.760369301
1607004108.860372543
1607004108.960343122
1607004109.060366631
1607004109.160269976
1607004109.260367870
1607004109.360365629
1607004109.460275650
1607004109.560365677
1607004109.660369873
1607004109.760355234
1607004109.860368013
1607004109.960359335
1607004110.060372353
1607004110.160346031
1607004110.260356665
1607004110.360345840
1607004110.460369110
1607004110.560335398
1607004110.660378456
1607004110.760306120
1607004110.860366583
1607004110.960287809
1607004111.060371399
1607004111.160237789
1607004111.260372162
1607004111.360378504
1607004111.460370302
1607004111.560369253
1607004111.660368204
1607004111.760348320
1607004111.860371590
1607004111.960372448
1607004112.060339451
1607004112.160273314
1607004112.260366917
1607004112.360359192
1607004112.460352659
1607004112.560340881
1607004112.660220861
1607004112.760281801
1607004112.860358238
1607004112.960368156
1607004113.060344696
1607004113.160370588
1607004113.260395050
1607004113.360375404
1607004113.460371256
1607004113.560241699
1607004113.660368443
1607004113.760352612
1607004113.860337496
1607004113.960370064
1607004114.060368299
1607004114.160370827
1607004114.260283232
1607004114.360368490
1607004114.460351706
1607004114.560374022
1607004114.660363436
1607004114.760369301
1607004114.860366583
1607004114.960233688
1607004115.060371876
1607004115.160365105
1607004115.260373831
1607004115.360371113
1607004115.460372686
1607004115.560339451
1607004115.660348892
1607004115.760345221
1607004115.860344172
1607004115.960395098
1607004116.060274124
1607004116.160377026
1607004116.260371447
1607004116.360368967
1607004116.460362196
1607004116.560236454
1607004116.660347223
1607004116.760277987
1607004116.860376120
1607004116.960367918
1607004117.060367346
1607004117.160213232
1607004117.260349035
1607004117.360372305
1607004117.460348845
1607004117.560380220
1607004117.660278082
1607004117.760365963
1607004117.860266447
1607004117.960371971
1607004118.060247898
1607004118.160237074
1607004118.260222435
1607004118.360239983
1607004118.460376263
