1607004123.462072134
1607004123.562456131
1607004123.662660837
1607004123.762830973
1607004123.863081694
1607004123.963371992
1607004124.063599348
1607004124.163835526
1607004124.264077187
1607004124.364317417
1607004124.464559793
1607004124.564793587
1607004124.665085793
1607004124.765342951
1607004124.865534067
1607004124.965863228
1607004125.066194534
1607004125.166428328
1607004125.266592264
1607004125.366799116
1607004125.467040062
1607004125.567298651
1607004125.667554140
1607004125.767798662
1607004125.868030787
1607004125.968261003
1607004126.068461180
1607004126.168687820
1607004126.269023895
1607004126.369392633
1607004126.469724178
1607004126.570075989
1607004126.670413017
1607004126.770578146
1607004126.870876074
1607004126.971254826
1607004127.071582317
1607004127.171847582
1607004127.272169828
1607004127.372502565
1607004127.472887516
1607004127.573125601
1607004127.673460722
1607004127.773787260
1607004127.873954535
1607004127.974170923
1607004128.074365854
1607004128.174608707
1607004128.274804831
1607004128.375024319
1607004128.475364208
1607004128.575657606
1607004128.675827265
1607004128.776017189
1607004128.876252413
1607004128.976576567
1607004129.076904774
1607004129.177136421
1607004129.277400970
1607004129.377636671
1607004129.477965593
1607004129.578153133
1607004129.678469419
1607004129.778768539
1607004129.879004478
1607004129.979239941
1607004130.079406977
1607004130.179723978
1607004130.279947758
1607004130.380148888
1607004130.480459690
1607004130.580643415
1607004130.680800915
1607004130.781115532
1607004130.881288767
1607004130.981493473
1607004131.081707239
1607004131.181865454
1607004131.282073021
1607004131.382265329
1607004131.482447386
1607004131.582679033
1607004131.682922840
1607004131.783147335
1607004131.883332253
1607004131.983547926
1607004132.083761692
1607004132.183991909
1607004132.284197569
1607004132.384379625
1607004132.484698057
1607004132.584903717
1607004132.685105562
1607004132.785430193
1607004132.885671616
1607004132.985902309
1607004133.086226702
1607004133.186492920
1607004133.286858320
1607004133.387179136
1607004133.487438440
1607004133.587764740
1607004133.687942266
1607004133.788155317
1607004133.888382196
1607004133.988549709
1607004134.088711500
1607004134.188941002
1607004134.289093494
1607004134.389246464
1607004134.489398003
1607004134.589570522
1607004134.689754963
1607004134.789940119
1607004134.890097618
1607004134.990296602
1607004135.090511799
1607004135.190743685
1607004135.290949583
1607004135.391120195
1607004135.491318464
1607004135.591504812
1607004135.691714287
1607004135.791897297
1607004135.892081261
1607004135.992263079
1607004136.092518568
1607004136.192758083
1607004136.292939901
1607004136.393141270
1607004136.493309975
1607004136.593477249
1607004136.693629503
1607004136.793808699
1607004136.894127607
1607004136.994286299
1607004137.094647646
1607004137.194934368
1607004137.295234442
1607004137.395523310
1607004137.495706320
1607004137.595932484
1607004137.696114302
1607004137.796366692
1607004137.896541119
1607004137.996737242
1607004138.096945047
1607004138.197119713
1607004138.297326088
1607004138.397551775
1607004138.497725725
1607004138.597881079
1607004138.698044300
1607004138.798285484
1607004138.898475885
1607004138.998702765
1607004139.098891020
1607004139.199092388
1607004139.299309731
1607004139.399513245
1607004139.499836922
1607004139.600010633
1607004139.700212955
1607004139.800414562
1607004139.900590420
1607004140.000784159
1607004140.100987673
1607004140.201218128
1607004140.301402330
1607004140.401603699
1607004140.501791954
1607004140.601996660
1607004140.702175140
1607004140.802404165
1607004140.902592897
1607004141.002821922
1607004141.103039026
1607004141.203197718
1607004141.303401232
1607004141.403706551
1607004141.503940582
1607004141.604170084
1607004141.704494476
1607004141.804781675
1607004141.905106068
1607004142.005336285
1607004142.105659008
1607004142.205948830
1607004142.306170464
1607004142.406295300
1607004142.506633282
1607004142.606877565
1607004142.707103968
1607004142.807334185
1607004142.907598734
1607004143.007783175
1607004143.108097076
1607004143.208333015
1607004143.308683872
1607004143.408978462
1607004143.509289742
1607004143.609482527
1607004143.709814548
1607004143.810135365
1607004143.910462379
1607004144.010803223
1607004144.110988379
1607004144.211209536
1607004144.311365366
1607004144.411604166
1607004144.511766672
1607004144.612182140
1607004144.712350130
1607004144.812681198
1607004144.912876368
1607004145.013423204
1607004145.113751173
1607004145.213979959
1607004145.314289331
1607004145.414443254
1607004145.514746189
1607004145.615036488
1607004145.715237379
1607004145.815484285
1607004145.915712595
1607004146.015900373
1607004146.116081238
1607004146.216308117
1607004146.316546440
1607004146.416740179
1607004146.516929865
1607004146.617158651
1607004146.717408657
1607004146.817588568
1607004146.917907953
1607004147.018132210
1607004147.118330717
1607004147.218492985
1607004147.318727255
1607004147.418925047
1607004147.519162178
1607004147.619347095
1607004147.719539404
1607004147.819768190
1607004147.919992208
1607004148.020190954
1607004148.120615244
1607004148.220842123
1607004148.321066856
1607004148.421230078
1607004148.521576405
1607004148.621887207
1607004148.722207785
1607004148.822377205
1607004148.922560453
1607004149.022738218
1607004149.122999668
1607004149.223231316
1607004149.323421001
1607004149.423649073
1607004149.523900509
1607004149.624229670
1607004149.724416018
1607004149.824742079
1607004149.924941301
1607004150.025144339
1607004150.125387192
1607004150.225733757
1607004150.326162100
1607004150.426461220
1607004150.526618481
1607004150.626838923
1607004150.727042913
1607004150.827350140
1607004150.927718639
1607004151.027952433
1607004151.128259420
1607004151.228484869
1607004151.328701735
1607004151.428883553
1607004151.529201746
1607004151.629394293
1607004151.729556561
1607004151.829744816
1607004151.929915428
1607004152.030214310
1607004152.130398750
1607004152.230717897
1607004152.331043243
1607004152.431365490
1607004152.531550169
1607004152.631753445
1607004152.731986523
1607004152.832284212
1607004152.932495117
1607004153.032650471
1607004153.132811069
1607004153.233002901
1607004153.333231211
1607004153.433553457
1607004153.533720493
1607004153.633986235
1607004153.734282017
1607004153.834453106
1607004153.934683561
1607004154.034871578
1607004154.135091305
1607004154.235312223
1607004154.335496426
1607004154.435679197
1607004154.535925150
1607004154.636205912
1607004154.736365795
1607004154.836563587
1607004154.936776638
1607004155.037005901
1607004155.137247801
1607004155.237406492
1607004155.337591887
1607004155.437754154
1607004155.537950993
1607004155.638134718
1607004155.738311529
1607004155.838485956
1607004155.938668966
1607004156.038852453
1607004156.139007568
1607004156.239217281
1607004156.339441776
1607004156.439628839
1607004156.539781570
1607004156.640006304
1607004156.740316391
1607004156.840542555
1607004156.940747023
1607004157.041090965
1607004157.141266823
1607004157.241441727
1607004157.341622114
1607004157.441948175
1607004157.542315960
1607004157.642642260
1607004157.742963314
1607004157.843256950
1607004157.943570614
1607004158.043921947
1607004158.144078255
1607004158.244242191
1607004158.344462156
1607004158.444752455
1607004158.544935226
1607004158.645095825
1607004158.745284796
1607004158.845467091
1607004158.945648193
1607004159.045829535
1607004159.146196365
1607004159.246392965
1607004159.346569300
1607004159.446752071
1607004159.546919823
1607004159.647126198
1607004159.747292995
1607004159.847461700
1607004159.947614670
1607004160.047789097
1607004160.148003340
1607004160.248182774
1607004160.348335505
1607004160.448627949
1607004160.548808098
1607004160.648989916
1607004160.749171495
1607004160.849355936
1607004160.949522972
1607004161.049690247
1607004161.149871349
1607004161.250026226
1607004161.350184202
1607004161.450457811
1607004161.550631046
1607004161.650800705
1607004161.750961304
1607004161.851118803
1607004161.951357841
1607004162.051535368
1607004162.151774645
1607004162.251930714
1607004162.352150679
1607004162.452353239
1607004162.552563667
1607004162.652760983
1607004162.753079176
1607004162.853249788
1607004162.953474760
1607004163.053700686
1607004163.153890371
1607004163.254123449
1607004163.354467154
1607004163.454654932
1607004163.554878712
1607004163.655119419
1607004163.755388737
1607004163.855714083
1607004163.956050158
1607004164.056359529
1607004164.156680107
1607004164.257000685
1607004164.357190609
1607004164.457422256
1607004164.557747126
1607004164.658087492
1607004164.758443117
1607004164.858784676
1607004164.959091902
1607004165.059314728
1607004165.159613371
1607004165.259914398
1607004165.360243559
1607004165.460401535
1607004165.560691118
1607004165.661036015
1607004165.761359453
1607004165.861681461
1607004165.962005138
1607004166.062324286
1607004166.162347555
1607004166.262330055
1607004166.362181902
1607004166.462320566
1607004166.562231541
1607004166.662338018
1607004166.762338638
1607004166.862166882
1607004166.962223530
1607004167.062180758
1607004167.162348509
1607004167.262343884
1607004167.362344265
1607004167.462335587
1607004167.562356949
1607004167.662331104
1607004167.762195587
1607004167.862344027
1607004167.962157726
1607004168.062325239
1607004168.162342548
1607004168.262249947
1607004168.362336159
1607004168.462326050
1607004168.562304497
1607004168.662316322
1607004168.762222528
1607004168.862323523
1607004168.962338924
1607004169.062186241
1607004169.162326574
1607004169.262326241
1607004169.362320185
1607004169.462177038
1607004169.562334776
1607004169.662184954
1607004169.762219667
1607004169.862181187
1607004169.962180138
1607004170.062179565
1607004170.162224293
1607004170.262159824
1607004170.362216949
1607004170.462334633
1607004170.562272072
1607004170.662301540
1607004170.762187481
1607004170.862192631
1607004170.962213755
1607004171.062337875
1607004171.162222862
1607004171.262180567
1607004171.362222672
1607004171.462345600
1607004171.562212944
1607004171.662218094
1607004171.762187481
1607004171.862226486
1607004171.962187052
1607004172.062185287
1607004172.162182093
1607004172.262328386
1607004172.362334251
1607004172.462318659
1607004172.562181711
1607004172.662220955
1607004172.762220860
1607004172.862178802
1607004172.962225199
1607004173.062180758
1607004173.162184238
1607004173.262299776
1607004173.362361908
1607004173.462290764
1607004173.562223911
1607004173.662211657
1607004173.762225151
1607004173.862184286
1607004173.962348700
1607004174.062162876
1607004174.162154675
1607004174.262246132
1607004174.362229347
1607004174.462221861
1607004174.562214136
1607004174.662224054
1607004174.762300014
1607004174.862299204
1607004174.962200165
1607004175.062189817
1607004175.162336588
1607004175.262338638
1607004175.362334013
1607004175.462322235
1607004175.562325478
1607004175.662318945
1607004175.762332201
1607004175.862183332
1607004175.962289572
1607004176.062335491
1607004176.162221670
1607004176.262320518
1607004176.362316608
1607004176.462317944
1607004176.562313557
1607004176.662346840
1607004176.762344599
1607004176.862324953
1607004176.962320566
1607004177.062281847
1607004177.162316561
1607004177.262316465
1607004177.362319946
1607004177.462332249
1607004177.562330484
1607004177.662319660
1607004177.762297630
1607004177.862317085
1607004177.962222099
1607004178.062329292
1607004178.162317038
1607004178.262317896
1607004178.362221003
1607004178.462321043
1607004178.562317371
1607004178.662319422
1607004178.762317181
1607004178.862337112
1607004178.962337494
1607004179.062316656
1607004179.162317038
1607004179.262344599
1607004179.362346649
1607004179.462325811
1607004179.562262535
1607004179.662324429
1607004179.762334108
1607004179.862220526
1607004179.962318182
1607004180.062314749
1607004180.162221670
1607004180.262340069
1607004180.362334490
1607004180.462316990
1607004180.562318087
1607004180.662340164
1607004180.762287617
1607004180.862321854
1607004180.962320566
1607004181.062317610
1607004181.162320137
1607004181.262315512
1607004181.362303257
1607004181.462338448
1607004181.562319517
1607004181.662324190
1607004181.762326956
1607004181.862324715
1607004181.962149143
1607004182.062217712
1607004182.162338257
1607004182.262323618
1607004182.362234592
1607004182.462224245
1607004182.562221050
1607004182.662186384
1607004182.762318611
1607004182.862334728
1607004182.962316751
1607004183.062318325
1607004183.162318945
1607004183.262317896
1607004183.362316132
1607004183.462316275
1607004183.562331915
1607004183.662317514
1607004183.762331963
1607004183.862314939
1607004183.962319136
1607004184.062317371
1607004184.162296295
1607004184.262319565
1607004184.362315893
1607004184.462316513
1607004184.562355995
1607004184.662344933
1607004184.762341261
1607004184.862324953
1607004184.962300777
1607004185.062318563
1607004185.162322760
1607004185.262321234
1607004185.362314939
1607004185.462329626
1607004185.562227726
1607004185.662314892
1607004185.762319088
1607004185.862317562
1607004185.962321281
1607004186.062316656
1607004186.162322998
1607004186.262300491
1607004186.362320900
1607004186.462322950
1607004186.562318325
1607004186.662317753
1607004186.762315750
1607004186.862291336
1607004186.962317944
1607004187.062318802
1607004187.162318230
1607004187.262324810
1607004187.362343073
1607004187.462345362
1607004187.562329292
1607004187.662332773
1607004187.762315989
1607004187.862317562
1607004187.962320089
1607004188.062315941
1607004188.162317276
1607004188.262319326
1607004188.362320185
1607004188.462334394
1607004188.562340975
1607004188.662225246
1607004188.762207508
1607004188.862318277
1607004188.962309599
1607004189.062320232
1607004189.162315845
1607004189.262306690
1607004189.362319469
1607004189.462317944
1607004189.562220097
1607004189.662318707
1607004189.762320042
1607004189.862284184
1607004189.962321520
1607004190.062344790
1607004190.162348509
1607004190.262319565
1607004190.362318754
1607004190.462288857
1607004190.562352896
1607004190.662322998
1607004190.762337685
1607004190.862334490
1607004190.962316751
1607004191.062297106
1607004191.162183285
1607004191.262337208
1607004191.362319946
1607004191.462323666
1607004191.562339306
1607004191.662335157
1607004191.762335539
1607004191.862317562
1607004191.962319613
1607004192.062316895
1607004192.162316322
1607004192.262299299
1607004192.362315893
1607004192.462316751
1607004192.562320232
1607004192.662331581
1607004192.762345552
1607004192.862341881
1607004192.962323427
1607004193.062319279
1607004193.162316322
1607004193.262316942
1607004193.362188816
1607004193.462333679
1607004193.562317371
1607004193.662317038
1607004193.762321949
1607004193.862332821
1607004193.962317705
1607004194.062316179
1607004194.162319422
1607004194.262310505
1607004194.362334490
1607004194.462320089
1607004194.562323809
1607004194.662332296
1607004194.762318611
1607004194.862316847
1607004194.962318659
1607004195.062317133
1607004195.162318230
1607004195.262319088
1607004195.362316847
1607004195.462367535
1607004195.562345743
1607004195.662330389
1607004195.762308836
1607004195.862318277
1607004195.962247610
1607004196.062332869
1607004196.162318707
1607004196.262332916
1607004196.362319708
1607004196.462316275
1607004196.562319279
1607004196.662320614
1607004196.762320280
1607004196.862319231
1607004196.962268829
1607004197.062320948
1607004197.162326097
1607004197.262319088
1607004197.362317085
1607004197.462317228
1607004197.562229872
1607004197.662318468
1607004197.762336016
1607004197.862318993
1607004197.962329626
1607004198.062332153
1607004198.162310839
1607004198.262335539
1607004198.362317801
1607004198.462184668
1607004198.562294006
1607004198.662246943
1607004198.762321711
1607004198.862319946
1607004198.962320089
1607004199.062316418
1607004199.162317038
1607004199.262318850
1607004199.362195969
1607004199.462332010
1607004199.562319994
1607004199.662321091
1607004199.762336254
1607004199.862285376
1607004199.962319851
1607004200.062318802
1607004200.162316799
1607004200.262211561
1607004200.362335682
1607004200.462293625
1607004200.562316418
1607004200.662336349
1607004200.762219429
1607004200.862344027
1607004200.962342262
1607004201.062305450
1607004201.162316561
1607004201.262316942
1607004201.362317085
1607004201.462226152
1607004201.562330008
1607004201.662281990
1607004201.762326479
1607004201.862213373
1607004201.962216616
1607004202.062317371
1607004202.162317276
1607004202.262319088
1607004202.362315893
1607004202.462331772
1607004202.562323809
1607004202.662315845
1607004202.762306213
1607004202.862296104
1607004202.962320805
1607004203.062316656
1607004203.162317276
1607004203.262333393
1607004203.362299204
1607004203.462318420
1607004203.562344790
1607004203.662334204
1607004203.762347221
1607004203.862318516
1607004203.962300777
1607004204.062318802
1607004204.162215710
1607004204.262320757
1607004204.362316370
1607004204.462334156
1607004204.562216997
1607004204.662314892
1607004204.762329102
1607004204.862316608
1607004204.962317944
1607004205.062317610
1607004205.162286997
1607004205.262318611
1607004205.362317801
1607004205.462322235
1607004205.562330723
1607004205.662320375
1607004205.762298822
1607004205.862317801
1607004205.962316513
1607004206.062323093
1607004206.162318707
1607004206.262346029
1607004206.362325907
1607004206.462314844
1607004206.562316418
1607004206.662317991
1607004206.762326479
1607004206.862319946
1607004206.962291956
1607004207.062317133
1607004207.162319183
1607004207.262319326
1607004207.362328529
1607004207.462317228
1607004207.562285185
1607004207.662317991
1607004207.762344837
1607004207.862332106
1607004207.962318420
1607004208.062321424
1607004208.162208080
1607004208.262183428
1607004208.362332582
1607004208.462316990
1607004208.562317848
1607004208.662318230
1607004208.762326241
1607004208.862317324
1607004208.962343693
1607004209.062346220
1607004209.162329674
1607004209.262316942
1607004209.362316370
1607004209.462218046
1607004209.562316418
1607004209.662218571
1607004209.762326002
1607004209.862292767
1607004209.962316275
1607004210.062329292
1607004210.162317991
1607004210.262319803
1607004210.362317562
1607004210.462339878
1607004210.562314510
1607004210.662315845
1607004210.762325764
1607004210.862317085
1607004210.962227106
1607004211.062294722
1607004211.162318468
1607004211.262318373
1607004211.362183809
1607004211.462324142
1607004211.562293291
1607004211.662342787
1607004211.762349129
1607004211.862338066
1607004211.962317944
1607004212.062321186
1607004212.162286282
1607004212.262317181
1607004212.362182617
1607004212.462180614
1607004212.562186241
1607004212.662178755
1607004212.762226582
1607004212.862197638
1607004212.962183952
1607004213.062175751
1607004213.162180185
1607004213.262178898
1607004213.362161636
1607004213.462178946
1607004213.562189102
1607004213.662160397
1607004213.762167215
1607004213.862318039
1607004213.962191582
1607004214.062184095
1607004214.162211418
1607004214.262181282
1607004214.362183571
1607004214.462163210
1607004214.562160015
1607004214.662163734
1607004214.762317181
1607004214.862188816
1607004214.962178707
1607004215.062184572
1607004215.162221193
1607004215.262167215
1607004215.362215281
1607004215.462216139
1607004215.562176704
1607004215.662189007
1607004215.762152910
1607004215.862151384
1607004215.962204456
1607004216.062154531
1607004216.162150860
1607004216.262224436
1607004216.362221718
1607004216.462197542
1607004216.562317371
1607004216.662154675
1607004216.762187719
1607004216.862195730
1607004216.962180853
1607004217.062325001
1607004217.162223577
1607004217.262318850
1607004217.362221718
1607004217.462317467
1607004217.562302828
1607004217.662211418
1607004217.762177706
1607004217.862319946
1607004217.962220669
1607004218.062215328
1607004218.162180185
1607004218.262321949
1607004218.362325191
1607004218.462332487
1607004218.562292099
1607004218.662287235
1607004218.762284517
1607004218.862316608
1607004218.962315083
1607004219.062316656
1607004219.162271500
1607004219.262333870
1607004219.362336397
1607004219.462321997
1607004219.562334776
1607004219.662333488
1607004219.762176752
1607004219.862317085
1607004219.962315798
1607004220.062315702
1607004220.162213087
1607004220.262149096
1607004220.362174273
1607004220.462152243
1607004220.562334538
1607004220.662319183
1607004220.762319326
1607004220.862329721
1607004220.962315321
1607004221.062326670
1607004221.162316322
1607004221.262323141
1607004221.362299442
1607004221.462318659
1607004221.562321901
1607004221.662317991
1607004221.762319565
1607004221.862223625
1607004221.962325811
1607004222.062342882
1607004222.162339687
1607004222.262259007
1607004222.362317324
1607004222.462222815
1607004222.562303305
1607004222.662228823
1607004222.762320042
1607004222.862308025
1607004222.962321043
1607004223.062152863
1607004223.162328482
1607004223.262223721
1607004223.362327814
1607004223.462327480
