1607004543.471819162
1607004543.573180199
1607004543.674057245
1607004543.774984121
1607004543.875689983
1607004543.976635218
1607004544.077232599
1607004544.177874565
1607004544.279029608
1607004544.379845858
1607004544.480967045
1607004544.581879616
1607004544.683044910
1607004544.784157753
1607004544.885085344
1607004544.986181736
1607004545.086820841
1607004545.187705040
1607004545.288955688
1607004545.390263319
1607004545.491132498
1607004545.592057228
1607004545.693158865
1607004545.794031143
1607004545.895144224
1607004545.996127605
1607004546.097092390
1607004546.197821617
1607004546.298783302
1607004546.399671316
1607004546.500548124
1607004546.601424694
1607004546.702611208
1607004546.803658485
1607004546.904512882
1607004547.005717993
1607004547.106666088
1607004547.207724571
1607004547.308525562
1607004547.409606695
1607004547.510521412
1607004547.611331701
1607004547.712574959
1607004547.813397646
1607004547.914220095
1607004548.015121937
1607004548.116193771
1607004548.216948032
1607004548.317995071
1607004548.418836832
1607004548.519640207
1607004548.620575428
1607004548.721373796
1607004548.822496176
1607004548.923347950
1607004549.024348259
1607004549.125457525
1607004549.226338625
1607004549.327103615
1607004549.428109169
1607004549.529201508
1607004549.630034685
1607004549.730749369
1607004549.831813335
1607004549.932774782
1607004550.033961296
1607004550.134737253
1607004550.235682249
1607004550.336421013
1607004550.437387466
1607004550.538533449
1607004550.639525175
1607004550.740572691
1607004550.841283321
1607004550.942009687
1607004551.043013334
1607004551.144092083
1607004551.244942188
1607004551.346028328
1607004551.446919441
1607004551.547695398
1607004551.648787022
1607004551.749815226
1607004551.850554705
1607004551.951321363
1607004552.052435160
1607004552.153698444
1607004552.254455566
1607004552.355316162
1607004552.456391811
1607004552.557243109
1607004552.658410788
1607004552.759128094
1607004552.859761953
1607004552.960857153
1607004553.061731815
1607004553.162516356
1607004553.263258219
1607004553.364330769
1607004553.465122461
1607004553.565996408
1607004553.666681290
1607004553.767393112
1607004553.868164778
1607004553.968825102
1607004554.069653749
1607004554.170529127
1607004554.271115780
1607004554.371726751
1607004554.471593380
1607004554.571742535
1607004554.671753168
1607004554.771729946
1607004554.871618032
1607004554.971733332
1607004555.071735144
1607004555.171748638
1607004555.271720409
1607004555.371704578
1607004555.471812010
1607004555.571823120
1607004555.671770573
1607004555.771677971
1607004555.871707439
1607004555.971828222
1607004556.071808815
1607004556.171695948
1607004556.271723509
1607004556.371691227
1607004556.471704721
1607004556.571700573
1607004556.671670914
1607004556.771740437
1607004556.871725798
1607004556.971723318
1607004557.071803093
1607004557.171722651
1607004557.271738291
1607004557.371722460
1607004557.471725464
1607004557.571713448
1607004557.671774387
1607004557.771764040
1607004557.871695518
1607004557.971694946
1607004558.071702719
1607004558.171782017
1607004558.271702766
1607004558.371691942
1607004558.471780062
1607004558.571693659
1607004558.671706200
1607004558.771618366
1607004558.871710777
1607004558.971696854
1607004559.071697474
1607004559.171639919
1607004559.271630049
1607004559.371736526
1607004559.471754789
1607004559.571747541
1607004559.671744108
1607004559.771724224
1607004559.871734619
1607004559.971710682
1607004560.071709394
1607004560.171695232
1607004560.271709681
1607004560.371696949
1607004560.471674442
1607004560.571763992
1607004560.671795607
1607004560.771773100
1607004560.871667147
1607004560.971757650
1607004561.071795940
1607004561.171684265
1607004561.271791220
1607004561.371707439
1607004561.471797228
1607004561.571792126
1607004561.671800852
1607004561.771811247
1607004561.871822834
1607004561.971813202
1607004562.071818829
1607004562.171786785
1607004562.271798611
1607004562.371767282
1607004562.471795797
1607004562.571766376
1607004562.671794415
1607004562.771759987
1607004562.871793985
1607004562.971765518
1607004563.071714401
1607004563.171784639
1607004563.271775961
1607004563.371772051
1607004563.471640825
1607004563.571764946
1607004563.671793461
1607004563.771767378
1607004563.871725321
1607004563.971696138
1607004564.071739197
1607004564.171643257
1607004564.271737099
1607004564.371732712
1607004564.471732378
1607004564.571733952
1607004564.671742678
1607004564.771724939
1607004564.871735811
1607004564.971658230
1607004565.071907520
1607004565.171765327
1607004565.271792889
1607004565.371763229
1607004565.471770048
1607004565.571777344
1607004565.671777964
1607004565.771784782
1607004565.871790409
1607004565.971765518
1607004566.071778774
1607004566.171768188
1607004566.271792889
1607004566.371752977
1607004566.471825600
1607004566.571836948
1607004566.671824694
1607004566.771813631
1607004566.871806860
1607004566.971659184
1607004567.071821451
1607004567.171781063
1607004567.271782637
1607004567.371784925
1607004567.471772432
1607004567.571765184
1607004567.671793461
1607004567.771787405
1607004567.871794701
1607004567.971789122
1607004568.071794987
1607004568.171791792
1607004568.271794796
1607004568.371785879
1607004568.471790314
1607004568.571791887
1607004568.671772957
1607004568.771665096
1607004568.871801853
1607004568.971664667
1607004569.071806669
1607004569.171792269
1607004569.271790981
1607004569.371771812
1607004569.471802950
1607004569.571774721
1607004569.671728611
1607004569.771790504
1607004569.871818304
1607004569.971786737
1607004570.071801662
1607004570.171810150
1607004570.271794796
1607004570.371807575
1607004570.471794367
1607004570.571686745
1607004570.671761990
1607004570.771782398
1607004570.871767282
1607004570.971783161
1607004571.071790457
1607004571.171739101
1607004571.271792412
1607004571.371760368
1607004571.471790552
1607004571.571769238
1607004571.671789885
1607004571.771760225
1607004571.871790409
1607004571.971779823
1607004572.071770430
1607004572.171786308
1607004572.271816730
1607004572.371779442
1607004572.471793652
1607004572.571785212
1607004572.671770096
1607004572.771790504
1607004572.871790648
1607004572.971756458
1607004573.071779013
1607004573.171766758
1607004573.271796942
1607004573.371811390
1607004573.471783400
1607004573.571671724
1607004573.671804905
1607004573.771810055
1607004573.871820450
1607004573.971699715
1607004574.071797132
1607004574.171791553
1607004574.271792412
1607004574.371781588
1607004574.471770763
1607004574.571750402
1607004574.671792030
1607004574.771780491
1607004574.871764421
1607004574.971790075
1607004575.071872950
1607004575.171787977
1607004575.271788359
1607004575.371784449
1607004575.471788883
1607004575.571784258
1607004575.671791553
1607004575.771758795
1607004575.871820688
1607004575.971817970
1607004576.071818590
1607004576.171811581
1607004576.271800041
1607004576.371791124
1607004576.471825600
1607004576.571811199
1607004576.671734333
1607004576.771724701
1607004576.871792793
1607004576.971692085
1607004577.071631193
1607004577.171694517
1607004577.271761417
1607004577.371781826
1607004577.471793413
1607004577.571698189
1607004577.671703577
1607004577.771785259
1607004577.871785641
1607004577.971697092
1607004578.071707249
1607004578.171782732
1607004578.271805286
1607004578.371812105
1607004578.471703768
1607004578.571815491
1607004578.671820879
1607004578.771811724
1607004578.871738911
1607004578.971722364
1607004579.071797132
1607004579.171789646
1607004579.271773815
1607004579.371705294
1607004579.471766233
1607004579.571786880
1607004579.671791553
1607004579.771667957
1607004579.871772051
1607004579.971768141
1607004580.071775675
1607004580.171767950
1607004580.271796703
1607004580.371754408
1607004580.471793890
1607004580.571716309
1607004580.671685457
1607004580.771763802
1607004580.871821880
1607004580.971788168
1607004581.071806669
1607004581.171780825
1607004581.271826506
1607004581.371812344
1607004581.471821785
1607004581.571789026
1607004581.671776056
1607004581.771755219
1607004581.871798038
1607004581.971763611
1607004582.071761131
1607004582.171678543
1607004582.271851301
1607004582.371791124
1607004582.471786022
1607004582.571788788
1607004582.671796560
1607004582.771784306
1607004582.871799707
1607004582.971698284
1607004583.071792603
1607004583.171787262
1607004583.271803379
1607004583.371815443
1607004583.471780777
1607004583.571802855
1607004583.671823025
1607004583.771812916
1607004583.871820211
1607004583.971653461
1607004584.071790457
1607004584.171788931
1607004584.271794319
1607004584.371787786
1607004584.471796513
1607004584.571786165
1607004584.671789169
1607004584.771785021
1607004584.871793985
1607004584.971832275
1607004585.071796179
1607004585.171691656
1607004585.271757603
1607004585.371637344
1607004585.471791506
1607004585.571789742
1607004585.671824932
1607004585.771811247
1607004585.871811152
1607004585.971791983
1607004586.071823359
1607004586.171818733
1607004586.271823168
1607004586.371701956
1607004586.471810579
1607004586.571794033
1607004586.671770573
1607004586.771790028
1607004586.871769667
1607004586.971756458
1607004587.071794510
1607004587.171761274
1607004587.271767139
1607004587.371779919
1607004587.471790075
1607004587.571763039
1607004587.671800375
1607004587.771788836
1607004587.871788263
1607004587.971765757
1607004588.071792126
1607004588.171794415
1607004588.271835089
1607004588.371809483
1607004588.471808672
1607004588.571807861
1607004588.671931505
1607004588.771816015
1607004588.871904850
1607004588.971843958
1607004589.071933508
1607004589.171757936
1607004589.271904945
1607004589.371598721
1607004589.471935034
1607004589.571891785
1607004589.671790838
1607004589.771921396
1607004589.871922016
1607004589.971787214
1607004590.071941853
1607004590.171708584
1607004590.271851063
1607004590.371847391
1607004590.471929789
1607004590.571675539
1607004590.671890736
1607004590.771706343
1607004590.871854544
1607004590.971756697
1607004591.071807623
1607004591.171750307
1607004591.271783829
1607004591.371739149
1607004591.471799135
1607004591.571759224
1607004591.671797752
1607004591.771719217
1607004591.871809483
1607004591.971702337
1607004592.071653605
1607004592.171686172
1607004592.271762371
1607004592.371751070
1607004592.471698999
1607004592.571667433
1607004592.671775103
1607004592.771714926
1607004592.871773481
1607004592.971758842
1607004593.071765661
1607004593.171716928
1607004593.271721601
1607004593.371740818
1607004593.471678972
1607004593.571741104
1607004593.671753645
1607004593.771738529
1607004593.871754646
1607004593.971739292
1607004594.071750164
1607004594.171724081
1607004594.271773815
1607004594.371710539
1607004594.471722364
1607004594.571710587
1607004594.671758175
1607004594.771714211
1607004594.871726751
1607004594.971715689
1607004595.071725845
1607004595.171711206
1607004595.271725893
1607004595.371711731
1607004595.471774340
1607004595.571712494
1607004595.671725273
1607004595.771714211
1607004595.871757984
1607004595.971792698
1607004596.071752548
1607004596.171741247
1607004596.271753550
1607004596.371740341
1607004596.471766949
1607004596.571772099
1607004596.671731710
1607004596.771772385
1607004596.871649742
1607004596.971764088
1607004597.071724415
1607004597.171765566
1607004597.271724224
1607004597.371767521
1607004597.471720695
1607004597.571712494
1607004597.671722889
1607004597.771630764
1607004597.871768951
1607004597.971766233
1607004598.071815491
1607004598.171690464
1607004598.271787643
1607004598.371810913
1607004598.471822739
1607004598.571816683
1607004598.671797991
1607004598.771795034
1607004598.871812105
1607004598.971725941
1607004599.071721554
1607004599.171712160
1607004599.271770954
1607004599.371704340
1607004599.471760511
1607004599.571699619
1607004599.671709538
1607004599.771763802
1607004599.871731281
1607004599.971719980
1607004600.071775436
1607004600.171772242
1607004600.271776676
1607004600.371764421
1607004600.471777678
1607004600.571765900
1607004600.671803713
1607004600.771795988
1607004600.871709347
1607004600.971791983
1607004601.071758032
1607004601.171798706
1607004601.271724939
1607004601.371790648
1607004601.471768618
1607004601.571765661
1607004601.671801329
1607004601.771630287
1607004601.871710777
1607004601.971763849
1607004602.071773767
1607004602.171729088
1607004602.271772861
1607004602.371763706
1607004602.471781731
1607004602.571764946
1607004602.671782732
1607004602.771701097
1607004602.871708870
1607004602.971763372
1607004603.071705580
1607004603.171701908
1607004603.271735191
1607004603.371722937
1607004603.471734047
1607004603.571725845
1607004603.671802759
1607004603.771790504
1607004603.871786833
1607004603.971743345
1607004604.071776152
1607004604.171688080
1607004604.271773815
1607004604.371766329
1607004604.471775055
1607004604.571762085
1607004604.671797037
1607004604.771764040
1607004604.871797800
1607004604.971765041
1607004605.071774483
1607004605.171762466
1607004605.271772146
1607004605.371766567
1607004605.471775055
1607004605.571794748
1607004605.671709776
1607004605.771794796
1607004605.871829987
1607004605.971656322
1607004606.071816683
1607004606.171790361
1607004606.271825552
1607004606.371781349
1607004606.471794367
1607004606.571765423
1607004606.671771049
1607004606.771764994
1607004606.871788502
1607004606.971768856
1607004607.071796179
1607004607.171789646
1607004607.271636963
1607004607.371765614
1607004607.471787691
1607004607.571766853
1607004607.671776056
1607004607.771789074
1607004607.871601343
1607004607.971766710
1607004608.071823597
1607004608.171793222
1607004608.271794319
1607004608.371794939
1607004608.471823931
1607004608.571803331
1607004608.671826601
1607004608.771723270
1607004608.871782303
1607004608.971789598
1607004609.071796656
1607004609.171788692
1607004609.271794081
1607004609.371780157
1607004609.471771240
1607004609.571764469
1607004609.671672106
1607004609.771779299
1607004609.871800661
1607004609.971768618
1607004610.071667671
1607004610.171788216
1607004610.271703005
1607004610.371782303
1607004610.471798420
1607004610.571787357
1607004610.671822071
1607004610.771776915
1607004610.871835470
1607004610.971740007
1607004611.071802378
1607004611.171813011
1607004611.271781683
1607004611.371767044
1607004611.471797228
1607004611.571784496
1607004611.671803951
1607004611.771789312
1607004611.871675253
1607004611.971753836
1607004612.071795464
1607004612.171782970
1607004612.271670103
1607004612.371769667
1607004612.471795321
1607004612.571789503
1607004612.671796083
1607004612.771768093
1607004612.871795416
1607004612.971813440
1607004613.071822166
1607004613.171659708
1607004613.271825075
1607004613.371810436
1607004613.471825123
1607004613.571794033
1607004613.671818495
1607004613.771793604
1607004613.871730566
1607004613.971650124
1607004614.071710825
1607004614.171695471
1607004614.271704674
1607004614.371699333
1607004614.471775055
1607004614.571764946
1607004614.671773911
1607004614.771757126
1607004614.871635914
1607004614.971695900
1607004615.071704865
1607004615.171694994
1607004615.271709204
1607004615.371700048
1607004615.471783638
1607004615.571774960
1607004615.671715736
1607004615.771708488
1607004615.871719122
1607004615.971711397
1607004616.071719170
1607004616.171690464
1607004616.271722317
1607004616.371710539
1607004616.471650839
1607004616.571915388
1607004616.671807289
1607004616.771792173
1607004616.871729851
1607004616.971720219
1607004617.071732759
1607004617.171716213
1607004617.271727324
1607004617.371697664
1607004617.471658468
1607004617.571760178
1607004617.671725273
1607004617.771803856
1607004617.871807814
1607004617.971692085
1607004618.071786642
1607004618.171748877
1607004618.272140265
1607004618.371766806
1607004618.471791506
1607004618.571692705
1607004618.671774149
1607004618.771593094
1607004618.871703863
1607004618.971693754
1607004619.071796656
1607004619.171591043
1607004619.271705151
1607004619.371744156
1607004619.471789598
1607004619.571783543
1607004619.671590328
1607004619.771696806
1607004619.871686220
1607004619.971795321
1607004620.071591854
1607004620.171705008
1607004620.271795750
1607004620.371809721
1607004620.471791029
1607004620.571722984
1607004620.671731472
1607004620.771806240
1607004620.871797800
1607004620.971720934
1607004621.071786642
1607004621.171781778
1607004621.271793604
1607004621.371633530
1607004621.471699476
1607004621.571713209
1607004621.671787262
1607004621.771789551
1607004621.871790171
1607004621.972129583
1607004622.071791172
1607004622.171755552
1607004622.271793127
1607004622.371781349
1607004622.471817017
1607004622.571813345
1607004622.671821833
1607004622.771722078
1607004622.871737242
1607004622.971812963
1607004623.071823597
1607004623.171619415
1607004623.271731853
1607004623.371776581
1607004623.471790075
1607004623.571779013
1607004623.671739101
1607004623.771671534
1607004623.871676683
1607004623.971690416
1607004624.071706295
1607004624.171696901
1607004624.271790981
1607004624.371696234
1607004624.471790791
1607004624.571762800
1607004624.671793222
1607004624.771634817
1607004624.871791601
1607004624.971710443
1607004625.071702719
1607004625.171794653
1607004625.271796942
1607004625.371720552
1607004625.471827507
1607004625.571716547
1607004625.671689034
1607004625.771788836
1607004625.871792316
1607004625.971761227
1607004626.071702003
1607004626.171765327
1607004626.271795511
1607004626.371759415
1607004626.471795082
1607004626.571629524
1607004626.671801567
1607004626.771788836
1607004626.871774912
1607004626.971786499
1607004627.071771145
1607004627.171785116
1607004627.271797180
1607004627.371786118
1607004627.471817493
1607004627.571789026
1607004627.671725512
1607004627.771797180
1607004627.871728420
1607004627.971810818
1607004628.071733236
1607004628.171719313
1607004628.271729708
1607004628.371783733
1607004628.471789837
1607004628.571782112
1607004628.671701431
1607004628.771697521
1607004628.871704817
1607004628.971787214
1607004629.071793079
1607004629.171761990
1607004629.271772623
1607004629.371779680
1607004629.471798897
1607004629.571711302
1607004629.671773911
1607004629.771784067
1607004629.871775627
1607004629.971669197
1607004630.071894407
1607004630.171808720
1607004630.271792650
1607004630.372214556
1607004630.471659184
1607004630.571722031
1607004630.671896458
1607004630.771784544
1607004630.871824026
1607004630.971776962
1607004631.071887255
1607004631.171750784
1607004631.271778345
1607004631.371766567
1607004631.471792221
1607004631.571723461
1607004631.671911478
1607004631.771754742
1607004631.871889830
1607004631.971821547
1607004632.071776867
1607004632.171773434
1607004632.271694660
1607004632.371705055
1607004632.471969366
1607004632.571693420
1607004632.671861172
1607004632.771747828
1607004632.871793985
1607004632.971688986
1607004633.071754456
1607004633.171688318
1607004633.271786690
1607004633.371669054
1607004633.471811533
1607004633.571752071
1607004633.671694756
1607004633.771709681
1607004633.871632099
1607004633.971712351
1607004634.071760416
1607004634.171692371
1607004634.271724939
1607004634.371692181
1607004634.471809149
1607004634.571710825
1607004634.671697140
1607004634.771693230
1607004634.871727467
1607004634.971712828
1607004635.071745872
1607004635.171737194
1607004635.271636724
1607004635.371740818
1607004635.471751928
1607004635.571745157
1607004635.671754360
1607004635.771739006
1607004635.871752262
1607004635.971720934
1607004636.071722984
1607004636.171709061
1607004636.271719217
1607004636.371765614
1607004636.471728563
1607004636.571713209
1607004636.671722174
1607004636.771716118
1607004636.871720552
1607004636.971711874
1607004637.071725368
1607004637.171705484
1607004637.271785498
1607004637.371630669
1607004637.471803188
1607004637.571803331
1607004637.671814203
1607004637.771744251
1607004637.871799707
1607004637.971793652
1607004638.071789026
1607004638.171807051
1607004638.271649122
1607004638.371765852
1607004638.471774340
1607004638.571697712
1607004638.671634912
1607004638.771698952
1607004638.871706009
1607004638.971715927
1607004639.071703672
1607004639.171784163
1607004639.271780252
1607004639.371789217
1607004639.471773863
1607004639.571695328
1607004639.671790361
1607004639.771764994
1607004639.871819258
1607004639.971708536
1607004640.071671009
1607004640.171794891
1607004640.271809340
1607004640.371811867
1607004640.471706390
1607004640.571811914
1607004640.671733379
1607004640.771773100
1607004640.871734142
1607004640.971766233
1607004641.071790218
1607004641.171766996
1607004641.271759748
1607004641.371665716
1607004641.471773148
1607004641.571762323
1607004641.671703339
1607004641.771784306
1607004641.871763945
1607004641.971758366
1607004642.071790218
1607004642.171763897
1607004642.271795511
1607004642.371757030
1607004642.471818686
1607004642.571791887
1607004642.671822786
1607004642.771810055
1607004642.871820211
1607004642.971789598
1607004643.071799278
1607004643.171805620
1607004643.271795988
1607004643.371782541
1607004643.471793652
