1607003808.456803083
1607003808.557117701
1607003808.657424450
1607003808.757731199
1607003808.858034611
1607003808.958344698
1607003809.058654308
1607003809.158959627
1607003809.259243250
1607003809.359558821
1607003809.459851503
1607003809.560158968
1607003809.660467148
1607003809.760845423
1607003809.861136198
1607003809.961444378
1607003810.061752081
1607003810.162058592
1607003810.262368202
1607003810.362600565
1607003810.462907791
1607003810.563217640
1607003810.663522482
1607003810.763828516
1607003810.864040136
1607003810.964346170
1607003811.064651251
1607003811.164882660
1607003811.265190125
1607003811.365355968
1607003811.465662718
1607003811.565970898
1607003811.666304350
1607003811.766608953
1607003811.866915703
1607003811.967205048
1607003812.067509890
1607003812.167810917
1607003812.268145561
1607003812.368451118
1607003812.468764067
1607003812.569072247
1607003812.669379234
1607003812.769674063
1607003812.870022774
1607003812.970329762
1607003813.070501566
1607003813.170805931
1607003813.271019697
1607003813.371351719
1607003813.471642494
1607003813.571952581
1607003813.672257900
1607003813.772565365
1607003813.872873306
1607003813.973172426
1607003814.073485613
1607003814.173796892
1607003814.274106979
1607003814.374279261
1607003814.474456787
1607003814.574761391
1607003814.674935579
1607003814.775176048
1607003814.875463247
1607003814.975770235
1607003815.076102018
1607003815.176411152
1607003815.276598930
1607003815.376911402
1607003815.477216482
1607003815.577521563
1607003815.677827835
1607003815.778133869
1607003815.878444195
1607003815.978755236
1607003816.079137564
1607003816.179340839
1607003816.279672861
1607003816.379974127
1607003816.480283499
1607003816.580488443
1607003816.680796385
1607003816.781101942
1607003816.881405115
1607003816.981709480
1607003817.082041502
1607003817.182350159
1607003817.282660484
1607003817.382951736
1607003817.483152151
1607003817.583460331
1607003817.683766127
1607003817.784073830
1607003817.884378910
1607003817.984706640
1607003818.085012674
1607003818.185318708
1607003818.285626411
1607003818.385933161
1607003818.486143589
1607003818.586446285
1607003818.686618567
1607003818.786920071
1607003818.887196541
1607003818.987508535
1607003819.087800026
1607003819.188095331
1607003819.288419008
1607003819.388724089
1607003819.489027023
1607003819.589310408
1607003819.689619303
1607003819.789925098
1607003819.890261412
1607003819.990564346
1607003820.090868950
1607003820.191153288
1607003820.291323423
1607003820.391633749
1607003820.491940737
1607003820.592247963
1607003820.692453384
1607003820.792758703
1607003820.893064260
1607003820.993369579
1607003821.093673706
1607003821.193888664
1607003821.294200659
1607003821.394516230
1607003821.494822979
1607003821.595102310
1607003821.695433140
1607003821.795742512
1607003821.896047115
1607003821.996347189
1607003822.096651554
1607003822.196959972
1607003822.297290087
1607003822.397593975
1607003822.497821093
1607003822.598127365
1607003822.698431492
1607003822.798707247
1607003822.898908854
1607003822.999120474
1607003823.099431515
1607003823.199735403
1607003823.299957275
1607003823.400257587
1607003823.500563383
1607003823.600870609
1607003823.701177597
1607003823.801345825
1607003823.901647568
1607003824.001957655
1607003824.102272034
1607003824.202601433
1607003824.302873135
1607003824.403084517
1607003824.503395557
1607003824.603699446
1607003824.704005480
1607003824.804293871
1607003824.904600859
1607003825.004904509
1607003825.105232477
1607003825.205536366
1607003825.305816174
1607003825.406127930
1607003825.506320953
1607003825.606623888
1607003825.706927776
1607003825.807233810
1607003825.907516241
1607003826.007823944
1607003826.108129025
1607003826.208434343
1607003826.308737516
1607003826.409070492
1607003826.509269476
1607003826.609596968
1607003826.709899902
1607003826.810203314
1607003826.910405874
1607003827.010709524
1607003827.111013651
1607003827.211321115
1607003827.311632156
1607003827.411924601
1607003827.512234211
1607003827.612538576
1607003827.712845564
1607003827.813043356
1607003827.913341999
1607003828.013648510
1607003828.113954067
1607003828.214161873
1607003828.314466476
1607003828.414771557
1607003828.515053272
1607003828.615337372
1607003828.715631008
1607003828.815968275
1607003828.916273117
1607003829.016576529
1607003829.116776466
1607003829.217079401
1607003829.317384005
1607003829.417691231
1607003829.518002033
1607003829.618173599
1607003829.718477011
1607003829.818783522
1607003829.918998003
1607003830.019303560
1607003830.119607925
1607003830.219930887
1607003830.320238113
1607003830.420542002
1607003830.520846367
1607003830.621151447
1607003830.721458435
1607003830.821784496
1607003830.922089338
1607003831.022400618
1607003831.122588873
1607003831.222896099
1607003831.323173285
1607003831.423478603
1607003831.523796082
1607003831.624100208
1607003831.724405289
1607003831.824713469
1607003831.925020933
1607003832.025325537
1607003832.125655174
1607003832.225868702
1607003832.326186419
1607003832.426502228
1607003832.526806355
1607003832.627080679
1607003832.727384329
1607003832.827691317
1607003832.928022385
1607003833.028332949
1607003833.128641605
1607003833.228947878
1607003833.329252958
1607003833.429543495
1607003833.529852390
1607003833.630183458
1607003833.730501890
1607003833.830815792
1607003833.931102991
1607003834.031304359
1607003834.131594419
1607003834.231900930
1607003834.332205057
1607003834.432511330
1607003834.532839060
1607003834.633144617
1607003834.733451128
1607003834.833658695
1607003834.933828831
1607003835.034137249
1607003835.134309053
1607003835.234512568
1607003835.334730864
1607003835.435038090
1607003835.535253525
1607003835.635542154
1607003835.735751629
1607003835.836029768
1607003835.936336756
1607003836.036640644
1607003836.136841774
1607003836.237147331
1607003836.337449312
1607003836.437754631
1607003836.538061380
1607003836.638368845
1607003836.738572359
1607003836.838884592
1607003836.939162254
1607003837.039376497
1607003837.139651060
1607003837.239943504
1607003837.340249062
1607003837.440581560
1607003837.540890455
1607003837.641093731
1607003837.741299868
1607003837.841607332
1607003837.941900015
1607003838.042090178
1607003838.142400980
1607003838.242689371
1607003838.342995882
1607003838.443193913
1607003838.543501377
1607003838.643792152
1607003838.744065762
1607003838.844367504
1607003838.944663048
1607003839.044971704
1607003839.145305634
1607003839.245597839
1607003839.345901728
1607003839.446210146
1607003839.546526670
1607003839.646797657
1607003839.747066975
1607003839.847274065
1607003839.947482109
1607003840.047786474
1607003840.147998333
1607003840.248226881
1607003840.348524570
1607003840.448725700
1607003840.549029350
1607003840.649335623
1607003840.749639988
1607003840.849807978
1607003840.950013399
1607003841.050335407
1607003841.150477886
1607003841.250808954
1607003841.351083040
1607003841.451296806
1607003841.551483154
1607003841.651767254
1607003841.752039194
1607003841.852258921
1607003841.952431440
1607003842.052603483
1607003842.152919292
1607003842.253230810
1607003842.353570700
1607003842.453740120
1607003842.554043055
1607003842.654264212
1607003842.754598379
1607003842.854874372
1607003842.955159426
1607003843.055444717
1607003843.155749083
1607003843.256053686
1607003843.356224298
1607003843.456530809
1607003843.556751013
1607003843.657045364
1607003843.757048130
1607003843.857049227
1607003843.957048178
1607003844.057051182
1607003844.157052994
1607003844.257049084
1607003844.357051134
1607003844.457051516
1607003844.557044983
1607003844.657046556
1607003844.756949425
1607003844.857046843
1607003844.957046747
1607003845.057052851
1607003845.157076120
1607003845.257053852
1607003845.357036829
1607003845.457045317
1607003845.557054281
1607003845.657039642
1607003845.757046700
1607003845.857050896
1607003845.957022190
1607003846.057046652
1607003846.157044172
1607003846.257048845
1607003846.357049227
1607003846.457047462
1607003846.557029486
1607003846.657032251
1607003846.757046223
1607003846.857047796
1607003846.956892252
1607003847.056889534
1607003847.156880856
1607003847.256879807
1607003847.356900692
1607003847.456886768
1607003847.556915522
1607003847.656907320
1607003847.757046461
1607003847.856892347
1607003847.956909895
1607003848.057050705
1607003848.156946182
1607003848.256932259
1607003848.356945276
1607003848.456906557
1607003848.556908846
1607003848.656953573
1607003848.756879091
1607003848.856908798
1607003848.956972599
1607003849.056887627
1607003849.156949282
1607003849.257029772
1607003849.356902361
1607003849.456949234
1607003849.556880474
1607003849.656888008
1607003849.756947517
1607003849.856881380
1607003849.956908941
1607003850.056910276
1607003850.156911135
1607003850.256886244
1607003850.356913328
1607003850.456894875
1607003850.556891441
1607003850.656951904
1607003850.756909847
1607003850.856910229
1607003850.956930399
1607003851.056911230
1607003851.156913519
1607003851.256941795
1607003851.356902361
1607003851.456908464
1607003851.557034016
1607003851.656925201
1607003851.756907701
1607003851.856943369
1607003851.956940174
1607003852.056879759
1607003852.156906366
1607003852.256942034
1607003852.356907129
1607003852.456908226
1607003852.556913137
1607003852.656912804
1607003852.756943226
1607003852.856956244
1607003852.957026243
1607003853.056942701
1607003853.156910658
1607003853.256906509
1607003853.357053041
1607003853.456966162
1607003853.556961775
1607003853.657045841
1607003853.756941319
1607003853.857020617
1607003853.956916332
1607003854.056946278
1607003854.156911373
1607003854.256910801
1607003854.356909037
1607003854.456908226
1607003854.557044029
1607003854.656927824
1607003854.756942987
1607003854.856942415
1607003854.956921339
1607003855.056951761
1607003855.156940937
1607003855.256928444
1607003855.356940746
1607003855.456958055
1607003855.556917906
1607003855.656907082
1607003855.757041931
1607003855.856920004
1607003855.956946135
1607003856.057051182
1607003856.156915665
1607003856.256941557
1607003856.356952429
1607003856.456956625
1607003856.556948185
1607003856.656915188
1607003856.757047415
1607003856.857044220
1607003856.957043409
1607003857.057047367
1607003857.157030344
1607003857.256908894
1607003857.356907368
1607003857.456911087
1607003857.556952477
1607003857.656878948
1607003857.756949902
1607003857.856908560
1607003857.956907988
1607003858.056908369
1607003858.156905651
1607003858.256938219
1607003858.357048273
1607003858.456894636
1607003858.556911707
1607003858.656911850
1607003858.756916046
1607003858.857022047
1607003858.957046270
1607003859.056922913
1607003859.156910419
1607003859.256882429
1607003859.356946707
1607003859.456942320
1607003859.556920290
1607003859.656910658
1607003859.757045984
1607003859.857027054
1607003859.957046509
1607003860.057048082
1607003860.157044649
1607003860.257045031
1607003860.357045412
1607003860.457019806
1607003860.557049990
1607003860.657045126
1607003860.757047892
1607003860.857047796
1607003860.957045794
1607003861.057044506
1607003861.157046795
1607003861.257072210
1607003861.356946707
1607003861.457055330
1607003861.557047844
1607003861.657041550
1607003861.757023096
1607003861.857047796
1607003861.957046747
1607003862.057054281
1607003862.157035589
1607003862.257045031
1607003862.357046604
1607003862.457045317
1607003862.557042599
1607003862.657047272
1607003862.757050514
1607003862.856908798
1607003862.957045794
1607003863.057050228
1607003863.157047033
1607003863.257045984
1607003863.357044220
1607003863.457046270
1607003863.557043314
1607003863.657048941
1607003863.757048130
1607003863.856947899
1607003863.957069635
1607003864.057065010
1607003864.157047272
1607003864.256877899
1607003864.357047081
1607003864.457042694
1607003864.557049990
1607003864.657045364
1607003864.756941795
1607003864.856961250
1607003864.957023621
1607003865.057017326
1607003865.156942129
1607003865.257046461
1607003865.357046127
1607003865.457048655
1607003865.557042837
1607003865.657049417
1607003865.757045269
1607003865.856935501
1607003865.957045555
1607003866.056944370
1607003866.157043457
1607003866.257047176
1607003866.357048273
1607003866.456948757
1607003866.557044029
1607003866.657070398
1607003866.757070065
1607003866.857052326
1607003866.957045317
1607003867.057047844
1607003867.157013178
1607003867.257044792
1607003867.357044220
1607003867.456918001
1607003867.557048559
1607003867.657045364
1607003867.757042885
1607003867.857047319
1607003867.956952095
1607003868.057048321
1607003868.157046318
1607003868.257045984
1607003868.356942177
1607003868.457044125
1607003868.557042122
1607003868.657032251
1607003868.756911755
1607003868.857043028
1607003868.957051039
1607003869.057022333
1607003869.157045364
1607003869.257013083
1607003869.357077360
1607003869.457057953
1607003869.557049036
1607003869.657029629
1607003869.757051945
1607003869.857045412
1607003869.957046032
1607003870.057047844
1607003870.157019854
1607003870.257044792
1607003870.357044935
1607003870.457050800
1607003870.557046175
1607003870.657044649
1607003870.757022858
1607003870.857045412
1607003870.957044840
1607003871.056951523
1607003871.157045364
1607003871.257045031
1607003871.357035637
1607003871.457046747
1607003871.557051897
1607003871.657045841
1607003871.757047892
1607003871.857043505
1607003871.957019806
1607003872.057071209
1607003872.157068491
1607003872.257054567
1607003872.356960058
1607003872.456937551
1607003872.556922913
1607003872.657052040
1607003872.757043600
1607003872.856932640
1607003872.957048655
1607003873.057043314
1607003873.157048464
1607003873.257044077
1607003873.357045174
1607003873.457045078
1607003873.557045937
1607003873.657046795
1607003873.756912470
1607003873.856906176
1607003873.956943274
1607003874.056919813
1607003874.156940222
1607003874.256958008
1607003874.356955290
1607003874.456953287
1607003874.556878328
1607003874.656889677
1607003874.756944180
1607003874.856940985
1607003874.956914425
1607003875.057041883
1607003875.156953335
1607003875.257047653
1607003875.357079268
1607003875.456943035
1607003875.557038546
1607003875.657039642
1607003875.757044792
1607003875.856911182
1607003875.956882477
1607003876.057044983
1607003876.157038450
1607003876.256951094
1607003876.356886387
1607003876.457048178
1607003876.556885481
1607003876.656921625
1607003876.757041693
1607003876.856916666
1607003876.956910372
1607003877.056943178
1607003877.156912327
1607003877.256919861
1607003877.356931210
1607003877.457074881
1607003877.557080984
1607003877.656914711
1607003877.756912231
1607003877.856882095
1607003877.956890345
1607003878.056943893
1607003878.156942368
1607003878.256914616
1607003878.357026577
1607003878.456884146
1607003878.556919575
1607003878.656916618
1607003878.757016659
1607003878.856939793
1607003878.956952333
1607003879.056952715
1607003879.156919003
1607003879.256952524
1607003879.356949091
1607003879.456954002
1607003879.557026863
1607003879.656952143
1607003879.756917000
1607003879.856951475
1607003879.956914425
1607003880.056950808
1607003880.156950474
1607003880.256951809
1607003880.356881380
1607003880.456910133
1607003880.556954384
1607003880.657035589
1607003880.756950617
1607003880.856951475
1607003880.956881285
1607003881.056953192
1607003881.156952620
1607003881.256952047
1607003881.357033730
1607003881.456949234
1607003881.557016850
1607003881.657038212
1607003881.757047176
1607003881.857032776
1607003881.957030296
1607003882.057025671
1607003882.157027483
1607003882.257016182
1607003882.356948853
1607003882.456962109
1607003882.556946278
1607003882.657040596
1607003882.756963968
1607003882.857037783
1607003882.957047224
1607003883.057016611
1607003883.157046795
1607003883.257049322
1607003883.357028484
1607003883.457043886
1607003883.557046413
1607003883.657019854
1607003883.757043839
1607003883.857046843
1607003883.957027674
1607003884.057046890
1607003884.156944752
1607003884.257036686
1607003884.356954813
1607003884.456948996
1607003884.556911230
1607003884.656954050
1607003884.757017136
1607003884.856941938
1607003884.956908703
1607003885.057071686
1607003885.156942368
1607003885.256947279
1607003885.356948614
1607003885.456961155
1607003885.556929588
1607003885.656913757
1607003885.756941319
1607003885.856907368
1607003885.956948280
1607003886.056945324
1607003886.156940222
1607003886.256902456
1607003886.356910229
1607003886.456881762
1607003886.556941032
1607003886.657044411
1607003886.756890059
1607003886.856912136
1607003886.956955194
1607003887.056947708
1607003887.156934977
1607003887.256913185
1607003887.357044458
1607003887.456953526
1607003887.556915760
1607003887.656950951
1607003887.756951094
1607003887.856937408
1607003887.956907034
1607003888.056907892
1607003888.156957865
1607003888.256945133
1607003888.356924772
1607003888.456907034
1607003888.556911707
1607003888.656959772
1607003888.756943464
1607003888.856941700
1607003888.956889868
1607003889.056934834
1607003889.157022238
1607003889.256942749
1607003889.356885195
1607003889.456908941
1607003889.556956291
1607003889.656957388
1607003889.756944656
1607003889.856911182
1607003889.957019329
1607003890.057048082
1607003890.157031536
1607003890.256939650
1607003890.356941938
1607003890.457070112
1607003890.557073116
1607003890.657052040
1607003890.756979227
1607003890.856958628
1607003890.956933022
1607003891.056924343
1607003891.156890154
1607003891.256945133
1607003891.356932878
1607003891.456907034
1607003891.556948900
1607003891.656879425
1607003891.756941080
1607003891.856904984
1607003891.956901789
1607003892.056951761
1607003892.156880617
1607003892.256894827
1607003892.356912374
1607003892.456951141
1607003892.556918144
1607003892.656939030
1607003892.756909609
1607003892.856878519
1607003892.956952333
1607003893.056908607
1607003893.157073021
1607003893.256941080
1607003893.356889009
1607003893.456972599
1607003893.556887150
1607003893.656947136
1607003893.756958961
1607003893.856902838
1607003893.956951141
1607003894.056885004
1607003894.156905174
1607003894.256954670
1607003894.356880665
1607003894.456905365
1607003894.556951046
1607003894.656908274
1607003894.756950617
1607003894.856948853
1607003894.956936598
1607003895.056942940
1607003895.156942129
1607003895.256953955
1607003895.356943846
1607003895.456912518
1607003895.556940794
1607003895.656938553
1607003895.756908894
1607003895.856907368
1607003895.956905842
1607003896.057053328
1607003896.156966209
1607003896.256947517
1607003896.356935501
1607003896.456909418
1607003896.556939363
1607003896.656908512
1607003896.756944418
1607003896.856950283
1607003896.956942320
1607003897.056891441
1607003897.156943083
1607003897.256884575
1607003897.356940985
1607003897.457047224
1607003897.556931496
1607003897.656941652
1607003897.756948471
1607003897.856912613
1607003897.957021952
1607003898.056949139
1607003898.156961918
1607003898.256942749
1607003898.357028723
1607003898.456938744
1607003898.556943893
1607003898.656907082
1607003898.756908417
1607003898.856971741
1607003898.956955671
1607003899.056919575
1607003899.156948566
1607003899.256911039
1607003899.356946707
1607003899.456879139
1607003899.556942701
1607003899.657049656
1607003899.757052660
1607003899.857039452
1607003899.957045078
1607003900.057049274
1607003900.157046080
1607003900.257046700
1607003900.357046127
1607003900.457035780
1607003900.557047606
1607003900.657046556
1607003900.757049561
1607003900.856951237
1607003900.957045078
1607003901.057021141
1607003901.157046318
1607003901.257073402
1607003901.357064962
1607003901.457055330
1607003901.557049036
1607003901.657012463
1607003901.757045984
1607003901.857048988
1607003901.957052708
1607003902.057044744
1607003902.157047033
1607003902.257012367
1607003902.357046127
1607003902.457046747
1607003902.557051897
1607003902.656934738
1607003902.757045269
1607003902.857053041
1607003902.957051277
1607003903.056911707
1607003903.157046318
1607003903.257045031
1607003903.357049465
1607003903.456901789
1607003903.556912661
1607003903.656944275
1607003903.756950617
1607003903.856908083
1607003903.956923246
1607003904.056941032
1607003904.157026291
1607003904.257044792
1607003904.356897354
1607003904.456940651
1607003904.557045221
1607003904.656949282
1607003904.757044554
1607003904.856915712
1607003904.956949711
1607003905.056883574
1607003905.156893969
1607003905.256908894
1607003905.356942177
1607003905.456909657
1607003905.556906700
1607003905.656914949
1607003905.757048130
1607003905.856910467
1607003905.957029104
1607003906.056929588
1607003906.156885624
1607003906.257040024
1607003906.357045889
1607003906.456911564
1607003906.556944609
1607003906.656911373
1607003906.756911516
1607003906.856946707
1607003906.956988573
1607003907.056936026
1607003907.156925678
1607003907.256962299
1607003907.356952906
1607003907.456942797
1607003907.556956530
1607003907.656909466
1607003907.756908655
1607003907.856958628
1607003907.956949472
1607003908.057043314
1607003908.156915188
1607003908.256949663
1607003908.357047081
1607003908.456907034
