1607004758.484181404
1607004758.589971066
1607004758.693529367
1607004758.797083139
1607004758.899621725
1607004759.003171206
1607004759.105963707
1607004759.208608627
1607004759.310854673
1607004759.414371252
1607004759.516989708
1607004759.619785309
1607004759.723397970
1607004759.825994253
1607004759.929657221
1607004760.032666445
1607004760.136157036
1607004760.238947630
1607004760.341178179
1607004760.444739819
1607004760.547329664
1607004760.650136948
1607004760.753875494
1607004760.857424498
1607004760.960001469
1607004761.062630177
1607004761.164883852
1607004761.268329620
1607004761.371973991
1607004761.475443602
1607004761.577990532
1607004761.680839777
1607004761.783201218
1607004761.883221865
1607004761.983120203
1607004762.083226919
1607004762.183207035
1607004762.283220530
1607004762.383190870
1607004762.483240604
1607004762.583212376
1607004762.683209419
1607004762.783202171
1607004762.883215904
1607004762.983224154
1607004763.083210945
1607004763.183181524
1607004763.283235550
1607004763.383189440
1607004763.483200788
1607004763.583172798
1607004763.683206320
1607004763.783184290
1607004763.883201599
1607004763.983185530
1607004764.083105803
1607004764.183185339
1607004764.283078194
1607004764.383202553
1607004764.483232498
1607004764.583064556
1607004764.683229208
1607004764.783208609
1607004764.883238316
1607004764.983208179
1607004765.083216429
1607004765.183200121
1607004765.283219576
1607004765.383209944
1607004765.483212471
1607004765.583187103
1607004765.683203459
1607004765.783194304
1607004765.883197308
1607004765.983183384
1607004766.083193302
1607004766.183181047
1607004766.283210516
1607004766.383162498
1607004766.483197689
1607004766.583178997
1607004766.682854414
1607004766.783095360
1607004766.882881165
1607004766.983227015
1607004767.082842350
1607004767.183287144
1607004767.283262730
1607004767.383226156
1607004767.483230352
1607004767.583212376
1607004767.683213949
1607004767.783205986
1607004767.883237362
1607004767.983293295
1607004768.083219290
1607004768.183188677
1607004768.283196688
1607004768.383183956
1607004768.483256102
1607004768.583228350
1607004768.683222532
1607004768.783170223
1607004768.883319139
1607004768.983177900
1607004769.083253622
1607004769.182973623
1607004769.283276558
1607004769.383360624
1607004769.483226061
1607004769.583345890
1607004769.683372021
1607004769.783237696
1607004769.883325338
1607004769.983334541
1607004770.083362103
1607004770.183295965
1607004770.283265591
1607004770.383350134
1607004770.483265162
1607004770.583294392
1607004770.683372736
1607004770.783335686
1607004770.883350134
1607004770.983382940
1607004771.083343267
1607004771.183326244
1607004771.283345699
1607004771.383357048
1607004771.483377695
1607004771.583379984
1607004771.683320761
1607004771.783366919
1607004771.883389473
1607004771.983361483
1607004772.083270788
1607004772.183293581
1607004772.283184052
1607004772.383386374
1607004772.483387709
1607004772.583370924
1607004772.683331728
1607004772.783128262
1607004772.883036137
1607004772.982899189
1607004773.083291292
1607004773.183095217
1607004773.283076763
1607004773.383125067
1607004773.483063221
1607004773.583194017
1607004773.683083296
1607004773.782863617
1607004773.883155346
1607004773.983095646
1607004774.082932711
1607004774.183151484
1607004774.282971859
1607004774.383134127
1607004774.482885838
1607004774.583164215
1607004774.682898998
1607004774.783158541
1607004774.882864475
1607004774.982954264
1607004775.083177805
1607004775.182848692
1607004775.283190012
1607004775.382868052
1607004775.483202696
1607004775.583167315
1607004775.683176041
1607004775.783203125
1607004775.883186579
1607004775.983179569
1607004776.083184958
1607004776.183224916
1607004776.283188581
1607004776.383165598
1607004776.483233690
1607004776.583224297
1607004776.682836771
1607004776.783191204
1607004776.883203983
1607004776.983161449
1607004777.083191633
1607004777.183220863
1607004777.283186913
1607004777.383106470
1607004777.483205080
1607004777.582824707
1607004777.683151484
1607004777.783106565
1607004777.882891178
1607004777.983111858
1607004778.083123684
1607004778.183131456
1607004778.283119440
1607004778.383183002
1607004778.483222485
1607004778.583177567
1607004778.683202744
1607004778.783192635
1607004778.882830620
1607004778.983224869
1607004779.083221912
1607004779.183208942
1607004779.283227205
1607004779.383252859
1607004779.483221531
1607004779.583205700
1607004779.683228016
1607004779.783209085
1607004779.883244991
1607004779.983200550
1607004780.083104372
1607004780.183209658
1607004780.283214569
1607004780.383186579
1607004780.483162880
1607004780.583179712
1607004780.683201075
1607004780.783178091
1607004780.883192301
1607004780.983181953
1607004781.083166599
1607004781.183182001
1607004781.283193827
1607004781.383179903
1607004781.483230829
1607004781.583205223
1607004781.683231831
1607004781.783206701
1607004781.883221626
1607004781.983206749
1607004782.083238363
1607004782.183217287
1607004782.283209324
1607004782.383214951
1607004782.483246565
1607004782.583208323
1607004782.683077335
1607004782.783203125
1607004782.883202314
1607004782.983179092
1607004783.083118200
1607004783.183140516
1607004783.283134699
1607004783.383094549
1607004783.483197689
1607004783.583182096
1607004783.683223963
1607004783.783154964
1607004783.883195877
1607004783.982842207
1607004784.083112955
1607004784.183098793
1607004784.283231497
1607004784.383214951
1607004784.483227253
1607004784.583212137
1607004784.683242083
1607004784.783216000
1607004784.883165598
1607004784.983144522
1607004785.083185196
1607004785.183189631
1607004785.283287764
1607004785.382915258
1607004785.483082533
1607004785.583191156
1607004785.683198929
1607004785.782812357
1607004785.883212090
1607004785.983178377
1607004786.083101273
1607004786.183182716
1607004786.283197880
1607004786.383182287
1607004786.483206511
1607004786.583171129
1607004786.683196306
1607004786.783205986
1607004786.883221626
1607004786.983206272
1607004787.083232880
1607004787.183210135
1607004787.283210039
1607004787.383200884
1607004787.483217716
1607004787.583204985
1607004787.683216333
1607004787.783203840
1607004787.882910967
1607004787.983193874
1607004788.083197832
1607004788.183182240
1607004788.283197880
1607004788.382871151
1607004788.483185530
1607004788.583187342
1607004788.683195591
1607004788.783198357
1607004788.883208752
1607004788.983180523
1607004789.083251715
1607004789.183208466
1607004789.283231974
1607004789.383133173
1607004789.483224869
1607004789.583218098
1607004789.682879925
1607004789.782777548
1607004789.883231878
1607004789.983202934
1607004790.083129168
1607004790.183275461
1607004790.283200264
1607004790.383215189
1607004790.483211994
1607004790.583183765
1607004790.682856798
1607004790.783180714
1607004790.883194208
1607004790.983183146
1607004791.083204746
1607004791.183103085
1607004791.283198833
1607004791.383221865
1607004791.483208895
1607004791.583040953
1607004791.683236361
1607004791.783206224
1607004791.883250952
1607004791.983221531
1607004792.083223581
1607004792.183219910
1607004792.283226728
1607004792.383212328
1607004792.483280659
1607004792.583205700
1607004792.683216810
1607004792.783214092
1607004792.883220911
1607004792.983192205
1607004793.083174229
1607004793.183178663
1607004793.283211231
1607004793.383183479
1607004793.483190536
1607004793.583187580
1607004793.683197737
1607004793.783182621
1607004793.883205414
1607004793.983181477
1607004794.083240986
1607004794.183102369
1607004794.283223867
1607004794.383209229
1607004794.483226538
1607004794.583211660
1607004794.683225393
1607004794.783218861
1607004794.883223534
1607004794.983205318
1607004795.083226442
1607004795.183209419
1607004795.283224821
1607004795.383207321
1607004795.483214140
1607004795.583180428
1607004795.683199167
1607004795.783182621
1607004795.883036137
1607004795.983195543
1607004796.083210945
1607004796.183177471
1607004796.283201456
1607004796.383182287
1607004796.483183384
1607004796.583174944
1607004796.683223009
1607004796.783263206
1607004796.883226871
1607004796.983232260
1607004797.083223581
1607004797.183218479
1607004797.283221245
1607004797.383205891
1607004797.483217716
1607004797.583223343
1607004797.683054686
1607004797.783218861
1607004797.883217335
1607004797.983135700
1607004798.083207369
1607004798.183155060
1607004798.283202648
1607004798.383086443
1607004798.483121395
1607004798.583094835
1607004798.683121681
1607004798.783160686
1607004798.883114338
1607004798.983157158
1607004799.083171368
1607004799.182986259
1607004799.283082962
1607004799.383102179
1607004799.483232021
1607004799.583212376
1607004799.683239698
1607004799.783213139
1607004799.883239985
1607004799.983219385
1607004800.083241224
1607004800.183228970
1607004800.283236027
1607004800.383200645
1607004800.483240604
1607004800.583215952
1607004800.683054924
1607004800.783212423
1607004800.883210897
1607004800.983156681
1607004801.083218336
1607004801.183186769
1607004801.283200502
1607004801.383187294
1607004801.483211756
1607004801.583178759
1607004801.683224201
1607004801.783216715
1607004801.883229017
1607004801.983218431
1607004802.083196402
1607004802.183213472
1607004802.283229589
1607004802.383213043
1607004802.483211040
1607004802.582908154
1607004802.683230877
1607004802.783266068
1607004802.883280277
1607004802.983200312
1607004803.083206892
1607004803.183209658
1607004803.283204317
1607004803.383146524
1607004803.483214617
1607004803.583120823
1607004803.683196545
1607004803.783203125
1607004803.883200884
1607004803.983186245
1607004804.083207369
1607004804.183228970
1607004804.283121347
1607004804.383183002
1607004804.483254671
1607004804.583221674
1607004804.683290482
1607004804.783195496
1607004804.883225441
1607004804.983218431
1607004805.083215237
1607004805.183207512
1607004805.283236504
1607004805.383249998
1607004805.483237505
1607004805.583191156
1607004805.683201075
1607004805.783183336
1607004805.882835865
1607004805.983186960
1607004806.083194971
1607004806.183180809
1607004806.283204556
1607004806.383248568
1607004806.483219385
1607004806.583195210
1607004806.683197737
1607004806.783209085
1607004806.883226395
1607004806.983185053
1607004807.083243132
1607004807.183198929
1607004807.283769131
1607004807.383204937
1607004807.483225822
1607004807.583171844
1607004807.684546471
1607004807.783223867
1607004807.883209944
1607004807.983196259
1607004808.084775448
1607004808.183185101
1607004808.283194304
1607004808.383177757
1607004808.483207226
1607004808.583157778
1607004808.683212519
1607004808.783164978
1607004808.883212090
1607004808.984518766
1607004809.083207846
1607004809.183177233
1607004809.283201694
1607004809.383210421
1607004809.482775211
1607004809.583086014
1607004809.683234215
1607004809.782773256
1607004809.883239031
1607004809.983112574
1607004810.083215237
1607004810.183274746
1607004810.283210039
1607004810.383214235
1607004810.483041048
1607004810.583351612
1607004810.682809830
1607004810.783263922
1607004810.883197308
1607004810.983136892
1607004811.083244801
1607004811.183179617
1607004811.283357143
1607004811.383319139
1607004811.483371019
1607004811.583391428
1607004811.683372974
1607004811.783245802
1607004811.883312464
1607004811.983331442
1607004812.083324194
1607004812.183279276
1607004812.283371687
1607004812.383372307
1607004812.483377695
1607004812.583231211
1607004812.683386087
1607004812.783015013
1607004812.883400679
1607004812.983351707
1607004813.083348036
1607004813.183363199
1607004813.283334017
1607004813.383004665
1607004813.483347893
1607004813.583323002
1607004813.683279276
1607004813.783319473
1607004813.883120060
1607004813.983326435
1607004814.083010674
1607004814.183350563
1607004814.283054352
1607004814.383335114
1607004814.482942820
1607004814.582859278
1607004814.683185816
1607004814.782871008
1607004814.883159637
1607004814.983276129
1607004815.083131552
1607004815.182820082
1607004815.283123970
1607004815.382805586
1607004815.483036757
1607004815.583161116
1607004815.682884932
1607004815.783049822
1607004815.882899761
1607004815.982876778
1607004816.083177567
1607004816.183141708
1607004816.283001900
1607004816.382834435
1607004816.483191252
1607004816.582952976
1607004816.683176279
1607004816.782926321
1607004816.883124352
1607004816.983114004
1607004817.083119631
1607004817.183129549
1607004817.282824039
1607004817.383155584
1607004817.482792139
1607004817.583163023
1607004817.682849407
1607004817.783149004
1607004817.883188009
1607004817.983197927
1607004818.083213091
1607004818.183204651
1607004818.283200026
1607004818.383167982
1607004818.483196020
1607004818.583232164
1607004818.683193207
1607004818.783170938
1607004818.883189678
1607004818.983183861
1607004819.083197594
1607004819.183159590
1607004819.283198357
1607004819.382842302
1607004819.483214855
1607004819.583191395
1607004819.683203459
1607004819.782890320
1607004819.883208036
1607004819.983181238
1607004820.083201408
1607004820.183183193
1607004820.282848835
1607004820.383128643
1607004820.483223915
1607004820.583105326
1607004820.682880402
1607004820.782862425
1607004820.883263111
1607004820.983270407
1607004821.083269596
1607004821.182825565
1607004821.283199549
1607004821.383226395
1607004821.483211279
1607004821.582855225
1607004821.683210611
1607004821.783190250
1607004821.883210897
1607004821.983155012
1607004822.083210707
1607004822.183193445
1607004822.283204794
1607004822.383191109
1607004822.482875347
1607004822.583194733
1607004822.683206320
1607004822.783197403
1607004822.882865191
1607004822.983195543
1607004823.083216429
1607004823.183189869
1607004823.283203840
1607004823.383183479
1607004823.483238220
1607004823.583187342
1607004823.683200359
1607004823.782846212
1607004823.883211613
1607004823.983184338
1607004824.083128691
1607004824.183202982
1607004824.282874107
1607004824.383158922
1607004824.483203173
1607004824.583191156
1607004824.682798862
1607004824.782901287
1607004824.883200884
1607004824.983200312
1607004825.083204269
1607004825.183106184
1607004825.283200741
1607004825.383182049
1607004825.483204603
1607004825.583022356
1607004825.683202982
1607004825.783183336
1607004825.883201361
1607004825.983192921
1607004826.083197832
1607004826.183143377
1607004826.283200026
1607004826.383183479
1607004826.483201742
1607004826.583182573
1607004826.683224678
1607004826.783210754
1607004826.883229971
1607004826.983218670
1607004827.083227158
1607004827.183205843
1607004827.283190489
1607004827.383078098
1607004827.483244896
1607004827.583201647
1607004827.683212280
1607004827.783200502
1607004827.883208275
1607004827.983192682
1607004828.083190918
1607004828.183182240
1607004828.283195019
1607004828.383176804
1607004828.483173370
1607004828.583244085
1607004828.683201075
1607004828.783182383
1607004828.883195162
1607004828.983202219
1607004829.083121538
1607004829.183175325
1607004829.283220053
1607004829.383216381
1607004829.483088970
1607004829.583146572
1607004829.683227062
1607004829.783203840
1607004829.883279085
1607004829.983237982
1607004830.083217382
1607004830.183200359
1607004830.283215284
1607004830.382870913
1607004830.483211517
1607004830.583191395
1607004830.683178425
1607004830.782813311
1607004830.883212328
1607004830.983215570
1607004831.083201885
1607004831.183202982
1607004831.282855272
1607004831.383178234
1607004831.483209133
1607004831.583171368
1607004831.683231592
1607004831.783209562
1607004831.883222103
1607004831.983185053
1607004832.083218098
1607004832.183210611
1607004832.283241510
1607004832.383194685
1607004832.483217478
1607004832.583209515
1607004832.683224201
1607004832.783209562
1607004832.883198261
1607004832.983186960
1607004833.083205462
1607004833.183183432
1607004833.283209324
1607004833.382801056
1607004833.483221531
1607004833.583182096
1607004833.683189631
1607004833.783238411
1607004833.883198977
1607004833.983211517
1607004834.083186150
1607004834.183174372
1607004834.283038139
1607004834.383225203
1607004834.483238220
1607004834.583230019
1607004834.683194876
1607004834.783216238
1607004834.883222103
1607004834.983235598
1607004835.083209515
1607004835.183204412
1607004835.283193111
1607004835.383203030
1607004835.482815504
1607004835.583211184
1607004835.683205843
1607004835.783199787
1607004835.883199692
1607004835.983031273
1607004836.083207846
1607004836.183181763
1607004836.283196926
1607004836.383167982
1607004836.483198643
1607004836.583184004
1607004836.683197021
1607004836.782878160
1607004836.883230686
1607004836.983204365
1607004837.083218336
1607004837.183268309
1607004837.283218861
1607004837.383205652
1607004837.483226299
1607004837.583199739
1607004837.683158398
1607004837.783212662
1607004837.883219957
1607004837.983197212
1607004838.083226204
1607004838.183180094
1607004838.283198833
1607004838.383182049
1607004838.483229637
1607004838.583186865
1607004838.683206081
1607004838.783184290
1607004838.883208752
1607004838.983187199
1607004839.083201408
1607004839.183184147
1607004839.282858133
1607004839.383205891
1607004839.483214140
1607004839.583213329
1607004839.683223009
1607004839.783236742
1607004839.883229256
1607004839.983214617
1607004840.083216906
1607004840.183203936
1607004840.283223152
1607004840.383244038
1607004840.483205795
1607004840.583207846
1607004840.683204651
1607004840.783185244
1607004840.883199215
1607004840.983193636
1607004841.083200216
1607004841.183185816
1607004841.283176184
1607004841.383153439
1607004841.483057261
1607004841.583207607
1607004841.683254480
1607004841.783293962
1607004841.883282423
1607004841.983248472
1607004842.083225250
1607004842.183176994
1607004842.283223391
1607004842.383219719
1607004842.483240366
1607004842.583211422
1607004842.683211327
1607004842.783183813
1607004842.883219481
1607004842.983205557
1607004843.083221674
1607004843.183268785
1607004843.283218861
1607004843.383170366
1607004843.483205795
1607004843.583176374
1607004843.683087826
1607004843.783197880
1607004843.883113146
1607004843.983186245
1607004844.083280563
1607004844.183177233
1607004844.283194065
1607004844.383175373
1607004844.483188868
1607004844.583011627
1607004844.683236599
1607004844.783209085
1607004844.883228302
1607004844.983310699
1607004845.083227634
1607004845.183200121
1607004845.283211708
1607004845.383200884
1607004845.483240128
1607004845.583214998
1607004845.683233500
1607004845.783175707
1607004845.883206367
1607004845.983183384
1607004846.083206892
1607004846.183120966
1607004846.283196688
1607004846.383180857
1607004846.483206511
1607004846.583185911
1607004846.683282852
1607004846.783206701
1607004846.883198023
1607004846.983211756
1607004847.083225489
1607004847.183208704
1607004847.283216953
1607004847.383237839
1607004847.483229399
1607004847.583207607
1607004847.683220863
1607004847.783202648
1607004847.882794380
1607004847.983179808
1607004848.083215237
1607004848.183203459
1607004848.283208609
1607004848.383192301
1607004848.483221054
1607004848.583428860
1607004848.683203220
1607004848.783184052
1607004848.883197546
1607004848.983180046
1607004849.083191633
1607004849.183183193
1607004849.283221483
1607004849.383184671
1607004849.483229160
1607004849.582781553
1607004849.682911873
1607004849.783215761
1607004849.883018017
1607004849.983209372
1607004850.083233833
1607004850.183228493
1607004850.282885313
1607004850.382945299
1607004850.483212709
1607004850.582874298
1607004850.683125257
1607004850.782974720
1607004850.883311987
1607004850.983168364
1607004851.082991838
1607004851.183073759
1607004851.282854080
1607004851.383545637
1607004851.483178616
1607004851.583378553
1607004851.682936668
1607004851.782906055
1607004851.883016586
1607004851.982769966
1607004852.082817078
1607004852.183433771
1607004852.283156395
1607004852.382904053
1607004852.482827187
1607004852.583579540
1607004852.684077740
1607004852.783371210
1607004852.883184671
1607004852.983356714
1607004853.082835674
1607004853.183276892
1607004853.283446550
1607004853.383066654
1607004853.483037949
1607004853.583732605
1607004853.683467627
1607004853.783010721
1607004853.883016825
1607004853.983136892
1607004854.083662271
1607004854.183189631
1607004854.283141136
1607004854.383091688
1607004854.482869148
1607004854.583084822
1607004854.682853222
1607004854.783263206
1607004854.882901907
1607004854.983297110
1607004855.083275080
1607004855.183211803
1607004855.283221006
1607004855.383159399
1607004855.483194113
1607004855.583122015
1607004855.683319807
1607004855.783281803
1607004855.883688450
1607004855.983540058
1607004856.083215475
1607004856.183114767
1607004856.283111334
1607004856.382930517
1607004856.482901812
1607004856.583276033
1607004856.682971001
1607004856.782926083
1607004856.883403540
1607004856.983466387
1607004857.082847118
1607004857.182955503
1607004857.282856703
1607004857.382807493
1607004857.483242035
1607004857.583228588
1607004857.682853460
1607004857.783934355
1607004857.883775473
1607004857.983186245
1607004858.082940578
1607004858.182983637
1607004858.283424139
1607004858.383289576
1607004858.482966900
