1607003598.553327799
1607003598.653292656
1607003598.753262997
1607003598.853335381
1607003598.953312397
1607003599.053312063
1607003599.153332233
1607003599.253331900
1607003599.353269100
1607003599.453295708
1607003599.553303480
1607003599.653290033
1607003599.753271818
1607003599.853271246
1607003599.953305960
1607003600.053265810
1607003600.153311968
1607003600.253297806
1607003600.353310347
1607003600.453298807
1607003600.553297997
1607003600.653337002
1607003600.753430605
1607003600.853438377
1607003600.953431606
1607003601.053332090
1607003601.153430462
1607003601.253429651
1607003601.353433847
1607003601.453429461
1607003601.553294420
1607003601.653433800
1607003601.753431797
1607003601.853435278
1607003601.953327656
1607003602.053430319
1607003602.153432131
1607003602.253430843
1607003602.353429079
1607003602.453330040
1607003602.553438902
1607003602.653313160
1607003602.753273487
1607003602.853431702
1607003602.953337193
1607003603.053293943
1607003603.153429985
1607003603.253332376
1607003603.353429079
1607003603.453333616
1607003603.553431511
1607003603.653412580
1607003603.753426790
1607003603.853429317
1607003603.953431368
1607003604.053431273
1607003604.153430700
1607003604.253431559
1607003604.353431463
1607003604.453280210
1607003604.553293943
1607003604.653311253
1607003604.753330708
1607003604.853430986
1607003604.953292370
1607003605.053291082
1607003605.153456450
1607003605.253293514
1607003605.353262901
1607003605.453320265
1607003605.553335667
1607003605.653336763
1607003605.753293514
1607003605.853428364
1607003605.953333378
1607003606.053290844
1607003606.153289557
1607003606.253291368
1607003606.353434324
1607003606.453290939
1607003606.553293467
1607003606.653415203
1607003606.753413200
1607003606.853333235
1607003606.953426361
1607003607.053330660
1607003607.153291225
1607003607.253328800
1607003607.353294611
1607003607.453331232
1607003607.553295374
1607003607.653340578
1607003607.753339291
1607003607.853294611
1607003607.953293085
1607003608.053357601
1607003608.153431416
1607003608.253420353
1607003608.353429317
1607003608.453431606
1607003608.553295612
1607003608.653429031
1607003608.753431797
1607003608.853332996
1607003608.953284740
1607003609.053292513
1607003609.153332949
1607003609.253427982
1607003609.353295565
1607003609.453333855
1607003609.553431034
1607003609.653428316
1607003609.753427744
1607003609.853431940
1607003609.953433275
1607003610.053433180
1607003610.153334856
1607003610.253427982
1607003610.353429079
1607003610.453454733
1607003610.553431749
1607003610.653432608
1607003610.753429174
1607003610.853432178
1607003610.953432560
1607003611.053430557
1607003611.153429508
1607003611.253428698
1607003611.353422880
1607003611.453429461
1607003611.553428650
1607003611.653432369
1607003611.753427744
1607003611.853373528
1607003611.953428745
1607003612.053431511
1607003612.153430700
1607003612.253399134
1607003612.353294611
1607003612.453333855
1607003612.553415775
1607003612.653326750
1607003612.753297329
1607003612.853446245
1607003612.953433037
1607003613.053330660
1607003613.153458118
1607003613.253298759
1607003613.353331566
1607003613.453270435
1607003613.553272247
1607003613.653331041
1607003613.753326416
1607003613.853338242
1607003613.953333139
1607003614.053437471
1607003614.153274059
1607003614.253272295
1607003614.353271723
1607003614.453332186
1607003614.553433180
1607003614.653437614
1607003614.753271580
1607003614.853336096
1607003614.953330517
1607003615.053272963
1607003615.153329611
1607003615.253429413
1607003615.353265285
1607003615.453291178
1607003615.553427458
1607003615.653335333
1607003615.753411055
1607003615.853293180
1607003615.953302860
1607003616.053297758
1607003616.153301954
1607003616.253339529
1607003616.353307962
1607003616.453292608
1607003616.553293467
1607003616.653330803
1607003616.753294468
1607003616.853336334
1607003616.953333855
1607003617.053322315
1607003617.153333426
1607003617.253291130
1607003617.353340864
1607003617.453419924
1607003617.553319693
1607003617.653265953
1607003617.753432989
1607003617.853332043
1607003617.953340530
1607003618.053434134
1607003618.153403521
1607003618.253430128
1607003618.353430986
1607003618.453430414
1607003618.553448677
1607003618.653441668
1607003618.753436565
1607003618.853434324
1607003618.953429699
1607003619.053416729
1607003619.153410673
1607003619.253436089
1607003619.353430271
1607003619.453427076
1607003619.553432703
1607003619.653435946
1607003619.753427982
1607003619.853431940
1607003619.953432322
1607003620.053430080
1607003620.153437614
1607003620.253320694
1607003620.353292704
1607003620.453428268
1607003620.553428173
1607003620.653333664
1607003620.753393888
1607003620.853338718
1607003620.953436375
1607003621.053429127
1607003621.153330564
1607003621.253336430
1607003621.353438139
1607003621.453337908
1607003621.553417683
1607003621.653428078
1607003621.753372908
1607003621.853331566
1607003621.953431606
1607003622.053295612
1607003622.153426886
1607003622.253308296
1607003622.353276730
1607003622.453263760
1607003622.553293228
1607003622.653286457
1607003622.753330708
1607003622.853272200
1607003622.953283548
1607003623.053429842
1607003623.153269053
1607003623.253265858
1607003623.353426456
1607003623.453278780
1607003623.553331852
1607003623.653423786
1607003623.753336191
1607003623.853432178
1607003623.953457117
1607003624.053446054
1607003624.153354168
1607003624.253294230
1607003624.353440762
1607003624.453431129
1607003624.553296328
1607003624.653435469
1607003624.753291368
1607003624.853291988
1607003624.953292847
1607003625.053275824
1607003625.153262377
1607003625.253268957
1607003625.353402376
1607003625.453290701
1607003625.553297043
1607003625.653290510
1607003625.753292084
1607003625.853396893
1607003625.953331232
1607003626.053429842
1607003626.153335333
1607003626.253335476
1607003626.353293419
1607003626.453329325
1607003626.553332329
1607003626.653452635
1607003626.753436089
1607003626.853358030
1607003626.953432083
1607003627.053265572
1607003627.153427839
1607003627.253330469
1607003627.353293896
1607003627.453293800
1607003627.553294897
1607003627.653292894
1607003627.753335714
1607003627.853295326
1607003627.953263760
1607003628.053331614
1607003628.153264046
1607003628.253334045
1607003628.353331566
1607003628.453275681
1607003628.553310633
1607003628.653319120
1607003628.753409386
1607003628.853335857
1607003628.953332186
1607003629.053293228
1607003629.153294563
1607003629.253296852
1607003629.353294849
1607003629.453295946
1607003629.553297520
1607003629.653271914
1607003629.753299952
1607003629.853289843
1607003629.953429222
1607003630.053301334
1607003630.153336525
1607003630.253433466
1607003630.353267193
1607003630.453432322
1607003630.553448915
1607003630.653264761
1607003630.753295898
1607003630.853269815
1607003630.953333616
1607003631.053331614
1607003631.153331041
1607003631.253264904
1607003631.353331089
1607003631.453334093
1607003631.553330421
1607003631.653431177
1607003631.753260851
1607003631.853331804
1607003631.953330755
1607003632.053330660
1607003632.153325319
1607003632.253293276
1607003632.353333235
1607003632.453330278
1607003632.553297997
1607003632.653297186
1607003632.753333807
1607003632.853426456
1607003632.953297377
1607003633.053294420
1607003633.153303146
1607003633.253291130
1607003633.353429556
1607003633.453431129
1607003633.553326607
1607003633.653426647
1607003633.753299713
1607003633.853332758
1607003633.953296185
1607003634.053428888
1607003634.153267384
1607003634.253287554
1607003634.353337049
1607003634.453333616
1607003634.553327560
1607003634.653368473
1607003634.753294706
1607003634.853404760
1607003634.953293800
1607003635.053294897
1607003635.153429508
1607003635.253372669
1607003635.353294849
1607003635.453296423
1607003635.553267479
1607003635.653295994
1607003635.753310680
1607003635.853263617
1607003635.953363419
1607003636.053304672
1607003636.153312445
1607003636.253284693
1607003636.353297949
1607003636.453297615
1607003636.553293943
1607003636.653296232
1607003636.753303051
1607003636.853411198
1607003636.953394175
1607003637.053316593
1607003637.153298140
1607003637.253298283
1607003637.353268623
1607003637.453303576
1607003637.553408861
1607003637.653270245
1607003637.753330469
1607003637.853431702
1607003637.953276634
1607003638.053271770
1607003638.153297663
1607003638.253300428
1607003638.353303432
1607003638.453271389
1607003638.553269148
1607003638.653263569
1607003638.753419876
1607003638.853290081
1607003638.953328371
1607003639.053441286
1607003639.153338671
1607003639.253431320
1607003639.353328228
1607003639.453264236
1607003639.553425789
1607003639.653333426
1607003639.753335953
1607003639.853433132
1607003639.953428984
1607003640.053339958
1607003640.153331041
1607003640.253319979
1607003640.353337049
1607003640.453428745
1607003640.553426743
1607003640.653330326
1607003640.753335953
1607003640.853293180
1607003640.953338385
1607003641.053428888
1607003641.153281927
1607003641.253333807
1607003641.353408098
1607003641.453293562
1607003641.553301334
1607003641.653425217
1607003641.753287077
1607003641.853293419
1607003641.953337193
1607003642.053306341
1607003642.153334618
1607003642.253322124
1607003642.353332520
1607003642.453332663
1607003642.553428650
1607003642.653293848
1607003642.753335238
1607003642.853330374
1607003642.953313112
1607003643.053336620
1607003643.153331995
1607003643.253325224
1607003643.353298903
1607003643.453431129
1607003643.553338289
1607003643.653330803
1607003643.753330946
1607003643.853334427
1607003643.953337431
1607003644.053431511
1607003644.153270721
1607003644.253288031
1607003644.353428125
1607003644.453331470
1607003644.553429365
1607003644.653294086
1607003644.753431320
1607003644.853440523
1607003644.953431606
1607003645.053452015
1607003645.153443813
1607003645.253409386
1607003645.353429794
1607003645.453340530
1607003645.553290606
1607003645.653332233
1607003645.753427982
1607003645.853293896
1607003645.953292847
1607003646.053271770
1607003646.153295755
1607003646.253429413
1607003646.353433371
1607003646.453331470
1607003646.553430080
1607003646.653341055
1607003646.753433943
1607003646.853432417
1607003646.953393936
1607003647.053429365
1607003647.153294563
1607003647.253428698
1607003647.353433132
1607003647.453430653
1607003647.553296089
1607003647.653428316
1607003647.753459215
1607003647.853439808
1607003647.953432798
1607003648.053433895
1607003648.153262854
1607003648.253433466
1607003648.353420973
1607003648.453269243
1607003648.553434610
1607003648.653434038
1607003648.753429413
1607003648.853427410
1607003648.953319788
1607003649.053427696
1607003649.153432369
1607003649.253429890
1607003649.353297949
1607003649.453406811
1607003649.553415298
1607003649.653429985
1607003649.753314972
1607003649.853430748
1607003649.953432798
1607003650.053430319
1607003650.153298616
1607003650.253274679
1607003650.353262901
1607003650.453305960
1607003650.553269625
1607003650.653298616
1607003650.753267527
1607003650.853330612
1607003650.953294039
1607003651.053458691
1607003651.153313637
1607003651.253401756
1607003651.353334665
1607003651.453292370
1607003651.553431273
1607003651.653316736
1607003651.753430843
1607003651.853332043
1607003651.953332424
1607003652.053277731
1607003652.153332233
1607003652.253295660
1607003652.353339195
1607003652.453418493
1607003652.553369522
1607003652.653330326
1607003652.753292322
1607003652.853291273
1607003652.953293562
1607003653.053267479
1607003653.153264046
1607003653.253330231
1607003653.353435040
1607003653.453263521
1607003653.553416491
1607003653.653404474
1607003653.753432274
1607003653.853332520
1607003653.953266859
1607003654.053332329
1607003654.153431177
1607003654.253398418
1607003654.353431463
1607003654.453341007
1607003654.553311348
1607003654.653363228
1607003654.753427029
1607003654.853442430
1607003654.953428984
1607003655.053436279
1607003655.153431654
1607003655.253262043
1607003655.353429556
1607003655.453426600
1607003655.553328514
1607003655.653293133
1607003655.753295422
1607003655.853304863
1607003655.953330040
1607003656.053311348
1607003656.153339148
1607003656.253334522
1607003656.353352308
1607003656.453332186
1607003656.553335667
1607003656.653427601
1607003656.753427505
1607003656.853430510
1607003656.953430414
1607003657.053278446
1607003657.153290987
1607003657.253278732
1607003657.353330851
1607003657.453296423
1607003657.553306103
1607003657.653347492
1607003657.753433228
1607003657.853434324
1607003657.953339100
1607003658.053291559
1607003658.153292656
1607003658.253331184
1607003658.353298426
1607003658.453329802
1607003658.553290606
1607003658.653333664
1607003658.753507614
1607003658.853359461
1607003658.953413725
1607003659.053287268
1607003659.153290033
1607003659.253332376
1607003659.353291512
1607003659.453329802
1607003659.553332806
1607003659.653294802
1607003659.753338337
1607003659.853432417
1607003659.953294039
1607003660.053292274
1607003660.153428078
1607003660.253281593
1607003660.353293657
1607003660.453337669
1607003660.553299427
1607003660.653332949
1607003660.753414392
1607003660.853305578
1607003660.953330994
1607003661.053292274
1607003661.153337479
1607003661.253439426
1607003661.353294373
1607003661.453359127
1607003661.553337574
1607003661.653337717
1607003661.753297329
1607003661.853333235
1607003661.953428030
1607003662.053341866
1607003662.153335571
1607003662.253335714
1607003662.353294611
1607003662.453335047
1607003662.553340673
1607003662.653342247
1607003662.753295183
1607003662.853431225
1607003662.953411818
1607003663.053336620
1607003663.153325081
1607003663.253293514
1607003663.353294373
1607003663.453326464
1607003663.553339243
1607003663.653295994
1607003663.753329277
1607003663.853299379
1607003663.953449249
1607003664.053333759
1607003664.153265715
1607003664.253320694
1607003664.353432178
1607003664.453295469
1607003664.553291321
1607003664.653404713
1607003664.753337383
1607003664.853431463
1607003664.953445196
1607003665.053334475
1607003665.153266668
1607003665.253329039
1607003665.353409529
1607003665.453430891
1607003665.553334236
1607003665.653340340
1607003665.753292799
1607003665.853272676
1607003665.953288078
1607003666.053430080
1607003666.153306723
1607003666.253324032
1607003666.353429079
1607003666.453334332
1607003666.553404331
1607003666.653455734
1607003666.753331184
1607003666.853350163
1607003666.953335285
1607003667.053318024
1607003667.153292418
1607003667.253431797
1607003667.353329897
1607003667.453332424
1607003667.553431273
1607003667.653283834
1607003667.753262997
1607003667.853329659
1607003667.953263998
1607003668.053261757
1607003668.153265953
1607003668.253281116
1607003668.353289127
1607003668.453304291
1607003668.553298235
1607003668.653289080
1607003668.753308535
1607003668.853263140
1607003668.953292131
1607003669.053314447
1607003669.153427839
1607003669.253455162
1607003669.353336573
1607003669.453431368
1607003669.553321600
1607003669.653327942
1607003669.753304720
1607003669.853326082
1607003669.953336954
1607003670.053331614
1607003670.153394461
1607003670.253334761
1607003670.353290558
1607003670.453430891
1607003670.553263664
1607003670.653332233
1607003670.753302336
1607003670.853338957
1607003670.953432083
1607003671.053334236
1607003671.153295994
1607003671.253337860
1607003671.353294373
1607003671.453289986
1607003671.553290129
1607003671.653338671
1607003671.753341198
1607003671.853430748
1607003671.953266382
1607003672.053339005
1607003672.153437376
1607003672.253429890
1607003672.353430986
1607003672.453311205
1607003672.553334475
1607003672.653291225
1607003672.753428459
1607003672.853293180
1607003672.953292608
1607003673.053336143
1607003673.153430700
1607003673.253437519
1607003673.353430271
1607003673.453431368
1607003673.553429842
1607003673.653294086
1607003673.753268003
1607003673.853291512
1607003673.953399181
1607003674.053277493
1607003674.153265238
1607003674.253445148
1607003674.353329659
1607003674.453428507
1607003674.553338289
1607003674.653267384
1607003674.753293753
1607003674.853439808
1607003674.953432560
1607003675.053435564
1607003675.153433800
1607003675.253318310
1607003675.353265524
1607003675.453332186
1607003675.553429842
1607003675.653430462
1607003675.753301620
1607003675.853426933
1607003675.953431845
1607003676.053295612
1607003676.153437138
1607003676.253407955
1607003676.353431463
1607003676.453324556
1607003676.553335190
1607003676.653336763
1607003676.753262043
1607003676.853294611
1607003676.953336477
1607003677.053337574
1607003677.153432846
1607003677.253320456
1607003677.353455782
1607003677.453440666
1607003677.553416491
1607003677.653434277
1607003677.753435373
1607003677.853432417
1607003677.953339338
1607003678.053428173
1607003678.153438091
1607003678.253294706
1607003678.353419065
1607003678.453339338
1607003678.553435326
1607003678.653433800
1607003678.753348112
1607003678.853399038
1607003678.953433037
1607003679.053341866
1607003679.153412104
1607003679.253429890
1607003679.353429794
1607003679.453344584
1607003679.553334236
1607003679.653429270
1607003679.753430843
1607003679.853429556
1607003679.953291416
1607003680.053455114
1607003680.153442621
1607003680.253265142
1607003680.353345394
1607003680.453263521
1607003680.553317308
1607003680.653286457
1607003680.753333330
1607003680.853336096
1607003680.953325272
1607003681.053337097
1607003681.153396845
1607003681.253432035
1607003681.353430510
1607003681.453315735
1607003681.553438902
1607003681.653427124
1607003681.753328085
1607003681.853269339
1607003681.953278303
1607003682.053264141
1607003682.153271914
1607003682.253336906
1607003682.353267670
1607003682.453294992
1607003682.553332329
1607003682.653276920
1607003682.753447771
1607003682.853338718
1607003682.953294277
1607003683.053349733
1607003683.153402567
1607003683.253429651
1607003683.353295803
1607003683.453311682
1607003683.553340435
1607003683.653338432
1607003683.753331900
1607003683.853429317
1607003683.953429937
1607003684.053299904
1607003684.153430462
1607003684.253428698
1607003684.353430033
1607003684.453432322
1607003684.553291082
1607003684.653296471
1607003684.753434896
1607003684.853295326
1607003684.953295946
1607003685.053294182
1607003685.153423309
1607003685.253295422
1607003685.353400946
1607003685.453430653
1607003685.553290606
1607003685.653343678
1607003685.753345966
1607003685.853429317
1607003685.953333616
1607003686.053338766
1607003686.153430700
1607003686.253332853
1607003686.353331327
1607003686.453293562
1607003686.553330898
1607003686.653428555
1607003686.753291368
1607003686.853332996
1607003686.953332663
1607003687.053331614
1607003687.153334141
1607003687.253431320
1607003687.353335857
1607003687.453428030
1607003687.553274393
1607003687.653425455
1607003687.753327608
1607003687.853431702
1607003687.953432560
1607003688.053429842
1607003688.153431416
1607003688.253427029
1607003688.353447199
1607003688.453402996
1607003688.553262711
1607003688.653285503
1607003688.753357172
1607003688.853336096
1607003688.953431368
1607003689.053297758
1607003689.153326035
1607003689.253279924
1607003689.353299856
1607003689.453339815
1607003689.553419590
1607003689.653339386
1607003689.753431320
1607003689.853336811
1607003689.953292370
1607003690.053419590
1607003690.153429985
1607003690.253295660
1607003690.353457689
1607003690.453431368
1607003690.553268909
1607003690.653432608
1607003690.753343582
1607003690.853396893
1607003690.953300238
1607003691.053423166
1607003691.153325796
1607003691.253436089
1607003691.353430510
1607003691.453427553
1607003691.553408146
1607003691.653427839
1607003691.753430367
1607003691.853433371
1607003691.953430176
1607003692.053328276
1607003692.153412104
1607003692.253410816
1607003692.353437185
1607003692.453294516
1607003692.553430557
1607003692.653341532
1607003692.753331900
1607003692.853296757
1607003692.953290939
1607003693.053261995
1607003693.153332949
1607003693.253341675
1607003693.353293896
1607003693.453341484
1607003693.553291321
1607003693.653292894
1607003693.753294230
1607003693.853263617
1607003693.953434229
1607003694.053333044
1607003694.153264284
1607003694.253263235
1607003694.353261709
1607003694.453289509
1607003694.553433418
1607003694.653275490
1607003694.753293753
1607003694.853429556
1607003694.953299761
1607003695.053415060
1607003695.153431177
1607003695.253432989
1607003695.353430986
1607003695.453428745
1607003695.553435326
1607003695.653425217
1607003695.753333807
1607003695.853447914
1607003695.953440666
1607003696.053429365
1607003696.153434277
1607003696.253430605
1607003696.353294849
1607003696.453427076
1607003696.553431273
1607003696.653336525
1607003696.753272533
1607003696.853428364
1607003696.953431129
1607003697.053430080
1607003697.153435707
1607003697.253430128
1607003697.353432894
1607003697.453432798
1607003697.553431749
1607003697.653429985
1607003697.753432274
1607003697.853436708
1607003697.953325033
1607003698.053405285
1607003698.153434038
1607003698.253430128
1607003698.353436470
1607003698.453457594
