1607003288.549740314
1607003288.649856806
1607003288.749713421
1607003288.849715471
1607003288.949754238
1607003289.049716234
1607003289.149850845
1607003289.249774933
1607003289.349749327
1607003289.449825048
1607003289.549684048
1607003289.649754763
1607003289.749713659
1607003289.849754333
1607003289.949825287
1607003290.049719334
1607003290.149720430
1607003290.249763727
1607003290.349754810
1607003290.449692249
1607003290.549749851
1607003290.649714947
1607003290.749690294
1607003290.849714518
1607003290.949715137
1607003291.049687862
1607003291.149684191
1607003291.249705315
1607003291.349746704
1607003291.449683428
1607003291.549692631
1607003291.649714231
1607003291.749851942
1607003291.849717855
1607003291.949732542
1607003292.049714565
1607003292.149715900
1607003292.249751806
1607003292.349841833
1607003292.449686527
1607003292.549713373
1607003292.649714231
1607003292.749704123
1607003292.849716425
1607003292.949715137
1607003293.049741268
1607003293.149707317
1607003293.249852657
1607003293.349730968
1607003293.449686050
1607003293.549854279
1607003293.649751663
1607003293.749750137
1607003293.849855423
1607003293.949713945
1607003294.049764156
1607003294.149821758
1607003294.249718904
1607003294.349716425
1607003294.449717760
1607003294.549719810
1607003294.649853945
1607003294.749737978
1607003294.849762440
1607003294.949709892
1607003295.049713135
1607003295.149754763
1607003295.249853134
1607003295.349849463
1607003295.449714184
1607003295.549714565
1607003295.649759769
1607003295.749763250
1607003295.849719048
1607003295.949756861
1607003296.049766302
1607003296.149716139
1607003296.249715805
1607003296.349716902
1607003296.449742079
1607003296.549726963
1607003296.649729013
1607003296.749715567
1607003296.849719286
1607003296.949716806
1607003297.049753666
1607003297.149723768
1607003297.249714375
1607003297.349856377
1607003297.449761629
1607003297.549761057
1607003297.649761915
1607003297.749693155
1607003297.849704981
1607003297.949683666
1607003298.049714565
1607003298.149746656
1607003298.249758005
1607003298.349697590
1607003298.449696302
1607003298.549690247
1607003298.649690390
1607003298.749715567
1607003298.849701405
1607003298.949720383
1607003299.049715757
1607003299.149692535
1607003299.249729156
1607003299.349702120
1607003299.449824095
1607003299.549845457
1607003299.649854183
1607003299.749852419
1607003299.849860907
1607003299.949757576
1607003300.049837112
1607003300.149716377
1607003300.249716043
1607003300.349769115
1607003300.449759483
1607003300.549853563
1607003300.649753571
1607003300.749752998
1607003300.849856377
1607003300.949856281
1607003301.049756527
1607003301.149719715
1607003301.249690056
1607003301.349764585
1607003301.449886799
1607003301.549691439
1607003301.649790525
1607003301.749850035
1607003301.849883318
1607003301.949760914
1607003302.049853086
1607003302.149858952
1607003302.249756575
1607003302.349856615
1607003302.449713469
1607003302.549756289
1607003302.649853706
1607003302.749716997
1607003302.849756479
1607003302.949715137
1607003303.049726248
1607003303.149719238
1607003303.249756098
1607003303.349716902
1607003303.449760437
1607003303.549853802
1607003303.649857283
1607003303.749728441
1607003303.849856377
1607003303.949828148
1607003304.049877644
1607003304.149877548
1607003304.249753475
1607003304.349851608
1607003304.449768305
1607003304.549849510
1607003304.649848938
1607003304.749852180
1607003304.849851847
1607003304.949851751
1607003305.049853802
1607003305.149851322
1607003305.249758959
1607003305.349850416
1607003305.449852943
1607003305.549851894
1607003305.649852037
1607003305.749686003
1607003305.849756956
1607003305.949721336
1607003306.049710989
1607003306.149753571
1607003306.249842167
1607003306.349848986
1607003306.449853897
1607003306.549887896
1607003306.649722576
1607003306.749753475
1607003306.849760771
1607003306.949751377
1607003307.049781799
1607003307.149692774
1607003307.249725342
1607003307.349852562
1607003307.449724436
1607003307.549715996
1607003307.649852753
1607003307.749718428
1607003307.849755526
1607003307.949754477
1607003308.049715996
1607003308.149827242
1607003308.249852419
1607003308.349770784
1607003308.449711561
1607003308.549759388
1607003308.649760962
1607003308.749717236
1607003308.849719048
1607003308.949715376
1607003309.049841166
1607003309.149713278
1607003309.249761105
1607003309.349753857
1607003309.449756145
1607003309.549722672
1607003309.649687052
1607003309.749714375
1607003309.849729538
1607003309.949712276
1607003310.049851656
1607003310.149693251
1607003310.249855280
1607003310.349716902
1607003310.449751854
1607003310.549837112
1607003310.649717331
1607003310.749852657
1607003310.849851847
1607003310.949848890
1607003311.049728870
1607003311.149687529
1607003311.249721050
1607003311.349715710
1607003311.449726820
1607003311.549692392
1607003311.649718046
1607003311.749715567
1607003311.849699736
1607003311.949692965
1607003312.049762011
1607003312.149692774
1607003312.249719620
1607003312.349720001
1607003312.449685812
1607003312.549745798
1607003312.649733067
1607003312.749728680
1607003312.849704027
1607003312.949750900
1607003313.049754620
1607003313.149751186
1607003313.249832392
1607003313.349853992
1607003313.449716806
1607003313.549717188
1607003313.649762869
1607003313.749840260
1607003313.849738836
1607003313.949715853
1607003314.049851179
1607003314.149851084
1607003314.249710798
1607003314.349757671
1607003314.449685335
1607003314.549717188
1607003314.649844885
1607003314.749859333
1607003314.849749565
1607003314.949753761
1607003315.049712658
1607003315.149684191
1607003315.249725342
1607003315.349723816
1607003315.449763775
1607003315.549696445
1607003315.649852514
1607003315.749854088
1607003315.849768639
1607003315.949750423
1607003316.049687624
1607003316.149852753
1607003316.249854803
1607003316.349695444
1607003316.449715137
1607003316.549723148
1607003316.649752855
1607003316.749696732
1607003316.849758625
1607003316.949691772
1607003317.049715042
1607003317.149717808
1607003317.249717474
1607003317.349851131
1607003317.449721575
1607003317.549692154
1607003317.649688244
1607003317.749717951
1607003317.849764347
1607003317.949732065
1607003318.049753666
1607003318.149755716
1607003318.249717712
1607003318.349758387
1607003318.449719429
1607003318.549855471
1607003318.649758577
1607003318.749722481
1607003318.849715710
1607003318.949721336
1607003319.049757957
1607003319.149682760
1607003319.249736309
1607003319.349755049
1607003319.449716568
1607003319.549716473
1607003319.649754524
1607003319.749850750
1607003319.849850416
1607003319.949851513
1607003320.049756527
1607003320.149857998
1607003320.249877691
1607003320.349700212
1607003320.449697733
1607003320.549689770
1607003320.649763823
1607003320.749713421
1607003320.849754095
1607003320.949749947
1607003321.049757242
1607003321.149715185
1607003321.249686003
1607003321.349689484
1607003321.449857235
1607003321.549834013
1607003321.649759769
1607003321.749715090
1607003321.849731207
1607003321.949685335
1607003322.049691439
1607003322.149695158
1607003322.249715090
1607003322.349756718
1607003322.449713469
1607003322.549690962
1607003322.649683714
1607003322.749716759
1607003322.849751711
1607003322.949686766
1607003323.049710751
1607003323.149772644
1607003323.249856472
1607003323.349850416
1607003323.449761152
1607003323.549717665
1607003323.649690628
1607003323.749692440
1607003323.849687338
1607003323.949844837
1607003324.049687624
1607003324.149687290
1607003324.249854088
1607003324.349721432
1607003324.449853659
1607003324.549754620
1607003324.649714470
1607003324.749714136
1607003324.849851370
1607003324.949715137
1607003325.049752951
1607003325.149855375
1607003325.249848604
1607003325.349849463
1607003325.449894905
1607003325.549717188
1607003325.649690866
1607003325.749754429
1607003325.849773169
1607003325.949753761
1607003326.049738646
1607003326.149715662
1607003326.249718904
1607003326.349692583
1607003326.449757099
1607003326.549759388
1607003326.649748564
1607003326.749850750
1607003326.849715471
1607003326.949714661
1607003327.049711466
1607003327.149851561
1607003327.249718428
1607003327.349856615
1607003327.449837446
1607003327.549754620
1607003327.649848938
1607003327.749697447
1607003327.849847317
1607003327.949831247
1607003328.049762487
1607003328.149753094
1607003328.249768019
1607003328.349704742
1607003328.449714899
1607003328.549855232
1607003328.649851561
1607003328.749858379
1607003328.849756241
1607003328.949768305
1607003329.049853086
1607003329.149852753
1607003329.249852419
1607003329.349726439
1607003329.449856281
1607003329.549753428
1607003329.649855375
1607003329.749761105
1607003329.849851608
1607003329.949853182
1607003330.049716949
1607003330.149848700
1607003330.249717712
1607003330.349756718
1607003330.449754477
1607003330.549854517
1607003330.649715900
1607003330.749769688
1607003330.849697113
1607003330.949703217
1607003331.049704790
1607003331.149718046
1607003331.249725103
1607003331.349851847
1607003331.449855566
1607003331.549853563
1607003331.649717093
1607003331.749692440
1607003331.849694490
1607003331.949691057
1607003332.049738407
1607003332.149690151
1607003332.249695063
1607003332.349711895
1607003332.449727297
1607003332.549696684
1607003332.649687767
1607003332.749843359
1607003332.849695683
1607003332.949684143
1607003333.049714804
1607003333.149706125
1607003333.249685049
1607003333.349713087
1607003333.449710846
1607003333.549714565
1607003333.649759769
1607003333.749685287
1607003333.849712849
1607003333.949702978
1607003334.049723864
1607003334.149766445
1607003334.249747992
1607003334.349682570
1607003334.449852943
1607003334.549754620
1607003334.649751902
1607003334.749712944
1607003334.849718332
1607003334.949839830
1607003335.049729109
1607003335.149853468
1607003335.249852657
1607003335.349695921
1607003335.449760675
1607003335.549858332
1607003335.649852276
1607003335.749853611
1607003335.849851370
1607003335.949824333
1607003336.049721479
1607003336.149853945
1607003336.249853134
1607003336.349867344
1607003336.449855328
1607003336.549853325
1607003336.649852991
1607003336.749853134
1607003336.849853992
1607003336.949826956
1607003337.049849749
1607003337.149853468
1607003337.249850750
1607003337.349857330
1607003337.449850559
1607003337.549856186
1607003337.649827957
1607003337.749856949
1607003337.849850178
1607003337.949852705
1607003338.049855471
1607003338.149848461
1607003338.249725819
1607003338.349852800
1607003338.449852705
1607003338.549755812
1607003338.649851561
1607003338.749853134
1607003338.849852800
1607003338.949749231
1607003339.049757719
1607003339.149861574
1607003339.249852657
1607003339.349849224
1607003339.449747562
1607003339.549852371
1607003339.649852514
1607003339.749853134
1607003339.849848747
1607003339.949824572
1607003340.049718380
1607003340.149848938
1607003340.249851704
1607003340.349856615
1607003340.449724436
1607003340.549852371
1607003340.649853230
1607003340.749760389
1607003340.849849463
1607003340.949852467
1607003341.049856186
1607003341.149852991
1607003341.249852896
1607003341.349817753
1607003341.449855089
1607003341.549853325
1607003341.649861336
1607003341.749861240
1607003341.849858761
1607003341.949846268
1607003342.049849033
1607003342.149849653
1607003342.249850750
1607003342.349839687
1607003342.449853420
1607003342.549827099
1607003342.649717569
1607003342.749844313
1607003342.849854231
1607003342.949827671
1607003343.049851418
1607003343.149834156
1607003343.249852419
1607003343.349852800
1607003343.449850082
1607003343.549850225
1607003343.649883270
1607003343.749839306
1607003343.849713802
1607003343.949851036
1607003344.049852133
1607003344.149849892
1607003344.249744892
1607003344.349850655
1607003344.449856520
1607003344.549851418
1607003344.649853468
1607003344.749717474
1607003344.849881887
1607003344.949851990
1607003345.049822092
1607003345.149852991
1607003345.249854088
1607003345.349852324
1607003345.449785709
1607003345.549855947
1607003345.649842262
1607003345.749851704
1607003345.849854946
1607003345.949820280
1607003346.049750328
1607003346.149853706
1607003346.249852180
1607003346.349851131
1607003346.449851274
1607003346.549853325
1607003346.649761200
1607003346.749849319
1607003346.849854469
1607003346.949768305
1607003347.049854994
1607003347.149851561
1607003347.249745607
1607003347.349852562
1607003347.449850321
1607003347.549853325
1607003347.649745703
1607003347.749748945
1607003347.849827766
1607003347.949851513
1607003348.049851656
1607003348.149851322
1607003348.249748707
1607003348.349855185
1607003348.449826956
1607003348.549849272
1607003348.649849653
1607003348.749762297
1607003348.849762678
1607003348.949710131
1607003349.049746275
1607003349.149683475
1607003349.249904633
1607003349.349877834
1607003349.449859142
1607003349.549853086
1607003349.649853706
1607003349.749849558
1607003349.849849701
1607003349.949854851
1607003350.049851179
1607003350.149851084
1607003350.249852896
1607003350.349854469
1607003350.449823141
1607003350.549851894
1607003350.649854898
1607003350.749855042
1607003350.849717379
1607003350.949850559
1607003351.049852133
1607003351.149853230
1607003351.249853611
1607003351.349849463
1607003351.449842453
1607003351.549851656
1607003351.649853230
1607003351.749749660
1607003351.849856853
1607003351.949820757
1607003352.049870491
1607003352.149719238
1607003352.249853611
1607003352.349851608
1607003352.449854851
1607003352.549747705
1607003352.649817944
1607003352.749853611
1607003352.849853516
1607003352.949851751
1607003353.049851894
1607003353.149855375
1607003353.249853849
1607003353.349839687
1607003353.449855566
1607003353.549729824
1607003353.649853945
1607003353.749851704
1607003353.849837780
1607003353.949751377
1607003354.049854517
1607003354.149851799
1607003354.249857426
1607003354.349857807
1607003354.449761152
1607003354.549858093
1607003354.649880171
1607003354.749870062
1607003354.849860191
1607003354.949840546
1607003355.049849749
1607003355.149857521
1607003355.249852180
1607003355.349850655
1607003355.449854136
1607003355.549860477
1607003355.649849892
1607003355.749856234
1607003355.849855661
1607003355.949858189
1607003356.049849987
1607003356.149855137
1607003356.249851942
1607003356.349851131
1607003356.449853420
1607003356.549747467
1607003356.649855137
1607003356.749706030
1607003356.849852800
1607003356.949750662
1607003357.049854279
1607003357.149854183
1607003357.249854088
1607003357.349878311
1607003357.449749470
1607003357.549855947
1607003357.649853468
1607003357.749855995
1607003357.849750757
1607003357.949837685
1607003358.049761772
1607003358.149851799
1607003358.249852896
1607003358.349848747
1607003358.449851274
1607003358.549849987
1607003358.649851799
1607003358.749848604
1607003358.849854231
1607003358.949851036
1607003359.049852610
1607003359.149853706
1607003359.249858141
1607003359.349835396
1607003359.449853420
1607003359.549852133
1607003359.649857044
1607003359.749851704
1607003359.849693298
1607003359.949851751
1607003360.049875975
1607003360.149861574
1607003360.249852896
1607003360.349853039
1607003360.449754953
1607003360.549824238
1607003360.649854183
1607003360.749856234
1607003360.849851131
1607003360.949682713
1607003361.049826622
1607003361.149819851
1607003361.249850988
1607003361.349850893
1607003361.449852705
1607003361.549853325
1607003361.649853230
1607003361.749852419
1607003361.849855423
1607003361.949851513
1607003362.049854994
1607003362.149851561
1607003362.249716759
1607003362.349852800
1607003362.449853897
1607003362.549853802
1607003362.649851322
1607003362.749879599
1607003362.849862814
1607003362.949844599
1607003363.049849749
1607003363.149855852
1607003363.249855995
1607003363.349852562
1607003363.449851990
1607003363.549862146
1607003363.649748325
1607003363.749855042
1607003363.849854469
1607003363.949752092
1607003364.049858093
1607003364.149857759
1607003364.249853849
1607003364.349854231
1607003364.449853897
1607003364.549849272
1607003364.649827957
1607003364.749815464
1607003364.849852324
1607003364.949854612
1607003365.049851179
1607003365.149855375
1607003365.249850750
1607003365.349819660
1607003365.449876070
1607003365.549866676
1607003365.649852037
1607003365.749852657
1607003365.849851608
1607003365.949805260
1607003366.049852133
1607003366.149852037
1607003366.249858379
1607003366.349856377
1607003366.449852467
1607003366.549853086
1607003366.649856329
1607003366.749851227
1607003366.849762440
1607003366.949754000
1607003367.049854517
1607003367.149761677
1607003367.249851227
1607003367.349850655
1607003367.449851513
1607003367.549854755
1607003367.649851322
1607003367.749829769
1607003367.849851131
1607003367.949853897
1607003368.049880028
1607003368.149751186
1607003368.249857903
1607003368.349827528
1607003368.449839354
1607003368.549755335
1607003368.649825335
1607003368.749758482
1607003368.849836588
1607003368.949766636
1607003369.049749851
1607003369.149852991
1607003369.249855757
1607003369.349852562
1607003369.449751377
1607003369.549836159
1607003369.649851561
1607003369.749853134
1607003369.849851370
1607003369.949758053
1607003370.049853086
1607003370.149852276
1607003370.249853373
1607003370.349751234
1607003370.449856997
1607003370.549850702
1607003370.649854898
1607003370.749876499
1607003370.849875927
1607003370.949856997
1607003371.049853086
1607003371.149852037
1607003371.249736786
1607003371.349843740
1607003371.449854374
1607003371.549749374
1607003371.649854183
1607003371.749853611
1607003371.849854469
1607003371.949842453
1607003372.049858332
1607003372.149858713
1607003372.249851704
1607003372.349853039
1607003372.449837446
1607003372.549818277
1607003372.649851084
1607003372.749851942
1607003372.849851847
1607003372.949702978
1607003373.049851894
1607003373.149819136
1607003373.249855280
1607003373.349853277
1607003373.449876547
1607003373.549872160
1607003373.649860144
1607003373.749857426
1607003373.849849939
1607003373.949853420
1607003374.049857855
1607003374.149851799
1607003374.249854565
1607003374.349757671
1607003374.449849129
1607003374.549852848
1607003374.649853468
1607003374.749855042
1607003374.849852800
1607003374.949854851
1607003375.049829721
1607003375.149852753
1607003375.249852419
1607003375.349852324
1607003375.449854136
1607003375.549860239
1607003375.649852514
1607003375.749851704
1607003375.849853039
1607003375.949684620
1607003376.049850941
1607003376.149755955
1607003376.249766827
1607003376.349853754
1607003376.449856043
1607003376.549852371
1607003376.649854898
1607003376.749850273
1607003376.849843264
1607003376.949854612
1607003377.049850941
1607003377.149851322
1607003377.249850750
1607003377.349852324
1607003377.449839115
1607003377.549850941
1607003377.649855137
1607003377.749850988
1607003377.849852324
1607003377.949857235
1607003378.049839258
1607003378.149854183
1607003378.249855042
1607003378.349853039
1607003378.449855328
1607003378.549852371
1607003378.649713278
1607003378.749757767
1607003378.849883556
1607003378.949720621
1607003379.049856663
1607003379.149739742
1607003379.249826670
1607003379.349852324
1607003379.449854374
1607003379.549756289
1607003379.649852991
1607003379.749854803
1607003379.849851847
1607003379.949856997
1607003380.049853563
1607003380.149851561
1607003380.249853373
1607003380.349860668
1607003380.449754477
1607003380.549853802
1607003380.649845362
1607003380.749855280
1607003380.849850416
1607003380.949818611
1607003381.049841642
1607003381.149853945
1607003381.249830008
1607003381.349855661
1607003381.449687243
1607003381.549823999
1607003381.649749517
1607003381.749853134
1607003381.849838018
1607003381.949857950
1607003382.049748182
1607003382.149832726
1607003382.249854326
1607003382.349852800
1607003382.449855566
1607003382.549853802
1607003382.649851561
1607003382.749855995
1607003382.849856377
1607003382.949856043
1607003383.049854040
1607003383.149854183
1607003383.249852657
1607003383.349832535
1607003383.449851751
1607003383.549852848
1607003383.649722099
1607003383.749851465
1607003383.849857807
1607003383.949852705
1607003384.049858570
1607003384.149879694
1607003384.249873877
1607003384.349860907
1607003384.449826479
1607003384.549853086
1607003384.649852753
1607003384.749853373
1607003384.849853039
1607003384.949748755
1607003385.049855232
1607003385.149849415
1607003385.249842405
1607003385.349825144
1607003385.449687719
1607003385.549857378
1607003385.649852514
1607003385.749850512
1607003385.849853516
1607003385.949851751
1607003386.049851179
1607003386.149851799
1607003386.249854565
1607003386.349851131
1607003386.449854136
1607003386.549852371
1607003386.649853945
1607003386.749719381
1607003386.849867105
1607003386.949869633
1607003387.049855709
1607003387.149731636
1607003387.249851704
1607003387.349819899
1607003387.449888706
1607003387.549853563
1607003387.649749994
1607003387.749860048
1607003387.849851131
1607003387.949748755
1607003388.049754143
1607003388.149853706
1607003388.249855518
1607003388.349853992
1607003388.449853420
