1607004648.476409197
1607004648.579290152
1607004648.680481195
1607004648.782557964
1607004648.884251833
1607004648.985999823
1607004649.087678671
1607004649.189409494
1607004649.290957928
1607004649.392719746
1607004649.494460821
1607004649.595975161
1607004649.697503567
1607004649.799309969
1607004649.900840998
1607004650.002747536
1607004650.103867531
1607004650.205591679
1607004650.307148695
1607004650.408618212
1607004650.510349274
1607004650.611909389
1607004650.713654280
1607004650.815027237
1607004650.916772127
1607004651.018311977
1607004651.119842529
1607004651.221283197
1607004651.322843075
1607004651.424592018
1607004651.526157856
1607004651.627929688
1607004651.729633570
1607004651.831315517
1607004651.932548046
1607004652.034348011
1607004652.135841370
1607004652.237217665
1607004652.338985682
1607004652.440566540
1607004652.541700125
1607004652.643561125
1607004652.745289087
1607004652.847153425
1607004652.948621750
1607004653.050383329
1607004653.152103901
1607004653.253638744
1607004653.355203390
1607004653.456765175
1607004653.558483124
1607004653.659991264
1607004653.761312246
1607004653.863304853
1607004653.965002537
1607004654.066680193
1607004654.168372393
1607004654.269922733
1607004654.371702909
1607004654.473461866
1607004654.575012207
1607004654.676265001
1607004654.776257992
1607004654.876256943
1607004654.976253748
1607004655.076256752
1607004655.176250696
1607004655.276256561
1607004655.376230240
1607004655.476257086
1607004655.576251030
1607004655.676289558
1607004655.776252747
1607004655.876174450
1607004655.976240396
1607004656.076257229
1607004656.176279068
1607004656.276238203
1607004656.376208782
1607004656.476232529
1607004656.576228380
1607004656.676233530
1607004656.776088476
1607004656.876192093
1607004656.976254463
1607004657.076259375
1607004657.176229000
1607004657.276256084
1607004657.376247644
1607004657.476404428
1607004657.576233387
1607004657.676186085
1607004657.776249886
1607004657.876263857
1607004657.976189137
1607004658.076208353
1607004658.175970793
1607004658.276124239
1607004658.376289845
1607004658.476294041
1607004658.575916767
1607004658.676204205
1607004658.776235342
1607004658.876169205
1607004658.976226091
1607004659.076206684
1607004659.176221848
1607004659.276234627
1607004659.376168966
1607004659.476264954
1607004659.576252460
1607004659.676243782
1607004659.776254654
1607004659.876265049
1607004659.976254225
1607004660.076279163
1607004660.176240444
1607004660.275879145
1607004660.376347065
1607004660.476264715
1607004660.576249838
1607004660.676187277
1607004660.776381493
1607004660.876230240
1607004660.976250648
1607004661.076238155
1607004661.176231861
1607004661.276404858
1607004661.376214504
1607004661.476479530
1607004661.576215029
1607004661.676451921
1607004661.776226521
1607004661.876383305
1607004661.976451874
1607004662.076267242
1607004662.176337004
1607004662.276294470
1607004662.376462221
1607004662.476308823
1607004662.576274872
1607004662.676410913
1607004662.776276827
1607004662.876419067
1607004662.976286411
1607004663.076450825
1607004663.176158428
1607004663.276307821
1607004663.376322508
1607004663.476426363
1607004663.576462746
1607004663.676208019
1607004663.776504517
1607004663.876291513
1607004663.976464987
1607004664.076279163
1607004664.176136017
1607004664.276164293
1607004664.376188278
1607004664.476262569
1607004664.576262236
1607004664.676136255
1607004664.776346445
1607004664.876259804
1607004664.975893736
1607004665.076161385
1607004665.176226139
1607004665.276076794
1607004665.376192331
1607004665.476218700
1607004665.576081991
1607004665.676233292
1607004665.776134491
1607004665.876201868
1607004665.976221085
1607004666.076241255
1607004666.176229000
1607004666.276234388
1607004666.375906229
1607004666.476210356
1607004666.576200724
1607004666.676219702
1607004666.775863171
1607004666.876237154
1607004666.976243973
1607004667.076235056
1607004667.176228046
1607004667.276241302
1607004667.376229525
1607004667.476273060
1607004667.576231956
1607004667.676189423
1607004667.776245832
1607004667.876245737
1607004667.976226330
1607004668.076251507
1607004668.176191568
1607004668.276246548
1607004668.376235962
1607004668.476262808
1607004668.576169491
1607004668.676243067
1607004668.776230812
1607004668.876226664
1607004668.976136446
1607004669.076218128
1607004669.176209688
1607004669.276235342
1607004669.376247883
1607004669.476263762
1607004669.576217651
1607004669.676179409
1607004669.776258469
1607004669.876184940
1607004669.976261616
1607004670.076247215
1607004670.176242113
1607004670.276401281
1607004670.376176119
1607004670.476173401
1607004670.576164246
1607004670.676213026
1607004670.776165485
1607004670.876248360
1607004670.976159573
1607004671.076177597
1607004671.176235199
1607004671.276198626
1607004671.376211166
1607004671.476218462
1607004671.576207876
1607004671.676213741
1607004671.776208162
1607004671.876251221
1607004671.976225376
1607004672.076163530
1607004672.176319122
1607004672.276331663
1607004672.376238585
1607004672.475916862
1607004672.576240063
1607004672.676247358
1607004672.776236534
1607004672.875932217
1607004672.976236105
1607004673.076250315
1607004673.176235199
1607004673.276245117
1607004673.376238346
1607004673.476294994
1607004673.576255798
1607004673.676245451
1607004673.776244164
1607004673.876217365
1607004673.976207256
1607004674.076237917
1607004674.176217318
1607004674.276216030
1607004674.376217365
1607004674.476245880
1607004674.576236248
1607004674.676243782
1607004674.776238441
1607004674.876247644
1607004674.976240873
1607004675.076245308
1607004675.176221609
1607004675.276247978
1607004675.376235247
1607004675.476247311
1607004675.576253891
1607004675.676244020
1607004675.776247025
1607004675.876260519
1607004675.976237774
1607004676.076263428
1607004676.176231146
1607004676.276225805
1607004676.376215696
1607004676.476151466
1607004676.576210499
1607004676.676218033
1607004676.776272058
1607004676.876237869
1607004676.976224899
1607004677.076232910
1607004677.176219463
1607004677.276222467
1607004677.376144648
1607004677.476269245
1607004677.576255560
1607004677.676273108
1607004677.776309252
1607004677.876295328
1607004677.976275444
1607004678.076251030
1607004678.176237822
1607004678.276245117
1607004678.376235485
1607004678.476276398
1607004678.576163530
1607004678.675894022
1607004678.776215553
1607004678.876232862
1607004678.976203918
1607004679.076153517
1607004679.176223755
1607004679.276232243
1607004679.376202583
1607004679.476248503
1607004679.576185942
1607004679.676184177
1607004679.776237726
1607004679.876247644
1607004679.976233244
1607004680.076268911
1607004680.176234722
1607004680.276246071
1607004680.376250744
1607004680.476205111
1607004680.576241732
1607004680.676230431
1607004680.776257515
1607004680.876263857
1607004680.976256847
1607004681.076264143
1607004681.176285028
1607004681.276230335
1607004681.376229763
1607004681.476238489
1607004681.576230288
1607004681.676243067
1607004681.776148319
1607004681.876264572
1607004681.976254225
1607004682.076244593
1607004682.176257849
1607004682.276264191
1607004682.376224756
1607004682.476245642
1607004682.576238632
1607004682.676218271
1607004682.776237249
1607004682.876246929
1607004682.976133823
1607004683.076245546
1607004683.176249504
1607004683.276244164
1607004683.376255512
1607004683.476239681
1607004683.576221466
1607004683.676238298
1607004683.776230812
1607004683.876119375
1607004683.976206303
1607004684.076213837
1607004684.176124334
1607004684.276210070
1607004684.376203060
1607004684.476267815
1607004684.576235056
1607004684.676259279
1607004684.776163340
1607004684.876172543
1607004684.976163387
1607004685.076183319
1607004685.176233530
1607004685.276176214
1607004685.376254320
1607004685.476177454
1607004685.576231956
1607004685.676090240
1607004685.776219368
1607004685.876218796
1607004685.976157904
1607004686.076307058
1607004686.176245689
1607004686.276140928
1607004686.376197100
1607004686.476132631
1607004686.576203346
1607004686.676234722
1607004686.776133299
1607004686.876145363
1607004686.976252079
1607004687.076267958
1607004687.176251173
1607004687.276262045
1607004687.376175165
1607004687.476233006
1607004687.576252460
1607004687.676259279
1607004687.776255846
1607004687.876262426
1607004687.976252317
1607004688.076260090
1607004688.176249981
1607004688.276258707
1607004688.376245737
1607004688.476238012
1607004688.575921059
1607004688.676241398
1607004688.776224852
1607004688.876246452
1607004688.976223946
1607004689.076210976
1607004689.176207781
1607004689.276230812
1607004689.376253366
1607004689.476242304
1607004689.576232195
1607004689.676179647
1607004689.776135683
1607004689.876181126
1607004689.976760149
1607004690.076267242
1607004690.176327229
1607004690.276260853
1607004690.376232386
1607004690.476197243
1607004690.576161385
1607004690.676261902
1607004690.776251554
1607004690.876927614
1607004690.976232767
1607004691.076265335
1607004691.176249266
1607004691.276170015
1607004691.376208782
1607004691.476163149
1607004691.576221228
1607004691.676232815
1607004691.776565552
1607004691.876211643
1607004691.976235867
1607004692.076168537
1607004692.176158428
1607004692.276266575
1607004692.376244307
1607004692.476263046
1607004692.576232195
1607004692.677043676
1607004692.776161671
1607004692.876240492
1607004692.976160526
1607004693.076236963
1607004693.176298380
1607004693.276262999
1607004693.376255989
1607004693.476171255
1607004693.576249361
1607004693.676253796
1607004693.776195288
1607004693.876183748
1607004693.976202011
1607004694.076230764
1607004694.176224232
1607004694.276236296
1607004694.375896931
1607004694.476147413
1607004694.576241493
1607004694.676264286
1607004694.776238203
1607004694.876244545
1607004694.976253748
1607004695.076263666
1607004695.176255941
1607004695.276180506
1607004695.376234055
1607004695.476256847
1607004695.576254845
1607004695.676302910
1607004695.776255369
1607004695.876259804
1607004695.976215363
1607004696.076240063
1607004696.176251173
1607004696.276247978
1607004696.376222134
1607004696.476233244
1607004696.576167583
1607004696.676146746
1607004696.776235104
1607004696.876220226
1607004696.976232767
1607004697.076152563
1607004697.176232576
1607004697.276244640
1607004697.376235485
1607004697.476186275
1607004697.576234818
1607004697.676223516
1607004697.776233196
1607004697.876271486
1607004697.976261139
1607004698.076274633
1607004698.176253080
1607004698.276273966
1607004698.376262426
1607004698.476276636
1607004698.576258898
1607004698.675938845
1607004698.776242733
1607004698.876260757
1607004698.976255894
1607004699.076259136
1607004699.176164389
1607004699.276299000
1607004699.376232147
1607004699.476264715
1607004699.575912476
1607004699.676248789
1607004699.776223183
1607004699.876232624
1607004699.975894213
1607004700.076229095
1607004700.176139593
1607004700.276235342
1607004700.376125813
1607004700.476246834
1607004700.576134920
1607004700.676234245
1607004700.776134729
1607004700.875900030
1607004700.976131916
1607004701.076142550
1607004701.176219702
1607004701.276234627
1607004701.376218081
1607004701.476301432
1607004701.576255083
1607004701.676266432
1607004701.776254177
1607004701.876259089
1607004701.976253033
1607004702.076234579
1607004702.176347971
1607004702.276243925
1607004702.376252890
1607004702.476386070
1607004702.576281548
1607004702.676173210
1607004702.776279211
1607004702.876263618
1607004702.976248264
1607004703.076387882
1607004703.176085472
1607004703.276271820
1607004703.376269579
1607004703.476471186
1607004703.576428413
1607004703.676471949
1607004703.776098967
1607004703.876470804
1607004703.976436377
1607004704.076467037
1607004704.176283836
1607004704.276445866
1607004704.376196146
1607004704.476441622
1607004704.576400995
1607004704.676395655
1607004704.776352644
1607004704.876203299
1607004704.976078749
1607004705.076381445
1607004705.176218271
1607004705.276331425
1607004705.376189232
1607004705.476072550
1607004705.575934172
1607004705.676179647
1607004705.776005507
1607004705.876178026
1607004705.976439714
1607004706.076196671
1607004706.175962925
1607004706.276164293
1607004706.376185417
1607004706.476108313
1607004706.576089859
1607004706.676249981
1607004706.775956631
1607004706.876167297
1607004706.976234674
1607004707.076004505
1607004707.176189661
1607004707.276026487
1607004707.376150846
1607004707.476230145
1607004707.575887203
1607004707.676238775
1607004707.776225328
1607004707.875997782
1607004707.976230383
1607004708.076225281
1607004708.176223755
1607004708.275938988
1607004708.376225948
1607004708.476209641
1607004708.576189756
1607004708.676205158
1607004708.776207685
1607004708.876202822
1607004708.976190805
1607004709.076235294
1607004709.176240206
1607004709.276208878
1607004709.376210690
1607004709.476257801
1607004709.576240301
1607004709.676238060
1607004709.775861025
1607004709.876255035
1607004709.976233959
1607004710.076240063
1607004710.176229239
1607004710.276234627
1607004710.376212597
1607004710.476295233
1607004710.576237202
1607004710.676207066
1607004710.776160002
1607004710.876175642
1607004710.976162910
1607004711.076219320
1607004711.176152229
1607004711.276157618
1607004711.376152039
1607004711.476158857
1607004711.576169014
1607004711.676143885
1607004711.776171923
1607004711.876185656
1607004711.976177216
1607004712.076180458
1607004712.176165581
1607004712.276213646
1607004712.376170397
1607004712.476179123
1607004712.576162577
1607004712.676179171
1607004712.776236057
1607004712.876215935
1607004712.976166964
1607004713.076172829
1607004713.176238775
1607004713.276177883
1607004713.376223326
1607004713.476226330
1607004713.576205254
1607004713.676156044
1607004713.775897741
1607004713.876150131
1607004713.976202011
1607004714.075924635
1607004714.176135302
1607004714.276176453
1607004714.376240969
1607004714.476186514
1607004714.575914383
1607004714.676244497
1607004714.776256561
1607004714.876267910
1607004714.976236582
1607004715.076308727
1607004715.176254511
1607004715.276260376
1607004715.376164436
1607004715.476239920
1607004715.576253176
1607004715.676280499
1607004715.776248455
1607004715.876282454
1607004715.976230383
1607004716.076213598
1607004716.176202059
1607004716.276196480
1607004716.376229048
1607004716.476212025
1607004716.576247692
1607004716.676265717
1607004716.775913000
1607004716.876168489
1607004716.976253986
1607004717.076175213
1607004717.175910473
1607004717.276175022
1607004717.376253128
1607004717.476251602
1607004717.576163530
1607004717.676263332
1607004717.776254416
1607004717.876265049
1607004717.976291656
1607004718.076243877
1607004718.176253796
1607004718.276239634
1607004718.376235247
1607004718.476228714
1607004718.576241255
1607004718.676200151
1607004718.776200533
1607004718.876213312
1607004718.976127386
1607004719.076243877
1607004719.176219463
1607004719.276248693
1607004719.376240492
1607004719.476243973
1607004719.576237202
1607004719.676244736
1607004719.776237249
1607004719.876245260
1607004719.976237297
1607004720.076240540
1607004720.176234245
1607004720.276279688
1607004720.376163006
1607004720.476243973
1607004720.576237679
1607004720.676243067
1607004720.776256800
1607004720.876174688
1607004720.976222515
1607004721.076269388
1607004721.176224232
1607004721.276238918
1607004721.376200199
1607004721.476266384
1607004721.576104879
1607004721.676251411
1607004721.776133537
1607004721.876280785
1607004721.976255894
1607004722.076270580
1607004722.176259756
1607004722.276262045
1607004722.376252174
1607004722.476232052
1607004722.576255322
1607004722.676260471
1607004722.775946856
1607004722.876261473
1607004722.976105452
1607004723.076265574
1607004723.176246166
1607004723.276243210
1607004723.376248360
1607004723.476285219
1607004723.576224804
1607004723.675913095
1607004723.776227951
1607004723.876234531
1607004723.976295948
1607004724.076218843
1607004724.176229954
1607004724.276260138
1607004724.376256227
1607004724.476261377
1607004724.576235056
1607004724.676256657
1607004724.776230812
1607004724.876238823
1607004724.976192236
1607004725.076258183
1607004725.176250219
1607004725.276256800
1607004725.376229286
1607004725.475884676
1607004725.576241732
1607004725.676262617
1607004725.776212454
1607004725.875930071
1607004725.976222515
1607004726.076223850
1607004726.176222801
1607004726.276258707
1607004726.376209736
1607004726.476233721
1607004726.576207638
1607004726.676265717
1607004726.775849819
1607004726.876237631
1607004726.976259947
1607004727.076264620
1607004727.175933838
1607004727.276241779
1607004727.376239777
1607004727.476250648
1607004727.576256275
1607004727.675944567
1607004727.776237011
1607004727.876262426
1607004727.975924969
1607004728.076239347
1607004728.176249743
1607004728.276263237
1607004728.376231909
1607004728.476252317
1607004728.576217651
1607004728.676210403
1607004728.776104927
1607004728.876217604
1607004728.976335526
1607004729.076206923
1607004729.176199913
1607004729.276263952
1607004729.376258373
1607004729.476259708
1607004729.576304674
1607004729.676221132
1607004729.776150703
1607004729.876231432
1607004729.976253271
1607004730.076264143
1607004730.176254034
1607004730.276244640
1607004730.376249790
1607004730.476266384
1607004730.576235056
1607004730.676218987
1607004730.776274920
1607004730.876263857
1607004730.976241827
1607004731.076222181
1607004731.176215887
1607004731.276233912
1607004731.376262188
1607004731.476231098
1607004731.576226473
1607004731.676266909
1607004731.776250839
1607004731.876256227
1607004731.976251125
1607004732.076259851
1607004732.176252365
1607004732.276263714
1607004732.376254320
1607004732.476222754
1607004732.576247454
1607004732.676262140
1607004732.776160717
1607004732.876264572
1607004732.976234198
1607004733.076261044
1607004733.176249504
1607004733.276241779
1607004733.376250267
1607004733.476248741
1607004733.576173306
1607004733.676219702
1607004733.776223898
1607004733.876215696
1607004733.976208925
1607004734.076305866
1607004734.176134586
1607004734.276264906
1607004734.376257181
1607004734.476266384
1607004734.576257467
1607004734.676240444
1607004734.776254892
1607004734.876268148
1607004734.976238489
1607004735.076178312
1607004735.176246881
1607004735.276251554
1607004735.376234531
1607004735.476240635
1607004735.576232433
1607004735.676239252
1607004735.776233912
1607004735.876128197
1607004735.976261854
1607004736.076261997
1607004736.176248789
1607004736.276256323
1607004736.376134634
1607004736.476169348
1607004736.576285601
1607004736.676263332
1607004736.776250124
1607004736.876280785
1607004736.976237774
1607004737.076260090
1607004737.176245928
1607004737.276239157
1607004737.376255751
1607004737.476242065
1607004737.576236725
1607004737.676262140
1607004737.776254654
1607004737.876243353
1607004737.976298094
1607004738.075922966
1607004738.176248312
1607004738.276260376
1607004738.376249552
1607004738.476256847
1607004738.576212645
1607004738.676216841
1607004738.776223898
1607004738.876230478
1607004738.976211071
1607004739.076237202
1607004739.176142216
1607004739.276260614
1607004739.376253128
1607004739.476237774
1607004739.576257467
1607004739.676265478
1607004739.776230574
1607004739.876245975
1607004739.976256371
1607004740.076265097
1607004740.176246643
1607004740.276262760
1607004740.376219511
1607004740.476243973
1607004740.576258183
1607004740.676261902
1607004740.776252270
1607004740.876260281
1607004740.976227045
1607004741.076242447
1607004741.175919533
1607004741.276229382
1607004741.376225471
1607004741.476261616
1607004741.576225281
1607004741.675904036
1607004741.776252508
1607004741.876263380
1607004741.976253033
1607004742.075901985
1607004742.176234007
1607004742.276268005
1607004742.376251698
1607004742.476263285
1607004742.575917244
1607004742.676278591
1607004742.776252508
1607004742.876265049
1607004742.976253271
1607004743.076265812
1607004743.176250458
1607004743.276266813
1607004743.376254082
1607004743.476242542
1607004743.576239824
1607004743.676238775
1607004743.776160955
1607004743.875908613
1607004743.976266146
1607004744.076231241
1607004744.176298141
1607004744.276211023
1607004744.376196146
1607004744.476403713
1607004744.576247931
1607004744.676249981
1607004744.776392937
1607004744.876243591
1607004744.976143599
1607004745.076484442
1607004745.176288605
1607004745.276459455
1607004745.376494646
1607004745.476297140
1607004745.576442003
1607004745.676412821
1607004745.776400089
1607004745.876237392
1607004745.976231813
1607004746.075932741
1607004746.176390171
1607004746.276215315
1607004746.376358271
1607004746.476234913
1607004746.576228142
1607004746.676322222
1607004746.776365042
1607004746.876162767
1607004746.976208687
1607004747.076182365
1607004747.176238775
1607004747.276275873
1607004747.376267672
1607004747.476157427
1607004747.576187134
1607004747.676092625
1607004747.776192665
1607004747.876246929
1607004747.976100683
1607004748.076191425
1607004748.176088572
1607004748.276195288
1607004748.376166344
1607004748.476194143
