1607003913.458335638
1607003913.558525801
1607003913.658743143
1607003913.758884192
1607003913.859070301
1607003913.959273100
1607003914.059523344
1607003914.159762859
1607003914.259951353
1607003914.360133410
1607003914.460336924
1607003914.560482740
1607003914.660672903
1607003914.760869741
1607003914.861021519
1607003914.961184502
1607003915.061537504
1607003915.161710024
1607003915.261878729
1607003915.362053394
1607003915.462235928
1607003915.562382936
1607003915.662529707
1607003915.762702465
1607003915.862896442
1607003915.963049173
1607003916.063224316
1607003916.163364172
1607003916.263521910
1607003916.363689423
1607003916.463899851
1607003916.564047337
1607003916.664258957
1607003916.764477015
1607003916.864646435
1607003916.964854240
1607003917.065028906
1607003917.165184259
1607003917.265492916
1607003917.365815878
1607003917.465956450
1607003917.566100359
1607003917.666338444
1607003917.766640902
1607003917.866854191
1607003917.967026472
1607003918.067193270
1607003918.167348623
1607003918.267539263
1607003918.367685556
1607003918.467839479
1607003918.568005800
1607003918.668199301
1607003918.768387079
1607003918.868634701
1607003918.968847275
1607003919.068990231
1607003919.169177771
1607003919.269346714
1607003919.369500637
1607003919.469700813
1607003919.569869280
1607003919.670085430
1607003919.770315647
1607003919.870460987
1607003919.970665216
1607003920.070877075
1607003920.171282291
1607003920.271454096
1607003920.371716738
1607003920.471929789
1607003920.572217226
1607003920.672438145
1607003920.772614956
1607003920.872847080
1607003920.973102331
1607003921.073276758
1607003921.173482656
1607003921.273707628
1607003921.373879671
1607003921.474093914
1607003921.574295282
1607003921.674465656
1607003921.774669647
1607003921.874847889
1607003921.975069046
1607003922.075253010
1607003922.175492764
1607003922.275704861
1607003922.376011848
1607003922.476215601
1607003922.576484442
1607003922.676669359
1607003922.776881695
1607003922.877194405
1607003922.977368593
1607003923.077573776
1607003923.177780628
1607003923.277976274
1607003923.378147602
1607003923.478357553
1607003923.578580618
1607003923.678837299
1607003923.779113770
1607003923.879296064
1607003923.979516506
1607003924.079730988
1607003924.179910660
1607003924.280091524
1607003924.380276442
1607003924.480491877
1607003924.580703974
1607003924.680946589
1607003924.781263113
1607003924.881482124
1607003924.981664658
1607003925.081928730
1607003925.182115316
1607003925.282298803
1607003925.382500410
1607003925.482679605
1607003925.582891703
1607003925.683182716
1607003925.783411264
1607003925.883622885
1607003925.983803749
1607003926.083960056
1607003926.184200525
1607003926.284411669
1607003926.384623289
1607003926.484838724
1607003926.585022211
1607003926.685238600
1607003926.785393000
1607003926.885605097
1607003926.985924244
1607003927.086249352
1607003927.186453104
1607003927.286733150
1607003927.387015581
1607003927.487334490
1607003927.587656975
1607003927.687965393
1607003927.788284063
1607003927.888576269
1607003927.988888502
1607003928.089203119
1607003928.189547539
1607003928.289733648
1607003928.390057325
1607003928.490365028
1607003928.590669155
1607003928.690818310
1607003928.790999413
1607003928.891157627
1607003928.991369247
1607003929.091603279
1607003929.191774607
1607003929.292082548
1607003929.392307997
1607003929.492526293
1607003929.592831850
1607003929.692999840
1607003929.793318510
1607003929.893630028
1607003929.993799210
1607003930.093953609
1607003930.194178581
1607003930.294358492
1607003930.394519806
1607003930.494669199
1607003930.594874620
1607003930.695158482
1607003930.795298815
1607003930.895507812
1607003930.995700359
1607003931.095906496
1607003931.196049213
1607003931.296209097
1607003931.396390438
1607003931.496633053
1607003931.596827269
1607003931.697029352
1607003931.797223091
1607003931.897422314
1607003931.997638941
1607003932.097946405
1607003932.198148489
1607003932.298366308
1607003932.398673773
1607003932.498842239
1607003932.599121571
1607003932.699430943
1607003932.799641132
1607003932.899951458
1607003933.000127077
1607003933.100294590
1607003933.200490236
1607003933.300691843
1607003933.400885105
1607003933.501091719
1607003933.601244688
1607003933.701426983
1607003933.801648855
1607003933.901829243
1607003934.002014399
1607003934.102167606
1607003934.202333212
1607003934.302502394
1607003934.402788877
1607003934.502965450
1607003934.603216171
1607003934.703371525
1607003934.803529739
1607003934.903723001
1607003935.003892183
1607003935.104093552
1607003935.204400063
1607003935.304544926
1607003935.404718637
1607003935.505034447
1607003935.605170012
1607003935.705377340
1607003935.805556059
1607003935.905708313
1607003936.005909443
1607003936.106125593
1607003936.206310511
1607003936.306480885
1607003936.406668425
1607003936.506860256
1607003936.607071877
1607003936.707239628
1607003936.807446003
1607003936.907723904
1607003937.007931232
1607003937.108198643
1607003937.208367586
1607003937.308563948
1607003937.408870697
1607003937.509081125
1607003937.609282732
1607003937.709550619
1607003937.809759378
1607003937.909904003
1607003938.010262966
1607003938.110409498
1607003938.210572004
1607003938.310738087
1607003938.410907507
1607003938.511075735
1607003938.611278772
1607003938.711481094
1607003938.811647177
1607003938.911853790
1607003939.012024641
1607003939.112208843
1607003939.212375879
1607003939.312584877
1607003939.412890911
1607003939.513055325
1607003939.613334417
1607003939.713538408
1607003939.813748598
1607003939.913947105
1607003940.014114380
1607003940.114293337
1607003940.214443922
1607003940.314702511
1607003940.414939880
1607003940.515080690
1607003940.615261316
1607003940.715424538
1607003940.815610647
1607003940.915835381
1607003941.015995502
1607003941.116205692
1607003941.216376781
1607003941.316682577
1607003941.416899204
1607003941.517066479
1607003941.617224455
1607003941.717418909
1607003941.817567825
1607003941.917729378
1607003942.017902374
1607003942.118123293
1607003942.218428850
1607003942.318595409
1607003942.418775320
1607003942.518946648
1607003942.619151592
1607003942.719363689
1607003942.819540024
1607003942.919705391
1607003943.020003796
1607003943.120215893
1607003943.220447779
1607003943.320616961
1607003943.420789719
1607003943.520982265
1607003943.621145487
1607003943.721376896
1607003943.821561813
1607003943.921768904
1607003944.021973372
1607003944.122287512
1607003944.222428322
1607003944.322588205
1607003944.422758102
1607003944.522929668
1607003944.623147249
1607003944.723297596
1607003944.823492527
1607003944.923699141
1607003945.023867607
1607003945.124037981
1607003945.224234819
1607003945.324411154
1607003945.424612284
1607003945.524814129
1607003945.625120878
1607003945.725290298
1607003945.825495005
1607003945.925707340
1607003946.025899172
1607003946.126068830
1607003946.226248264
1607003946.326393604
1607003946.426564693
1607003946.526764631
1607003946.626929045
1607003946.727132320
1607003946.827333212
1607003946.927538872
1607003947.027833462
1607003947.128015280
1607003947.228306055
1607003947.328454494
1607003947.428675175
1607003947.528851032
1607003947.629039049
1607003947.729227781
1607003947.829402685
1607003947.929591417
1607003948.029775381
1607003948.129992723
1607003948.230176926
1607003948.330357313
1607003948.430526972
1607003948.530744314
1607003948.630967379
1607003948.731228113
1607003948.831461430
1607003948.931643963
1607003949.031876802
1607003949.132188082
1607003949.232403517
1607003949.332574129
1607003949.432775021
1607003949.533004761
1607003949.633306980
1607003949.733522177
1607003949.833828449
1607003949.934011459
1607003950.034244299
1607003950.134436607
1607003950.234634399
1607003950.334842682
1607003950.435014963
1607003950.535208464
1607003950.635417700
1607003950.735587120
1607003950.835796833
1607003950.936028242
1607003951.036237240
1607003951.136481524
1607003951.236691713
1607003951.336893082
1607003951.437123299
1607003951.537287474
1607003951.637456894
1607003951.737624884
1607003951.837818146
1607003951.938108921
1607003952.038396597
1607003952.138545990
1607003952.238724470
1607003952.338883877
1607003952.439181566
1607003952.539371252
1607003952.639588118
1607003952.739871979
1607003952.840075970
1607003952.940298557
1607003953.040471315
1607003953.140676498
1607003953.240846634
1607003953.341083288
1607003953.441248894
1607003953.541452169
1607003953.641669273
1607003953.741880655
1607003953.842082739
1607003953.942257643
1607003954.042419672
1607003954.142603636
1607003954.242774487
1607003954.343004227
1607003954.443175077
1607003954.543332577
1607003954.643519402
1607003954.743678570
1607003954.843865156
1607003954.944070339
1607003955.044251204
1607003955.144470692
1607003955.244678497
1607003955.344850063
1607003955.445023775
1607003955.545306921
1607003955.645461321
1607003955.745650053
1607003955.845831871
1607003955.946005821
1607003956.046312571
1607003956.146459341
1607003956.246669054
1607003956.346839428
1607003956.447051525
1607003956.547267675
1607003956.647435427
1607003956.747609138
1607003956.847752810
1607003956.947891235
1607003957.048130274
1607003957.148341656
1607003957.248553991
1607003957.348765850
1607003957.448944092
1607003957.549191713
1607003957.649444818
1607003957.749765873
1607003957.850069284
1607003957.950375557
1607003958.050517559
1607003958.150721788
1607003958.250937700
1607003958.351218700
1607003958.451527119
1607003958.551740646
1607003958.652035713
1607003958.752338171
1607003958.852644920
1607003958.952847004
1607003959.053024769
1607003959.153207064
1607003959.253430843
1607003959.353640318
1607003959.453811407
1607003959.553958416
1607003959.654104471
1607003959.754292011
1607003959.854428768
1607003959.954650164
1607003960.054862499
1607003960.155075550
1607003960.255214214
1607003960.355456352
1607003960.455673456
1607003960.555844545
1607003960.656148672
1607003960.756290436
1607003960.856607676
1607003960.956811666
1607003961.057000160
1607003961.157176495
1607003961.257360935
1607003961.357511520
1607003961.457752705
1607003961.557942867
1607003961.658194304
1607003961.758338690
1607003961.858416080
1607003961.958416224
1607003962.058419943
1607003962.158413172
1607003962.258442163
1607003962.358419895
1607003962.458416700
1607003962.558417797
1607003962.658415079
1607003962.758414268
1607003962.858423471
1607003962.958417892
1607003963.058418989
1607003963.158419609
1607003963.258446217
1607003963.358433485
1607003963.458445549
1607003963.558424473
1607003963.658449888
1607003963.758412361
1607003963.858412743
1607003963.958413839
1607003964.058485031
1607003964.158423185
1607003964.258426189
1607003964.358450890
1607003964.458459854
1607003964.558429003
1607003964.658454418
1607003964.758584023
1607003964.858490467
1607003964.958460808
1607003965.058459044
1607003965.158444166
1607003965.258491278
1607003965.358579159
1607003965.458448410
1607003965.558579922
1607003965.658444643
1607003965.758584261
1607003965.858583450
1607003965.958585024
1607003966.058560371
1607003966.158489704
1607003966.258607864
1607003966.358417034
1607003966.458416462
1607003966.558417559
1607003966.658489943
1607003966.758580208
1607003966.858581543
1607003966.958582163
1607003967.058456898
1607003967.158556700
1607003967.258583069
1607003967.358581781
1607003967.458579540
1607003967.558463812
1607003967.658579826
1607003967.758492470
1607003967.858455658
1607003967.958458185
1607003968.058581352
1607003968.158584833
1607003968.258580446
1607003968.358444691
1607003968.458581209
1607003968.558585882
1607003968.658454895
1607003968.758460045
1607003968.858456135
1607003968.958589792
1607003969.058607340
1607003969.158587933
1607003969.258513689
1607003969.358578920
1607003969.458468437
1607003969.558582783
1607003969.658416510
1607003969.758418798
1607003969.858423471
1607003969.958409309
1607003970.058417797
1607003970.158446550
1607003970.258416653
1607003970.358415604
1607003970.458414555
1607003970.558465242
1607003970.658445120
1607003970.758412838
1607003970.858485460
1607003970.958418131
1607003971.058444262
1607003971.158439159
1607003971.258417130
1607003971.358412743
1607003971.458426476
1607003971.558431387
1607003971.658412933
1607003971.758442163
1607003971.858455181
1607003971.958490610
1607003972.058444500
1607003972.158442259
1607003972.258415699
1607003972.358479977
1607003972.458410740
1607003972.558416843
1607003972.658412695
1607003972.758495569
1607003972.858493090
1607003972.958482027
1607003973.058413506
1607003973.158445358
1607003973.258414507
1607003973.358420372
1607003973.458413124
1607003973.558444977
1607003973.658413410
1607003973.758427143
1607003973.858418226
1607003973.958416462
1607003974.058465958
1607003974.158430576
1607003974.258414507
1607003974.358489752
1607003974.458443403
1607003974.558441401
1607003974.658422947
1607003974.758412361
1607003974.858443975
1607003974.958412647
1607003975.058445930
1607003975.158483028
1607003975.258416414
1607003975.358411074
1607003975.458414555
1607003975.558431149
1607003975.658434391
1607003975.758411646
1607003975.858461380
1607003975.958480120
1607003976.058579922
1607003976.158473492
1607003976.258459091
1607003976.358420372
1607003976.458424091
1607003976.558414936
1607003976.658419371
1607003976.758491516
1607003976.858580828
1607003976.958488464
1607003977.058443785
1607003977.158412457
1607003977.258417845
1607003977.358419657
1607003977.458411694
1607003977.558415413
1607003977.658412933
1607003977.758410931
1607003977.858440876
1607003977.958415747
1607003978.058413029
1607003978.158412695
1607003978.258457184
1607003978.358482122
1607003978.458488941
1607003978.558412790
1607003978.658414364
1607003978.758416414
1607003978.858415127
1607003978.958414555
1607003979.058489084
1607003979.158579111
1607003979.258445978
1607003979.358476400
1607003979.458412647
1607003979.558411598
1607003979.658415556
1607003979.758491755
1607003979.858456373
1607003979.958460093
1607003980.058413744
1607003980.158414602
1607003980.258489370
1607003980.358448744
1607003980.458442688
1607003980.558413029
1607003980.658410549
1607003980.758451462
1607003980.858481407
1607003980.958443642
1607003981.058489799
1607003981.158450127
1607003981.258487225
1607003981.358582258
1607003981.458448172
1607003981.558491468
1607003981.658489466
1607003981.758442402
1607003981.858441591
1607003981.958437204
1607003982.058411598
1607003982.158442259
1607003982.258413553
1607003982.358416319
1607003982.458424568
1607003982.558434486
1607003982.658410072
1607003982.758493185
1607003982.858442545
1607003982.958450079
1607003983.058414698
1607003983.158436537
1607003983.258408546
1607003983.358414650
1607003983.458410978
1607003983.558442354
1607003983.658411264
1607003983.758403301
1607003983.858411551
1607003983.958398104
1607003984.058410406
1607003984.158411741
1607003984.258409500
1607003984.358413935
1607003984.458409786
1607003984.558449030
1607003984.658432245
1607003984.758488178
1607003984.858474016
1607003984.958416462
1607003985.058413744
1607003985.158441067
1607003985.258483410
1607003985.358416080
1607003985.458460808
1607003985.558458328
1607003985.658583403
1607003985.758445501
1607003985.858458519
1607003985.958414316
1607003986.058414698
1607003986.158414125
1607003986.258452654
1607003986.358415365
1607003986.458414078
1607003986.558428288
1607003986.658421516
1607003986.758477926
1607003986.858412266
1607003986.958443403
1607003987.058419228
1607003987.158410311
1607003987.258412838
1607003987.358412266
1607003987.458487034
1607003987.558415174
1607003987.658416986
1607003987.758578539
1607003987.858413696
1607003987.958429813
1607003988.058411121
1607003988.158435583
1607003988.258414030
1607003988.358578444
1607003988.458413124
1607003988.558414698
1607003988.658413172
1607003988.758414507
1607003988.858426571
1607003988.958422899
1607003989.058415651
1607003989.158419132
1607003989.258453131
1607003989.358414173
1607003989.458456755
1607003989.558415413
1607003989.658413887
1607003989.758409739
1607003989.858412743
1607003989.958450556
1607003990.058410406
1607003990.158412457
1607003990.258479595
1607003990.358412266
1607003990.458414078
1607003990.558417559
1607003990.658432722
1607003990.758583784
1607003990.858414650
1607003990.958414078
1607003991.058411121
1607003991.158453703
1607003991.258410931
1607003991.358412266
1607003991.458464146
1607003991.558412075
1607003991.658457041
1607003991.758412600
1607003991.858445883
1607003991.958445787
1607003992.058449745
1607003992.158460617
1607003992.258581638
1607003992.358458281
1607003992.458445311
1607003992.558581352
1607003992.658465624
1607003992.758571625
1607003992.858609915
1607003992.958448410
1607003993.058461428
1607003993.158583403
1607003993.258580685
1607003993.358453751
1607003993.458463192
1607003993.558411837
1607003993.658411503
1607003993.758425951
1607003993.858411789
1607003993.958444595
1607003994.058439732
1607003994.158411980
1607003994.258413553
1607003994.358411074
1607003994.458411217
1607003994.558411837
1607003994.658483505
1607003994.758411646
1607003994.858455896
1607003994.958415747
1607003995.058412075
1607003995.158438444
1607003995.258412361
1607003995.358476877
1607003995.458411932
1607003995.558423042
1607003995.658414125
1607003995.758584499
1607003995.858425856
1607003995.958438635
1607003996.058424950
1607003996.158436060
1607003996.258416891
1607003996.358414888
1607003996.458445072
1607003996.558419704
1607003996.658413649
1607003996.758410454
1607003996.858412266
1607003996.958444595
1607003997.058494091
1607003997.158412933
1607003997.258477449
1607003997.358419895
1607003997.458415508
1607003997.558445930
1607003997.658443451
1607003997.758412123
1607003997.858413458
1607003997.958415031
1607003998.058445930
1607003998.158422232
1607003998.258412838
1607003998.358410120
1607003998.458411932
1607003998.558414698
1607003998.658459425
1607003998.758447647
1607003998.858412981
1607003998.958461046
1607003999.058491230
1607003999.158492804
1607003999.258414030
1607003999.358416080
1607003999.458415747
1607003999.558446884
1607003999.658487082
1607003999.758444548
1607003999.858410358
1607003999.958412409
1607004000.058413982
1607004000.158581972
1607004000.258413315
1607004000.358413219
1607004000.458412170
1607004000.558492184
1607004000.658414841
1607004000.758411169
1607004000.858412504
1607004000.958415747
1607004001.058444023
1607004001.158414841
1607004001.258423567
1607004001.358441353
1607004001.458464622
1607004001.558423996
1607004001.658486128
1607004001.758442879
1607004001.858461142
1607004001.958411217
1607004002.058453321
1607004002.158429623
1607004002.258425236
1607004002.358410835
1607004002.458412886
1607004002.558413029
1607004002.658413410
1607004002.758412838
1607004002.858414412
1607004002.958412647
1607004003.058413506
1607004003.158413172
1607004003.258416414
1607004003.358445883
1607004003.458485126
1607004003.558414221
1607004003.658418894
1607004003.758422136
1607004003.858414650
1607004003.958411455
1607004004.058439016
1607004004.158429146
1607004004.258412600
1607004004.358412266
1607004004.458413601
1607004004.558413506
1607004004.658412933
1607004004.758413076
1607004004.858412504
1607004004.958413124
1607004005.058412790
1607004005.158416271
1607004005.258417368
1607004005.358457565
1607004005.458410025
1607004005.558413744
1607004005.658450365
1607004005.758415937
1607004005.858464956
1607004005.958411455
1607004006.058413506
1607004006.158446312
1607004006.258412600
1607004006.358413696
1607004006.458414316
1607004006.558418274
1607004006.658413649
1607004006.758439541
1607004006.858417273
1607004006.958410978
1607004007.058425426
1607004007.158412457
1607004007.258410454
1607004007.358442545
1607004007.458411694
1607004007.558413982
1607004007.658417225
1607004007.758458853
1607004007.858436346
1607004007.958412886
1607004008.058413506
1607004008.158414125
1607004008.258429527
1607004008.358430386
1607004008.458410501
1607004008.558421135
1607004008.658410311
1607004008.758415461
1607004008.858419895
1607004008.958416462
1607004009.058426857
1607004009.158412457
1607004009.258450031
1607004009.358427048
1607004009.458432436
1607004009.558420420
1607004009.658409834
1607004009.758413076
1607004009.858417988
1607004009.958417654
1607004010.058420897
1607004010.158473730
1607004010.258414268
1607004010.358414888
1607004010.458410978
1607004010.558414459
1607004010.658445835
1607004010.758416891
1607004010.858416319
1607004010.958413839
1607004011.058415413
1607004011.158600569
1607004011.258453608
1607004011.358453512
1607004011.458416224
1607004011.558413744
1607004011.658414125
1607004011.758448601
1607004011.858422995
1607004011.958452463
1607004012.058472633
1607004012.158462524
1607004012.258462429
1607004012.358414888
1607004012.458415031
1607004012.558413267
1607004012.658411980
1607004012.758417368
1607004012.858436823
1607004012.958416700
1607004013.058422565
1607004013.158584118
1607004013.258411884
1607004013.358453274
1607004013.458456516
