1607003498.453188181
1607003498.553389311
1607003498.653591156
1607003498.753797770
1607003498.853950977
1607003498.954161644
1607003499.054298639
1607003499.154515982
1607003499.254684210
1607003499.354905605
1607003499.455070019
1607003499.555274963
1607003499.655440569
1607003499.755659580
1607003499.855829716
1607003499.956039906
1607003500.056335926
1607003500.156632185
1607003500.256915331
1607003500.357121706
1607003500.457319975
1607003500.557541847
1607003500.657748222
1607003500.757894039
1607003500.858109713
1607003500.958284140
1607003501.058451891
1607003501.158618450
1607003501.258846760
1607003501.359012842
1607003501.459220171
1607003501.559441566
1607003501.659672499
1607003501.759881258
1607003501.860049963
1607003501.960252047
1607003502.060452938
1607003502.160737038
1607003502.261029005
1607003502.361331463
1607003502.461475611
1607003502.561696291
1607003502.661922932
1607003502.762092829
1607003502.862406731
1607003502.962562799
1607003503.062769175
1607003503.162980556
1607003503.263144732
1607003503.363316774
1607003503.463512182
1607003503.563702822
1607003503.663870096
1607003503.764043570
1607003503.864255905
1607003503.964556456
1607003504.064857483
1607003504.165161610
1607003504.265327454
1607003504.365561247
1607003504.465721846
1607003504.566020966
1607003504.666232109
1607003504.766575098
1607003504.866780281
1607003504.966987848
1607003505.067317486
1607003505.167619705
1607003505.267925501
1607003505.368228912
1607003505.468530416
1607003505.568832397
1607003505.669132710
1607003505.769461870
1607003505.869675636
1607003505.969823837
1607003506.070009232
1607003506.170221090
1607003506.270367146
1607003506.370538235
1607003506.470745802
1607003506.571022987
1607003506.671230793
1607003506.771436691
1607003506.871641397
1607003506.971819878
1607003507.072008610
1607003507.172199965
1607003507.272367716
1607003507.372635841
1607003507.472908974
1607003507.573194742
1607003507.673519135
1607003507.773817301
1607003507.874098778
1607003507.974307060
1607003508.074453831
1607003508.174761772
1607003508.274952412
1607003508.375168800
1607003508.475448370
1607003508.575728178
1607003508.676032066
1607003508.776334763
1607003508.876514196
1607003508.976824522
1607003509.077125549
1607003509.177454948
1607003509.277662992
1607003509.377977371
1607003509.478301287
1607003509.578588009
1607003509.678888798
1607003509.779057503
1607003509.879223108
1607003509.979527712
1607003510.079830408
1607003510.179996014
1607003510.280184031
1607003510.380507231
1607003510.480814457
1607003510.581116199
1607003510.681392908
1607003510.781697035
1607003510.881998539
1607003510.982304811
1607003511.082625389
1607003511.182916403
1607003511.283210993
1607003511.383421183
1607003511.483727217
1607003511.584030390
1607003511.684334517
1607003511.784637213
1607003511.884842634
1607003511.985146046
1607003512.085451841
1607003512.185782433
1607003512.285972357
1607003512.386292458
1607003512.486510754
1607003512.586751461
1607003512.686919212
1607003512.787130356
1607003512.887338400
1607003512.987544060
1607003513.087752342
1607003513.187958002
1607003513.288166761
1607003513.388466358
1607003513.488769054
1607003513.589071035
1607003513.689373970
1607003513.789696932
1607003513.889978886
1607003513.990279913
1607003514.090580702
1607003514.190918207
1607003514.291199684
1607003514.391432762
1607003514.491719246
1607003514.592012405
1607003514.692347050
1607003514.792649269
1607003514.892950058
1607003514.993250847
1607003515.093554258
1607003515.193860292
1607003515.294165134
1607003515.394354343
1607003515.494662523
1607003515.594967842
1607003515.695278645
1607003515.795564175
1607003515.895778894
1607003515.996057034
1607003516.096365213
1607003516.196695328
1607003516.297014475
1607003516.397319555
1607003516.497590542
1607003516.597899437
1607003516.698208332
1607003516.798450708
1607003516.898714304
1607003516.999013424
1607003517.099344254
1607003517.199649811
1607003517.299943686
1607003517.400253057
1607003517.500548601
1607003517.600872517
1607003517.701016665
1607003517.801164865
1607003517.901326656
1607003518.001604319
1607003518.101896048
1607003518.202106714
1607003518.302390575
1607003518.402528524
1607003518.502832413
1607003518.603009224
1607003518.703286886
1607003518.803570509
1607003518.903792143
1607003519.004003525
1607003519.104214430
1607003519.204546928
1607003519.304847240
1607003519.405155659
1607003519.505363226
1607003519.605664253
1607003519.705970526
1607003519.806273699
1607003519.906413078
1607003520.006682873
1607003520.106988192
1607003520.207270622
1607003520.307572842
1607003520.407876015
1607003520.508174896
1607003520.608474016
1607003520.708779335
1607003520.809082270
1607003520.909385443
1607003521.009690285
1607003521.110003233
1607003521.210305929
1607003521.310610771
1607003521.410921335
1607003521.511058092
1607003521.611372232
1607003521.711576223
1607003521.811865807
1607003521.912171841
1607003522.012475967
1607003522.112676382
1607003522.212978125
1607003522.313278198
1607003522.413583517
1607003522.513885975
1607003522.614092827
1607003522.714413166
1607003522.814557076
1607003522.914774418
1607003523.014987469
1607003523.115172625
1607003523.215470791
1607003523.315743923
1607003523.416024923
1607003523.516190052
1607003523.616370440
1607003523.716674089
1607003523.816973448
1607003523.917167187
1607003524.017469168
1607003524.117768764
1607003524.217981815
1607003524.318290234
1607003524.418454409
1607003524.518754959
1607003524.619025469
1607003524.719326019
1607003524.819549799
1607003524.919838428
1607003525.020138979
1607003525.120471954
1607003525.220773935
1607003525.321070194
1607003525.421370506
1607003525.521675110
1607003525.621980190
1607003525.722147942
1607003525.822427034
1607003525.922728777
1607003526.023001194
1607003526.123201370
1607003526.223480940
1607003526.323749542
1607003526.424059868
1607003526.524358273
1607003526.624661922
1607003526.724966764
1607003526.825270891
1607003526.925572634
1607003527.025905132
1607003527.126207829
1607003527.226449728
1607003527.326752901
1607003527.427059650
1607003527.527209282
1607003527.627517939
1607003527.727821589
1607003527.828119516
1607003527.928425550
1607003528.028725863
1607003528.129055262
1607003528.229361057
1607003528.329663038
1607003528.429801941
1607003528.529969215
1607003528.630116463
1607003528.730395317
1607003528.830592394
1607003528.930797577
1607003529.031005144
1607003529.131214857
1607003529.231420040
1607003529.331692457
1607003529.431986332
1607003529.532278776
1607003529.632576227
1607003529.732873678
1607003529.833172560
1607003529.933489323
1607003530.033777714
1607003530.134056807
1607003530.234279871
1607003530.334422827
1607003530.434591293
1607003530.534859896
1607003530.635064125
1607003530.735275269
1607003530.835558414
1607003530.935733795
1607003531.035920858
1607003531.136126995
1607003531.236430168
1607003531.336636066
1607003531.436939001
1607003531.537141085
1607003531.637444019
1607003531.737737417
1607003531.838037729
1607003531.938347340
1607003532.038513899
1607003532.138713360
1607003532.239042759
1607003532.339212418
1607003532.439501286
1607003532.539818287
1607003532.640086889
1607003532.740397930
1607003532.840566635
1607003532.940870523
1607003533.041183472
1607003533.141482830
1607003533.241621256
1607003533.341955900
1607003533.442268848
1607003533.542571545
1607003533.642874718
1607003533.743174076
1607003533.843380451
1607003533.943686247
1607003534.043874741
1607003534.144183159
1607003534.244325161
1607003534.344536066
1607003534.444743872
1607003534.544950247
1607003534.645160675
1607003534.745455027
1607003534.845738649
1607003534.946033239
1607003535.046339035
1607003535.146665335
1607003535.246876001
1607003535.347042799
1607003535.447217941
1607003535.547432661
1607003535.647721052
1607003535.748013735
1607003535.848300695
1607003535.948602438
1607003536.048906803
1607003536.149207592
1607003536.249507904
1607003536.349822760
1607003536.450125694
1607003536.550431728
1607003536.650629520
1607003536.750829220
1607003536.851103067
1607003536.951415539
1607003537.051700830
1607003537.151901484
1607003537.252202988
1607003537.352504969
1607003537.452794552
1607003537.553097486
1607003537.653300762
1607003537.753429413
1607003537.853435040
1607003537.953398705
1607003538.053330183
1607003538.153430700
1607003538.253464699
1607003538.353449345
1607003538.453323603
1607003538.553431988
1607003538.653430223
1607003538.753430367
1607003538.853433371
1607003538.953428268
1607003539.053429127
1607003539.153432608
1607003539.253432512
1607003539.353435755
1607003539.453426838
1607003539.553432465
1607003539.653402567
1607003539.753447294
1607003539.853416681
1607003539.953430176
1607003540.053411484
1607003540.153432131
1607003540.253398657
1607003540.353430510
1607003540.453435183
1607003540.553451300
1607003540.653430700
1607003540.753433466
1607003540.853422642
1607003540.953455210
1607003541.053445578
1607003541.153433323
1607003541.253429174
1607003541.353399277
1607003541.453428268
1607003541.553433180
1607003541.653431892
1607003541.753430367
1607003541.853433847
1607003541.953417063
1607003542.053429604
1607003542.153431892
1607003542.253430128
1607003542.353430271
1607003542.453441381
1607003542.553431273
1607003542.653433323
1607003542.753329039
1607003542.853329897
1607003542.953433514
1607003543.053345203
1607003543.153426170
1607003543.253325462
1607003543.353433371
1607003543.453425169
1607003543.553430557
1607003543.653468132
1607003543.753440857
1607003543.853430033
1607003543.953427792
1607003544.053426743
1607003544.153432846
1607003544.253342390
1607003544.353429079
1607003544.453431368
1607003544.553395033
1607003544.653430462
1607003544.753398657
1607003544.853430986
1607003544.953429699
1607003545.053433657
1607003545.153429747
1607003545.253472805
1607003545.353431463
1607003545.453432083
1607003545.553429127
1607003545.653438807
1607003545.753430128
1607003545.853424788
1607003545.953427553
1607003546.053429604
1607003546.153426409
1607003546.253431320
1607003546.353458881
1607003546.453435898
1607003546.553431988
1607003546.653433323
1607003546.753432751
1607003546.853430271
1607003546.953427792
1607003547.053411245
1607003547.153427839
1607003547.253428936
1607003547.353431463
1607003547.453438044
1607003547.553429842
1607003547.653344631
1607003547.753431797
1607003547.853431225
1607003547.953427076
1607003548.053436995
1607003548.153433323
1607003548.253414392
1607003548.353422880
1607003548.453427553
1607003548.553432941
1607003548.653430939
1607003548.753430128
1607003548.853435993
1607003548.953422070
1607003549.053457499
1607003549.153445482
1607003549.253430367
1607003549.353429079
1607003549.453430891
1607003549.553430557
1607003549.653434038
1607003549.753429890
1607003549.853427887
1607003549.953429937
1607003550.053447485
1607003550.153428555
1607003550.253264904
1607003550.353433132
1607003550.453418493
1607003550.553405523
1607003550.653301239
1607003550.753266811
1607003550.853428602
1607003550.953444481
1607003551.053432465
1607003551.153434753
1607003551.253427029
1607003551.353433371
1607003551.453336477
1607003551.553430557
1607003551.653290749
1607003551.753453732
1607003551.853300810
1607003551.953436852
1607003552.053344727
1607003552.153440952
1607003552.253427505
1607003552.353271961
1607003552.453436613
1607003552.553437710
1607003552.653270245
1607003552.753437042
1607003552.853430510
1607003552.953261375
1607003553.053433180
1607003553.153264761
1607003553.253314257
1607003553.353262663
1607003553.453433990
1607003553.553378582
1607003553.653311491
1607003553.753331900
1607003553.853331566
1607003553.953295231
1607003554.053296089
1607003554.153297901
1607003554.253289461
1607003554.353398323
1607003554.453314543
1607003554.553298950
1607003554.653404474
1607003554.753360271
1607003554.853339672
1607003554.953333378
1607003555.053394794
1607003555.153332472
1607003555.253332615
1607003555.353322506
1607003555.453332424
1607003555.553345442
1607003555.653332233
1607003555.753334045
1607003555.853333950
1607003555.953332663
1607003556.053333044
1607003556.153333664
1607003556.253332376
1607003556.353331804
1607003556.453338146
1607003556.553416252
1607003556.653333187
1607003556.753414869
1607003556.853420258
1607003556.953405619
1607003557.053333044
1607003557.153435946
1607003557.253430843
1607003557.353362560
1607003557.453302622
1607003557.553336620
1607003557.653420210
1607003557.753411055
1607003557.853420734
1607003557.953332424
1607003558.053400040
1607003558.153289318
1607003558.253333569
1607003558.353428602
1607003558.453292847
1607003558.553291321
1607003558.653295279
1607003558.753293991
1607003558.853423357
1607003558.953333855
1607003559.053290367
1607003559.153324842
1607003559.253429890
1607003559.353324652
1607003559.453291655
1607003559.553332090
1607003559.653335810
1607003559.753455639
1607003559.853294849
1607003559.953324795
1607003560.053426743
1607003560.153428555
1607003560.253427029
1607003560.353466988
1607003560.453430176
1607003560.553434849
1607003560.653432846
1607003560.753428936
1607003560.853433132
1607003560.953431129
1607003561.053419113
1607003561.153344631
1607003561.253427029
1607003561.353430033
1607003561.453332424
1607003561.553323746
1607003561.653325319
1607003561.753322601
1607003561.853430033
1607003561.953427792
1607003562.053278446
1607003562.153292656
1607003562.253328800
1607003562.353291750
1607003562.453326225
1607003562.553323746
1607003562.653326750
1607003562.753350735
1607003562.853412867
1607003562.953330517
1607003563.053324699
1607003563.153441429
1607003563.253325939
1607003563.353325367
1607003563.453320503
1607003563.553292036
1607003563.653335571
1607003563.753332615
1607003563.853324652
1607003563.953430176
1607003564.053334713
1607003564.153324604
1607003564.253332138
1607003564.353296518
1607003564.453429699
1607003564.553337574
1607003564.653291702
1607003564.753329039
1607003564.853445530
1607003564.953295469
1607003565.053430080
1607003565.153329611
1607003565.253330946
1607003565.353434563
1607003565.453357220
1607003565.553329229
1607003565.653429508
1607003565.753334999
1607003565.853291988
1607003565.953295231
1607003566.053333998
1607003566.153326750
1607003566.253288031
1607003566.353316784
1607003566.453292131
1607003566.553271294
1607003566.653263569
1607003566.753292561
1607003566.853263855
1607003566.953293562
1607003567.053293467
1607003567.153264761
1607003567.253273249
1607003567.353321552
1607003567.453290701
1607003567.553292513
1607003567.653288603
1607003567.753402948
1607003567.853271723
1607003567.953294277
1607003568.053431511
1607003568.153265953
1607003568.253318071
1607003568.353433132
1607003568.453405380
1607003568.553294182
1607003568.653270721
1607003568.753421783
1607003568.853292704
1607003568.953430653
1607003569.053290844
1607003569.153428078
1607003569.253326654
1607003569.353321075
1607003569.453289509
1607003569.553323984
1607003569.653424501
1607003569.753430128
1607003569.853292465
1607003569.953426600
1607003570.053399324
1607003570.153420687
1607003570.253428459
1607003570.353309870
1607003570.453263521
1607003570.553262234
1607003570.653436422
1607003570.753270149
1607003570.853284597
1607003570.953428507
1607003571.053329229
1607003571.153430700
1607003571.253301859
1607003571.353429794
1607003571.453430653
1607003571.553429365
1607003571.653431892
1607003571.753435373
1607003571.853431702
1607003571.953330994
1607003572.053287029
1607003572.153294802
1607003572.253327131
1607003572.353290558
1607003572.453290701
1607003572.553297043
1607003572.653427362
1607003572.753429890
1607003572.853292465
1607003572.953264713
1607003573.053282738
1607003573.153335571
1607003573.253265858
1607003573.353435755
1607003573.453296185
1607003573.553318501
1607003573.653429031
1607003573.753299475
1607003573.853263855
1607003573.953439236
1607003574.053264380
1607003574.153297901
1607003574.253300428
1607003574.353295565
1607003574.453297138
1607003574.553294659
1607003574.653295279
1607003574.753293514
1607003574.853298664
1607003574.953331947
1607003575.053264141
1607003575.153319836
1607003575.253328800
1607003575.353263855
1607003575.453301430
1607003575.553328514
1607003575.653430939
1607003575.753302336
1607003575.853330851
1607003575.953293800
1607003576.053298712
1607003576.153292656
1607003576.253319740
1607003576.353295326
1607003576.453336000
1607003576.553291559
1607003576.653337240
1607003576.753286362
1607003576.853435516
1607003576.953327179
1607003577.053400040
1607003577.153434753
1607003577.253295183
1607003577.353429556
1607003577.453315735
1607003577.553332567
1607003577.653454542
1607003577.753326893
1607003577.853333712
1607003577.953325033
1607003578.053427219
1607003578.153400898
1607003578.253326178
1607003578.353431225
1607003578.453260660
1607003578.553293467
1607003578.653309107
1607003578.753290653
1607003578.853323698
1607003578.953320503
1607003579.053319693
1607003579.153322220
1607003579.253334761
1607003579.353326321
1607003579.453298569
1607003579.553335667
1607003579.653327465
1607003579.753327370
1607003579.853291512
1607003579.953346252
1607003580.053310633
1607003580.153385401
1607003580.253322840
1607003580.353291273
1607003580.453327179
1607003580.553318739
1607003580.653427362
1607003580.753267050
1607003580.853425026
1607003580.953295946
1607003581.053294420
1607003581.153322697
1607003581.253295422
1607003581.353294373
1607003581.453292847
1607003581.553432941
1607003581.653423309
1607003581.753326178
1607003581.853429317
1607003581.953331232
1607003582.053324461
1607003582.153332710
1607003582.253324986
1607003582.353290796
1607003582.453332424
1607003582.553330660
1607003582.653427839
1607003582.753328323
1607003582.853294134
1607003582.953428507
1607003583.053336382
1607003583.153323889
1607003583.253293753
1607003583.353342056
1607003583.453327179
1607003583.553323269
1607003583.653311014
1607003583.753322840
1607003583.853323698
1607003583.953291893
1607003584.053323030
1607003584.153332710
1607003584.253292322
1607003584.353272438
1607003584.453433514
1607003584.553430796
1607003584.653325081
1607003584.753426313
1607003584.853322744
1607003584.953294754
1607003585.053266287
1607003585.153342485
1607003585.253428459
1607003585.353317738
1607003585.453332424
1607003585.553428650
1607003585.653331280
1607003585.753337860
1607003585.853326797
1607003585.953332424
1607003586.053290844
1607003586.153290987
1607003586.253395319
1607003586.353334427
1607003586.453322887
1607003586.553311110
1607003586.653322697
1607003586.753322601
1607003586.853295088
1607003586.953333616
1607003587.053323984
1607003587.153349638
1607003587.253338575
1607003587.353438616
1607003587.453327179
1607003587.553324699
1607003587.653293371
1607003587.753335238
1607003587.853431463
1607003587.953407049
1607003588.053299665
1607003588.153429747
1607003588.253344536
1607003588.353267908
1607003588.453293800
1607003588.553293228
1607003588.653327942
1607003588.753334284
1607003588.853299379
1607003588.953326702
1607003589.053330898
1607003589.153330326
1607003589.253295422
1607003589.353345871
1607003589.453328133
1607003589.553271532
1607003589.653268337
1607003589.753394842
1607003589.853334427
1607003589.953331232
1607003590.053396702
1607003590.153289557
1607003590.253289461
1607003590.353294849
1607003590.453290701
1607003590.553292036
1607003590.653334379
1607003590.753263235
1607003590.853328466
1607003590.953293800
1607003591.053323030
1607003591.153325796
1607003591.253299713
1607003591.353291273
1607003591.453293562
1607003591.553293228
1607003591.653330326
1607003591.753441572
1607003591.853415728
1607003591.953355312
1607003592.053318977
1607003592.153310776
1607003592.253294945
1607003592.353419065
1607003592.453337908
1607003592.553291559
1607003592.653299570
1607003592.753438234
1607003592.853428125
1607003592.953428984
1607003593.053434610
1607003593.153427362
1607003593.253429890
1607003593.353420973
1607003593.453296661
1607003593.553324699
1607003593.653299093
1607003593.753346920
1607003593.853366613
1607003593.953434467
1607003594.053461790
1607003594.153365850
1607003594.253269672
1607003594.353289604
1607003594.453262091
1607003594.553266048
1607003594.653297424
1607003594.753310442
1607003594.853290081
1607003594.953364611
1607003595.053296328
1607003595.153314829
1607003595.253307343
1607003595.353295326
1607003595.453337669
1607003595.553264856
1607003595.653264999
1607003595.753293514
1607003595.853295803
1607003595.953268290
1607003596.053298950
1607003596.153304338
1607003596.253345728
1607003596.353270769
1607003596.453305960
1607003596.553296089
1607003596.653294086
1607003596.753293037
1607003596.853294611
1607003596.953296900
1607003597.053295135
1607003597.153293371
1607003597.253276825
1607003597.353277922
1607003597.453308344
1607003597.553303480
1607003597.653282166
1607003597.753263712
1607003597.853263140
1607003597.953323841
1607003598.053323746
1607003598.153332472
1607003598.253264904
1607003598.353266716
1607003598.453335047
