1607004228.464057922
1607004228.564316750
1607004228.664675951
1607004228.764952898
1607004228.865292549
1607004228.965690374
1607004229.066143990
1607004229.166462898
1607004229.266723156
1607004229.367058992
1607004229.467376232
1607004229.567715168
1607004229.668146610
1607004229.768397570
1607004229.868658304
1607004229.968935490
1607004230.069175482
1607004230.169402122
1607004230.269621849
1607004230.369940042
1607004230.470181227
1607004230.570388079
1607004230.670571804
1607004230.770852566
1607004230.871104479
1607004230.971313953
1607004231.071501493
1607004231.171764851
1607004231.272015572
1607004231.372232199
1607004231.472527027
1607004231.572965384
1607004231.673281908
1607004231.773560047
1607004231.873859406
1607004231.974345207
1607004232.074625492
1607004232.174825430
1607004232.275188684
1607004232.375551462
1607004232.475811720
1607004232.576142311
1607004232.676434278
1607004232.776639223
1607004232.876889706
1607004232.977167845
1607004233.077458858
1607004233.177692175
1607004233.277926683
1607004233.378249884
1607004233.478485584
1607004233.578780651
1607004233.679225206
1607004233.779627323
1607004233.879850149
1607004233.980076313
1607004234.080392361
1607004234.180690050
1607004234.280917168
1607004234.381211758
1607004234.481462717
1607004234.581802130
1607004234.682178497
1607004234.782411575
1607004234.882657290
1607004234.982965469
1607004235.083395004
1607004235.183666706
1607004235.283927441
1607004235.384274483
1607004235.484649420
1607004235.585004807
1607004235.685442686
1607004235.785795927
1607004235.886160612
1607004235.986479998
1607004236.086744308
1607004236.187084198
1607004236.287417650
1607004236.387690544
1607004236.488100529
1607004236.588450432
1607004236.688801765
1607004236.789021969
1607004236.889322758
1607004236.989551544
1607004237.089914083
1607004237.190160751
1607004237.290468454
1607004237.390700817
1607004237.490928173
1607004237.591159582
1607004237.691418171
1607004237.791704178
1607004237.891924858
1607004237.992113829
1607004238.092411518
1607004238.192641020
1607004238.292860270
1607004238.393080235
1607004238.493302107
1607004238.593577385
1607004238.693798780
1607004238.794021368
1607004238.894259214
1607004238.994491339
1607004239.094706059
1607004239.194900990
1607004239.295190096
1607004239.395495415
1607004239.495722771
1607004239.595906496
1607004239.696121454
1607004239.796331406
1607004239.896542072
1607004239.996759892
1607004240.097133875
1607004240.197478771
1607004240.297828197
1607004240.398163319
1607004240.498498201
1607004240.598844290
1607004240.699100018
1607004240.799421310
1607004240.899763346
1607004241.000121593
1607004241.100463390
1607004241.200710535
1607004241.301063061
1607004241.401402473
1607004241.501747131
1607004241.602025986
1607004241.702486038
1607004241.802685738
1607004241.903028727
1607004242.003374815
1607004242.103726625
1607004242.204070091
1607004242.304428816
1607004242.404786110
1607004242.505126476
1607004242.605471373
1607004242.705818653
1607004242.806161404
1607004242.906492949
1607004243.006735325
1607004243.107079983
1607004243.207424164
1607004243.307753801
1607004243.408096790
1607004243.508345366
1607004243.608588457
1607004243.708811283
1607004243.809116125
1607004243.909427643
1607004244.009676695
1607004244.110002279
1607004244.210380077
1607004244.310560942
1607004244.410810947
1607004244.511063576
1607004244.611418724
1607004244.711749077
1607004244.812110662
1607004244.912366152
1607004245.012711763
1607004245.113078833
1607004245.213420630
1607004245.313764811
1607004245.414107084
1607004245.514457226
1607004245.614664078
1607004245.714918137
1607004245.815231085
1607004245.915492058
1607004246.015739202
1607004246.115993023
1607004246.216201782
1607004246.316424131
1607004246.416606188
1607004246.516809702
1607004246.617030859
1607004246.717234850
1607004246.817503214
1607004246.917685270
1607004247.017876387
1607004247.118110180
1607004247.218370438
1607004247.318546772
1607004247.418761253
1607004247.518969297
1607004247.619225025
1607004247.719461679
1607004247.819672108
1607004247.919881821
1607004248.020208836
1607004248.120438099
1607004248.220641613
1607004248.320889711
1607004248.421103954
1607004248.521312952
1607004248.621630430
1607004248.721885204
1607004248.822098494
1607004248.922314405
1607004249.022499800
1607004249.122680426
1607004249.222924948
1607004249.323155880
1607004249.423354387
1607004249.523564577
1607004249.623794317
1607004249.724048138
1607004249.824248552
1607004249.924507141
1607004250.024764538
1607004250.125007868
1607004250.225378036
1607004250.325722933
1607004250.426025152
1607004250.526370287
1607004250.626548052
1607004250.726799488
1607004250.827117205
1607004250.927441120
1607004251.027780294
1607004251.128123760
1607004251.228473663
1607004251.328825235
1607004251.429175377
1607004251.529488802
1607004251.629737616
1607004251.729959011
1607004251.830193281
1607004251.930440187
1607004252.030698299
1607004252.130873680
1607004252.231121302
1607004252.331371069
1607004252.431646824
1607004252.531863689
1607004252.632119656
1607004252.732306242
1607004252.832528830
1607004252.932741404
1607004253.032956362
1607004253.133231640
1607004253.233436346
1607004253.333692551
1607004253.434044600
1607004253.534448624
1607004253.634861469
1607004253.735046864
1607004253.835386992
1607004253.935751200
1607004254.035963774
1607004254.136228561
1607004254.236439705
1607004254.336689711
1607004254.436934710
1607004254.537181616
1607004254.637391090
1607004254.737624884
1607004254.837800503
1607004254.938014507
1607004255.038294792
1607004255.138500214
1607004255.238705397
1607004255.338939190
1607004255.439171076
1607004255.539383888
1607004255.639673471
1607004255.739985943
1607004255.840229988
1607004255.940470934
1607004256.040705919
1607004256.140887260
1607004256.241107225
1607004256.341325998
1607004256.441543341
1607004256.541758060
1607004256.642085314
1607004256.742341280
1607004256.842515469
1607004256.942732573
1607004257.042975426
1607004257.143189430
1607004257.243444920
1607004257.343624115
1607004257.443811655
1607004257.544013977
1607004257.644284487
1607004257.744498253
1607004257.844786644
1607004257.945006371
1607004258.045269489
1607004258.145476580
1607004258.245658636
1607004258.345844030
1607004258.446038485
1607004258.546312809
1607004258.646520615
1607004258.746760368
1607004258.846970558
1607004258.947214842
1607004259.047418118
1607004259.147682428
1607004259.247886181
1607004259.348089218
1607004259.448332071
1607004259.548681021
1607004259.648909330
1607004259.749120712
1607004259.849421263
1607004259.949762344
1607004260.050069571
1607004260.150296211
1607004260.250473261
1607004260.350681305
1607004260.450875044
1607004260.551095247
1607004260.651334286
1607004260.751546860
1607004260.851793289
1607004260.952132463
1607004261.052403212
1607004261.152724028
1607004261.252960205
1607004261.353196144
1607004261.453393698
1607004261.553633451
1607004261.653845310
1607004261.754176617
1607004261.854469299
1607004261.954775810
1607004262.055020571
1607004262.155234337
1607004262.255479097
1607004262.355679750
1607004262.456021070
1607004262.556259394
1607004262.656478882
1607004262.756692171
1607004262.856933355
1607004262.957200289
1607004263.057499409
1607004263.157749891
1607004263.257997274
1607004263.358252048
1607004263.458483696
1607004263.558729410
1607004263.658926725
1607004263.759146452
1607004263.859511614
1607004263.959835768
1607004264.060193777
1607004264.160536766
1607004264.260781050
1607004264.361019850
1607004264.461335182
1607004264.561583042
1607004264.661953449
1607004264.762181044
1607004264.862341881
1607004264.962551355
1607004265.062767982
1607004265.162978888
1607004265.263198137
1607004265.363440037
1607004265.463721037
1607004265.564058065
1607004265.664210320
1607004265.764208078
1607004265.864213228
1607004265.964164734
1607004266.064175844
1607004266.164176464
1607004266.264172554
1607004266.364214420
1607004266.464171171
1607004266.564172506
1607004266.664141178
1607004266.764211655
1607004266.864218712
1607004266.964319229
1607004267.064313173
1607004267.164221287
1607004267.264204741
1607004267.364302158
1607004267.464309692
1607004267.564307928
1607004267.664310694
1607004267.764185429
1607004267.864312172
1607004267.964308500
1607004268.064310312
1607004268.164308786
1607004268.264312267
1607004268.364216566
1607004268.464314461
1607004268.564309835
1607004268.664303541
1607004268.764307976
1607004268.864286184
1607004268.964302063
1607004269.064304352
1607004269.164310217
1607004269.264307976
1607004269.364212513
1607004269.464280367
1607004269.564158440
1607004269.664273739
1607004269.764237642
1607004269.864238262
1607004269.964215517
1607004270.064224482
1607004270.164209604
1607004270.264154911
1607004270.364217043
1607004270.464182615
1607004270.564313173
1607004270.664159298
1607004270.764306068
1607004270.864310741
1607004270.964288473
1607004271.064221621
1607004271.164281368
1607004271.264222860
1607004271.364311218
1607004271.464306831
1607004271.564306974
1607004271.664141893
1607004271.764303923
1607004271.864309311
1607004271.964307785
1607004272.064305305
1607004272.164295197
1607004272.264202356
1607004272.364218235
1607004272.464174986
1607004272.564306259
1607004272.664203405
1607004272.764308214
1607004272.864212275
1607004272.964310884
1607004273.064317942
1607004273.164212704
1607004273.264171362
1607004273.364171982
1607004273.464182854
1607004273.564169884
1607004273.664168596
1607004273.764169931
1607004273.864290476
1607004273.964170218
1607004274.064142466
1607004274.164291143
1607004274.264218330
1607004274.364207745
1607004274.464174509
1607004274.564220667
1607004274.664307833
1607004274.764205456
1607004274.864181995
1607004274.964177608
1607004275.064320087
1607004275.164311647
1607004275.264275312
1607004275.364210606
1607004275.464223623
1607004275.564323187
1607004275.664187670
1607004275.764209747
1607004275.864171743
1607004275.964175940
1607004276.064151287
1607004276.164165974
1607004276.264212370
1607004276.364153624
1607004276.464166641
1607004276.564172268
1607004276.664211750
1607004276.764173508
1607004276.864174128
1607004276.964165449
1607004277.064144850
1607004277.164148808
1607004277.264178514
1607004277.364147425
1607004277.464149237
1607004277.564197063
1607004277.664173841
1607004277.764143467
1607004277.864170790
1607004277.964230537
1607004278.064172029
1607004278.164210081
1607004278.264160872
1607004278.364206314
1607004278.464217424
1607004278.564291000
1607004278.664210320
1607004278.764213562
1607004278.864212275
1607004278.964205742
1607004279.064213276
1607004279.164209843
1607004279.264298439
1607004279.364170074
1607004279.464232206
1607004279.564208746
1607004279.664288998
1607004279.764293671
1607004279.864190340
1607004279.964209795
1607004280.064181566
1607004280.164196968
1607004280.264193535
1607004280.364312649
1607004280.464152098
1607004280.564241648
1607004280.664199829
1607004280.764204979
1607004280.864209175
1607004280.964215755
1607004281.064154148
1607004281.164144754
1607004281.264181852
1607004281.364212513
1607004281.464211464
1607004281.564171791
1607004281.664169312
1607004281.764215946
1607004281.864279270
1607004281.964170218
1607004282.064304352
1607004282.164177179
1607004282.264173985
1607004282.364152670
1607004282.464173794
1607004282.564170837
1607004282.664174318
1607004282.764145136
1607004282.864172697
1607004282.964328766
1607004283.064333200
1607004283.164216280
1607004283.264289141
1607004283.364200830
1607004283.464281559
1607004283.564305782
1607004283.664309025
1607004283.764163733
1607004283.864306927
1607004283.964309931
1607004284.064310551
1607004284.164307356
1607004284.264166355
1607004284.364212036
1607004284.464177370
1607004284.564304590
1607004284.664307117
1607004284.764285326
1607004284.864310741
1607004284.964214325
1607004285.064229012
1607004285.164281845
1607004285.264156818
1607004285.364310503
1607004285.464306355
1607004285.564307928
1607004285.664327860
1607004285.764174938
1607004285.864318371
1607004285.964180946
1607004286.064208508
1607004286.164147615
1607004286.264214039
1607004286.364161491
1607004286.464285851
1607004286.564205885
1607004286.664304256
1607004286.764303207
1607004286.864310503
1607004286.964177847
1607004287.064172029
1607004287.164170027
1607004287.264223814
1607004287.364175797
1607004287.464209318
1607004287.564173222
1607004287.664217710
1607004287.764172316
1607004287.864150763
1607004287.964146852
1607004288.064162254
1607004288.164208174
1607004288.264244318
1607004288.364175797
1607004288.464145184
1607004288.564179659
1607004288.664182663
1607004288.764174700
1607004288.864217281
1607004288.964213848
1607004289.064241886
1607004289.164180040
1607004289.264172792
1607004289.364170074
1607004289.464174271
1607004289.564218044
1607004289.664203405
1607004289.764212370
1607004289.864309072
1607004289.964173317
1607004290.064215899
1607004290.164207458
1607004290.264163494
1607004290.364149570
1607004290.464306831
1607004290.564233780
1607004290.664172173
1607004290.764152527
1607004290.864143133
1607004290.964184284
1607004291.064148664
1607004291.164141893
1607004291.264214993
1607004291.364224195
1607004291.464230299
1607004291.564183235
1607004291.664208889
1607004291.764207125
1607004291.864218473
1607004291.964141130
1607004292.064144611
1607004292.164165258
1607004292.264145851
1607004292.364177704
1607004292.464227676
1607004292.564154148
1607004292.664174557
1607004292.764147758
1607004292.864204407
1607004292.964302540
1607004293.064309120
1607004293.164311409
1607004293.264309645
1607004293.364208698
1607004293.464194536
1607004293.564310074
1607004293.664180517
1607004293.764330149
1607004293.864340305
1607004293.964309931
1607004294.064310074
1607004294.164304733
1607004294.264310598
1607004294.364319086
1607004294.464307785
1607004294.564140320
1607004294.664306879
1607004294.764310837
1607004294.864305019
1607004294.964141369
1607004295.064306736
1607004295.164289474
1607004295.264310598
1607004295.364311218
1607004295.464284897
1607004295.564211369
1607004295.664313555
1607004295.764312744
1607004295.864296913
1607004295.964307308
1607004296.064308167
1607004296.164312124
1607004296.264192343
1607004296.364212275
1607004296.464333773
1607004296.564336300
1607004296.664209843
1607004296.764241219
1607004296.864201784
1607004296.964211702
1607004297.064209223
1607004297.164306402
1607004297.264146805
1607004297.364141703
1607004297.464165449
1607004297.564140797
1607004297.664311647
1607004297.764216423
1607004297.864311934
1607004297.964310169
1607004298.064285517
1607004298.164307117
1607004298.264310360
1607004298.364307642
1607004298.464308739
1607004298.564311743
1607004298.664276838
1607004298.764310360
1607004298.864303827
1607004298.964236736
1607004299.064142227
1607004299.164147139
1607004299.264333010
1607004299.364139080
1607004299.464241743
1607004299.564170837
1607004299.664168596
1607004299.764212847
1607004299.864160299
1607004299.964167595
1607004300.064154863
1607004300.164160728
1607004300.264169455
1607004300.364212036
1607004300.464159489
1607004300.564168215
1607004300.664218664
1607004300.764147520
1607004300.864173412
1607004300.964175224
1607004301.064145088
1607004301.164173365
1607004301.264311790
1607004301.364163637
1607004301.464156151
1607004301.564166784
1607004301.664166212
1607004301.764278889
1607004301.864217520
1607004301.964149714
1607004302.064175844
1607004302.164144516
1607004302.264154911
1607004302.364277363
1607004302.464176893
1607004302.564152956
1607004302.664168835
1607004302.764158964
1607004302.864169121
1607004302.964215994
1607004303.064151764
1607004303.164210081
1607004303.264213324
1607004303.364212513
1607004303.464172840
1607004303.564170122
1607004303.664143324
1607004303.764215708
1607004303.864281893
1607004303.964301586
1607004304.064276457
1607004304.164291143
1607004304.264216900
1607004304.364282370
1607004304.464174509
1607004304.564279556
1607004304.664237738
1607004304.764322996
1607004304.864317894
1607004304.964310646
1607004305.064307213
1607004305.164310932
1607004305.264201164
1607004305.364308834
1607004305.464309692
1607004305.564207077
1607004305.664308310
1607004305.764309168
1607004305.864304781
1607004305.964309216
1607004306.064309835
1607004306.164309740
1607004306.264307261
1607004306.364310503
1607004306.464296579
1607004306.564314365
1607004306.664302349
1607004306.764204502
1607004306.864310026
1607004306.964303970
1607004307.064318419
1607004307.164307833
1607004307.264305115
1607004307.364333630
1607004307.464318514
1607004307.564311981
1607004307.664312601
1607004307.764301777
1607004307.864264965
1607004307.964310169
1607004308.064312220
1607004308.164309978
1607004308.264310122
1607004308.364310265
1607004308.464311838
1607004308.564312696
1607004308.664309263
1607004308.764305592
1607004308.864307165
1607004308.964304924
1607004309.064304829
1607004309.164309502
1607004309.264306545
1607004309.364310265
1607004309.464309692
1607004309.564303160
1607004309.664313078
1607004309.764210224
1607004309.864311934
1607004309.964337587
1607004310.064338446
1607004310.164314747
1607004310.264245749
1607004310.364145994
1607004310.464171410
1607004310.564173698
1607004310.664172411
1607004310.764217615
1607004310.864285469
1607004310.964279652
1607004311.064275026
1607004311.164215803
1607004311.264268398
1607004311.364162683
1607004311.464172602
1607004311.564213753
1607004311.664147854
1607004311.764307499
1607004311.864148378
1607004311.964204311
1607004312.064151764
1607004312.164208889
1607004312.264178753
1607004312.364201307
1607004312.464215517
1607004312.564211845
1607004312.664318562
1607004312.764196157
1607004312.864174366
1607004312.964221954
1607004313.064187288
1607004313.164155960
1607004313.264166355
1607004313.364168167
1607004313.464191914
1607004313.564208031
1607004313.664172411
1607004313.764204025
1607004313.864214420
1607004313.964170218
1607004314.064224005
1607004314.164313555
1607004314.264172077
1607004314.364204645
1607004314.464174986
1607004314.564213037
1607004314.664278984
1607004314.764170885
1607004314.864206314
1607004314.964177132
1607004315.064217806
1607004315.164192915
1607004315.264212847
1607004315.364176035
1607004315.464174271
1607004315.564350605
1607004315.664304972
1607004315.764182091
1607004315.864181042
1607004315.964186192
1607004316.064206362
1607004316.164204836
1607004316.264189243
1607004316.364149809
1607004316.464148521
1607004316.564212084
1607004316.664181948
1607004316.764328957
1607004316.864169121
1607004316.964218855
1607004317.064157248
1607004317.164213657
1607004317.264216900
1607004317.364159822
1607004317.464433670
1607004317.564170361
1607004317.664153814
1607004317.764189243
1607004317.864166498
1607004317.964212894
1607004318.064210176
1607004318.164208412
1607004318.264199018
1607004318.364203930
1607004318.464215517
1607004318.564209938
1607004318.664310932
1607004318.764308929
1607004318.864309311
1607004318.964220285
1607004319.064310074
1607004319.164278269
1607004319.264217854
1607004319.364304066
1607004319.464305639
1607004319.564308405
1607004319.664144039
1607004319.764166594
1607004319.864313126
1607004319.964147329
1607004320.064145565
1607004320.164141417
1607004320.264141798
1607004320.364320278
1607004320.464214087
1607004320.564178467
1607004320.664240599
1607004320.764142036
1607004320.864167929
1607004320.964213848
1607004321.064150810
1607004321.164172649
1607004321.264217377
1607004321.364210367
1607004321.464215994
1607004321.564294815
1607004321.664306879
1607004321.764299393
1607004321.864217758
1607004321.964215517
1607004322.064215660
1607004322.164216757
1607004322.264209270
1607004322.364308357
1607004322.464217424
1607004322.564305544
1607004322.664175034
1607004322.764217377
1607004322.864217758
1607004322.964219093
1607004323.064220667
1607004323.164334059
1607004323.264315128
1607004323.364304304
1607004323.464182615
1607004323.564207077
1607004323.664185286
1607004323.764142275
1607004323.864308119
1607004323.964204550
1607004324.064152956
1607004324.164202929
1607004324.264222860
1607004324.364203691
1607004324.464205027
1607004324.564150095
1607004324.664158821
1607004324.764147997
1607004324.864181519
1607004324.964185953
1607004325.064204216
1607004325.164235353
1607004325.264175653
1607004325.364176989
1607004325.464193821
1607004325.564176083
1607004325.664204359
1607004325.764221907
1607004325.864179611
1607004325.964203358
1607004326.064171076
1607004326.164217234
1607004326.264211416
1607004326.364205360
1607004326.464170694
1607004326.564206600
1607004326.664188623
1607004326.764171839
1607004326.864206791
1607004326.964179039
1607004327.064209461
1607004327.164204121
1607004327.264205217
1607004327.364144325
1607004327.464204073
1607004327.564139366
1607004327.664216518
1607004327.764155626
1607004327.864214182
1607004327.964171410
1607004328.064219236
1607004328.164170027
1607004328.264302969
1607004328.364207506
1607004328.464152098
