1607003393.451477528
1607003393.551766396
1607003393.652069807
1607003393.752350807
1607003393.852654219
1607003393.952797413
1607003394.053101778
1607003394.153402328
1607003394.253703833
1607003394.354008913
1607003394.454336882
1607003394.554640055
1607003394.654852152
1607003394.755136490
1607003394.855434656
1607003394.955738306
1607003395.056043625
1607003395.156347036
1607003395.256655455
1607003395.356859446
1607003395.457098246
1607003395.557347536
1607003395.657548428
1607003395.757713556
1607003395.857847691
1607003395.958003283
1607003396.058228970
1607003396.158391237
1607003396.258606911
1607003396.358880043
1607003396.459085941
1607003396.559252262
1607003396.659416914
1607003396.759618759
1607003396.859785557
1607003396.959920645
1607003397.060067177
1607003397.160213470
1607003397.260453701
1607003397.360617876
1607003397.460779905
1607003397.561082602
1607003397.661247730
1607003397.761417150
1607003397.861627340
1607003397.961761713
1607003398.061952591
1607003398.162154198
1607003398.262428999
1607003398.362563610
1607003398.462737799
1607003398.562905312
1607003398.663193703
1607003398.763421535
1607003398.863613605
1607003398.963767767
1607003399.063944578
1607003399.164109230
1607003399.264266491
1607003399.364442825
1607003399.464609146
1607003399.564780235
1607003399.664927006
1607003399.765239716
1607003399.865541697
1607003399.965834618
1607003400.066128731
1607003400.166354656
1607003400.266565800
1607003400.366867542
1607003400.467039824
1607003400.567228794
1607003400.667441368
1607003400.767621279
1607003400.867829084
1607003400.968130827
1607003401.068297625
1607003401.168607235
1607003401.268818140
1607003401.369017839
1607003401.469183683
1607003401.569393635
1607003401.669591188
1607003401.769788980
1607003401.869952440
1607003401.970158339
1607003402.070311785
1607003402.170472860
1607003402.270824671
1607003402.371048689
1607003402.471217394
1607003402.571352482
1607003402.671492815
1607003402.771661043
1607003402.871878862
1607003402.972055912
1607003403.072227478
1607003403.172394514
1607003403.272611380
1607003403.372913122
1607003403.473078728
1607003403.573222160
1607003403.673436165
1607003403.773574829
1607003403.873754501
1607003403.973897457
1607003404.074072361
1607003404.174394846
1607003404.274559975
1607003404.374699593
1607003404.474893093
1607003404.575038910
1607003404.675193548
1607003404.775334358
1607003404.875553131
1607003404.975825071
1607003405.075994253
1607003405.176200628
1607003405.276375294
1607003405.376686335
1607003405.476841450
1607003405.577126026
1607003405.677415133
1607003405.777579308
1607003405.877773523
1607003405.978004217
1607003406.078138828
1607003406.178304911
1607003406.278448105
1607003406.378602028
1607003406.478755713
1607003406.578954935
1607003406.679122686
1607003406.779326677
1607003406.879465580
1607003406.979622364
1607003407.079800606
1607003407.179965258
1607003407.280263186
1607003407.380454779
1607003407.480589628
1607003407.580741644
1607003407.680905104
1607003407.781099796
1607003407.881266117
1607003407.981565475
1607003408.081772089
1607003408.181936502
1607003408.282105923
1607003408.382280588
1607003408.482414007
1607003408.582571507
1607003408.682778835
1607003408.783005953
1607003408.883238077
1607003408.983449697
1607003409.083742142
1607003409.183951378
1607003409.284217834
1607003409.384394646
1607003409.484597445
1607003409.584920645
1607003409.685101271
1607003409.785396814
1607003409.885699034
1607003409.986004591
1607003410.086193085
1607003410.186500311
1607003410.286714554
1607003410.387022972
1607003410.487215042
1607003410.587421656
1607003410.687610626
1607003410.787743807
1607003410.887934923
1607003410.988071918
1607003411.088254690
1607003411.188544989
1607003411.288708210
1607003411.389003038
1607003411.489201307
1607003411.589387417
1607003411.689591169
1607003411.789752722
1607003411.889965057
1607003411.990130424
1607003412.090348959
1607003412.190486908
1607003412.290650606
1607003412.390849113
1607003412.491058588
1607003412.591256857
1607003412.691460133
1607003412.791621685
1607003412.891819715
1607003412.991982937
1607003413.092127562
1607003413.192326784
1607003413.292460680
1607003413.392746449
1607003413.493020296
1607003413.593227863
1607003413.693496227
1607003413.793794870
1607003413.894095659
1607003413.994293451
1607003414.094622612
1607003414.194901705
1607003414.295127392
1607003414.395410061
1607003414.495614529
1607003414.595939875
1607003414.696132660
1607003414.796342134
1607003414.896644354
1607003414.996869326
1607003415.097033739
1607003415.197199583
1607003415.297366381
1607003415.397590160
1607003415.497810125
1607003415.598024368
1607003415.698335171
1607003415.798635960
1607003415.898943901
1607003415.999175072
1607003416.099311590
1607003416.199452400
1607003416.299660444
1607003416.399867535
1607003416.500033379
1607003416.600338936
1607003416.700527430
1607003416.800726891
1607003416.900909662
1607003417.001117945
1607003417.101316690
1607003417.201513767
1607003417.301822424
1607003417.402019501
1607003417.502207756
1607003417.602391958
1607003417.702598333
1607003417.802762985
1607003417.902982712
1607003418.003184795
1607003418.103392363
1607003418.203593016
1607003418.303725004
1607003418.403888702
1607003418.504087210
1607003418.604249001
1607003418.704494715
1607003418.804691792
1607003418.904855251
1607003419.005084991
1607003419.105287313
1607003419.205451488
1607003419.305652857
1607003419.405952692
1607003419.506184578
1607003419.606340408
1607003419.706508636
1607003419.806756735
1607003419.906949282
1607003420.007087469
1607003420.107249260
1607003420.207404852
1607003420.307638168
1607003420.407811880
1607003420.507983446
1607003420.608168364
1607003420.708451986
1607003420.808620453
1607003420.908783913
1607003421.008954048
1607003421.109213829
1607003421.209429502
1607003421.309636593
1607003421.409937859
1607003421.510100603
1607003421.610286951
1607003421.710444689
1607003421.810632944
1607003421.910792351
1607003422.011079550
1607003422.111278772
1607003422.211482286
1607003422.311642170
1607003422.411788940
1607003422.511952877
1607003422.612150908
1607003422.712290287
1607003422.812452555
1607003422.912610531
1607003423.012782812
1607003423.112949133
1607003423.213085651
1607003423.313274622
1607003423.413576365
1607003423.513723850
1607003423.613919973
1607003423.714132547
1607003423.814306974
1607003423.914451122
1607003424.014618635
1607003424.114824057
1607003424.215022326
1607003424.315196276
1607003424.415397406
1607003424.515601873
1607003424.615792990
1607003424.715956688
1607003424.816096306
1607003424.916263103
1607003425.016397715
1607003425.116533756
1607003425.216676950
1607003425.316838026
1607003425.417003632
1607003425.517207384
1607003425.617520571
1607003425.717722654
1607003425.817915678
1607003425.918086290
1607003426.018298626
1607003426.118523836
1607003426.218794584
1607003426.319097996
1607003426.419324875
1607003426.519493580
1607003426.619808435
1607003426.720114470
1607003426.820414543
1607003426.920577288
1607003427.020751238
1607003427.120921135
1607003427.221092939
1607003427.321264267
1607003427.421401739
1607003427.521585703
1607003427.621761799
1607003427.721959352
1607003427.822154999
1607003427.922375202
1607003428.022556305
1607003428.122737646
1607003428.222877264
1607003428.323016644
1607003428.423172235
1607003428.523309946
1607003428.623451710
1607003428.723632574
1607003428.823798895
1607003428.923969030
1607003429.024133205
1607003429.124291897
1607003429.224466324
1607003429.324640512
1607003429.424849272
1607003429.525003910
1607003429.625194073
1607003429.725408077
1607003429.825547218
1607003429.925688505
1607003430.025858402
1607003430.126058340
1607003430.226229429
1607003430.326385975
1607003430.426521301
1607003430.526694059
1607003430.626881123
1607003430.727041960
1607003430.827232361
1607003430.927451372
1607003431.027664185
1607003431.127835751
1607003431.228009939
1607003431.328188658
1607003431.428353786
1607003431.528495312
1607003431.628670931
1607003431.728845358
1607003431.829068184
1607003431.929318905
1607003432.029456377
1607003432.129682302
1607003432.229877234
1607003432.330073118
1607003432.430252314
1607003432.530428171
1607003432.630580425
1607003432.730736971
1607003432.830878973
1607003432.931049109
1607003433.031266451
1607003433.131482601
1607003433.231692076
1607003433.331924200
1607003433.432133198
1607003433.532298326
1607003433.632435799
1607003433.732677937
1607003433.832888365
1607003433.933025122
1607003434.033166885
1607003434.133367062
1607003434.233537197
1607003434.333721161
1607003434.433942556
1607003434.534102678
1607003434.634288073
1607003434.734449387
1607003434.834611654
1607003434.934792519
1607003435.034986734
1607003435.135152578
1607003435.235317230
1607003435.335484505
1607003435.435664177
1607003435.535834312
1607003435.636003256
1607003435.736211300
1607003435.836381197
1607003435.936584949
1607003436.036748409
1607003436.136919260
1607003436.237133265
1607003436.337300539
1607003436.437453985
1607003436.537593603
1607003436.637784243
1607003436.737932920
1607003436.838082314
1607003436.938256025
1607003437.038399696
1607003437.138556957
1607003437.238764763
1607003437.338977337
1607003437.439193964
1607003437.539550543
1607003437.639853716
1607003437.740148067
1607003437.840452671
1607003437.940661192
1607003438.040860415
1607003438.141072035
1607003438.241375923
1607003438.341583252
1607003438.441748857
1607003438.541889668
1607003438.642044783
1607003438.742382765
1607003438.842524052
1607003438.942730427
1607003439.042939425
1607003439.143157005
1607003439.243459702
1607003439.343605518
1607003439.443983078
1607003439.544286728
1607003439.644590139
1607003439.744751453
1607003439.845049620
1607003439.945351601
1607003440.045658350
1607003440.145962954
1607003440.246271133
1607003440.346449614
1607003440.446718454
1607003440.547021151
1607003440.647250414
1607003440.747414589
1607003440.847588062
1607003440.947729111
1607003441.048047066
1607003441.148235083
1607003441.248376846
1607003441.348555565
1607003441.448766470
1607003441.548935413
1607003441.649106979
1607003441.749283552
1607003441.849535465
1607003441.949739456
1607003442.049878359
1607003442.150068521
1607003442.250432730
1607003442.350567102
1607003442.450774431
1607003442.550905466
1607003442.651069164
1607003442.751276493
1607003442.851441860
1607003442.951578856
1607003443.051550150
1607003443.151622772
1607003443.251619339
1607003443.351583958
1607003443.451708317
1607003443.551622391
1607003443.651623726
1607003443.751625776
1607003443.851621628
1607003443.951623917
1607003444.051706553
1607003444.151697636
1607003444.251703739
1607003444.351597309
1607003444.451619864
1607003444.551621437
1607003444.651622057
1607003444.751614332
1607003444.851622343
1607003444.951588869
1607003445.051573038
1607003445.151652336
1607003445.251557827
1607003445.351588249
1607003445.451555729
1607003445.551608324
1607003445.651628256
1607003445.751584530
1607003445.851582766
1607003445.951590061
1607003446.051622391
1607003446.151612759
1607003446.251629829
1607003446.351718426
1607003446.451718807
1607003446.551621437
1607003446.651626587
1607003446.751702785
1607003446.851701021
1607003446.951700926
1607003447.051623821
1607003447.151701212
1607003447.251716375
1607003447.351719618
1607003447.451611042
1607003447.551742792
1607003447.651621580
1607003447.751707077
1607003447.851721048
1607003447.951717854
1607003448.051717281
1607003448.151705265
1607003448.251550436
1607003448.351703167
1607003448.451702356
1607003448.551715851
1607003448.651715994
1607003448.751691580
1607003448.851623774
1607003448.951700211
1607003449.051716089
1607003449.151621580
1607003449.251700878
1607003449.351723433
1607003449.451621294
1607003449.551700115
1607003449.651700497
1607003449.751702070
1607003449.851720572
1607003449.951707125
1607003450.051581144
1607003450.151623964
1607003450.251728535
1607003450.351718187
1607003450.451707363
1607003450.551707745
1607003450.651720047
1607003450.751703739
1607003450.851625204
1607003450.951581240
1607003451.051717043
1607003451.151624680
1607003451.251717091
1607003451.351625681
1607003451.451667547
1607003451.551699638
1607003451.651717186
1607003451.751628876
1607003451.851717949
1607003451.951621294
1607003452.051699877
1607003452.151708364
1607003452.251710653
1607003452.351700544
1607003452.451719284
1607003452.551701069
1607003452.651702404
1607003452.751586914
1607003452.851704597
1607003452.951727152
1607003453.051620483
1607003453.151581764
1607003453.251701593
1607003453.351629496
1607003453.451716185
1607003453.551701307
1607003453.651702166
1607003453.751569033
1607003453.851629734
1607003453.951698780
1607003454.051583052
1607003454.151626110
1607003454.251717091
1607003454.351707220
1607003454.451626062
1607003454.551699877
1607003454.651717186
1607003454.751700163
1607003454.851717949
1607003454.951620817
1607003455.051704168
1607003455.151702881
1607003455.251702547
1607003455.351702213
1607003455.451689959
1607003455.551550150
1607003455.651627064
1607003455.751581669
1607003455.851719379
1607003455.951636791
1607003456.051703453
1607003456.151564837
1607003456.251626253
1607003456.351702213
1607003456.451720953
1607003456.551719189
1607003456.651718855
1607003456.751669645
1607003456.851616621
1607003456.951624155
1607003457.051553488
1607003457.151703358
1607003457.251717567
1607003457.351624727
1607003457.451699257
1607003457.551705837
1607003457.651718616
1607003457.751625061
1607003457.851724148
1607003457.951719284
1607003458.051715374
1607003458.151625156
1607003458.251700640
1607003458.351731062
1607003458.451723099
1607003458.551653385
1607003458.651711464
1607003458.751703978
1607003458.851628065
1607003458.951626539
1607003459.051717758
1607003459.151624918
1607003459.251703262
1607003459.351716280
1607003459.451687574
1607003459.551626921
1607003459.651722431
1607003459.751579762
1607003459.851627350
1607003459.951719046
1607003460.051724195
1607003460.151622295
1607003460.251629591
1607003460.351722240
1607003460.451597691
1607003460.551720142
1607003460.651625156
1607003460.751704216
1607003460.851623774
1607003460.951749086
1607003461.051628113
1607003461.151721001
1607003461.251719713
1607003461.351718664
1607003461.451623678
1607003461.551726341
1607003461.651721239
1607003461.751707792
1607003461.851720095
1607003461.951625824
1607003462.051706076
1607003462.151627541
1607003462.251700878
1607003462.351703167
1607003462.451706409
1607003462.551702738
1607003462.651707649
1607003462.751697779
1607003462.851696491
1607003462.951703072
1607003463.051709652
1607003463.151717663
1607003463.251703262
1607003463.351549625
1607003463.451559782
1607003463.551558018
1607003463.651552916
1607003463.751550913
1607003463.851551771
1607003463.951582193
1607003464.051549911
1607003464.151581764
1607003464.251570940
1607003464.351580381
1607003464.451550722
1607003464.551550388
1607003464.651592255
1607003464.751624107
1607003464.851702929
1607003464.951622486
1607003465.051550627
1607003465.151551008
1607003465.251564026
1607003465.351552486
1607003465.451578617
1607003465.551622152
1607003465.651578188
1607003465.751628160
1607003465.851621389
1607003465.951718330
1607003466.051719666
1607003466.151549578
1607003466.251583815
1607003466.351580858
1607003466.451611757
1607003466.551710844
1607003466.651639700
1607003466.751632214
1607003466.851720572
1607003466.951704741
1607003467.051656961
1607003467.151705265
1607003467.251702547
1607003467.351619959
1607003467.451583147
1607003467.551574469
1607003467.651558399
1607003467.751613140
1607003467.851564169
1607003467.951627493
1607003468.051718235
1607003468.151718140
1607003468.251717329
1607003468.351707697
1607003468.451704741
1607003468.551581144
1607003468.651604176
1607003468.751551390
1607003468.851550579
1607003468.951579332
1607003469.051621914
1607003469.151619196
1607003469.251702547
1607003469.351578236
1607003469.451718330
1607003469.551576376
1607003469.651605129
1607003469.751582384
1607003469.851580143
1607003469.951722860
1607003470.051584482
1607003470.151620388
1607003470.251703024
1607003470.351578474
1607003470.451555967
1607003470.551626921
1607003470.651689529
1607003470.751703024
1607003470.851601362
1607003470.951581955
1607003471.051699162
1607003471.151722193
1607003471.251618624
1607003471.351620913
1607003471.451569796
1607003471.551620722
1607003471.651738167
1607003471.751602650
1607003471.851577997
1607003471.951649427
1607003472.051579952
1607003472.151604652
1607003472.251631021
1607003472.351623297
1607003472.451624393
1607003472.551558018
1607003472.651584864
1607003472.751623154
1607003472.851627350
1607003472.951628208
1607003473.051622629
1607003473.151612759
1607003473.251550674
1607003473.351550102
1607003473.451584816
1607003473.551582813
1607003473.651577234
1607003473.751559258
1607003473.851562500
1607003473.951581955
1607003474.051574707
1607003474.151559830
1607003474.251584768
1607003474.351585388
1607003474.451557398
1607003474.551577330
1607003474.651702404
1607003474.751704454
1607003474.851624489
1607003474.951601028
1607003475.051581860
1607003475.151582479
1607003475.251589775
1607003475.351711988
1607003475.451673746
1607003475.551587582
1607003475.651574135
1607003475.751571894
1607003475.851607561
1607003475.951551914
1607003476.051569462
1607003476.151554823
1607003476.251554251
1607003476.351586819
1607003476.451560974
1607003476.551550627
1607003476.651623011
1607003476.751631021
1607003476.851579666
1607003476.951622963
1607003477.051563263
1607003477.151588917
1607003477.251558065
1607003477.351595163
1607003477.451632023
1607003477.551636457
1607003477.651596069
1607003477.751576185
1607003477.851594448
1607003477.951597691
1607003478.051581621
1607003478.151622534
1607003478.251583099
1607003478.351622343
1607003478.451619387
1607003478.551582336
1607003478.651621103
1607003478.751579762
1607003478.851572990
1607003478.951581478
1607003479.051552773
1607003479.151622534
1607003479.251568556
1607003479.351616383
1607003479.451702595
1607003479.551582098
1607003479.651586056
1607003479.751604319
1607003479.851588011
1607003479.951610327
1607003480.051569223
1607003480.151580572
1607003480.251581192
1607003480.351549864
1607003480.451586246
1607003480.551681280
1607003480.651552200
1607003480.751583099
1607003480.851584911
1607003480.951620579
1607003481.051581383
1607003481.151629210
1607003481.251709461
1607003481.351792097
1607003481.451702118
1607003481.551625967
1607003481.651628256
1607003481.751623392
1607003481.851628304
1607003481.951620579
1607003482.051624775
1607003482.151626110
1607003482.251627445
1607003482.351627827
1607003482.451624393
1607003482.551622152
1607003482.651627779
1607003482.751647472
1607003482.851627588
1607003482.951626778
1607003483.051569223
1607003483.151763439
1607003483.251580238
1607003483.351717710
1607003483.451591730
1607003483.551717997
1607003483.651721954
1607003483.751628160
1607003483.851713181
1607003483.951702356
1607003484.051719666
1607003484.151705742
1607003484.251723289
1607003484.351717472
1607003484.451701403
1607003484.551627398
1607003484.651718855
1607003484.751704454
1607003484.851717949
1607003484.951611757
1607003485.051721811
1607003485.151749372
1607003485.251730680
1607003485.351723909
1607003485.451722383
1607003485.551703215
1607003485.651718378
1607003485.751703978
1607003485.851722717
1607003485.951707125
1607003486.051592112
1607003486.151721239
1607003486.251724720
1607003486.351700306
1607003486.451718330
1607003486.551719189
1607003486.651716709
1607003486.751690388
1607003486.851619244
1607003486.951559544
1607003487.051563978
1607003487.151558638
1607003487.251706839
1607003487.351579189
1607003487.451554060
1607003487.551610231
1607003487.651557922
1607003487.751628876
1607003487.851669073
1607003487.951584101
1607003488.051696777
1607003488.151729345
1607003488.251665831
1607003488.351720333
1607003488.451722383
1607003488.551615000
1607003488.651625633
1607003488.751621962
1607003488.851573467
1607003488.951728582
1607003489.051594973
1607003489.151581287
1607003489.251608610
1607003489.351586342
1607003489.451549530
1607003489.551618814
1607003489.651706696
1607003489.751583576
1607003489.851704121
1607003489.951623917
1607003490.051702499
1607003490.151619196
1607003490.251667023
1607003490.351609707
1607003490.451629400
1607003490.551623821
1607003490.651684999
1607003490.751549482
1607003490.851584673
1607003490.951624155
1607003491.051704884
1607003491.151587009
1607003491.251584291
1607003491.351721525
1607003491.451554060
1607003491.551579952
1607003491.651581526
1607003491.751582861
1607003491.851618767
1607003491.951626539
1607003492.051704168
1607003492.151621342
1607003492.251699924
1607003492.351622343
1607003492.451587439
1607003492.551578760
1607003492.651705980
1607003492.751623631
1607003492.851579905
1607003492.951630116
1607003493.051648378
1607003493.151634216
1607003493.251725912
1607003493.351621628
1607003493.451619387
