1607003703.454966068
1607003703.555114985
1607003703.655308962
1607003703.755562067
1607003703.855873585
1607003703.956178427
1607003704.056378603
1607003704.156559467
1607003704.256718874
1607003704.356935024
1607003704.457095861
1607003704.557267189
1607003704.657435417
1607003704.757608175
1607003704.857772827
1607003704.957942486
1607003705.058259010
1607003705.158469200
1607003705.258634567
1607003705.358796835
1607003705.458965063
1607003705.559278488
1607003705.659466982
1607003705.759605646
1607003705.859747648
1607003705.959926367
1607003706.060068130
1607003706.160236359
1607003706.260450125
1607003706.360618830
1607003706.460790634
1607003706.560970068
1607003706.661138773
1607003706.761350393
1607003706.861560822
1607003706.961705208
1607003707.061923027
1607003707.162127733
1607003707.262270927
1607003707.362415314
1607003707.462592602
1607003707.562805891
1607003707.663021803
1607003707.763216019
1607003707.863425970
1607003707.963639498
1607003708.063850641
1607003708.164148569
1607003708.264319420
1607003708.364622116
1607003708.464764118
1607003708.564939022
1607003708.665167809
1607003708.765383005
1607003708.865590572
1607003708.965789557
1607003709.065957069
1607003709.166128159
1607003709.266300440
1607003709.366902590
1607003709.467108727
1607003709.567346811
1607003709.667547226
1607003709.767716646
1607003709.867922068
1607003709.968091488
1607003710.068312168
1607003710.168478012
1607003710.268692493
1607003710.368900776
1607003710.469207525
1607003710.569467306
1607003710.669753790
1607003710.769925594
1607003710.870133877
1607003710.970326900
1607003711.070470095
1607003711.170654297
1607003711.270854712
1607003711.371060371
1607003711.471267939
1607003711.571438551
1607003711.671587944
1607003711.771793842
1607003711.871963024
1607003711.972132444
1607003712.072319269
1607003712.172530651
1607003712.272686958
1607003712.372863293
1607003712.473149538
1607003712.573345900
1607003712.673639774
1607003712.773946047
1607003712.874111176
1607003712.974307775
1607003713.074473619
1607003713.174677134
1607003713.274888039
1607003713.375052691
1607003713.475251436
1607003713.575458527
1607003713.675744057
1607003713.775953770
1607003713.876161814
1607003713.976365328
1607003714.076529980
1607003714.176699877
1607003714.276907682
1607003714.377108335
1607003714.477312803
1607003714.577614307
1607003714.677802324
1607003714.777984142
1607003714.878270864
1607003714.978421450
1607003715.078564882
1607003715.178776741
1607003715.278979540
1607003715.379145145
1607003715.479350567
1607003715.579688787
1607003715.679893017
1607003715.780212164
1607003715.880370378
1607003715.980537653
1607003716.080708742
1607003716.180877447
1607003716.281203508
1607003716.381372452
1607003716.481571436
1607003716.581743240
1607003716.681887627
1607003716.782063961
1607003716.882271767
1607003716.982493639
1607003717.082631111
1607003717.182794333
1607003717.283016205
1607003717.383302212
1607003717.483469725
1607003717.583606958
1607003717.683749437
1607003717.783916950
1607003717.884109259
1607003717.984411001
1607003718.084599018
1607003718.184764862
1607003718.284928083
1607003718.385101080
1607003718.485355139
1607003718.585516691
1607003718.685732126
1607003718.786014557
1607003718.886325836
1607003718.986466885
1607003719.086634398
1607003719.186786175
1607003719.286932707
1607003719.387110710
1607003719.487395763
1607003719.587598801
1607003719.687776804
1607003719.787986994
1607003719.888196945
1607003719.988365889
1607003720.088552237
1607003720.188856840
1607003720.289125204
1607003720.389326096
1607003720.489642859
1607003720.589846611
1607003720.690078497
1607003720.790283918
1607003720.890503883
1607003720.990775824
1607003721.091077328
1607003721.191381931
1607003721.291687965
1607003721.392001629
1607003721.492170572
1607003721.592353582
1607003721.692523479
1607003721.792695761
1607003721.892865896
1607003721.993171215
1607003722.093472004
1607003722.193763971
1607003722.293935537
1607003722.394137144
1607003722.494331837
1607003722.594532728
1607003722.694707632
1607003722.794876099
1607003722.895048141
1607003722.995251656
1607003723.095421314
1607003723.195580721
1607003723.295784712
1607003723.395922899
1607003723.496063471
1607003723.596241951
1607003723.696415663
1607003723.796584845
1607003723.896802187
1607003723.996961832
1607003724.097173452
1607003724.197460890
1607003724.297630072
1607003724.397778034
1607003724.498004198
1607003724.598168135
1607003724.698368311
1607003724.798505068
1607003724.898663282
1607003724.998816252
1607003725.098986864
1607003725.199184895
1607003725.299324751
1607003725.399491549
1607003725.499654055
1607003725.599855661
1607003725.700004101
1607003725.800149441
1607003725.900337696
1607003726.000579119
1607003726.100754261
1607003726.200901747
1607003726.301098824
1607003726.401332617
1607003726.501539946
1607003726.601743460
1607003726.701923370
1607003726.802121878
1607003726.902271271
1607003727.002413988
1607003727.102568626
1607003727.202754974
1607003727.302935600
1607003727.403151274
1607003727.503355742
1607003727.603594065
1607003727.703806162
1607003727.804101944
1607003727.904267788
1607003728.004477739
1607003728.104684830
1607003728.204897404
1607003728.305201769
1607003728.405473471
1607003728.505641222
1607003728.605855942
1607003728.706001759
1607003728.806202412
1607003728.906334162
1607003729.006476879
1607003729.106627464
1607003729.206796408
1607003729.307013988
1607003729.407179594
1607003729.507347584
1607003729.607557535
1607003729.707705736
1607003729.807956934
1607003729.908166409
1607003730.008304834
1607003730.108451843
1607003730.208659887
1607003730.308826208
1607003730.409023285
1607003730.509298086
1607003730.609605074
1607003730.709897280
1607003730.810107231
1607003730.910413027
1607003731.010625601
1607003731.110828876
1607003731.210995674
1607003731.311163902
1607003731.411369324
1607003731.511533737
1607003731.611702442
1607003731.711874962
1607003731.812033415
1607003731.912235022
1607003732.012380123
1607003732.112594128
1607003732.212771416
1607003732.312944174
1607003732.413242102
1607003732.513419390
1607003732.613587618
1607003732.713884592
1607003732.814020872
1607003732.914162159
1607003733.014291525
1607003733.114586592
1607003733.214760065
1607003733.314958096
1607003733.415171862
1607003733.515393972
1607003733.615560770
1607003733.715754986
1607003733.815967798
1607003733.916113615
1607003734.016279221
1607003734.116567612
1607003734.216783524
1607003734.317112923
1607003734.417287111
1607003734.517609358
1607003734.617816687
1607003734.718122244
1607003734.818298340
1607003734.918436050
1607003735.018577814
1607003735.118784666
1607003735.219001770
1607003735.319202662
1607003735.419415951
1607003735.519738197
1607003735.620037794
1607003735.720234632
1607003735.820564032
1607003735.920735121
1607003736.021030664
1607003736.121329308
1607003736.221610546
1607003736.321823597
1607003736.422171593
1607003736.522299767
1607003736.622471333
1607003736.722646475
1607003736.822949648
1607003736.923161030
1607003737.023367882
1607003737.123534203
1607003737.223687649
1607003737.323899031
1607003737.424214363
1607003737.524428844
1607003737.624577045
1607003737.724867821
1607003737.825019360
1607003737.925205946
1607003738.025547266
1607003738.125695467
1607003738.225903988
1607003738.326077223
1607003738.426263809
1607003738.526602983
1607003738.626739025
1607003738.726906776
1607003738.827120781
1607003738.927326441
1607003739.027520418
1607003739.127689838
1607003739.227996349
1607003739.328299284
1607003739.428449631
1607003739.528619528
1607003739.628824711
1607003739.729027033
1607003739.829173326
1607003739.929394722
1607003740.029551744
1607003740.129721880
1607003740.229934931
1607003740.330138683
1607003740.430289984
1607003740.530443430
1607003740.630610943
1607003740.730808020
1607003740.831009150
1607003740.931169033
1607003741.031346798
1607003741.131549835
1607003741.231764555
1607003741.331994295
1607003741.432296991
1607003741.532591105
1607003741.632891178
1607003741.733083725
1607003741.833394766
1607003741.933604479
1607003742.033910990
1607003742.134100676
1607003742.234418631
1607003742.334560633
1607003742.434834957
1607003742.535048485
1607003742.635245085
1607003742.735452652
1607003742.835738659
1607003742.936028957
1607003743.036339045
1607003743.136642456
1607003743.236968279
1607003743.337270737
1607003743.437574625
1607003743.537878036
1607003743.638176203
1607003743.738319397
1607003743.838455439
1607003743.938757658
1607003744.039061546
1607003744.139370441
1607003744.239580631
1607003744.339746237
1607003744.440040827
1607003744.540371180
1607003744.640580177
1607003744.740906000
1607003744.841201067
1607003744.941503763
1607003745.041808367
1607003745.142110348
1607003745.242443085
1607003745.342774630
1607003745.443077326
1607003745.543380737
1607003745.643679857
1607003745.743878365
1607003745.844160795
1607003745.944463253
1607003746.044767618
1607003746.145074606
1607003746.245379686
1607003746.345715046
1607003746.446017742
1607003746.546330214
1607003746.646525383
1607003746.746829987
1607003746.847132444
1607003746.947411537
1607003747.047716856
1607003747.148019075
1607003747.248348475
1607003747.348651171
1607003747.448954582
1607003747.549129963
1607003747.649295807
1607003747.749509335
1607003747.849658012
1607003747.949826241
1607003748.049988508
1607003748.150133133
1607003748.250275373
1607003748.350411892
1607003748.450573921
1607003748.550791502
1607003748.650992393
1607003748.751194239
1607003748.851392746
1607003748.951604843
1607003749.051871777
1607003749.152094603
1607003749.252397776
1607003749.352696896
1607003749.453000546
1607003749.553328037
1607003749.653630018
1607003749.753834724
1607003749.854149103
1607003749.954440117
1607003750.054742575
1607003750.154901028
1607003750.255112171
1607003750.355073214
1607003750.455072641
1607003750.555186749
1607003750.655104160
1607003750.755072832
1607003750.855111599
1607003750.955068827
1607003751.055069685
1607003751.155114174
1607003751.255113125
1607003751.355114222
1607003751.455183029
1607003751.555053949
1607003751.655111551
1607003751.755073786
1607003751.855116844
1607003751.955206156
1607003752.055199623
1607003752.155140162
1607003752.255095482
1607003752.355185747
1607003752.455212355
1607003752.555115223
1607003752.655073881
1607003752.755071878
1607003752.855108023
1607003752.955047607
1607003753.055183172
1607003753.155077696
1607003753.255183697
1607003753.355122089
1607003753.455209017
1607003753.555208683
1607003753.655116081
1607003753.755048752
1607003753.855072737
1607003753.955111265
1607003754.055180550
1607003754.155111790
1607003754.255072594
1607003754.355071783
1607003754.455116272
1607003754.555072784
1607003754.655113935
1607003754.755115986
1607003754.855046749
1607003754.955188036
1607003755.055079699
1607003755.155072927
1607003755.255075932
1607003755.355046988
1607003755.455102444
1607003755.555117130
1607003755.655049801
1607003755.755082369
1607003755.855120659
1607003755.955207109
1607003756.055068731
1607003756.155076742
1607003756.255080938
1607003756.355109215
1607003756.455046892
1607003756.555043459
1607003756.655077219
1607003756.755076170
1607003756.855074644
1607003756.955073118
1607003757.055080175
1607003757.155115604
1607003757.255096436
1607003757.355049849
1607003757.455051661
1607003757.555058718
1607003757.655109882
1607003757.755078316
1607003757.855113506
1607003757.955085516
1607003758.055054665
1607003758.155115128
1607003758.255213737
1607003758.355074406
1607003758.455116987
1607003758.555210114
1607003758.655210257
1607003758.755074024
1607003758.855120897
1607003758.955076218
1607003759.055210114
1607003759.155117989
1607003759.255204201
1607003759.355212688
1607003759.455210447
1607003759.555209875
1607003759.655209303
1607003759.755210161
1607003759.855213642
1607003759.955210686
1607003760.055227041
1607003760.155215025
1607003760.255210400
1607003760.355100393
1607003760.455211163
1607003760.555208921
1607003760.655208349
1607003760.755208969
1607003760.855215549
1607003760.955116987
1607003761.055187702
1607003761.155212164
1607003761.255113602
1607003761.355106831
1607003761.455075979
1607003761.555210352
1607003761.655176401
1607003761.755209923
1607003761.855209827
1607003761.955215216
1607003762.055208445
1607003762.155208826
1607003762.255182743
1607003762.355206490
1607003762.455180407
1607003762.555210114
1607003762.655236721
1607003762.755225182
1607003762.855217695
1607003762.955209494
1607003763.055191040
1607003763.155208349
1607003763.255208731
1607003763.355213881
1607003763.455096006
1607003763.555213213
1607003763.655211210
1607003763.755210161
1607003763.855208158
1607003763.955118656
1607003764.055209160
1607003764.155209303
1607003764.255207539
1607003764.355117559
1607003764.455207586
1607003764.555218935
1607003764.655210972
1607003764.755208015
1607003764.855211258
1607003764.955208302
1607003765.055208445
1607003765.155207634
1607003765.255213976
1607003765.355209589
1607003765.455223799
1607003765.555214643
1607003765.655208826
1607003765.755214930
1607003765.855212927
1607003765.955209970
1607003766.055210352
1607003766.155111790
1607003766.255181551
1607003766.355195761
1607003766.455186605
1607003766.555211067
1607003766.655182838
1607003766.755208492
1607003766.855208158
1607003766.955181837
1607003767.055211067
1607003767.155207872
1607003767.255183220
1607003767.355210304
1607003767.455211163
1607003767.555211306
1607003767.655208826
1607003767.755213261
1607003767.855208158
1607003767.955116034
1607003768.055117607
1607003768.155104876
1607003768.255211830
1607003768.355208874
1607003768.455180883
1607003768.555211067
1607003768.655210495
1607003768.755182028
1607003768.855211973
1607003768.955208063
1607003769.055208445
1607003769.155206919
1607003769.255182266
1607003769.355203152
1607003769.455208302
1607003769.555182934
1607003769.655214310
1607003769.755183697
1607003769.855208158
1607003769.955208778
1607003770.055180788
1607003770.155105829
1607003770.255208254
1607003770.355110884
1607003770.455183268
1607003770.555198193
1607003770.655236721
1607003770.755238771
1607003770.855208874
1607003770.955191135
1607003771.055181265
1607003771.155184031
1607003771.255192995
1607003771.355175972
1607003771.455112934
1607003771.555116892
1607003771.655211926
1607003771.755210161
1607003771.855211258
1607003771.955208540
1607003772.055119991
1607003772.155206680
1607003772.255207300
1607003772.355179787
1607003772.455209494
1607003772.555210590
1607003772.655215979
1607003772.755208969
1607003772.855209589
1607003772.955197334
1607003773.055207968
1607003773.155210018
1607003773.255215883
1607003773.355209112
1607003773.455116272
1607003773.555207968
1607003773.655210733
1607003773.755209208
1607003773.855131388
1607003773.955208540
1607003774.055213690
1607003774.155099392
1607003774.255207777
1607003774.355184078
1607003774.455182791
1607003774.555208445
1607003774.655179977
1607003774.755186796
1607003774.855206013
1607003774.955211878
1607003775.055114031
1607003775.155214310
1607003775.255208492
1607003775.355221510
1607003775.455179930
1607003775.555207253
1607003775.655208111
1607003775.755207777
1607003775.855211020
1607003775.955183506
1607003776.055116653
1607003776.155236006
1607003776.255200386
1607003776.355209112
1607003776.455204248
1607003776.555213213
1607003776.655218363
1607003776.755208969
1607003776.855207920
1607003776.955209732
1607003777.055207968
1607003777.155209303
1607003777.255214930
1607003777.355211973
1607003777.455208063
1607003777.555179596
1607003777.655125618
1607003777.755180359
1607003777.855207920
1607003777.955182552
1607003778.055183411
1607003778.155207872
1607003778.255174637
1607003778.355180025
1607003778.455184221
1607003778.555183172
1607003778.655212164
1607003778.755206108
1607003778.855133295
1607003778.955213308
1607003779.055208445
1607003779.155210257
1607003779.255208731
1607003779.355180025
1607003779.455195427
1607003779.555212975
1607003779.655207872
1607003779.755208492
1607003779.855181694
1607003779.955207586
1607003780.055196285
1607003780.155207396
1607003780.255215645
1607003780.355207682
1607003780.455181122
1607003780.555209160
1607003780.655200958
1607003780.755208731
1607003780.855212212
1607003780.955211878
1607003781.055208206
1607003781.155208826
1607003781.255199194
1607003781.355209351
1607003781.455208063
1607003781.555177927
1607003781.655189514
1607003781.755209208
1607003781.855207205
1607003781.955213547
1607003782.055211306
1607003782.155209780
1607003782.255208969
1607003782.355176210
1607003782.455102205
1607003782.555232048
1607003782.655215740
1607003782.755208254
1607003782.855199814
1607003782.955104828
1607003783.055215836
1607003783.155212641
1607003783.255208969
1607003783.355118752
1607003783.455208778
1607003783.555194616
1607003783.655208588
1607003783.755210638
1607003783.855211020
1607003783.955215216
1607003784.055208683
1607003784.155208349
1607003784.255206347
1607003784.355208874
1607003784.455207825
1607003784.555207491
1607003784.655212879
1607003784.755184650
1607003784.855176210
1607003784.955209732
1607003785.055210829
1607003785.155208588
1607003785.255208254
1607003785.355212212
1607003785.455209494
1607003785.555187702
1607003785.655116558
1607003785.755209923
1607003785.855208397
1607003785.955209017
1607003786.055213213
1607003786.155209780
1607003786.255213737
1607003786.355128288
1607003786.455113888
1607003786.555225611
1607003786.655211210
1607003786.755208015
1607003786.855183363
1607003786.955181360
1607003787.055208683
1607003787.155179501
1607003787.255187511
1607003787.355181932
1607003787.455195427
1607003787.555180311
1607003787.655074120
1607003787.755209684
1607003787.855073690
1607003787.955210447
1607003788.055209875
1607003788.155212164
1607003788.255114079
1607003788.355215549
1607003788.455185890
1607003788.555216789
1607003788.655106068
1607003788.755114794
1607003788.855207443
1607003788.955208063
1607003789.055186510
1607003789.155183315
1607003789.255224466
1607003789.355213642
1607003789.455212831
1607003789.555185318
1607003789.655195475
1607003789.755207300
1607003789.855209351
1607003789.955208540
1607003790.055208445
1607003790.155175924
1607003790.255205870
1607003790.355179548
1607003790.455182076
1607003790.555214882
1607003790.655208349
1607003790.755103588
1607003790.855211496
1607003790.955182552
1607003791.055209875
1607003791.155116081
1607003791.255210638
1607003791.355112553
1607003791.455201387
1607003791.555113077
1607003791.655213594
1607003791.755105972
1607003791.855180264
1607003791.955209732
1607003792.055212259
1607003792.155145407
1607003792.255182505
1607003792.355210304
1607003792.455207586
1607003792.555211067
1607003792.655105829
1607003792.755185127
1607003792.855208397
1607003792.955208540
1607003793.055207491
1607003793.155112267
1607003793.255207300
1607003793.355216265
1607003793.455210924
1607003793.555114269
1607003793.655119181
1607003793.755214930
1607003793.855212688
1607003793.955208063
1607003794.055179834
1607003794.155211926
1607003794.255208015
1607003794.355181456
1607003794.455183268
1607003794.555237293
1607003794.655115366
1607003794.755212545
1607003794.855074406
1607003794.955180645
1607003795.055204868
1607003795.155208826
1607003795.255206585
1607003795.355105162
1607003795.455208302
1607003795.555105209
1607003795.655210972
1607003795.755074501
1607003795.855179548
1607003795.955208778
1607003796.055215120
1607003796.155110598
1607003796.255104542
1607003796.355212688
1607003796.455198050
1607003796.555208921
1607003796.655113459
1607003796.755175591
1607003796.855183840
1607003796.955209017
1607003797.055075884
1607003797.155186176
1607003797.255234480
1607003797.355085373
1607003797.455209970
1607003797.555132151
1607003797.655124426
1607003797.755207300
1607003797.855211020
1607003797.955190659
1607003798.055207968
1607003798.155210495
1607003798.255213261
1607003798.355181932
1607003798.455108404
1607003798.555186749
1607003798.655210257
1607003798.755180836
1607003798.855112553
1607003798.955209732
1607003799.055207968
1607003799.155074120
1607003799.255209684
1607003799.355091333
1607003799.455182552
1607003799.555208921
1607003799.655212402
1607003799.755077600
1607003799.855179787
1607003799.955236673
1607003800.055222273
1607003800.155207872
1607003800.255181789
1607003800.355177164
1607003800.455182552
1607003800.555212975
1607003800.655102968
1607003800.755182981
1607003800.855212688
1607003800.955181837
1607003801.055072069
1607003801.155183792
1607003801.255207300
1607003801.355209112
1607003801.455209970
1607003801.555197716
1607003801.655209780
1607003801.755208492
1607003801.855207682
1607003801.955075026
1607003802.055180550
1607003802.155175924
1607003802.255211115
1607003802.355208158
1607003802.455212593
1607003802.555209875
1607003802.655236959
1607003802.755203247
1607003802.855149269
1607003802.955180645
1607003803.055207491
1607003803.155174255
1607003803.255181789
1607003803.355184793
1607003803.455209255
