0.000120640
0.000126362
0.000069141
0.000089407
0.000066519
0.000069618
0.000058174
0.000055075
0.000057459
0.000051737
0.000055552
0.000064373
0.000055790
0.000058174
0.000054598
0.000067234
0.000053167
0.000063419
0.000057220
0.000053167
0.000060558
0.000053406
0.000056505
0.000069380
0.000059366
0.000058413
0.000053406
0.000053406
0.000059843
0.000083447
0.000056505
0.000052929
0.000062227
0.000136614
0.000059605
0.000091791
0.000059605
0.000054836
0.000052691
0.000051975
0.000053167
0.000063181
0.000054359
0.000060558
0.000053644
0.000058651
0.000053406
0.000074148
0.000062943
0.000210285
0.000053644
0.000054121
0.000051737
0.000065088
0.000056505
0.000063419
0.000053644
0.000056744
0.000053167
0.000061750
0.000054359
0.000052214
0.000055075
0.000072479
0.000058413
0.000060558
0.000054121
0.000052929
0.000052929
0.000051975
0.000052452
0.000052691
0.000123978
0.000056744
0.000052691
0.000057697
0.000055075
0.000054836
0.000055075
0.000053167
0.000051975
0.000053883
0.000056028
0.000053167
0.000053644
0.000057697
0.000052214
0.000058174
0.000053406
0.000053167
0.000052452
0.000051975
0.000052452
0.000106335
0.000075817
0.000062227
0.000056505
0.000054121
0.000053883
0.000052929
0.000053406
0.000053167
0.000051975
0.000056982
0.000054121
0.000058651
0.000051975
0.000051737
0.000054598
0.000052691
0.000051975
0.000057459
0.000052929
0.000058413
0.000054836
0.000056982
0.000052214
0.000071526
0.000056028
0.000052214
0.000053406
0.000054359
0.000054836
0.000051498
0.000066042
0.000060797
0.000061274
0.000052452
0.000052452
0.000051737
0.000051260
0.000052929
0.000056982
0.000051022
0.000051737
0.000056028
0.000052691
0.000053406
0.000060797
0.000051260
0.000051022
0.000052691
0.000050783
0.000061274
0.000062466
0.000056982
0.000052452
0.000059366
0.000052929
0.000050545
0.000052452
0.000051260
0.000055790
0.000085354
0.000074148
0.000061274
0.000055075
0.000052452
0.000051022
0.000054121
0.000052691
0.000053167
0.000053644
0.000051975
0.000054359
0.000056744
0.000051975
0.000051737
0.000058651
0.000053406
0.000051022
0.000051022
0.000051975
0.000053406
0.000054359
0.000060558
0.000051260
0.000056028
0.000051022
0.000051498
0.000051975
0.000051737
0.000051737
0.000055552
0.000053644
0.000068426
0.000056267
0.000053406
0.000056028
0.000052691
0.000054359
0.000051260
0.000123739
0.000076294
0.000055790
0.000057697
0.000052452
0.000052929
0.000054359
0.000052452
0.000052452
0.000052214
0.000053883
0.000051260
0.000055075
0.000057936
0.000051975
0.000051498
0.000052214
0.000051737
0.000059128
0.000051498
0.000055075
0.000087261
0.000071764
0.000063658
0.000054121
0.000052929
0.000057697
0.000054598
0.000052691
0.000053406
0.000051498
0.000065327
0.000073433
0.000058413
0.000051498
0.000051498
0.000055075
0.000052214
0.000050783
0.000050306
0.000051737
0.000052691
0.000054836
0.000056505
0.000051022
0.000051737
0.000050783
0.000051022
0.000051975
0.000052929
0.000053883
0.000056744
0.000069141
0.000067234
0.000055552
0.000059128
0.000054359
0.000052214
0.000053167
0.000051498
0.000050783
0.000051022
0.000061989
0.000058889
0.000052452
0.000052691
0.000054121
0.000062466
0.000050306
0.000051975
0.000051260
0.000055552
0.000056028
0.000057936
0.000052214
0.000051975
0.000051737
0.000051022
0.000051737
0.000050545
0.000051022
0.000079632
0.000054121
0.000059843
0.000075579
0.000056505
0.000052452
0.000051260
0.000055552
0.000054359
0.000054121
0.000053167
0.000051022
0.000056505
0.000051737
0.000052452
0.000056028
0.000053406
0.000055790
0.000052691
0.000052452
0.000051498
0.000054598
0.000056982
0.000053406
0.000052929
0.000051737
0.000051737
0.000053406
0.000056028
0.000051022
0.000056028
0.000052452
0.000068903
0.000055552
0.000052214
0.000051498
0.000051260
0.000050783
0.000051260
0.000128508
0.000058651
0.000056267
0.000064135
0.000051737
0.000055313
0.000054598
0.000052214
0.000051260
0.000053167
0.000055313
0.000051022
0.000054121
0.000056744
0.000051260
0.000051260
0.000054359
0.000052691
0.000051975
0.000051022
0.000053883
0.000076771
0.000054598
0.000059605
0.000067711
0.000056505
0.000050783
0.000050306
0.000050545
0.000055075
0.000052452
0.000061989
0.000052691
0.000059366
0.000050783
0.000056028
0.000054359
0.000058889
0.000051975
0.000051022
0.000054598
0.000052214
0.000054121
0.000056744
0.000051498
0.000053406
0.000055313
0.000051737
0.000051022
0.000052691
0.000053644
0.000051737
0.000050783
0.000058413
0.000067711
0.000057459
0.000061035
0.000053644
0.000051498
0.000051022
0.000051498
0.000053644
0.000053644
0.000056267
0.000051737
0.000053883
0.000056028
0.000051737
0.000051260
0.000053406
0.000054836
0.000056505
0.000055552
0.000057459
0.000052214
0.000051022
0.000051737
0.000050783
0.000051975
0.000049829
0.000050545
0.000074148
0.000059128
0.000059843
0.000065565
0.000057220
0.000052452
0.000056505
0.000156164
0.000169277
0.000134945
0.000132322
0.000151634
0.000137329
0.000130892
0.000137329
0.000131845
0.000129461
0.000179529
0.000138998
0.000129938
0.000147820
0.000145912
0.000183582
0.000128031
0.000066042
0.000146627
0.000149727
0.000169277
0.000087500
0.000072241
0.000105381
0.000131607
0.000114441
0.000151157
0.000073195
0.000082731
0.000123739
0.000104666
0.000069618
0.000167608
0.000074863
0.000077486
0.000121593
0.000061035
0.000058413
0.000088930
0.000150681
0.000081301
0.000072479
0.000075102
0.000070810
0.000087261
0.000147820
0.000079632
0.000084162
0.000114679
0.000132322
0.000098467
0.000085115
0.000068903
0.000108719
0.000070572
0.000110388
0.000095367
0.000100613
0.000077248
0.000119686
0.000076532
0.000070095
0.000085831
0.000073195
0.000066757
0.000121355
0.000073433
0.000067234
0.000098467
0.000125408
0.000089169
0.000073433
0.000068188
0.000069618
0.000090599
0.000121593
0.000074625
0.000069618
0.000059605
0.000098467
0.000078917
0.000066042
0.000060797
0.000058651
0.000062466
0.000094891
0.000086546
0.000082254
0.000062704
0.000102282
0.000063658
0.000060081
0.000076294
0.000060797
0.000059128
0.000101089
0.000064373
0.000066280
0.000077724
0.000114202
0.000065088
0.000062943
0.000151873
0.000064135
0.000079870
0.000112295
0.000062227
0.000059605
0.000059128
0.000099659
0.000080347
0.000060081
0.000058889
0.000097990
0.000083447
0.000122309
0.000079632
0.000085115
0.000066042
0.000103951
0.000063181
0.000070095
0.000079393
0.000058174
0.000063419
0.000105381
0.000060558
0.000059843
0.000077248
0.000108242
0.000061035
0.000057459
0.000055552
0.000054836
0.000101328
0.000126362
0.000061512
0.000057697
0.000055790
0.000110149
0.000074387
0.000061035
0.000062227
0.000059605
0.000058174
0.000091314
0.000092506
0.000076771
0.000082254
0.000113010
0.000063181
0.000125647
0.000083208
0.000076532
0.000056505
0.000105619
0.000061512
0.000056267
0.000077724
0.000112057
0.000062466
0.000059128
0.000059366
0.000056028
0.000076056
0.000107765
0.000061035
0.000056744
0.000064850
0.000110149
0.000078917
0.000074148
0.000055313
0.000090599
0.000060081
0.000092983
0.000076056
0.000083208
0.000062943
0.000104427
0.000061512
0.000060320
0.000073671
0.000073910
0.000064850
0.000103712
0.000059605
0.000056267
0.000073910
0.000105381
0.000060797
0.000055313
0.000055552
0.000054359
0.000074387
0.000104904
0.000061750
0.000057936
0.000055075
0.000112534
0.000075579
0.000059128
0.000059843
0.000061989
0.000055552
0.000092030
0.000077724
0.000058889
0.000084162
0.000131130
0.000060797
0.000057459
0.000076056
0.000062943
0.000057220
0.000103474
0.000062227
0.000058174
0.000081539
0.000103951
0.000061750
0.000057459
0.000056267
0.000057697
0.000069380
0.000132799
0.000056982
0.000055790
0.000056744
0.000107765
0.000101805
0.000056744
0.000065088
0.000066757
0.000056744
0.000090599
0.000075579
0.000070810
0.000055790
0.000116348
0.000064135
0.000061989
0.000084877
0.000067234
0.000057220
0.000108480
0.000067472
0.000061512
0.000072718
0.000140667
0.000065088
0.000056505
0.000058889
0.000058651
0.000077248
0.000105858
0.000058651
0.000056028
0.000055075
0.000103951
0.000076771
0.000097275
0.000065327
0.000056028
0.000056028
0.000090599
0.000077248
0.000059366
0.000057697
0.000116110
0.000060797
0.000125885
0.000075340
0.000057459
0.000056505
0.000108719
0.000059843
0.000057697
0.000073433
0.000108719
0.000073671
0.000058413
0.000140190
0.000118971
0.000160933
0.000175476
0.000160933
0.000154972
0.000158548
0.000151634
0.000185013
0.000157118
0.000157356
0.000159502
0.000138998
0.000128031
0.000084400
0.000068188
0.000059605
0.000287056
0.000065804
0.000063658
0.000079870
0.000078917
0.000064850
0.000105858
0.000065327
0.000117302
0.000082493
0.000107765
0.000062227
0.000060558
0.000075102
0.000059366
0.000078678
0.000104904
0.000061274
0.000057936
0.000067949
0.000134468
0.000077963
0.000062227
0.000068903
0.000067234
0.000060797
0.000113726
0.000079870
0.000083685
0.000063419
0.000121355
0.000077724
0.000061035
0.000073433
0.000060320
0.000060081
0.000106335
0.000063896
0.000060797
0.000106573
0.000106573
0.000062704
0.000061512
0.000066757
0.000063419
0.000071049
0.000101566
0.000072002
0.000060797
0.000067234
0.000098705
0.000076771
0.000073671
0.000090361
0.000063896
0.000058889
0.000089645
0.000074863
0.000064373
0.000059605
0.000097036
0.000081778
0.000062466
0.000075102
0.000063896
0.000074148
0.000097752
0.000061989
0.000115633
0.000103474
0.000104666
0.000082493
0.000060797
0.000061035
0.000119686
0.000087261
0.000105858
0.000064611
0.000060081
0.000066280
0.000108719
0.000065327
0.000061989
0.000066519
0.000081301
0.000088692
0.000111103
0.000065327
0.000059843
0.000079155
0.000102043
0.000085115
0.000134468
0.000066280
0.000055552
0.000089645
0.000088930
0.000057697
0.000075579
0.000086784
0.000081301
0.000061989
0.000064373
0.000064373
0.000067711
0.000084400
0.000076056
0.000059366
0.000056505
0.000095844
0.000097990
0.000061989
0.000055552
0.000090837
0.000060558
0.000101089
0.000095129
0.000060320
0.000056505
0.000082970
0.000077009
0.000085831
0.000077963
0.000063181
0.000061512
0.000076771
0.000077248
0.000057697
0.000070095
0.000085354
0.000078201
0.000059128
0.000056744
0.000064373
0.000102043
0.000105619
0.000070333
0.000055075
0.000055552
0.000056505
0.000119686
0.000063419
0.000057220
0.000065088
0.000055790
0.000171185
0.000120878
0.000088930
0.000061035
0.000056267
0.000107288
0.000064611
0.000104189
0.000073671
0.000056744
0.000059366
0.000106335
0.000071287
0.000076532
0.000059843
0.000097513
0.000061989
0.000056982
0.000060558
0.000072718
0.000067234
0.000098705
0.000057220
0.000056028
0.000055552
0.000146389
0.000061750
0.000057459
0.000087738
0.000058413
0.000055075
0.000113964
0.000061035
0.000057697
0.000053406
0.000109434
0.000098467
0.000093460
0.000066280
0.000067949
0.000059605
0.000103712
0.000062227
0.000110149
0.000075579
0.000097990
0.000069141
0.000061989
0.000059843
0.000076294
0.000113010
0.000088692
0.000061274
0.000060320
0.000082970
0.000108719
0.000083208
0.000061750
0.000066280
0.000064373
0.000087023
0.000110388
0.000062704
0.000070333
0.000085831
0.000082970
0.000065804
0.000136614
0.000070095
0.000077248
0.000088215
0.000084877
0.000063658
0.000078917
0.000092506
0.000110626
0.000066519
0.000062466
0.000061750
0.000073433
0.000092268
0.000082016
0.000074387
0.000063181
0.000082254
0.000103712
0.000068426
0.000061035
0.000064611
0.000066996
0.000087500
0.000105858
0.000065088
0.000061274
0.000084162
0.000081301
0.000066519
0.000113010
0.000080347
0.000064373
0.000089645
0.000083923
0.000070810
0.000078440
0.000113726
0.000078917
0.000065327
0.000063181
0.000066280
0.000079155
0.000120401
0.000075579
0.000062943
0.000076294
0.000133753
0.000102758
0.000072479
0.000063896
0.000063181
0.000060558
0.000085354
0.000117064
0.000064611
0.000067472
0.000118256
0.000073433
0.000065088
0.000110865
0.000070095
0.000073195
0.000113726
0.000075102
0.000060081
0.000087261
0.000115156
0.000074387
0.000065327
0.000061035
0.000066519
0.000097990
0.000139236
0.000083208
0.000061750
0.000065088
0.000117302
0.000090599
0.000069857
0.000072479
0.000168324
0.000137329
0.000103235
0.000166655
0.000159264
0.000128269
0.000126362
