0.000231981
0.000166655
0.000207901
0.000108242
0.000099659
0.000099897
0.000161648
0.000111580
0.000112057
0.000106335
0.000111341
0.000160933
0.000103474
0.000099659
0.000113726
0.000108242
0.000159264
0.000102043
0.000099182
0.000148535
0.000173569
0.000147820
0.000217915
0.000303268
0.000194311
0.000236988
0.000196695
0.000257492
0.000130415
0.000122786
0.000126839
0.000159740
0.000152349
0.000114441
0.000164986
0.000216007
0.000185728
0.000200510
0.000205994
0.000190973
0.000193834
0.000260115
0.000191450
0.000191450
0.000227451
0.000195742
0.000189781
0.000196457
0.000130177
0.000220537
0.000174284
0.000192881
0.000119209
0.000198603
0.000123978
0.000154018
0.000118494
0.000147343
0.000195742
0.000186443
0.000127077
0.000156641
0.000120640
0.000144005
0.000118971
0.000269890
0.000123262
0.000115156
0.000117064
0.000186920
0.000190973
0.000116825
0.000113964
0.000140190
0.000133753
0.000191212
0.000125170
0.000112057
0.000195980
0.000175953
0.000124931
0.000137568
0.000118017
0.000216722
0.000135422
0.000157833
0.000131607
0.000138760
0.000133753
0.000170231
0.000195742
0.000118017
0.000113487
0.000139713
0.000125647
0.000183582
0.000184059
0.000128746
0.000120878
0.000205040
0.000184774
0.000116348
0.000189781
0.000118971
0.000114918
0.000183821
0.000125647
0.000113249
0.000111580
0.000195742
0.000119686
0.000131607
0.000115633
0.000111103
0.000112534
0.000169754
0.000145674
0.000143051
0.000115871
0.000169754
0.000126839
0.000114679
0.000196695
0.000185251
0.000176668
0.000221014
0.000191450
0.000189066
0.000132084
0.000186205
0.000142574
0.000113249
0.000113964
0.000111580
0.000111341
0.000181198
0.000139475
0.000111580
0.000116110
0.000174284
0.000122786
0.000134468
0.000123978
0.000134468
0.000112295
0.000160217
0.000117302
0.000134230
0.000128984
0.000170231
0.000119448
0.000112534
0.000113726
0.000140190
0.000133038
0.000171661
0.000119448
0.000112772
0.000119448
0.000181675
0.000119686
0.000109673
0.000111341
0.000138283
0.000145435
0.000212908
0.000140905
0.000118971
0.000113726
0.000173092
0.000119448
0.000127792
0.000115871
0.000123024
0.000120640
0.000148773
0.000148058
0.000194550
0.000123978
0.000211954
0.000123978
0.000121832
0.000121355
0.000132799
0.000116587
0.000200510
0.000118256
0.000112057
0.000114918
0.000385761
0.000119209
0.000110388
0.000129223
0.000171661
0.000135660
0.000211477
0.000122786
0.000127077
0.000170946
0.000179529
0.000137329
0.000141144
0.000119209
0.000162840
0.000144243
0.000171423
0.000147820
0.000135183
0.000116110
0.000172615
0.000120163
0.000121117
0.000116587
0.000139236
0.000112057
0.000171185
0.000115156
0.000115156
0.000113726
0.000183105
0.000116825
0.000106096
0.000199080
0.000108957
0.000103712
0.000165701
0.000103951
0.000098944
0.000110626
0.000153542
0.000107765
0.000120401
0.000109196
0.000100374
0.000099659
0.000137806
0.000104427
0.000124931
0.000102758
0.000177145
0.000104189
0.000099897
0.000101089
0.000118256
0.000103712
0.000194073
0.000105381
0.000099897
0.000102997
0.000164270
0.000106335
0.000102758
0.000101566
0.000100374
0.000104189
0.000162125
0.000110388
0.000099897
0.000099659
0.000149012
0.000105381
0.000117064
0.000137091
0.000107050
0.000102282
0.000133514
0.000104189
0.000158787
0.000115871
0.000154495
0.000118494
0.000101566
0.000100851
0.000116348
0.000102758
0.000154018
0.000106812
0.000097752
0.000107050
0.000183821
0.000109196
0.000187635
0.000155926
0.000181675
0.000128031
0.000180244
0.000107765
0.000100613
0.000101328
0.000154972
0.000123501
0.000104189
0.000101089
0.000114679
0.000102043
0.000136137
0.000125647
0.000160694
0.000101805
0.000156164
0.000105619
0.000108004
0.000122070
0.000106096
0.000103235
0.000156879
0.000113964
0.000103951
0.000125647
0.000157595
0.000127792
0.000114202
0.000100851
0.000101566
0.000120878
0.000152111
0.000104189
0.000099897
0.000099421
0.000165462
0.000131607
0.000124454
0.000100136
0.000143051
0.000111103
0.000143766
0.000129223
0.000161409
0.000105143
0.000154018
0.000106335
0.000100613
0.000126362
0.000102520
0.000102758
0.000156403
0.000103712
0.000099182
0.000141621
0.000157595
0.000104189
0.000101089
0.000101089
0.000098944
0.000134230
0.000155926
0.000102282
0.000103951
0.000101566
0.000177145
0.000123262
0.000112295
0.000101328
0.000099897
0.000100136
0.000157833
0.000126123
0.000137329
0.000108004
0.000166893
0.000105858
0.000110149
0.000115395
0.000106335
0.000105381
0.000153542
0.000106096
0.000098705
0.000126839
0.000150442
0.000107050
0.000099182
0.000100613
0.000100136
0.000122309
0.000158310
0.000103712
0.000097990
0.000104904
0.000166893
0.000134468
0.000104666
0.000100374
0.000157595
0.000104666
0.000137091
0.000123501
0.000104189
0.000131845
0.000156403
0.000110626
0.000103951
0.000124454
0.000105619
0.000102282
0.000155449
0.000105858
0.000120878
0.000128508
0.000156164
0.000124216
0.000100851
0.000100136
0.000099421
0.000134945
0.000175714
0.000105858
0.000102043
0.000102282
0.000152111
0.000120878
0.000125647
0.000102282
0.000099659
0.000100613
0.000136137
0.000125885
0.000121832
0.000130415
0.000155449
0.000120401
0.000173330
0.000131607
0.000108242
0.000101089
0.000157356
0.000110626
0.000097275
0.000122786
0.000153303
0.000107527
0.000102520
0.000273228
0.000172853
0.000203609
0.000207424
0.000231504
0.000211239
0.000185013
0.000202417
0.000222206
0.000217676
0.000211239
0.000216722
0.000238180
0.000214338
0.000190258
0.000162125
0.000185251
0.000198841
0.000110388
0.000108004
0.000127316
0.000122070
0.000113964
0.000223637
0.000123262
0.000164986
0.000209808
0.000193834
0.000106335
0.000102282
0.000114202
0.000102758
0.000126600
0.000165939
0.000103474
0.000189304
0.000205517
0.000219822
0.000201464
0.000228167
0.000267267
0.000199556
0.000220776
0.000192642
0.000135660
0.000122786
0.000116587
0.000186205
0.000112057
0.000101805
0.000140429
0.000121593
0.000121117
0.000200272
0.000121593
0.000100374
0.000139713
0.000200272
0.000109911
0.000103951
0.000109911
0.000112534
0.000122547
0.000196218
0.000103951
0.000148296
0.000120640
0.000174284
0.000151873
0.000108719
0.000141144
0.000117779
0.000103235
0.000142097
0.000152111
0.000106335
0.000129938
0.000171661
0.000111580
0.000102043
0.000149965
0.000130415
0.000105619
0.000172615
0.000104666
0.000128269
0.000119209
0.000180483
0.000105143
0.000099182
0.000108719
0.000115156
0.000140190
0.000172615
0.000104904
0.000098944
0.000098467
0.000195503
0.000123262
0.000107288
0.000117540
0.000114918
0.000113964
0.000144243
0.000137329
0.000125170
0.000110626
0.000179529
0.000126123
0.000170946
0.000120401
0.000102520
0.000105619
0.000209808
0.000105619
0.000103474
0.000125885
0.000168324
0.000108242
0.000120401
0.000100136
0.000116825
0.000190496
0.000175714
0.000111580
0.000109434
0.000101089
0.000166893
0.000222445
0.000116587
0.000146866
0.000109911
0.000101566
0.000163078
0.000130415
0.000106573
0.000099182
0.000159264
0.000141382
0.000114679
0.000141382
0.000132799
0.000107050
0.000166893
0.000107050
0.000101089
0.000147343
0.000154734
0.000111818
0.000101328
0.000117064
0.000098944
0.000161886
0.000128031
0.000101328
0.000100851
0.000130653
0.000123501
0.000121355
0.000103712
0.000101328
0.000121117
0.000129700
0.000122547
0.000123978
0.000119686
0.000131607
0.000180244
0.000105381
0.000111818
0.000123978
0.000117540
0.000137568
0.000124693
0.000102997
0.000097752
0.000155210
0.000148773
0.000106573
0.000101805
0.000099659
0.000096560
0.000154972
0.000148296
0.000098705
0.000097275
0.000122786
0.000120401
0.000133038
0.000100136
0.000144482
0.000102043
0.000157118
0.000227451
0.000157595
0.000121117
0.000163794
0.000111580
0.000133753
0.000119686
0.000123978
0.000099659
0.000156164
0.000126362
0.000106812
0.000111341
0.000173330
0.000111103
0.000099421
0.000096560
0.000095129
0.000099421
0.000173092
0.000122786
0.000101566
0.000098944
0.000170946
0.000110626
0.000118017
0.000106096
0.000099897
0.000096798
0.000167608
0.000107288
0.000124931
0.000103712
0.000143528
0.000107050
0.000154972
0.000171661
0.000140667
0.000105143
0.000155449
0.000126600
0.000100136
0.000099182
0.000164270
0.000113964
0.000098467
0.000110626
0.000098705
0.000099659
0.000162840
0.000108004
0.000102758
0.000100851
0.000145912
0.000107765
0.000124216
0.000103235
0.000150919
0.000105858
0.000153065
0.000122786
0.000121593
0.000102758
0.000175238
0.000109673
0.000132561
0.000106573
0.000124216
0.000124216
0.000168324
0.000107527
0.000102997
0.000115633
0.000163317
0.000113010
0.000102758
0.000101566
0.000100374
0.000109911
0.000165701
0.000105619
0.000101566
0.000111580
0.000154495
0.000118971
0.000128508
0.000100613
0.000101328
0.000101328
0.000127792
0.000108480
0.000126839
0.000104904
0.000147104
0.000146151
0.000105143
0.000128508
0.000126123
0.000105143
0.000189543
0.000107288
0.000098467
0.000101566
0.000183582
0.000109434
0.000116825
0.000098705
0.000104904
0.000106335
0.000164509
0.000127077
0.000178337
0.000166655
0.000108480
0.000116825
0.000098944
0.000112295
0.000159979
0.000156879
0.000102520
0.000099182
0.000166655
0.000153303
0.000126839
0.000097275
0.000109434
0.000136852
0.000121117
0.000143290
0.000131607
0.000101805
0.000102997
0.000133991
0.000104666
0.000099421
0.000144958
0.000112534
0.000112772
0.000134945
0.000108719
0.000108480
0.000140429
0.000149488
0.000107765
0.000101328
0.000098467
0.000100136
0.000198364
0.000167370
0.000111580
0.000101328
0.000097990
0.000147104
0.000133514
0.000111103
0.000105381
0.000171661
0.000108004
0.000147104
0.000132561
0.000105143
0.000104666
0.000157356
0.000114918
0.000105143
0.000120640
0.000105143
0.000166416
0.000159740
0.000108242
0.000097752
0.000137806
0.000170708
0.000103712
0.000097752
0.000096560
0.000182390
0.000168800
0.000153780
0.000107527
0.000099421
0.000096321
0.000140905
0.000128508
0.000102997
0.000098467
0.000148296
0.000106812
0.000168324
0.000159264
0.000117779
0.000134945
0.000131369
0.000104427
0.000097275
0.000129938
0.000103474
0.000104427
0.000128984
0.000105858
0.000097036
0.000129700
0.000144243
0.000102997
0.000097513
0.000103474
0.000100613
0.000172615
0.000138283
0.000106096
0.000097513
0.000130177
0.000127316
0.000130177
0.000100374
0.000098228
0.000113964
0.000174522
0.000164747
0.000130653
0.000099659
0.000103951
0.000129938
0.000104666
0.000098467
0.000126123
0.000101089
0.000297070
0.000123501
0.000111341
0.000097752
0.000156641
0.000135183
0.000100851
0.000096798
0.000100136
0.000097275
0.000170946
0.000173330
0.000110865
0.000109196
0.000152349
0.000135660
0.000134230
0.000104666
0.000104427
0.000124454
0.000142574
0.000133038
0.000131845
0.000100613
0.000130177
0.000121117
0.000102282
0.000107765
0.000142813
0.000121117
0.000142097
0.000340700
0.000122786
0.000100613
0.000160694
0.000130653
0.000105143
0.000099182
0.000099897
0.000097275
0.000157118
0.000130653
0.000105858
0.000099182
0.000141621
0.000135422
0.000128269
0.000100613
0.000097513
0.000169992
0.000164986
0.000156164
0.000142813
0.000104904
0.000133753
0.000120163
0.000103235
0.000098467
0.000126600
0.000104666
0.000128746
0.000122309
0.000104666
0.000097990
0.000165701
0.000125885
0.000104189
0.000123501
0.000126123
0.000172853
0.000160933
0.000141382
0.000124693
0.000103712
0.000168324
0.000166416
0.000173569
0.000108719
0.000102282
0.000185490
0.000125170
0.000157118
0.000188351
0.000121355
0.000148535
0.000110865
0.000109911
0.000131130
0.000172138
0.000176668
0.000120640
0.000112534
0.000224352
0.000209332
0.000235081
0.000221014
0.000144720
0.000099182
0.000100374
0.000207186
0.000192881
0.000163078
0.000158548
0.000209093
0.000179768
0.000189304
0.000191450
0.000194311
0.000195742
0.000192642
0.000187159
0.000154972
0.000191212
0.000187397
0.000207424
0.000162125
0.000263453
0.000225067
0.000260830
0.000218868
0.000144005
0.000114202
0.000128746
0.000178099
0.000188112
0.000197887
0.000192165
0.000108719
0.000154972
0.000166416
0.000178337
0.000117540
0.000201225
0.000191212
0.000223160
0.000187397
0.000195503
0.000180483
0.000194788
0.000186205
0.000121117
0.000191689
0.000189781
0.000120163
0.000223398
0.000202656
0.000250578
