0.000154972
0.000100613
0.000055790
0.000080109
0.000060081
0.000074625
0.000056267
0.000056267
0.000050545
0.000049591
0.000056744
0.000069618
0.000057220
0.000049829
0.000052214
0.000056744
0.000059128
0.000065327
0.000063658
0.000051498
0.000051022
0.000054359
0.000068188
0.000071764
0.000057459
0.000058174
0.000053406
0.000050306
0.000049829
0.000064373
0.000054359
0.000056267
0.000050783
0.000056028
0.000051737
0.000067949
0.000056267
0.000057697
0.000051260
0.000054836
0.000053167
0.000062704
0.000052452
0.000054359
0.000049353
0.000056267
0.000055552
0.000075817
0.000056744
0.000054598
0.000050306
0.000068665
0.000052452
0.000123024
0.000058889
0.000060081
0.000054836
0.000051498
0.000060558
0.000065088
0.000061750
0.000054836
0.000054359
0.000068426
0.000052452
0.000059366
0.000052214
0.000050783
0.000049591
0.000050783
0.000050068
0.000052929
0.000051022
0.000055790
0.000053644
0.000057220
0.000050783
0.000049353
0.000053883
0.000051737
0.000056744
0.000050545
0.000049829
0.000066519
0.000055075
0.000056505
0.000051022
0.000052691
0.000050068
0.000051498
0.000052691
0.000051260
0.000057459
0.000051260
0.000051022
0.000059128
0.000052452
0.000055790
0.000049829
0.000052214
0.000049591
0.000049829
0.000118732
0.000052929
0.000050068
0.000055790
0.000049114
0.000048399
0.000055313
0.000049829
0.000049829
0.000051975
0.000050783
0.000068903
0.000055552
0.000056267
0.000050306
0.000049353
0.000050068
0.000051022
0.000050306
0.000056982
0.000050783
0.000073433
0.000050545
0.000058413
0.000053644
0.000051260
0.000049829
0.000051498
0.000048637
0.000050306
0.000051975
0.000049114
0.000049353
0.000056505
0.000050783
0.000049353
0.000053167
0.000050068
0.000048876
0.000050068
0.000049591
0.000050783
0.000067711
0.000064611
0.000049591
0.000050306
0.000048637
0.000055313
0.000052929
0.000051737
0.000050545
0.000053883
0.000049353
0.000057459
0.000051737
0.000049114
0.000049829
0.000051260
0.000049591
0.000049353
0.000048399
0.000053406
0.000066042
0.000055313
0.000049829
0.000051260
0.000054359
0.000052452
0.000049829
0.000049829
0.000052691
0.000049353
0.000064373
0.000058889
0.000051498
0.000050306
0.000049353
0.000048876
0.000048637
0.000051737
0.000051498
0.000074387
0.000053167
0.000058174
0.000051975
0.000049114
0.000049114
0.000049591
0.000049591
0.000051498
0.000054836
0.000066519
0.000051260
0.000054359
0.000049829
0.000053644
0.000056982
0.000054121
0.000049829
0.000049829
0.000049353
0.000055075
0.000066996
0.000069141
0.000055075
0.000050783
0.000055313
0.000066280
0.000050783
0.000059843
0.000052452
0.000049114
0.000051975
0.000058413
0.000050545
0.000047922
0.000056744
0.000051737
0.000049829
0.000050545
0.000120878
0.000058889
0.000049591
0.000056028
0.000052214
0.000050068
0.000055790
0.000051260
0.000048876
0.000050068
0.000050783
0.000054836
0.000067949
0.000056505
0.000048876
0.000047684
0.000049591
0.000050545
0.000049114
0.000056028
0.000050306
0.000069857
0.000051498
0.000057936
0.000052929
0.000050068
0.000056028
0.000058651
0.000049114
0.000049353
0.000059366
0.000048876
0.000056744
0.000056028
0.000049353
0.000049591
0.000054598
0.000049829
0.000051022
0.000055313
0.000057697
0.000057220
0.000054598
0.000068665
0.000050783
0.000049591
0.000050783
0.000049114
0.000057459
0.000051975
0.000048637
0.000065565
0.000053406
0.000058889
0.000051498
0.000050306
0.000050306
0.000050068
0.000048876
0.000051260
0.000050068
0.000048399
0.000048399
0.000054598
0.000050068
0.000051737
0.000054598
0.000049829
0.000048876
0.000050068
0.000056744
0.000051737
0.000066519
0.000058174
0.000062227
0.000059843
0.000097513
0.000059843
0.000049114
0.000050306
0.000131369
0.000116587
0.000056267
0.000060081
0.000051975
0.000050068
0.000046968
0.000050068
0.000048637
0.000052214
0.000048637
0.000066519
0.000055075
0.000055313
0.000051022
0.000049353
0.000053644
0.000051022
0.000047445
0.000052452
0.000048399
0.000048637
0.000051498
0.000077724
0.000053406
0.000051498
0.000047922
0.000050306
0.000051260
0.000049591
0.000051737
0.000049591
0.000051260
0.000060558
0.000048637
0.000049114
0.000047207
0.000049114
0.000047207
0.000049114
0.000120640
0.000054121
0.000048161
0.000056028
0.000047684
0.000049829
0.000052691
0.000054359
0.000048399
0.000051260
0.000047922
0.000053883
0.000052691
0.000054836
0.000070095
0.000051498
0.000050545
0.000049591
0.000051737
0.000048637
0.000049114
0.000087976
0.000050545
0.000071526
0.000050783
0.000051022
0.000050068
0.000049591
0.000047445
0.000050306
0.000050545
0.000053644
0.000049114
0.000055075
0.000059843
0.000054121
0.000052929
0.000053883
0.000046730
0.000049829
0.000049591
0.000049353
0.000051260
0.000075102
0.000072002
0.000052214
0.000047684
0.000050068
0.000067472
0.000051737
0.000059128
0.000054359
0.000048637
0.000058174
0.000058889
0.000050068
0.000056505
0.000051498
0.000047445
0.000050545
0.000048161
0.000048399
0.000046968
0.000055075
0.000048876
0.000050545
0.000053167
0.000056505
0.000048876
0.000058651
0.000051737
0.000049114
0.000052929
0.000055313
0.000068426
0.000052929
0.000048876
0.000049114
0.000047207
0.000048161
0.000051975
0.000074625
0.000049114
0.000059366
0.000050545
0.000049114
0.000046968
0.000049114
0.000048161
0.000051498
0.000047445
0.000053644
0.000048876
0.000061750
0.000047922
0.000048876
0.000053883
0.000051737
0.000047684
0.000048399
0.000048637
0.000047922
0.000058889
0.000054121
0.000048399
0.000065565
0.000052214
0.000051022
0.000047445
0.000053644
0.000050783
0.000049353
0.000048637
0.000057936
0.000050306
0.000050783
0.000046968
0.000047922
0.000046492
0.000108480
0.000080824
0.000062466
0.000047922
0.000054359
0.000046730
0.000049353
0.000052452
0.000049829
0.000047684
0.000051975
0.000048399
0.000055313
0.000052214
0.000054359
0.000048399
0.000062943
0.000049591
0.000049829
0.000048399
0.000047922
0.000047922
0.000093699
0.000049114
0.000059605
0.000051260
0.000051022
0.000048161
0.000050783
0.000048161
0.000050068
0.000056505
0.000049114
0.000047684
0.000055313
0.000057459
0.000050783
0.000061035
0.000050545
0.000047445
0.000048399
0.000052452
0.000049829
0.000049591
0.000055552
0.000047445
0.000075102
0.000050306
0.000049829
0.000048161
0.000049829
0.000049591
0.000057459
0.000056028
0.000057697
0.000048637
0.000049353
0.000046730
0.000048876
0.000047207
0.000048876
0.000049591
0.000052691
0.000046968
0.000054121
0.000049353
0.000050306
0.000051022
0.000049829
0.000048637
0.000051022
0.000052691
0.000053644
0.000053406
0.000054359
0.000054598
0.000063896
0.000050783
0.000051022
0.000051975
0.000049591
0.000047922
0.000070095
0.000048876
0.000058651
0.000048876
0.000053644
0.000046968
0.000049114
0.000047922
0.000050068
0.000049353
0.000053167
0.000048876
0.000055790
0.000047684
0.000049114
0.000052214
0.000048876
0.000049829
0.000048876
0.000049829
0.000062943
0.000055075
0.000055790
0.000053406
0.000051737
0.000068188
0.000052929
0.000054359
0.000052691
0.000052452
0.000051022
0.000052452
0.000059128
0.000059128
0.000051975
0.000050306
0.000050783
0.000049114
0.000125408
0.000053167
0.000051737
0.000051498
0.000056505
0.000052691
0.000053644
0.000051022
0.000051975
0.000049114
0.000051975
0.000054121
0.000053883
0.000052214
0.000057936
0.000055552
0.000066996
0.000054598
0.000061274
0.000050068
0.000050783
0.000052691
0.000061512
0.000050306
0.000062227
0.000053406
0.000052214
0.000049114
0.000050306
0.000050783
0.000051975
0.000051975
0.000051022
0.000050783
0.000055790
0.000052214
0.000053167
0.000057936
0.000052214
0.000048876
0.000051737
0.000051260
0.000053406
0.000051022
0.000060558
0.000053406
0.000051022
0.000066757
0.000053883
0.000053883
0.000053883
0.000055552
0.000055790
0.000050306
0.000058174
0.000052214
0.000050783
0.000050306
0.000052214
0.000048399
0.000050545
0.000049353
0.000065565
0.000050306
0.000055790
0.000056505
0.000058889
0.000051260
0.000051260
0.000050545
0.000051737
0.000051737
0.000052929
0.000051498
0.000066042
0.000052452
0.000051737
0.000049114
0.000068665
0.000051260
0.000052214
0.000071764
0.000077486
0.000051737
0.000058889
0.000051975
0.000054359
0.000049591
0.000050783
0.000051498
0.000052691
0.000056505
0.000051022
0.000051498
0.000056267
0.000052214
0.000053406
0.000054836
0.000051260
0.000048399
0.000050306
0.000053167
0.000052214
0.000056028
0.000055075
0.000050783
0.000051975
0.000063658
0.000055313
0.000052214
0.000052452
0.000057459
0.000051260
0.000053167
0.000061512
0.000057697
0.000052452
0.000049353
0.000051260
0.000050306
0.000051022
0.000062943
0.000051498
0.000049114
0.000056028
0.000051260
0.000053406
0.000051022
0.000051022
0.000051022
0.000053167
0.000056028
0.000052929
0.000056267
0.000056744
0.000053883
0.000050783
0.000050306
0.000065804
0.000053644
0.000053883
0.000055552
0.000051975
0.000048637
0.000060558
0.000053883
0.000051260
0.000048637
0.000050306
0.000049591
0.000051737
0.000051498
0.000051022
0.000049114
0.000056744
0.000051737
0.000054121
0.000051498
0.000066757
0.000049353
0.000051022
0.000050068
0.000052214
0.000053167
0.000055552
0.000050783
0.000050545
0.000049114
0.000067711
0.000052214
0.000060320
0.000057220
0.000051975
0.000050783
0.000058413
0.000052452
0.000051498
0.000049114
0.000051498
0.000049353
0.000050306
0.000054359
0.000051260
0.000057697
0.000056267
0.000052691
0.000053883
0.000054359
0.000051498
0.000049591
0.000051022
0.000052452
0.000052691
0.000050783
0.000056744
0.000052214
0.000051260
0.000049114
0.000065565
0.000061274
0.000052691
0.000055552
0.000053406
0.000050306
0.000058889
0.000051975
0.000052214
0.000049114
0.000050783
0.000050306
0.000052691
0.000061035
0.000051498
0.000049591
0.000056267
0.000056982
0.000052929
0.000050783
0.000051498
0.000050068
0.000059366
0.000049591
0.000051737
0.000050068
0.000055790
0.000054359
0.000055075
0.000056982
0.000051737
0.000067234
0.000055313
0.000052691
0.000050545
0.000048876
0.000060320
0.000052929
0.000052929
0.000057459
0.000051975
0.000049114
0.000050783
0.000050068
0.000051975
0.000049353
0.000056028
0.000053167
0.000055313
0.000055790
0.000053644
0.000052691
0.000052929
0.000057220
0.000054598
0.000051022
0.000055313
0.000051260
0.000051260
0.000053167
0.000054598
0.000065804
0.000052691
0.000055075
0.000052214
0.000049114
0.000058413
0.000051498
0.000052452
0.000055313
0.000062943
0.000050545
0.000052214
0.000051975
0.000051022
0.000049114
0.000059843
0.000055790
0.000055075
0.000052691
0.000051022
0.000049591
0.000051737
0.000055552
0.000054836
0.000049353
0.000055790
0.000052929
0.000050783
0.000048399
0.000050306
0.000066042
0.000056744
0.000067949
0.000055075
0.000052691
0.000060081
0.000052452
0.000052214
0.000050306
0.000052452
0.000051260
0.000059366
0.000056505
0.000051022
0.000048876
0.000055790
0.000052929
0.000054359
0.000051022
0.000058174
0.000051260
0.000052214
0.000057936
0.000052691
0.000051022
0.000056744
0.000060081
0.000118256
0.000054121
0.000055790
0.000069141
0.000053167
0.000125647
0.000055313
0.000059128
0.000057697
0.000051498
0.000051022
0.000049353
0.000052691
0.000051498
0.000056267
0.000057220
0.000058413
0.000057936
0.000052214
0.000050783
0.000054121
0.000051260
0.000051498
0.000049829
0.000051022
0.000050068
0.000052214
0.000056505
0.000051737
0.000053406
0.000051022
0.000049591
0.000058651
0.000051260
0.000071764
0.000053883
0.000052929
0.000057459
0.000057459
0.000053167
0.000052214
0.000051737
0.000051260
0.000050783
0.000050783
0.000049353
0.000051737
0.000056028
0.000053406
0.000050783
0.000053167
0.000051260
0.000054598
0.000054359
0.000052214
0.000056028
0.000055075
0.000059128
0.000051498
0.000051498
0.000050783
0.000048637
0.000050783
0.000051022
0.000077724
0.000081301
0.000055552
0.000058174
0.000058413
0.000052691
0.000054598
0.000050068
0.000050783
0.000049829
0.000051975
0.000052452
0.000062943
0.000057220
0.000051975
0.000052214
0.000054598
0.000049829
0.000051022
0.000048876
0.000050306
0.000049829
0.000149727
0.000077248
0.000060558
0.000052691
0.000051260
0.000061274
0.000053167
0.000052452
0.000079155
0.000073195
0.000055552
0.000059128
0.000056982
0.000057220
0.000051975
0.000049114
