0.000142574
0.000139713
0.000143528
0.000081539
0.000196695
0.000079632
0.000069618
0.000078678
0.000103235
0.000074863
0.000162125
0.000148535
0.000145435
0.000105858
0.000153065
0.000177860
0.000141144
0.000150442
0.000138283
0.000073195
0.000113726
0.000119209
0.000122547
0.000147581
0.000174284
0.000102997
0.000118971
0.000136375
0.000080109
0.000090599
0.000146627
0.000139952
0.000076771
0.000108719
0.000073433
0.000172377
0.000165701
0.000141144
0.000122547
0.000080585
0.000073433
0.000150204
0.000139713
0.000149250
0.000097513
0.000108480
0.000141382
0.000088930
0.000092506
0.000071764
0.000069857
0.000069380
0.000130415
0.000089645
0.000114679
0.000082493
0.000143766
0.000080585
0.000071764
0.000068665
0.000081539
0.000117540
0.000128508
0.000095129
0.000071049
0.000071049
0.000143528
0.000076294
0.000071526
0.000072002
0.000080109
0.000082970
0.000181913
0.000134706
0.000076294
0.000072479
0.000121593
0.000071526
0.000083923
0.000109196
0.000071764
0.000072002
0.000138283
0.000149250
0.000118017
0.000133753
0.000177622
0.000137568
0.000081301
0.000127316
0.000076532
0.000174999
0.000146389
0.000158787
0.000117302
0.000100613
0.000146151
0.000088692
0.000085831
0.000075579
0.000069141
0.000070333
0.000116110
0.000109673
0.000103951
0.000077963
0.000156403
0.000153303
0.000144720
0.000089645
0.000072718
0.000141144
0.000137806
0.000189066
0.000088453
0.000091076
0.000142813
0.000094414
0.000091791
0.000104427
0.000072956
0.000071526
0.000132322
0.000093460
0.000091791
0.000113964
0.000130653
0.000079155
0.000077486
0.000073671
0.000086069
0.000073671
0.000120640
0.000078678
0.000071526
0.000097275
0.000139952
0.000088692
0.000088692
0.000072479
0.000071287
0.000071287
0.000138998
0.000118017
0.000088215
0.000071049
0.000127077
0.000076532
0.000082493
0.000073671
0.000071049
0.000076056
0.000123739
0.000076294
0.000091314
0.000075102
0.000123024
0.000090122
0.000074148
0.000072002
0.000080585
0.000073195
0.000127554
0.000089407
0.000105858
0.000137568
0.000176430
0.000080585
0.000074387
0.000072479
0.000072956
0.000073195
0.000140429
0.000088453
0.000074387
0.000082493
0.000124931
0.000078678
0.000087976
0.000075817
0.000072956
0.000072479
0.000162363
0.000077724
0.000087976
0.000078440
0.000126123
0.000079632
0.000090361
0.000075340
0.000091314
0.000072718
0.000119209
0.000152111
0.000108957
0.000074863
0.000140429
0.000085592
0.000111818
0.000075340
0.000070810
0.000077963
0.000140905
0.000121117
0.000076771
0.000072479
0.000119925
0.000093460
0.000099659
0.000078201
0.000074625
0.000069618
0.000142813
0.000090599
0.000092030
0.000076294
0.000127316
0.000080585
0.000072718
0.000071287
0.000105858
0.000072241
0.000125170
0.000075579
0.000071287
0.000100851
0.000169039
0.000077248
0.000073195
0.000072479
0.000070333
0.000070572
0.000137091
0.000089169
0.000071764
0.000072241
0.000126123
0.000074625
0.000087500
0.000075102
0.000078201
0.000070572
0.000147820
0.000076294
0.000086546
0.000074625
0.000149250
0.000083447
0.000075340
0.000070572
0.000089645
0.000073195
0.000127077
0.000090837
0.000071049
0.000094175
0.000141144
0.000076771
0.000075102
0.000081539
0.000073195
0.000070572
0.000141144
0.000117779
0.000076771
0.000072956
0.000133514
0.000079393
0.000083208
0.000072718
0.000070810
0.000069857
0.000154018
0.000081062
0.000094414
0.000073910
0.000124931
0.000082254
0.000080347
0.000073195
0.000101328
0.000073195
0.000140429
0.000077963
0.000149488
0.000083923
0.000144958
0.000090122
0.000073671
0.000071287
0.000071049
0.000071049
0.000140667
0.000086784
0.000072479
0.000071049
0.000122786
0.000094414
0.000091553
0.000073671
0.000071287
0.000071526
0.000121832
0.000092030
0.000085592
0.000072718
0.000123501
0.000074148
0.000073433
0.000076294
0.000087261
0.000074387
0.000125170
0.000078678
0.000071764
0.000071526
0.000173569
0.000076771
0.000073671
0.000080347
0.000072241
0.000076532
0.000142336
0.000112772
0.000077248
0.000072956
0.000125885
0.000075817
0.000082731
0.000077963
0.000071049
0.000070333
0.000123024
0.000077486
0.000108957
0.000082016
0.000121593
0.000076294
0.000074387
0.000071049
0.000081062
0.000104189
0.000119448
0.000080109
0.000071287
0.000072718
0.000142813
0.000076532
0.000079155
0.000072241
0.000070333
0.000071049
0.000137806
0.000076532
0.000072002
0.000071287
0.000124693
0.000076532
0.000085354
0.000074148
0.000070572
0.000077963
0.000148296
0.000081301
0.000080824
0.000074148
0.000135183
0.000094891
0.000074625
0.000073195
0.000081062
0.000073433
0.000125885
0.000079393
0.000082254
0.000072241
0.000142574
0.000079393
0.000073910
0.000072956
0.000071526
0.000096083
0.000142097
0.000120163
0.000074863
0.000072002
0.000125408
0.000095606
0.000082016
0.000073671
0.000073671
0.000071049
0.000126600
0.000076294
0.000083208
0.000077963
0.000127316
0.000088215
0.000074625
0.000082970
0.000090837
0.000072956
0.000124693
0.000077963
0.000073195
0.000092030
0.000136137
0.000105143
0.000084400
0.000072241
0.000071764
0.000082970
0.000128269
0.000078678
0.000073195
0.000072479
0.000121355
0.000091791
0.000087023
0.000072241
0.000070810
0.000070095
0.000120878
0.000101566
0.000084639
0.000071287
0.000120401
0.000077009
0.000075102
0.000088930
0.000080347
0.000072002
0.000124454
0.000086784
0.000074148
0.000092983
0.000165224
0.000080347
0.000073433
0.000069380
0.000068665
0.000081301
0.000121832
0.000110388
0.000073671
0.000071287
0.000119686
0.000084877
0.000077963
0.000075579
0.000069857
0.000073910
0.000124931
0.000090361
0.000072241
0.000069618
0.000115633
0.000072002
0.000069141
0.000077248
0.000070810
0.000082493
0.000142813
0.000074148
0.000069380
0.000085354
0.000118017
0.000097275
0.000074148
0.000069618
0.000068188
0.000077248
0.000125408
0.000072479
0.000069380
0.000076294
0.000122070
0.000087976
0.000070333
0.000068665
0.000068665
0.000136375
0.000128984
0.000089169
0.000073195
0.000071049
0.000135183
0.000071287
0.000068665
0.000088453
0.000067949
0.000068188
0.000116110
0.000071287
0.000072479
0.000082254
0.000112057
0.000078440
0.000118494
0.000072479
0.000069141
0.000087261
0.000109911
0.000103712
0.000080824
0.000079155
0.000106335
0.000087976
0.000071287
0.000069618
0.000069380
0.000083447
0.000111103
0.000088453
0.000071049
0.000101328
0.000116587
0.000072718
0.000069618
0.000088215
0.000070810
0.000093699
0.000087261
0.000069857
0.000068665
0.000107050
0.000119925
0.000101328
0.000071526
0.000069380
0.000067472
0.000076771
0.000124454
0.000071049
0.000069141
0.000084639
0.000117064
0.000085115
0.000069618
0.000068426
0.000075817
0.000068426
0.000141621
0.000088930
0.000070810
0.000074863
0.000127077
0.000088453
0.000069380
0.000083208
0.000072002
0.000069857
0.000126600
0.000072479
0.000068665
0.000079870
0.000118494
0.000072479
0.000089169
0.000072718
0.000073671
0.000081062
0.000122547
0.000098944
0.000072479
0.000070333
0.000145197
0.000082254
0.000070095
0.000067949
0.000068188
0.000067711
0.000128269
0.000109434
0.000078201
0.000153065
0.000150681
0.000147104
0.000173569
0.000152111
0.000081062
0.000156164
0.000150681
0.000147104
0.000151157
0.000152111
0.000142097
0.000159979
0.000174522
0.000082970
0.000075102
0.000072956
0.000151396
0.000188589
0.000274420
0.000153065
0.000160933
0.000159264
0.000176668
0.000153303
0.000146151
0.000153065
0.000154734
0.000181198
0.000155449
0.000154495
0.000148296
0.000084639
0.000098944
0.000210285
0.000170708
0.000172377
0.000154257
0.000085354
0.000103474
0.000096560
0.000169277
0.000160933
0.000147581
0.000127792
0.000078678
0.000077009
0.000116587
0.000136375
0.000093222
0.000165701
0.000138760
0.000172615
0.000163555
0.000117779
0.000181437
0.000197649
0.000165939
0.000149488
0.000157118
0.000164270
0.000151873
0.000118017
0.000162601
0.000153065
0.000153780
0.000140905
0.000152826
0.000116587
0.000154018
0.000149727
0.000134706
0.000093460
0.000083923
0.000170231
0.000160456
0.000160456
0.000152349
0.000080585
0.000167131
0.000085115
0.000089169
0.000078201
0.000074863
0.000075340
0.000158787
0.000152588
0.000139952
0.000153780
0.000165939
0.000081539
0.000078917
0.000072956
0.000101328
0.000138760
0.000161886
0.000155449
0.000150681
0.000157595
0.000148535
0.000179052
0.000148296
0.000167608
0.000145912
0.000114202
0.000152349
0.000142813
0.000174522
0.000153780
0.000145674
0.000148058
0.000148296
0.000295401
0.000148773
0.000128984
0.000125170
0.000080109
0.000106573
0.000115395
0.000143051
0.000202417
0.000098467
0.000082254
0.000142574
0.000145674
0.000183582
0.000156879
0.000150919
0.000160694
0.000154257
0.000177860
0.000157356
0.000151634
0.000137568
0.000111341
0.000192642
0.000146151
0.000150442
0.000157356
0.000149250
0.000100613
0.000130653
0.000095844
0.000110626
0.000085354
0.000139952
0.000180244
0.000080824
0.000073671
0.000142813
0.000080109
0.000085115
0.000080824
0.000079393
0.000073910
0.000198126
0.000155687
0.000162840
0.000173330
0.000153780
0.000145674
0.000128984
0.000167608
0.000149488
0.000161171
0.000160933
0.000130653
0.000177145
0.000154972
0.000165939
0.000148296
0.000135422
0.000116825
0.000134230
0.000127316
0.000184536
0.000158072
0.000183105
0.000244617
0.000183582
0.000170469
0.000164986
0.000181198
0.000151157
0.000165462
0.000171423
0.000156641
0.000159979
0.000120640
0.000153065
0.000130892
0.000180006
0.000169516
0.000159264
0.000162840
0.000172853
0.000177622
0.000163078
0.000196934
0.000155210
0.000136137
0.000166178
0.000142097
0.000125170
0.000168324
0.000152588
0.000184298
0.000154734
0.000172377
0.000201702
0.000196218
0.000167608
0.000164032
0.000146866
0.000091553
0.000079870
0.000189781
0.000148535
0.000126839
0.000151396
0.000187635
0.000149727
0.000137568
0.000077009
0.000072002
0.000111103
0.000137329
0.000149965
0.000145912
0.000079155
0.000076771
0.000136375
0.000089169
0.000082016
0.000079155
0.000076532
0.000071526
0.000116587
0.000112534
0.000089884
0.000072479
0.000128508
0.000078201
0.000070095
0.000069618
0.000088930
0.000071049
0.000117302
0.000080585
0.000072479
0.000070572
0.000131369
0.000081301
0.000075579
0.000069618
0.000102758
0.000071287
0.000134945
0.000075102
0.000063419
0.000153303
0.000164032
0.000132799
0.000150442
0.000144720
0.000125408
0.000165462
0.000183344
0.000169754
0.000101089
0.000125647
0.000075102
0.000103951
0.000140190
0.000157595
0.000140429
0.000128031
0.000072956
0.000154257
0.000138521
0.000099421
0.000143051
0.000137091
0.000132561
0.000130177
0.000071764
0.000155210
0.000147820
0.000143051
0.000106573
0.000118971
0.000167847
0.000161648
0.000179768
0.000175238
0.000165462
0.000140667
0.000144482
0.000134945
0.000072479
0.000166893
0.000306129
0.000112295
0.000142813
0.000142336
0.000130892
0.000084877
0.000155687
0.000137806
0.000308275
0.000148058
0.000154972
0.000196218
0.000147820
0.000148535
0.000130177
0.000092506
0.000122786
0.000083208
0.000098705
0.000195503
0.000197172
0.000156403
0.000077963
0.000146389
0.000071764
0.000081778
0.000071764
0.000070095
0.000070572
0.000124216
0.000089407
0.000086308
0.000071049
0.000121832
0.000074387
0.000070095
0.000074625
0.000082254
0.000071049
0.000120878
0.000074148
0.000067711
0.000071287
0.000138760
0.000073910
0.000091553
0.000122786
0.000088453
0.000072241
0.000139952
0.000079870
0.000069618
0.000067711
0.000118971
0.000072718
0.000082731
0.000070810
0.000068665
0.000068665
0.000163078
0.000129223
0.000109673
0.000076532
0.000070333
0.000091314
0.000138521
0.000155210
0.000095606
0.000115871
0.000142574
0.000074148
0.000108719
0.000172615
0.000158072
0.000186443
0.000150919
0.000145197
0.000148296
0.000100613
0.000160217
0.000102043
0.000170708
0.000144958
0.000076056
0.000098228
0.000139236
0.000130415
0.000088453
0.000146389
0.000151873
0.000075817
0.000076056
0.000144243
0.000088930
0.000087261
0.000072002
0.000069141
0.000075579
0.000125647
0.000091076
0.000108004
0.000083923
0.000131607
0.000078440
0.000069857
0.000069618
0.000130653
0.000072479
0.000091791
0.000077724
0.000069857
0.000070333
0.000135422
0.000073910
0.000073910
0.000069618
0.000069141
0.000068903
0.000136852
0.000075817
0.000076294
0.000082731
0.000127792
