0.000166178
0.000175714
0.000108719
0.000096560
0.000146866
0.000095606
0.000094175
0.000164986
0.000103474
0.000108480
0.000093460
0.000153542
0.000105381
0.000125647
0.000115633
0.000115871
0.000150442
0.000154018
0.000103235
0.000117302
0.000099659
0.000176191
0.000102758
0.000102043
0.000149965
0.000105143
0.000106812
0.000150204
0.000102758
0.000095844
0.000093937
0.000164032
0.000119925
0.000147343
0.000092983
0.000095367
0.000084162
0.000164747
0.000106335
0.000083923
0.000084877
0.000144958
0.000091076
0.000155449
0.000135422
0.000094414
0.000087261
0.000150442
0.000139236
0.000138998
0.000087261
0.000193596
0.000090837
0.000100136
0.000087500
0.000123024
0.000090361
0.000139236
0.000095606
0.000086308
0.000135660
0.000162840
0.000092745
0.000085354
0.000087023
0.000085831
0.000090122
0.000152588
0.000096798
0.000083923
0.000084162
0.000142574
0.000157595
0.000107765
0.000087500
0.000085115
0.000082254
0.000144482
0.000114679
0.000108719
0.000087500
0.000190020
0.000089884
0.000097036
0.000082254
0.000101566
0.000088453
0.000141621
0.000090599
0.000098228
0.000082970
0.000154495
0.000143051
0.000087023
0.000082493
0.000095367
0.000083208
0.000153542
0.000090122
0.000084877
0.000088692
0.000141144
0.000093460
0.000099182
0.000086546
0.000084400
0.000082254
0.000135183
0.000087261
0.000107050
0.000084877
0.000164986
0.000087500
0.000101566
0.000084639
0.000096083
0.000084877
0.000161409
0.000086069
0.000084877
0.000082254
0.000154257
0.000094414
0.000082970
0.000082016
0.000083447
0.000081539
0.000149012
0.000108719
0.000083923
0.000081062
0.000136375
0.000086784
0.000110149
0.000088692
0.000123262
0.000089407
0.000140429
0.000088453
0.000102282
0.000083447
0.000140429
0.000089407
0.000088215
0.000085831
0.000098228
0.000085354
0.000143766
0.000087738
0.000082016
0.000093699
0.000174522
0.000155210
0.000091553
0.000081301
0.000083923
0.000080585
0.000174522
0.000089884
0.000082970
0.000080585
0.000140667
0.000088453
0.000114918
0.000091791
0.000114441
0.000091791
0.000139236
0.000095606
0.000152349
0.000088930
0.000151634
0.000087738
0.000118256
0.000086546
0.000120401
0.000086546
0.000137329
0.000088453
0.000082731
0.000082254
0.000179052
0.000086308
0.000083685
0.000084162
0.000084162
0.000082254
0.000176907
0.000088692
0.000083447
0.000081301
0.000133991
0.000089407
0.000133276
0.000085592
0.000084162
0.000110388
0.000138521
0.000088692
0.000121832
0.000083923
0.000141144
0.000091553
0.000082731
0.000080585
0.000094652
0.000082493
0.000138760
0.000087738
0.000084639
0.000082493
0.000159502
0.000090599
0.000085592
0.000085831
0.000081778
0.000081062
0.000158787
0.000088930
0.000082493
0.000081301
0.000140190
0.000085831
0.000127554
0.000087023
0.000083447
0.000103712
0.000143051
0.000107527
0.000105381
0.000082970
0.000146151
0.000088453
0.000120640
0.000104427
0.000098705
0.000087500
0.000137091
0.000083923
0.000084877
0.000091553
0.000152349
0.000085592
0.000081778
0.000099421
0.000093222
0.000080347
0.000151873
0.000089169
0.000082970
0.000081539
0.000165939
0.000092983
0.000100136
0.000085354
0.000082493
0.000130653
0.000139236
0.000090837
0.000097752
0.000084877
0.000166178
0.000086069
0.000088692
0.000083447
0.000098944
0.000083208
0.000136375
0.000090599
0.000080824
0.000080824
0.000145912
0.000155210
0.000087738
0.000081539
0.000087500
0.000090122
0.000144720
0.000088453
0.000083685
0.000091553
0.000141621
0.000102758
0.000092268
0.000084877
0.000084639
0.000090122
0.000155210
0.000113010
0.000092745
0.000083447
0.000141144
0.000090837
0.000119925
0.000105143
0.000090122
0.000083685
0.000165224
0.000088692
0.000082254
0.000100374
0.000143766
0.000087738
0.000086546
0.000090599
0.000085115
0.000096083
0.000140905
0.000086069
0.000080824
0.000089884
0.000139475
0.000108004
0.000092268
0.000085592
0.000082254
0.000104904
0.000149965
0.000105858
0.000092030
0.000081062
0.000141859
0.000087500
0.000086546
0.000100374
0.000085831
0.000082254
0.000138044
0.000087976
0.000084400
0.000099421
0.000167370
0.000095844
0.000083447
0.000080824
0.000081301
0.000100374
0.000166178
0.000085354
0.000080347
0.000080347
0.000155687
0.000100374
0.000104427
0.000084877
0.000084639
0.000086308
0.000150919
0.000112057
0.000110865
0.000082493
0.000139475
0.000089645
0.000119925
0.000102282
0.000089169
0.000081301
0.000131130
0.000087738
0.000081062
0.000099659
0.000133514
0.000087261
0.000081062
0.000080347
0.000087500
0.000104189
0.000132561
0.000087976
0.000095367
0.000081778
0.000154495
0.000108242
0.000085831
0.000081539
0.000089645
0.000079870
0.000147820
0.000106573
0.000087738
0.000096083
0.000132322
0.000086308
0.000084162
0.000105619
0.000089169
0.000132561
0.000118256
0.000087023
0.000083447
0.000134468
0.000159025
0.000106812
0.000084877
0.000090837
0.000083208
0.000138044
0.000114679
0.000100613
0.000083447
0.000108480
0.000114441
0.000102043
0.000085115
0.000094175
0.000082970
0.000106096
0.000143528
0.000117540
0.000089407
0.000106573
0.000111103
0.000093699
0.000115871
0.000126839
0.000088215
0.000109196
0.000112772
0.000082970
0.000082016
0.000162601
0.000111341
0.000090361
0.000082016
0.000082970
0.000083685
0.000137806
0.000112534
0.000085831
0.000096560
0.000115633
0.000105381
0.000108719
0.000088453
0.000088692
0.000087023
0.000127316
0.000099182
0.000155926
0.000088692
0.000129938
0.000105381
0.000086069
0.000082016
0.000103474
0.000088453
0.000136852
0.000112057
0.000085115
0.000082970
0.000143766
0.000104666
0.000085354
0.000082254
0.000081062
0.000090599
0.000150681
0.000094652
0.000084639
0.000083447
0.000128508
0.000103235
0.000096798
0.000084877
0.000083685
0.000084639
0.000128508
0.000094414
0.000135183
0.000087976
0.000130892
0.000092030
0.000090122
0.000132322
0.000103235
0.000088692
0.000131369
0.000091553
0.000083685
0.000082016
0.000163794
0.000098705
0.000089645
0.000088453
0.000082970
0.000082731
0.000150442
0.000090361
0.000084162
0.000083208
0.000132799
0.000091076
0.000105858
0.000085354
0.000081778
0.000082970
0.000146866
0.000095367
0.000102758
0.000111103
0.000134706
0.000120163
0.000084162
0.000081062
0.000104427
0.000089884
0.000134945
0.000090599
0.000082493
0.000081778
0.000144243
0.000149012
0.000098467
0.000100374
0.000091314
0.000082731
0.000151396
0.000088930
0.000083447
0.000088215
0.000134230
0.000096321
0.000107288
0.000084877
0.000093699
0.000084162
0.000132561
0.000088453
0.000131369
0.000091553
0.000161648
0.000092030
0.000102043
0.000087738
0.000099897
0.000089169
0.000144243
0.000090599
0.000082493
0.000081778
0.000145197
0.000094175
0.000081301
0.000082731
0.000081778
0.000084639
0.000149965
0.000096560
0.000083447
0.000081778
0.000133991
0.000090122
0.000111580
0.000086069
0.000082493
0.000082731
0.000143290
0.000092268
0.000118256
0.000141859
0.000147343
0.000098228
0.000092030
0.000083923
0.000104904
0.000090122
0.000156879
0.000090122
0.000083208
0.000090361
0.000150919
0.000089645
0.000085354
0.000083447
0.000080824
0.000082970
0.000149250
0.000089169
0.000093460
0.000082731
0.000160456
0.000087738
0.000099897
0.000086069
0.000082493
0.000089884
0.000159502
0.000084639
0.000106573
0.000110149
0.000139952
0.000114202
0.000114679
0.000087500
0.000100374
0.000091076
0.000160217
0.000086069
0.000082731
0.000089645
0.000147104
0.000091553
0.000080824
0.000080109
0.000079632
0.000082254
0.000148296
0.000089407
0.000085831
0.000082254
0.000144958
0.000086069
0.000110388
0.000089884
0.000084162
0.000089169
0.000161171
0.000090599
0.000100136
0.000110388
0.000139236
0.000092506
0.000114441
0.000084162
0.000102282
0.000089407
0.000141621
0.000085831
0.000089645
0.000080585
0.000300646
0.000088453
0.000081301
0.000080824
0.000082016
0.000082493
0.000149250
0.000094175
0.000089884
0.000080585
0.000136137
0.000090122
0.000120878
0.000084639
0.000081062
0.000082016
0.000136614
0.000138283
0.000113964
0.000086784
0.000175953
0.000088215
0.000118494
0.000089407
0.000100136
0.000089407
0.000160217
0.000089645
0.000083685
0.000081062
0.000151873
0.000092745
0.000080347
0.000095844
0.000081539
0.000081301
0.000160694
0.000089407
0.000082493
0.000094652
0.000143290
0.000094652
0.000101328
0.000085115
0.000083208
0.000088453
0.000133753
0.000086069
0.000099182
0.000087500
0.000149965
0.000111818
0.000082493
0.000087738
0.000118017
0.000087500
0.000138760
0.000087738
0.000082254
0.000080347
0.000146866
0.000170946
0.000091314
0.000085115
0.000081062
0.000080824
0.000160933
0.000087976
0.000101328
0.000082254
0.000135660
0.000089169
0.000099659
0.000085354
0.000100374
0.000080347
0.000138283
0.000087261
0.000104904
0.000084400
0.000172615
0.000085592
0.000087261
0.000082493
0.000105858
0.000087738
0.000161648
0.000086069
0.000081062
0.000081301
0.000148296
0.000087261
0.000084162
0.000080585
0.000081301
0.000080347
0.000149727
0.000087500
0.000082970
0.000087976
0.000144005
0.000089169
0.000105381
0.000147104
0.000101566
0.000089169
0.000138760
0.000088930
0.000103951
0.000084877
0.000138521
0.000118971
0.000087500
0.000089645
0.000108957
0.000089645
0.000139475
0.000096083
0.000082254
0.000080109
0.000146151
0.000090599
0.000149965
0.000089407
0.000084162
0.000083685
0.000150681
0.000088453
0.000083208
0.000081539
0.000136137
0.000085592
0.000101805
0.000099421
0.000084877
0.000080824
0.000137329
0.000084639
0.000104904
0.000107765
0.000140190
0.000115395
0.000089169
0.000081301
0.000102758
0.000101089
0.000136852
0.000083923
0.000082970
0.000082731
0.000147104
0.000091314
0.000080347
0.000081062
0.000081539
0.000080109
0.000156879
0.000087976
0.000090837
0.000081062
0.000134468
0.000085115
0.000105381
0.000087500
0.000100613
0.000080585
0.000136375
0.000086546
0.000102758
0.000083208
0.000165939
0.000115156
0.000087738
0.000081778
0.000099182
0.000085354
0.000161409
0.000094175
0.000087500
0.000081301
0.000158787
0.000087976
0.000087261
0.000080824
0.000082254
0.000080347
0.000151634
0.000087738
0.000097275
0.000081778
0.000139236
0.000087023
0.000098467
0.000100613
0.000169039
0.000145912
0.000148535
0.000089884
0.000149965
0.000221014
0.000157833
0.000119209
0.000163794
0.000170469
0.000116348
0.000090122
0.000153542
0.000145197
0.000159025
0.000146866
0.000164747
0.000177860
0.000152349
0.000176430
0.000173807
0.000172377
0.000196218
0.000162601
0.000211477
0.000176907
0.000187874
0.000175953
0.000175238
0.000174284
0.000168562
0.000169277
0.000117779
0.000184536
0.000089884
0.000190735
0.000168562
0.000131369
0.000187874
0.000200272
0.000146866
0.000168800
0.000130415
0.000087261
0.000147581
0.000120878
0.000334024
0.000178099
0.000103951
0.000084400
0.000092745
0.000091076
0.000102520
0.000081539
0.000081062
0.000127554
0.000157118
0.000175953
0.000169754
0.000165939
0.000156879
0.000085354
0.000130653
0.000184298
0.000157833
0.000121117
0.000094175
0.000151396
0.000179768
0.000160217
0.000122309
0.000165224
0.000155926
0.000083447
0.000166893
0.000139713
0.000183582
0.000174046
0.000089169
0.000080347
0.000079155
0.000078201
0.000150681
0.000152111
0.000151396
0.000122547
0.000129223
0.000147820
0.000114918
0.000171900
0.000163317
0.000159264
0.000185966
0.000156879
0.000151873
0.000150681
0.000137091
0.000133276
0.000181913
0.000165224
0.000108957
0.000199556
0.000174999
0.000173569
0.000181437
0.000132799
0.000156164
0.000253677
0.000149488
0.000091314
0.000141144
0.000151634
0.000162363
0.000140667
0.000141144
0.000087023
0.000084162
0.000152349
0.000163794
0.000129461
0.000144243
0.000148058
0.000152349
0.000147820
0.000133514
0.000166178
0.000156164
0.000183821
0.000164270
0.000170231
0.000141621
0.000159502
0.000146866
0.000157595
0.000136614
0.000100851
0.000150919
0.000113249
0.000161648
0.000144958
0.000150442
0.000149012
0.000168324
0.000126839
0.000144482
0.000121832
0.000089645
0.000137329
0.000154495
0.000145912
0.000117064
0.000085592
0.000079632
0.000079155
0.000080109
0.000094414
0.000082493
0.000081539
0.000113964
0.000084877
0.000079870
0.000093460
0.000081778
0.000078678
0.000078917
0.000082016
0.000171185
0.000249147
0.000184059
0.000099659
0.000079155
0.000084400
0.000077486
0.000141621
0.000202179
