0.080245256
0.000080585
0.000074625
0.000127554
0.000152826
0.000146866
0.000137568
0.000132322
0.000067949
0.000094414
0.000098944
0.000139475
0.000165224
0.000159740
0.000144005
0.000136137
0.000144482
0.000143766
0.000149250
0.000154734
0.000125885
0.000135422
0.000152349
0.000140905
0.000134945
0.000148058
0.000121355
0.000129461
0.000076294
0.000053883
0.000051975
0.000078678
0.000143766
0.000109673
0.000092268
0.000110626
0.000124216
0.000088930
0.000053883
0.000050306
0.000074148
0.000080347
0.000064135
0.000063896
0.000052452
0.000050545
0.000073910
0.000057220
0.000052452
0.000053883
0.000052452
0.000059843
0.000077009
0.000056267
0.000058413
0.000051975
0.000051975
0.000057220
0.000084400
0.000052691
0.000052214
0.000050068
0.000056028
0.000051260
0.000064611
0.000054359
0.000053406
0.000063658
0.000052929
0.000051260
0.000063658
0.000053644
0.000074863
0.000054598
0.000058413
0.000055790
0.000066996
0.000058174
0.000051737
0.000053167
0.000051975
0.000050545
0.000068426
0.000175476
0.000109196
0.000061989
0.000052691
0.000051498
0.000066519
0.000053406
0.000055552
0.000063419
0.000122547
0.000053406
0.000065804
0.000053883
0.000052214
0.000050545
0.000055790
0.000053644
0.000074625
0.000054359
0.000079393
0.000066757
0.000059366
0.000053644
0.000052929
0.000056505
0.000053644
0.000051975
0.000052452
0.000053883
0.000055552
0.000054598
0.000057459
0.000051975
0.000052214
0.000051022
0.000050306
0.000051022
0.000051975
0.000054598
0.000066996
0.000055075
0.000060081
0.000054836
0.000051498
0.000051022
0.000051975
0.000052214
0.000052214
0.000121832
0.000074625
0.000054598
0.000058651
0.000053167
0.000052452
0.000060558
0.000052452
0.000060081
0.000057697
0.000052691
0.000056267
0.000054359
0.000056982
0.000051260
0.000056028
0.000096560
0.000061750
0.000055313
0.000052929
0.000052691
0.000092506
0.000054598
0.000058889
0.000054359
0.000052691
0.000051498
0.000051975
0.000050068
0.000052452
0.000050545
0.000059843
0.000088692
0.000070810
0.000053167
0.000053167
0.000055552
0.000051737
0.000051975
0.000052452
0.000058889
0.000051022
0.000054121
0.000057936
0.000054359
0.000052452
0.000050783
0.000050545
0.000050306
0.000051022
0.000052452
0.000054836
0.000052691
0.000057697
0.000053167
0.000051737
0.000051260
0.000051737
0.000050545
0.000053167
0.000052214
0.000051260
0.000065565
0.000058889
0.000054836
0.000051737
0.000055790
0.000058413
0.000051737
0.000052691
0.000050783
0.000056267
0.000056982
0.000056982
0.000051022
0.000051975
0.000051260
0.000050068
0.000051022
0.000050545
0.000051022
0.000063181
0.000052214
0.000056028
0.000052691
0.000053883
0.000056505
0.000051260
0.000050306
0.000051022
0.000051498
0.000054121
0.000065088
0.000059128
0.000051737
0.000050545
0.000054836
0.000052214
0.000050545
0.000050545
0.000051260
0.000050783
0.000053406
0.000069141
0.000059843
0.000052691
0.000050545
0.000051975
0.000052691
0.000056028
0.000050068
0.000056028
0.000054121
0.000058651
0.000053406
0.000058889
0.000052691
0.000055552
0.000052452
0.000050306
0.000129223
0.000119925
0.000077724
0.000059128
0.000055313
0.000052452
0.000055313
0.000051737
0.000052691
0.000052452
0.000050545
0.000053406
0.000055790
0.000056267
0.000050783
0.000050068
0.000058413
0.000052691
0.000052691
0.000051498
0.000052452
0.000079870
0.000053167
0.000057459
0.000055313
0.000051975
0.000050545
0.000054836
0.000051498
0.000052691
0.000050783
0.000056028
0.000052214
0.000069857
0.000055790
0.000052452
0.000055075
0.000051737
0.000051498
0.000050545
0.000051022
0.000050783
0.000052929
0.000057220
0.000053167
0.000053644
0.000050306
0.000054359
0.000050306
0.000050545
0.000051498
0.000054359
0.000059128
0.000058174
0.000052691
0.000051975
0.000050783
0.000050306
0.000051260
0.000050783
0.000051260
0.000056267
0.000051975
0.000055790
0.000069380
0.000053406
0.000054598
0.000052452
0.000051975
0.000053167
0.000051975
0.000058413
0.000059605
0.000056028
0.000051260
0.000051022
0.000051498
0.000051022
0.000057459
0.000050783
0.000050545
0.000076771
0.000058651
0.000058889
0.000063658
0.000051498
0.000059128
0.000051022
0.000050068
0.000056028
0.000051498
0.000053167
0.000052691
0.000066757
0.000054836
0.000057936
0.000055075
0.000059366
0.000054836
0.000051498
0.000054836
0.000052452
0.000107288
0.000061989
0.000053167
0.000053167
0.000051260
0.000051022
0.000051737
0.000058651
0.000050783
0.000055790
0.000052691
0.000057459
0.000052691
0.000051737
0.000051260
0.000051022
0.000058889
0.000056982
0.000123978
0.000055552
0.000063658
0.000058413
0.000071526
0.000054598
0.000056028
0.000051737
0.000051022
0.000051737
0.000050783
0.000053644
0.000057697
0.000058413
0.000053883
0.000051737
0.000050306
0.000050306
0.000051022
0.000050545
0.000053406
0.000081778
0.000053406
0.000058651
0.000053644
0.000052214
0.000050783
0.000055313
0.000053883
0.000051498
0.000050306
0.000056028
0.000052929
0.000056028
0.000068188
0.000052929
0.000056505
0.000051498
0.000055075
0.000049591
0.000051498
0.000055313
0.000054121
0.000059843
0.000051975
0.000052929
0.000054121
0.000049114
0.000050306
0.000048399
0.000051737
0.000052691
0.000060081
0.000058174
0.000053644
0.000050783
0.000050068
0.000048399
0.000051022
0.000049114
0.000053644
0.000050783
0.000055552
0.000056505
0.000068188
0.000056505
0.000056982
0.000049829
0.000052452
0.000056505
0.000051022
0.000061512
0.000054836
0.000057220
0.000051498
0.000058889
0.000051975
0.000055552
0.000051260
0.000049829
0.000057697
0.000080347
0.000053406
0.000057936
0.000054121
0.000053406
0.000051975
0.000049353
0.000050545
0.000050068
0.000051737
0.000131845
0.000141382
0.000155449
0.000150919
0.000145197
0.000359297
0.000144005
0.000165462
0.000135899
0.000143290
0.000084639
0.000060320
0.000147581
0.000168085
0.000153303
0.000158072
0.000174046
0.000107050
0.000118971
0.000137806
0.000071049
0.000120640
0.000077248
0.000144005
0.000136137
0.000148773
0.000128269
0.000134230
0.000137806
0.000142813
0.000164509
0.000124454
0.000146151
0.000133276
0.000084877
0.000062943
0.000059605
0.000150442
0.000139236
0.000162601
0.000059128
0.000063658
0.000072718
0.000143528
0.000122070
0.000127554
0.000124931
0.000129223
0.000128269
0.000122547
0.000097752
0.000123024
0.000118971
0.000136614
0.000058174
0.000056028
0.000141144
0.000160933
0.000100136
0.000058413
0.000122309
0.000078678
0.000161648
0.000176907
0.000158072
0.000151396
0.000178099
0.000207901
0.000197172
0.000161409
0.000149488
0.000163794
0.000156403
0.000144720
0.000139236
0.000149965
0.000143051
0.000152826
0.000135660
0.000142574
0.000138521
0.000140905
0.000074625
0.000087023
0.000087976
0.000082731
0.000085592
0.000077724
0.000076532
0.000085354
0.000083685
0.000109673
0.000092506
0.000124216
0.000144958
0.000109196
0.000084639
0.000082016
0.000087500
0.000104904
0.000143528
0.000146627
0.000146151
0.000157833
0.000135183
0.000096798
0.000105858
0.000093937
0.000086308
0.000145197
0.000133991
0.000128984
0.000102282
0.000123978
0.000108957
0.000074625
0.000070572
0.000073195
0.000098705
0.000146627
0.000141144
0.000167131
0.000121832
0.000118017
0.000128746
0.000116348
0.000129700
0.000092506
0.000110149
0.000109196
0.000076294
0.000147820
0.000181437
0.000139475
0.000137806
0.000063419
0.000058174
0.000052452
0.000069141
0.000056267
0.000056028
0.000053167
0.000066757
0.000055790
0.000067949
0.000053644
0.000052691
0.000053406
0.000051498
0.000122547
0.000072956
0.000055313
0.000052452
0.000051260
0.000051498
0.000066996
0.000067472
0.000053167
0.000051975
0.000050306
0.000052691
0.000054598
0.000083923
0.000056744
0.000051498
0.000051498
0.000050068
0.000058174
0.000060558
0.000051737
0.000079632
0.000055313
0.000055552
0.000052691
0.000083685
0.000061512
0.000052691
0.000051022
0.000058889
0.000051498
0.000062943
0.000054359
0.000053406
0.000053167
0.000056267
0.000068903
0.000070333
0.000058413
0.000051737
0.000052691
0.000049829
0.000053167
0.000065088
0.000052929
0.000052691
0.000062227
0.000052691
0.000059128
0.000062943
0.000067472
0.000148535
0.000063181
0.000064850
0.000053644
0.000062704
0.000057220
0.000051022
0.000051737
0.000050783
0.000050306
0.000069618
0.000057697
0.000050545
0.000052929
0.000050068
0.000056505
0.000089884
0.000058413
0.000052929
0.000056267
0.000056744
0.000056267
0.000071049
0.000053883
0.000051260
0.000053883
0.000060081
0.000056028
0.000085354
0.000054836
0.000072956
0.000053883
0.000060320
0.000055075
0.000064135
0.000058174
0.000055552
0.000051498
0.000051498
0.000050306
0.000060797
0.000066042
0.000052214
0.000052691
0.000051975
0.000054598
0.000064135
0.000054121
0.000051260
0.000051260
0.000054598
0.000060558
0.000051737
0.000050783
0.000087500
0.000057697
0.000051022
0.000050545
0.000051022
0.000051975
0.000065565
0.000055552
0.000055075
0.000052691
0.000051260
0.000051022
0.000050068
0.000052691
0.000051498
0.000120878
0.000082731
0.000054359
0.000051498
0.000051498
0.000050783
0.000063896
0.000068188
0.000062466
0.000058889
0.000051975
0.000052929
0.000057936
0.000052691
0.000210285
0.000057220
0.000096560
0.000062466
0.000053644
0.000051737
0.000052214
0.000079393
0.000054598
0.000056505
0.000054359
0.000051737
0.000051975
0.000048876
0.000051022
0.000051260
0.000051498
0.000057936
0.000054359
0.000053883
0.000051022
0.000051498
0.000054359
0.000067949
0.000057220
0.000056744
0.000051498
0.000050306
0.000052214
0.000050306
0.000052691
0.000050306
0.000051975
0.000053167
0.000051022
0.000051498
0.000053644
0.000053167
0.000050545
0.000054359
0.000052452
0.000051975
0.000050783
0.000049829
0.000050545
0.000050068
0.000050545
0.000049591
0.000050545
0.000058413
0.000051260
0.000050783
0.000056982
0.000054359
0.000071764
0.000053644
0.000052929
0.000056267
0.000061035
0.000052691
0.000051975
0.000051260
0.000061274
0.000144005
0.000060081
0.000053406
0.000057220
0.000076771
0.000053406
0.000057459
0.000053167
0.000051737
0.000051498
0.000053644
0.000051022
0.000052691
0.000055313
0.000055313
0.000155449
0.000121355
0.000111341
0.000059843
0.000056505
0.000050545
0.000049353
0.000069380
0.000063658
0.000112057
0.000059366
0.000058413
0.000052452
0.000049829
0.000052691
0.000047684
0.000049353
0.000048876
0.000054836
0.000056505
0.000051498
0.000056982
0.000052214
0.000050545
0.000048637
0.000048637
0.000054836
0.000049114
0.000109196
0.000049591
0.000049353
0.000057697
0.000049114
0.000048637
0.000053883
0.000050306
0.000081539
0.000061512
0.000051498
0.000054598
0.000052214
0.000056267
0.000053883
0.000053406
0.000057459
0.000049829
0.000049353
0.000047922
0.000052214
0.000058889
0.000048876
0.000056982
0.000054121
0.000048876
0.000049353
0.000047445
0.000048399
0.000058889
0.000048637
0.000055075
0.000051498
0.000055552
0.000050068
0.000052691
0.000053644
0.000048876
0.000048637
0.000068188
0.000051975
0.000053167
0.000053883
0.000056028
0.000049114
0.000049114
0.000048161
0.000055075
0.000049591
0.000046730
0.000050068
0.000061274
0.000051975
0.000056982
0.000051022
0.000051022
0.000049591
0.000046730
0.000048399
0.000047445
0.000049591
0.000054836
0.000050306
0.000055790
0.000048399
0.000046253
0.000137568
0.000145674
0.000141859
0.000292778
0.000127792
0.000157595
0.000141859
0.000063658
0.000058174
0.000112772
0.000136137
0.000123978
0.000121593
0.000124454
0.000064850
0.000114441
0.000057220
0.000057936
0.000051975
0.000067711
0.000053883
0.000055075
0.000049591
0.000049829
0.000056505
0.000051975
0.000050068
0.000055075
0.000053644
0.000059128
0.000059843
0.000059843
0.000051975
0.000051022
0.000089645
0.000061750
0.000054836
0.000054598
0.000049829
0.000049353
0.000051737
0.000049591
0.000049114
0.000052929
0.000050068
0.000060558
0.000050306
0.000055790
0.000051737
0.000049591
0.000050545
0.000053883
0.000049591
0.000048161
0.000054836
0.000051498
0.000052691
0.000054121
0.000052929
0.000049353
0.000052691
0.000049591
0.000049114
0.000065088
0.000056267
0.000052691
0.000052929
0.000054359
0.000056267
0.000051260
0.000049353
0.000046968
0.000055790
0.000052214
0.000050068
0.000074387
0.000051737
0.000055552
0.000051022
0.000058413
0.000047922
0.000053644
