0.000398636
0.000224829
0.000321865
0.000388861
0.000245810
0.000221491
0.000286579
0.000256300
0.000231981
0.000222445
0.000245571
0.000317574
0.000220060
0.000230551
0.000269175
0.000218153
0.000234604
0.000154495
0.000193119
0.000213385
0.000499487
0.000218868
0.000234127
0.000253201
0.000274658
0.000324726
0.000238419
0.000267267
0.000243664
0.000341177
0.000233412
0.000259876
0.000278473
0.000313520
0.000236988
0.000317097
0.000228405
0.000186682
0.000270605
0.000239611
0.000312805
0.000264406
0.000289440
0.000324488
0.000259161
0.000241280
0.000253916
0.000321627
0.000267744
0.000237226
0.000242710
0.000164509
0.000231504
0.000228882
0.000253439
0.000332355
0.000267506
0.000233173
0.000253201
0.000174284
0.000248671
0.000174284
0.000309229
0.000257015
0.000216007
0.000298500
0.000170231
0.000217915
0.000234842
0.000323772
0.000194311
0.000183344
0.000236273
0.000179291
0.000197887
0.000300407
0.000162125
0.000316620
0.000334501
0.000223160
0.000192642
0.000240088
0.000262022
0.000189066
0.000159979
0.000574827
0.000185251
0.000162363
0.000307083
0.000168324
0.000184298
0.000168800
0.000229359
0.000166893
0.000245571
0.000167847
0.000272751
0.000164747
0.000252962
0.000165939
0.000158072
0.000166416
0.000222445
0.000166893
0.000192881
0.000178814
0.000160217
0.000157595
0.000214577
0.000160217
0.000180483
0.000165224
0.000236988
0.000193119
0.000158548
0.000165939
0.000177860
0.000155926
0.000216246
0.000178337
0.000157118
0.000155210
0.000247717
0.000170946
0.000155687
0.000197172
0.000164270
0.000256062
0.000202417
0.000151396
0.000175714
0.000155687
0.000206947
0.000236511
0.000243664
0.000221729
0.000164986
0.000234365
0.000154495
0.000193834
0.000149727
0.000152826
0.000144720
0.000211000
0.000183344
0.000206470
0.000147820
0.000229597
0.000157833
0.000167131
0.000140905
0.000168800
0.000148773
0.000237942
0.000153065
0.000151396
0.000177383
0.000223637
0.000167131
0.000149488
0.000147343
0.000147104
0.000154495
0.000247478
0.000155926
0.000151396
0.000151157
0.000214338
0.000167131
0.000171900
0.000146389
0.000149012
0.000145674
0.000242472
0.000150204
0.000171423
0.000148535
0.000215054
0.000158072
0.000147581
0.000146389
0.000175953
0.000148535
0.000226974
0.000159264
0.000153303
0.000146389
0.000223398
0.000166178
0.000148296
0.000143528
0.000156403
0.000149727
0.000228405
0.000154734
0.000164032
0.000144005
0.000215530
0.000150442
0.000161886
0.000145197
0.000163555
0.000159979
0.000243902
0.000151157
0.000170231
0.000149250
0.000232458
0.000151157
0.000309944
0.000141859
0.000188351
0.000144958
0.000215530
0.000148535
0.000147104
0.000189543
0.000228882
0.000152588
0.000162363
0.000146389
0.000163078
0.000144243
0.000228167
0.000150681
0.000149488
0.000153065
0.000222921
0.000147104
0.000169754
0.000146389
0.000153780
0.000142574
0.000224113
0.000150204
0.000169754
0.000161409
0.000212431
0.000147820
0.000146866
0.000166655
0.000251293
0.000250340
0.000259638
0.000251293
0.000283241
0.000167370
0.000231981
0.000165939
0.000164270
0.000174999
0.000158548
0.000190735
0.000227213
0.000164986
0.000185966
0.000241756
0.000248909
0.000240564
0.000240088
0.000194788
0.000173092
0.000194073
0.000229597
0.000227451
0.000183821
0.000208139
0.000226498
0.000201702
0.000205755
0.000159502
0.000238895
0.000213623
0.000226259
0.000154257
0.000154972
0.000149965
0.000230789
0.000158072
0.000159502
0.000162601
0.000163794
0.000171900
0.000238657
0.000155210
0.000154495
0.000156641
0.000195980
0.000151396
0.000173330
0.000149012
0.000167370
0.000161886
0.000211477
0.000150204
0.000201464
0.000154495
0.000211716
0.000150204
0.000154495
0.000257492
0.000218868
0.000224352
0.000244617
0.000238180
0.000213861
0.000208378
0.000191689
0.000173330
0.000151396
0.000212431
0.000234842
0.000235319
0.000196934
0.000271559
0.000210762
0.000231266
0.000206232
0.000151157
0.000231504
0.000215054
0.000237942
0.000211716
0.000211716
0.000209093
0.000232935
0.000156403
0.000196934
0.000203848
0.000223875
0.000226498
0.000210524
0.000206947
0.000263929
0.000148535
0.000153065
0.000234365
0.000216722
0.000228167
0.000149488
0.000154734
0.000226736
0.000233650
0.000201225
0.000199795
0.000159025
0.000149012
0.000218153
0.000270128
0.000307560
0.000276327
0.000319004
0.000209570
0.000251293
0.000222683
0.000216722
0.000186682
0.000147820
0.000144482
0.000184774
0.000178814
0.000171423
0.000180244
0.000153780
0.000225306
0.000311613
0.000228643
0.000451565
0.000448227
0.000293255
0.000329256
0.000236511
0.000239849
0.000191689
0.000208139
0.000159025
0.000233650
0.000243425
0.000179291
0.000192881
0.000167608
0.000188351
0.000157833
0.000198126
0.000153303
0.000194073
0.000161886
0.000199556
0.000149250
0.000147104
0.000160456
0.000173569
0.000148535
0.000194550
0.000149488
0.000168324
0.000146627
0.000186920
0.000183582
0.000150681
0.000166416
0.000146151
0.000146389
0.000187397
0.000149488
0.000170708
0.000142813
0.000195742
0.000150919
0.000170231
0.000163317
0.000156641
0.000189781
0.000196695
0.000160456
0.000185728
0.000149965
0.000196934
0.000201225
0.000154495
0.000272512
0.000222445
0.000221968
0.000228643
0.000174999
0.000182390
0.000145912
0.000181675
0.000225306
0.000200033
0.000209570
0.000239134
0.000236273
0.000162125
0.000198364
0.000250101
0.000235796
0.000200748
0.000205755
0.000208616
0.000219345
0.000205994
0.000203848
0.000170231
0.000149012
0.000173807
0.000184059
0.000203848
0.000217199
0.000151634
0.000149250
0.000208616
0.000149965
0.000242233
0.000213623
0.000184774
0.000198126
0.000161171
0.000172853
0.000200033
0.000195742
0.000216722
0.000236034
0.000210285
0.000207186
0.000243902
0.000232220
0.000208139
0.000185966
0.000166178
0.000200272
0.000167370
0.000207901
0.000213146
0.000196695
0.000185728
0.000202656
0.000172853
0.000167131
0.000160933
0.000160694
0.000145912
0.000192165
0.000169039
0.000188589
0.000154734
0.000193834
0.000154734
0.000148058
0.000150919
0.000160694
0.000148296
0.000197172
0.000159025
0.000308990
0.000171423
0.000199080
0.000150204
0.000163078
0.000144958
0.000153065
0.000170708
0.000193596
0.000173569
0.000145674
0.000149727
0.000192881
0.000177145
0.000146627
0.000166655
0.000142813
0.000143766
0.000198603
0.000184536
0.000178337
0.000149250
0.000193834
0.000153542
0.000146866
0.000216722
0.000155449
0.000149250
0.000196934
0.000185728
0.000152111
0.000174046
0.000195980
0.000148296
0.000159025
0.000141144
0.000147104
0.000169992
0.000190258
0.000162125
0.000148773
0.000165939
0.000222206
0.000167131
0.000150442
0.000145912
0.000149727
0.000149727
0.000191450
0.000200272
0.000150442
0.000146866
0.000188828
0.000163078
0.000183821
0.000172138
0.000183344
0.000161409
0.000217199
0.000152826
0.000149250
0.000172377
0.000191927
0.000164986
0.000146866
0.000143528
0.000151157
0.000165224
0.000223160
0.000156164
0.000149012
0.000149727
0.000187397
0.000195503
0.000155210
0.000146151
0.000143290
0.000206709
0.000216484
0.000171185
0.000153303
0.000211477
0.000241518
0.000201225
0.000219822
0.000217199
0.000181198
0.000244856
0.000207901
0.000239134
0.000247002
0.000216246
0.000205517
0.000221491
0.000243664
0.000207663
0.000152349
0.000210047
0.000268221
0.000235796
0.000181198
0.000230312
0.000276327
0.000210047
0.000171423
0.000199080
0.000155449
0.000151396
0.000183105
0.000230074
0.000231266
0.000184774
0.000158072
0.000226736
0.000200033
0.000173807
0.000184059
0.000147104
0.000146627
0.000196457
0.000177145
0.000177145
0.000165701
0.000192404
0.000152588
0.000143290
0.000143290
0.000167370
0.000149012
0.000192404
0.000153065
0.000154972
0.000143766
0.000201941
0.000148058
0.000142813
0.000147343
0.000143528
0.000169277
0.000223875
0.000173330
0.000159502
0.000164270
0.000193596
0.000152588
0.000169754
0.000181198
0.000147820
0.000146627
0.000195980
0.000151634
0.000172853
0.000147581
0.000196695
0.000156164
0.000145435
0.000142097
0.000184298
0.000183105
0.000192404
0.000162125
0.000350237
0.000143051
0.000226974
0.000150681
0.000159979
0.000154495
0.000163555
0.000159025
0.000202656
0.000148058
0.000142336
0.000144482
0.000195503
0.000147581
0.000174046
0.000210285
0.000207186
0.000149012
0.000169754
0.000189304
0.000286341
0.000268698
0.000290155
0.000227451
0.000229120
0.000234365
0.000206470
0.000187159
0.000149250
0.000178576
0.000244379
0.000237465
0.000233889
0.000228643
0.000238657
0.000190973
0.000234127
0.000227213
0.000208139
0.000212669
0.000211239
0.000183344
0.000211000
0.000215292
0.000204563
0.000215292
0.000208855
0.000214100
0.000216007
0.000211000
0.000233173
0.000206947
0.000245810
0.000206232
0.000240564
0.000264883
0.000266075
0.000255108
0.000237703
0.000190973
0.000178337
0.000208855
0.000285625
0.000238657
0.000240564
0.000231266
0.000239372
0.000231504
0.000257730
0.000233173
0.000226259
0.000238419
0.000208855
0.000235796
0.000248432
0.000235319
0.000230789
0.000227928
0.000225782
0.000242949
0.000230074
0.000234842
0.000262976
0.000269175
0.000249386
0.000205278
0.000179291
0.000191689
0.000211000
0.000223398
0.000220299
0.000225306
0.000175476
0.000228167
0.000170469
0.000180483
0.000219345
0.000162840
0.000157356
0.000216722
0.000170231
0.000198841
0.000155926
0.000191212
0.000158548
0.000148058
0.000150919
0.000202894
0.000160456
0.000192404
0.000152826
0.000142574
0.000148773
0.000209570
0.000156879
0.000164270
0.000151396
0.000180721
0.000145435
0.000371456
0.000159740
0.000145435
0.000143528
0.000213623
0.000161171
0.000189066
0.000333786
0.000154018
0.000145435
0.000188589
0.000154495
0.000171423
0.000151157
0.000186205
0.000151634
0.000142097
0.000186682
0.000169277
0.000148058
0.000189066
0.000153065
0.000336409
0.000144005
0.000202656
0.000154972
0.000149488
0.000147343
0.000149727
0.000144243
0.000187635
0.000154734
0.000145197
0.000143766
0.000189781
0.000152588
0.000167608
0.000146866
0.000146627
0.000141382
0.000191212
0.000151634
0.000170946
0.000154495
0.000256300
0.000169039
0.000155449
0.000160933
0.000209093
0.000150919
0.000191212
0.000150681
0.000144005
0.000143766
0.000198841
0.000151634
0.000145197
0.000143528
0.000186682
0.000145435
0.000184536
0.000154972
0.000145674
0.000141621
0.000186205
0.000332355
0.000167847
0.000159264
0.000144005
0.000145674
0.000213385
0.000170708
0.000188112
0.000179291
0.000226021
0.000152826
0.000145197
0.000147104
0.000176907
0.000175714
0.000192404
0.000165701
0.000155449
0.000174046
0.000209332
0.000153780
0.000146151
0.000144958
0.000141621
0.000140190
0.000185490
0.000149965
0.000143290
0.000144958
0.000186205
0.000177860
0.000169992
0.000227451
0.000170469
0.000329494
0.000211716
0.000176907
0.000168324
0.000154018
0.000191212
0.000148296
0.000146389
0.000143528
0.000199318
0.000151873
0.000186920
0.000154495
0.000324488
0.000144243
0.000198841
0.000148773
0.000143528
0.000144482
0.000147104
0.000142813
0.000203371
0.000154018
0.000148296
0.000142336
0.000260592
0.000171185
0.000183821
0.000158072
0.000158310
0.000159264
0.000192881
0.000150919
0.000181198
0.000151396
0.000186920
0.000152826
0.000140905
0.000141382
0.000183344
0.000183344
0.000190735
0.000156879
0.000147104
0.000141144
0.000200510
0.000155926
0.000150681
0.000143290
0.000162840
0.000145674
0.000205278
0.000154257
0.000333548
0.000149965
0.000209332
0.000177622
0.000167847
0.000144720
0.000142097
0.000143290
0.000369072
0.000150204
0.000168562
0.000146627
0.000183344
0.000151157
0.000144005
0.000145197
0.000173092
0.000176430
0.000190496
0.000160456
0.000145435
0.000194788
0.000210285
0.000351906
0.000141621
0.000243187
0.000235319
0.000170708
0.000197172
0.000174046
0.000326633
0.000160933
0.000212193
0.000148058
0.000174284
0.000148296
0.000150204
0.000323534
0.000187635
0.000150204
0.000175714
0.000150681
0.000188589
0.000151157
0.000143528
0.000147820
0.000169992
0.000166416
0.000203848
0.000149488
0.000144243
0.000146627
0.000230312
0.000151634
0.000166655
0.000156879
0.000150204
0.000157356
0.000183821
0.000151873
0.000146866
0.000141621
0.000190735
0.000144243
0.000170469
0.000145912
0.000143766
0.000145435
0.000187635
0.000152349
0.000167131
0.000150204
0.000189543
