1607244083.987348318
1607244084.087543726
1607244084.187740803
1607244084.287895203
1607244084.388044119
1607244084.488249302
1607244084.588422775
1607244084.688591480
1607244084.788740873
1607244084.888888597
1607244084.989034653
1607244085.089185953
1607244085.189352036
1607244085.289506435
1607244085.389656782
1607244085.489859819
1607244085.590008736
1607244085.690171719
1607244085.790382862
1607244085.890553713
1607244085.990704775
1607244086.090852499
1607244086.190998554
1607244086.291148901
1607244086.391314983
1607244086.491471529
1607244086.591675043
1607244086.691821575
1607244086.791966915
1607244086.892115831
1607244086.992285967
1607244087.092434645
1607244087.192582369
1607244087.292730093
1607244087.392882347
1607244087.493031502
1607244087.593250513
1607244087.693400621
1607244087.793554306
1607244087.893700361
1607244087.993845224
1607244088.093994617
1607244088.194158077
1607244088.294317245
1607244088.394466162
1607244088.494611979
1607244088.594757795
1607244088.694953918
1607244088.795119762
1607244088.895282745
1607244088.995394468
1607244089.095541954
1607244089.195688009
1607244089.295889378
1607244089.396054983
1607244089.496206045
1607244089.596357822
1607244089.696509600
1607244089.796658039
1607244089.896810293
1607244089.996975422
1607244090.097127199
1607244090.197284698
1607244090.297433853
1607244090.397633553
1607244090.497780085
1607244090.597927094
1607244090.698075056
1607244090.798232317
1607244090.898380756
1607244090.998528242
1607244091.098674297
1607244091.198821545
1607244091.298971415
1607244091.399167776
1607244091.499313831
1607244091.599465370
1607244091.699622393
1607244091.799794674
1607244091.899955034
1607244092.000107527
1607244092.100254059
1607244092.200399160
1607244092.300595284
1607244092.400741339
1607244092.500897408
1607244092.601044655
1607244092.701189995
1607244092.801335573
1607244092.901483536
1607244093.001631498
1607244093.101780415
1607244093.201943874
1607244093.302141190
1607244093.402290106
1607244093.502437353
1607244093.602583647
1607244093.702731371
1607244093.802877426
1607244093.903023958
1607244094.003168344
1607244094.103313208
1607244094.203463793
1607244094.303612471
1607244094.403759956
1607244094.503904104
1607244094.604047775
1607244094.704190731
1607244094.804334164
1607244094.904480457
1607244095.004632473
1607244095.104775906
1607244095.204919577
1607244095.305062532
1607244095.405206919
1607244095.505351067
1607244095.605518103
1607244095.705735922
1607244095.805886269
1607244095.906031609
1607244096.006176949
1607244096.106319666
1607244096.206465244
1607244096.306609392
1607244096.406754255
1607244096.506897449
1607244096.607039690
1607244096.707183123
1607244096.807325840
1607244096.907473326
1607244097.007617235
1607244097.107760668
1607244097.207906246
1607244097.308053970
1607244097.408198118
1607244097.508342505
1607244097.608486176
1607244097.708633900
1607244097.808801651
1607244097.909010172
1607244098.009162664
1607244098.109307051
1607244098.209456205
1607244098.309600115
1607244098.409743786
1607244098.509894609
1607244098.610041618
1607244098.710186481
1607244098.810330868
1607244098.910474777
1607244099.010620832
1607244099.110763788
1607244099.210907936
1607244099.311050892
1607244099.411194086
1607244099.511337757
1607244099.611485720
1607244099.711630821
1607244099.811773539
1607244099.911916494
1607244100.012060881
1607244100.112203836
1607244100.212350607
1607244100.312498569
1607244100.412643909
1607244100.512788534
1607244100.612932444
1607244100.713080168
1607244100.813223600
1607244100.913368940
1607244101.013520718
1607244101.113666296
1607244101.213821650
1607244101.313966274
1607244101.414110184
1607244101.514253855
1607244101.614401579
1607244101.714548111
1607244101.814693213
1607244101.914837599
1607244102.014982700
1607244102.115125656
1607244102.215269566
1607244102.315394878
1607244102.415538788
1607244102.515681982
1607244102.615824699
1607244102.715976715
1607244102.816120148
1607244102.916263819
1607244103.016405821
1607244103.116548300
1607244103.216694832
1607244103.316841841
1607244103.416986704
1607244103.517130136
1607244103.617275000
1607244103.717424870
1607244103.817598343
1607244103.917744875
1607244104.017897606
1607244104.118041992
1607244104.218185186
1607244104.318328381
1607244104.418472767
1607244104.518617153
1607244104.618762732
1607244104.718905926
1607244104.819051266
1607244104.919197083
1607244105.019341230
1607244105.119488001
1607244105.219631910
1607244105.319776058
1607244105.419919729
1607244105.520061493
1607244105.620205879
1607244105.720350981
1607244105.820495367
1607244105.920639038
1607244106.020787001
1607244106.120929480
1607244106.221072197
1607244106.321219206
1607244106.421363115
1607244106.521506548
1607244106.621649742
1607244106.721792936
1607244106.821935892
1607244106.922081709
1607244107.022232533
1607244107.122376919
1607244107.222520113
1607244107.322664261
1607244107.422808409
1607244107.522952557
1607244107.623098612
1607244107.723241806
1607244107.823388338
1607244107.923533201
1607244108.023676634
1607244108.123819113
1607244108.223962069
1607244108.324105501
1607244108.424249411
1607244108.524392843
1607244108.624536514
1607244108.724678993
1607244108.824821234
1607244108.924963951
1607244109.025105953
1607244109.125248671
1607244109.225392342
1607244109.325538635
1607244109.425683498
1607244109.525827885
1607244109.625971794
1607244109.726118565
1607244109.826269150
1607244109.926417828
1607244110.026564598
1607244110.126721621
1607244110.226866722
1607244110.327010870
1607244110.427155495
1607244110.527299643
1607244110.627453566
1607244110.727596998
1607244110.827740669
1607244110.927885532
1607244111.028028965
1607244111.128171921
1607244111.228314877
1607244111.328458548
1607244111.428602219
1607244111.528745890
1607244111.628889799
1607244111.729032516
1607244111.829175472
1607244111.929318190
1607244112.029460907
1607244112.129604101
1607244112.229747057
1607244112.329894066
1607244112.430038452
1607244112.530181646
1607244112.630324602
1607244112.730468512
1607244112.830612183
1607244112.930754423
1607244113.030899763
1607244113.131058931
1607244113.231203318
1607244113.331347466
1607244113.431499004
1607244113.531662703
1607244113.631883383
1607244113.732057333
1607244113.832209110
1607244113.932355642
1607244114.032500029
1607244114.132642984
1607244114.232785940
1607244114.332929611
1607244114.433074951
1607244114.533217907
1607244114.633361578
1607244114.733505011
1607244114.833648682
1607244114.933797598
1607244115.033942699
1607244115.134085655
1607244115.234231234
1607244115.334380150
1607244115.434524775
1607244115.534668446
1607244115.634811878
1607244115.734961271
1607244115.835122347
1607244115.935266733
1607244116.035396814
1607244116.135546684
1607244116.235690594
1607244116.335834503
1607244116.435977936
1607244116.536121368
1607244116.636267185
1607244116.736411333
1607244116.836555243
1607244116.936700583
1607244117.036844254
1607244117.136986256
1607244117.237128735
1607244117.337272167
1607244117.437416553
1607244117.537559748
1607244117.637705326
1607244117.737852812
1607244117.837997913
1607244117.938141823
1607244118.038284302
1607244118.138426781
1607244118.238570690
1607244118.338718414
1607244118.438862324
1607244118.539005995
1607244118.639149189
1607244118.739291191
1607244118.839394331
1607244118.939542294
1607244119.039687157
1607244119.139836311
1607244119.239979744
1607244119.340125322
1607244119.440270424
1607244119.540414095
1607244119.640560389
1607244119.740703583
1607244119.840849400
1607244119.940994740
1607244120.041147470
1607244120.141328096
1607244120.241475105
1607244120.341617823
1607244120.441762209
1607244120.541905880
1607244120.642069101
1607244120.742279768
1607244120.842439651
1607244120.942583561
1607244121.042726040
1607244121.142869473
1607244121.243017673
1607244121.343175650
1607244121.443320513
1607244121.543467522
1607244121.643611908
1607244121.743770838
1607244121.843928099
1607244121.944080591
1607244122.044223785
1607244122.144368649
1607244122.244520426
1607244122.344664097
1607244122.444809437
1607244122.544953108
1607244122.645098686
1607244122.745241642
1607244122.845385313
1607244122.945529461
1607244123.045672894
1607244123.145815134
1607244123.245957613
1607244123.346101046
1607244123.446245432
1607244123.546388388
1607244123.646531582
1607244123.746675253
1607244123.846818209
1607244123.946960449
1607244124.047102690
1607244124.147245169
1607244124.247395039
1607244124.347542286
1607244124.447687149
1607244124.547829866
1607244124.647973299
1607244124.748121977
1607244124.848264456
1607244124.948407888
1607244125.048551321
1607244125.148710489
1607244125.248860836
1607244125.349005699
1607244125.449149609
1607244125.549312353
1607244125.649556160
1607244125.749710083
1607244125.849856138
1607244125.950003147
1607244126.050146341
1607244126.150300980
1607244126.250443697
1607244126.350587130
1607244126.450731754
1607244126.550875187
1607244126.651028395
1607244126.751170635
1607244126.851313353
1607244126.951459885
1607244127.051602125
1607244127.151744843
1607244127.251888514
1607244127.352035999
1607244127.452181339
1607244127.552324772
1607244127.652472973
1607244127.752636433
1607244127.852781534
1607244127.952924490
1607244128.053067207
1607244128.153211832
1607244128.253369808
1607244128.353512287
1607244128.453655720
1607244128.553801060
1607244128.653946877
1607244128.754089832
1607244128.854239702
1607244128.954384327
1607244129.054528236
1607244129.154670000
1607244129.254812717
1607244129.354955435
1607244129.455099106
1607244129.555241823
1607244129.655390024
1607244129.755536318
1607244129.855680704
1607244129.955825090
1607244130.055968285
1607244130.156111717
1607244130.256256104
1607244130.356403112
1607244130.456547737
1607244130.556690931
1607244130.656834364
1607244130.756977558
1607244130.857120752
1607244130.957262754
1607244131.057405710
1607244131.157548666
1607244131.257693768
1607244131.357846737
1607244131.457991123
1607244131.558135509
1607244131.658281803
1607244131.758425474
1607244131.858568668
1607244131.958714008
1607244132.058856964
1607244132.158999443
1607244132.259142876
1607244132.359287262
1607244132.459394455
1607244132.559537172
1607244132.659680843
1607244132.759824276
1607244132.859967470
1607244132.960110188
1607244133.060252190
1607244133.160395145
1607244133.260538340
1607244133.360685825
1607244133.460830450
1607244133.560973406
1607244133.661118984
1607244133.761269331
1607244133.861412764
1607244133.961557388
1607244134.061710596
1607244134.161854744
1607244134.262001991
1607244134.362146854
1607244134.462295294
1607244134.562441587
1607244134.662585497
1607244134.762729168
1607244134.862872362
1607244134.963017702
1607244135.063161373
1607244135.163303614
1607244135.263451338
1607244135.363594294
1607244135.463737488
1607244135.563880444
1607244135.664024353
1607244135.764167786
1607244135.864310741
1607244135.964453936
1607244136.064595938
1607244136.164737701
1607244136.264880419
1607244136.365026474
1607244136.465171337
1607244136.565314770
1607244136.665457964
1607244136.765600681
1607244136.865743637
1607244136.965885639
1607244137.066031218
1607244137.166174173
1607244137.266318798
1607244137.366469145
1607244137.466615677
1607244137.566779137
1607244137.667005301
1607244137.767158985
1607244137.867305040
1607244137.967457771
1607244138.067601919
1607244138.167745113
1607244138.267888069
1607244138.368030548
1607244138.468175411
1607244138.568318129
1607244138.668461084
1607244138.768604755
1607244138.868747473
1607244138.968891621
1607244139.069033861
1607244139.169178486
1607244139.269325018
1607244139.369469404
1607244139.469613791
1607244139.569756508
1607244139.669904709
1607244139.770066023
1607244139.870211601
1607244139.970367432
1607244140.070510626
1607244140.170654774
1607244140.270797014
1607244140.370962143
1607244140.471119165
1607244140.571265459
1607244140.671394587
1607244140.771538496
1607244140.871682167
1607244140.971827269
1607244141.071969509
1607244141.172111273
1607244141.272254229
1607244141.372398853
1607244141.472543240
1607244141.572686672
1607244141.672830105
1607244141.772975922
1607244141.873119354
1607244141.973261833
1607244142.073404789
1607244142.173548222
1607244142.273695707
1607244142.373839378
1607244142.473984480
1607244142.574127197
1607244142.674270630
1607244142.774413586
1607244142.874559641
1607244142.974702835
1607244143.074846268
1607244143.174989223
1607244143.275134325
1607244143.375302315
1607244143.475450993
1607244143.575595856
1607244143.675740480
1607244143.775885105
1607244143.876040220
1607244143.976186752
1607244144.076329947
1607244144.176471949
1607244144.276613712
1607244144.376758337
1607244144.476901531
1607244144.577044249
1607244144.677187681
1607244144.777330875
1607244144.877476931
1607244144.977618694
1607244145.077760458
1607244145.177903652
1607244145.278049469
1607244145.378197432
1607244145.478342533
1607244145.578486681
1607244145.678630829
1607244145.778778315
1607244145.878921270
1607244145.979063749
1607244146.079206944
1607244146.179349184
1607244146.279496431
1607244146.379640102
1607244146.479791403
1607244146.579937696
1607244146.680082321
1607244146.780225277
1607244146.880368710
1607244146.980513573
1607244147.080656528
1607244147.180799723
1607244147.280943155
1607244147.381086349
1607244147.481229544
1607244147.581371784
1607244147.681515455
1607244147.781660795
1607244147.881803036
1607244147.981946230
1607244148.082088470
1607244148.182231426
1607244148.282377720
1607244148.382521391
1607244148.482665300
1607244148.582808495
1607244148.682951927
1607244148.783095837
1607244148.883246183
1607244148.983390093
1607244149.083532810
1607244149.183675766
1607244149.283818483
1607244149.383963823
1607244149.484116077
1607244149.584282160
1607244149.684503317
1607244149.784671783
1607244149.884818792
1607244149.984965324
1607244150.085110903
1607244150.185258389
1607244150.285411358
1607244150.385555029
1607244150.485699177
1607244150.585841894
1607244150.685995579
1607244150.786151886
1607244150.886297703
1607244150.986442089
1607244151.086585999
1607244151.186729670
1607244151.286877632
1607244151.387022018
1607244151.487167358
1607244151.587311029
1607244151.687395811
1607244151.787395239
1607244151.887394905
1607244151.987395287
1607244152.087394476
1607244152.187394619
1607244152.287394762
1607244152.387396812
1607244152.487396955
1607244152.587394714
1607244152.687396765
1607244152.787395000
1607244152.887395382
1607244152.987394333
1607244153.087393999
1607244153.187394381
1607244153.287394524
1607244153.387394905
1607244153.487394333
1607244153.587427139
1607244153.687395334
1607244153.787394762
1607244153.887394905
1607244153.987394333
1607244154.087394238
1607244154.187396288
1607244154.287394762
1607244154.387394667
1607244154.487394810
1607244154.587394476
1607244154.687394619
1607244154.787394762
1607244154.887394428
1607244154.987394333
1607244155.087394476
1607244155.187394381
1607244155.287395477
1607244155.387397051
1607244155.487396479
1607244155.587394953
1607244155.687394619
1607244155.787394524
1607244155.887397051
1607244155.987394810
1607244156.087395906
1607244156.187394619
1607244156.287394762
1607244156.387394905
1607244156.487394333
1607244156.587394476
1607244156.687394381
1607244156.787398815
1607244156.887394667
1607244156.987394571
1607244157.087394714
1607244157.187396288
1607244157.287395000
1607244157.387394905
1607244157.487394571
1607244157.587427139
1607244157.687395811
1607244157.787395000
1607244157.887394905
1607244157.987394571
1607244158.087394238
1607244158.187394142
1607244158.287394524
1607244158.387394667
1607244158.487396955
1607244158.587395191
1607244158.687396049
1607244158.787395000
1607244158.887395144
1607244158.987394571
1607244159.087395906
1607244159.187394381
1607244159.287395000
1607244159.387395382
1607244159.487394333
1607244159.587394476
1607244159.687394381
1607244159.787394524
1607244159.887396336
1607244159.987394094
1607244160.087394953
1607244160.187395573
1607244160.287395239
1607244160.387395144
1607244160.487394333
1607244160.587394238
1607244160.687394619
1607244160.787394524
1607244160.887394428
1607244160.987394571
1607244161.087394714
1607244161.187394381
1607244161.287394524
1607244161.387394905
1607244161.487397909
1607244161.587427616
1607244161.687395096
1607244161.787395000
1607244161.887395859
1607244161.987394810
1607244162.087394476
1607244162.187395334
1607244162.287396193
1607244162.387395620
1607244162.487394571
1607244162.587394476
1607244162.687395096
1607244162.787394285
1607244162.887394667
1607244162.987394571
1607244163.087394476
1607244163.187396049
1607244163.287394762
1607244163.387395144
1607244163.487405062
1607244163.587394476
1607244163.687394857
1607244163.787394524
1607244163.887394667
1607244163.987394333
1607244164.087394238
1607244164.187394381
1607244164.287394762
1607244164.387395144
1607244164.487397194
1607244164.587395430
1607244164.687394619
1607244164.787394285
1607244164.887394905
1607244164.987394810
1607244165.087395668
1607244165.187394619
1607244165.287394524
1607244165.387394905
1607244165.487396240
1607244165.587426424
1607244165.687395096
1607244165.787394524
1607244165.887394667
1607244165.987394810
1607244166.087394476
1607244166.187395334
1607244166.287394524
1607244166.387395144
1607244166.487394571
1607244166.587394476
1607244166.687394857
1607244166.787394524
1607244166.887394428
1607244166.987394333
1607244167.087394714
1607244167.187394381
1607244167.287394285
1607244167.387394905
1607244167.487407207
1607244167.587396383
1607244167.687395096
1607244167.787394285
1607244167.887395144
1607244167.987394333
1607244168.087400436
1607244168.187394142
1607244168.287394524
1607244168.387395144
1607244168.487394094
1607244168.587394476
1607244168.687396288
1607244168.787394047
1607244168.887394428
1607244168.987394094
1607244169.087394238
1607244169.187394857
1607244169.287394762
1607244169.387394428
1607244169.487394571
1607244169.587426186
1607244169.687395573
1607244169.787395477
1607244169.887394428
1607244169.987395287
1607244170.087394953
1607244170.187397480
1607244170.287395000
1607244170.387395144
1607244170.487395287
1607244170.587396860
1607244170.687394857
1607244170.787394762
1607244170.887395620
1607244170.987394571
1607244171.087394714
1607244171.187394619
1607244171.287394762
1607244171.387394905
1607244171.487405539
1607244171.587394476
1607244171.687394857
1607244171.787394524
1607244171.887396097
1607244171.987394333
1607244172.087394238
1607244172.187394857
1607244172.287394762
1607244172.387394905
1607244172.487394810
1607244172.587394476
1607244172.687396526
1607244172.787394285
1607244172.887394667
1607244172.987394333
1607244173.087394476
1607244173.187394142
1607244173.287395000
1607244173.387396336
1607244173.487396479
1607244173.587428808
1607244173.687396288
1607244173.787395000
1607244173.887395382
1607244173.987394571
1607244174.087394476
1607244174.187395096
1607244174.287394524
1607244174.387394905
1607244174.487394571
1607244174.587394238
1607244174.687394381
1607244174.787394524
1607244174.887394667
1607244174.987394333
1607244175.087395906
1607244175.187394857
1607244175.287394762
1607244175.387394905
1607244175.487394333
1607244175.587395668
1607244175.687395334
1607244175.787396193
1607244175.887394428
1607244175.987394333
1607244176.087394714
1607244176.187394619
1607244176.287395000
1607244176.387394667
1607244176.487396240
1607244176.587394714
1607244176.687396288
1607244176.787395000
1607244176.887395382
1607244176.987394571
1607244177.087394476
1607244177.187394619
1607244177.287394524
1607244177.387395382
1607244177.487394810
1607244177.587426424
1607244177.687395096
1607244177.787394524
1607244177.887394428
1607244177.987394333
1607244178.087394714
1607244178.187395096
1607244178.287397861
1607244178.387394905
1607244178.487394333
1607244178.587394476
1607244178.687394619
1607244178.787394524
1607244178.887394190
1607244178.987394810
1607244179.087394238
1607244179.187394857
1607244179.287394285
1607244179.387394905
1607244179.487405062
1607244179.587394953
1607244179.687396526
1607244179.787394524
1607244179.887396097
1607244179.987394333
1607244180.087404251
1607244180.187395811
1607244180.287394524
1607244180.387395144
1607244180.487394333
1607244180.587407112
1607244180.687413931
1607244180.787395239
1607244180.887395859
1607244180.987394571
1607244181.087394476
1607244181.187394857
1607244181.287395000
1607244181.387395144
1607244181.487397671
1607244181.587426662
1607244181.687394619
1607244181.787394762
1607244181.887394190
1607244181.987394333
1607244182.087394238
1607244182.187394142
1607244182.287394524
1607244182.387394905
1607244182.487396240
1607244182.587394714
1607244182.687397957
1607244182.787394524
1607244182.887395144
1607244182.987394571
1607244183.087397337
1607244183.187394857
1607244183.287395000
1607244183.387394905
1607244183.487405062
1607244183.587394714
1607244183.687394381
1607244183.787394524
1607244183.887394428
1607244183.987394810
