1607243873.983589888
1607243874.083764315
1607243874.183948040
1607243874.284090281
1607243874.384226799
1607243874.484366179
1607243874.584519386
1607243874.684658289
1607243874.784798145
1607243874.884937048
1607243874.985121250
1607243875.085259438
1607243875.185413361
1607243875.285554886
1607243875.385692358
1607243875.485827684
1607243875.585962057
1607243875.686103821
1607243875.786272764
1607243875.886412144
1607243875.986547709
1607243876.086682081
1607243876.186817884
1607243876.286965370
1607243876.387115717
1607243876.487253428
1607243876.587392569
1607243876.687529325
1607243876.787678242
1607243876.887818098
1607243876.987975836
1607243877.088113308
1607243877.188250542
1607243877.288386822
1607243877.388525963
1607243877.488667965
1607243877.588809729
1607243877.688948393
1607243877.789090633
1607243877.889232874
1607243877.989367485
1607243878.089503050
1607243878.189645052
1607243878.289831161
1607243878.389966488
1607243878.490100145
1607243878.590234041
1607243878.690370083
1607243878.790510178
1607243878.890646935
1607243878.990779400
1607243879.090912342
1607243879.191047430
1607243879.291182995
1607243879.391337156
1607243879.491476536
1607243879.591629744
1607243879.691844940
1607243879.791995287
1607243879.892133951
1607243879.992280245
1607243880.092423677
1607243880.192588091
1607243880.292725563
1607243880.392859936
1607243880.492993593
1607243880.593143940
1607243880.693351984
1607243880.793515205
1607243880.893650770
1607243880.993785143
1607243881.093919277
1607243881.194055080
1607243881.294193506
1607243881.394328594
1607243881.494509220
1607243881.594643354
1607243881.694785357
1607243881.794938803
1607243881.895076275
1607243881.995210648
1607243882.095344782
1607243882.195489407
1607243882.295622349
1607243882.395755291
1607243882.495889187
1607243882.596025705
1607243882.696162701
1607243882.796319485
1607243882.896454334
1607243882.996589422
1607243883.096724033
1607243883.196863413
1607243883.296999216
1607243883.397133112
1607243883.497267246
1607243883.597402096
1607243883.697536230
1607243883.797670126
1607243883.897803068
1607243883.997936487
1607243884.098071098
1607243884.198205948
1607243884.298343182
1607243884.398478508
1607243884.498611927
1607243884.598744631
1607243884.698877811
1607243884.799010515
1607243884.899143219
1607243884.999275446
1607243885.099392891
1607243885.199527264
1607243885.299660206
1607243885.399792194
1607243885.499924421
1607243885.600060940
1607243885.700196743
1607243885.800332785
1607243885.900472164
1607243886.000615835
1607243886.100748777
1607243886.200882673
1607243886.301015139
1607243886.401146889
1607243886.501281261
1607243886.601413488
1607243886.701546669
1607243886.801679850
1607243886.901811838
1607243887.001950979
1607243887.102083683
1607243887.202217340
1607243887.302353382
1607243887.402486324
1607243887.502618790
1607243887.602751970
1607243887.702890396
1607243887.803039789
1607243887.903172731
1607243888.003305197
1607243888.103392363
1607243888.203526497
1607243888.303659201
1607243888.403791428
1607243888.503924131
1607243888.604059219
1607243888.704192877
1607243888.804327250
1607243888.904465199
1607243889.004599810
1607243889.104731560
1607243889.204864979
1607243889.304996729
1607243889.405129433
1607243889.505262613
1607243889.605396748
1607243889.705532074
1607243889.805667400
1607243889.905800581
1607243890.005933285
1607243890.106066465
1607243890.206200838
1607243890.306337833
1607243890.406473160
1607243890.506605625
1607243890.606755257
1607243890.706958055
1607243890.807100058
1607243890.907234192
1607243891.007369995
1607243891.107507467
1607243891.207642078
1607243891.307774067
1607243891.407906532
1607243891.508040190
1607243891.608176708
1607243891.708310127
1607243891.808452606
1607243891.908593655
1607243892.008728743
1607243892.108861446
1607243892.208996773
1607243892.309129953
1607243892.409262180
1607243892.509394407
1607243892.609528303
1607243892.709661245
1607243892.809794664
1607243892.909926176
1607243893.010058165
1607243893.110190392
1607243893.210324526
1607243893.310461283
1607243893.410594940
1607243893.510727406
1607243893.610860586
1607243893.711015224
1607243893.811169147
1607243893.911304712
1607243894.011392117
1607243894.111524820
1607243894.211658955
1607243894.311793089
1607243894.411925316
1607243894.512057781
1607243894.612192869
1607243894.712327242
1607243894.812460661
1607243894.912594557
1607243895.012732983
1607243895.112865925
1607243895.212999821
1607243895.313131571
1607243895.413264751
1607243895.513396740
1607243895.613530159
1607243895.713663101
1607243895.813795567
1607243895.913928509
1607243896.014060497
1607243896.114193439
1607243896.214328051
1607243896.314464331
1607243896.414597034
1607243896.514729500
1607243896.614862442
1607243896.714995146
1607243896.815127611
1607243896.915260315
1607243897.015392303
1607243897.115524530
1607243897.215658426
1607243897.315790176
1607243897.415921450
1607243897.516054630
1607243897.616190910
1607243897.716326952
1607243897.816462517
1607243897.916599751
1607243898.016737938
1607243898.116870403
1607243898.217003822
1607243898.317136288
1607243898.417268515
1607243898.517400265
1607243898.617532253
1607243898.717664957
1607243898.817796946
1607243898.917929173
1607243899.018060684
1607243899.118193626
1607243899.218327999
1607243899.318464279
1607243899.418596506
1607243899.518728495
1607243899.618862391
1607243899.719001293
1607243899.819149017
1607243899.919282436
1607243900.019392729
1607243900.119526863
1607243900.219660521
1607243900.319792271
1607243900.419924259
1607243900.520056486
1607243900.620191574
1607243900.720324278
1607243900.820458174
1607243900.920594215
1607243901.020732164
1607243901.120865583
1607243901.221000433
1607243901.321132898
1607243901.421264648
1607243901.521396875
1607243901.621530056
1607243901.721665382
1607243901.821800470
1607243901.921933651
1607243902.022065878
1607243902.122199297
1607243902.222334623
1607243902.322470903
1607243902.422603607
1607243902.522736311
1607243902.622868776
1607243902.723001003
1607243902.823134184
1607243902.923267365
1607243903.023391962
1607243903.123524189
1607243903.223657608
1607243903.323789358
1607243903.423920870
1607243903.524053812
1607243903.624205351
1607243903.724390984
1607243903.824528933
1607243903.924664974
1607243904.024804115
1607243904.124938011
1607243904.225071907
1607243904.325204372
1607243904.425336361
1607243904.525468826
1607243904.625602007
1607243904.725735188
1607243904.825871468
1607243904.926003933
1607243905.026136398
1607243905.126268148
1607243905.226402044
1607243905.326538801
1607243905.426671982
1607243905.526804686
1607243905.626938343
1607243905.727077246
1607243905.827226400
1607243905.927362919
1607243906.027499437
1607243906.127632618
1607243906.227767467
1607243906.327899694
1607243906.428032398
1607243906.528164864
1607243906.628299713
1607243906.728432655
1607243906.828566074
1607243906.928702354
1607243907.028840780
1607243907.128974199
1607243907.229108572
1607243907.329240799
1607243907.429372549
1607243907.529504776
1607243907.629638433
1607243907.729773283
1607243907.829906225
1607243907.930039167
1607243908.030171394
1607243908.130304337
1607243908.230438232
1607243908.330574751
1607243908.430706978
1607243908.530839205
1607243908.630971670
1607243908.731104136
1607243908.831235886
1607243908.931369066
1607243909.031504869
1607243909.131636381
1607243909.231768370
1607243909.331900597
1607243909.432039499
1607243909.532172918
1607243909.632308483
1607243909.732444048
1607243909.832578897
1607243909.932713509
1607243910.032847404
1607243910.132994890
1607243910.233130455
1607243910.333265305
1607243910.433397770
1607243910.533530951
1607243910.633663177
1607243910.733798742
1607243910.833944559
1607243910.934080601
1607243911.034214973
1607243911.134349823
1607243911.234485149
1607243911.334622383
1607243911.434755802
1607243911.534888268
1607243911.635023117
1607243911.735155582
1607243911.835288525
1607243911.935391903
1607243912.035524130
1607243912.135656834
1607243912.235789537
1607243912.335921288
1607243912.436052799
1607243912.536185265
1607243912.636321068
1607243912.736454248
1607243912.836594582
1607243912.936728954
1607243913.036862850
1607243913.136998415
1607243913.237134933
1607243913.337266922
1607243913.437399149
1607243913.537532806
1607243913.637668133
1607243913.737803221
1607243913.837937832
1607243913.938071489
1607243914.038203478
1607243914.138336897
1607243914.238471508
1607243914.338608265
1607243914.438741684
1607243914.538874149
1607243914.639007092
1607243914.739140987
1607243914.839276791
1607243914.939392090
1607243915.039524317
1607243915.139656782
1607243915.239791393
1607243915.339930058
1607243915.440062284
1607243915.540211439
1607243915.640412569
1607243915.740549088
1607243915.840682983
1607243915.940817356
1607243916.040951967
1607243916.141092062
1607243916.241227388
1607243916.341360807
1607243916.441499710
1607243916.541631699
1607243916.641763926
1607243916.741897106
1607243916.842030525
1607243916.942163467
1607243917.042294979
1607243917.142426729
1607243917.242560625
1607243917.342697144
1607243917.442830324
1607243917.542962074
1607243917.643096685
1607243917.743231773
1607243917.843368292
1607243917.943508625
1607243918.043640614
1607243918.143773079
1607243918.243906975
1607243918.344039440
1607243918.444171429
1607243918.544305086
1607243918.644440413
1607243918.744572401
1607243918.844705343
1607243918.944839239
1607243919.044971228
1607243919.145105362
1607243919.245244741
1607243919.345378160
1607243919.445511103
1607243919.545643091
1607243919.645777225
1607243919.745909929
1607243919.846042871
1607243919.946175575
1607243920.046308279
1607243920.146441460
1607243920.246575356
1607243920.346711874
1607243920.446844578
1607243920.546977997
1607243920.647110939
1607243920.747244120
1607243920.847376823
1607243920.947511435
1607243921.047643185
1607243921.147775173
1607243921.247908354
1607243921.348040819
1607243921.448173285
1607243921.548305988
1607243921.648441553
1607243921.748584032
1607243921.848717690
1607243921.948852777
1607243922.048985958
1607243922.149120569
1607243922.249263763
1607243922.349396944
1607243922.449528933
1607243922.549660444
1607243922.649796009
1607243922.749927998
1607243922.850060701
1607243922.950193167
1607243923.050326347
1607243923.150459766
1607243923.250593424
1607243923.350728989
1607243923.450860977
1607243923.550992727
1607243923.651127577
1607243923.751262665
1607243923.851392269
1607243923.951525688
1607243924.051657438
1607243924.151789904
1607243924.251923323
1607243924.352054834
1607243924.452186823
1607243924.552319288
1607243924.652454138
1607243924.752588034
1607243924.852720976
1607243924.952855825
1607243925.052987814
1607243925.153120518
1607243925.253258467
1607243925.353392363
1607243925.453524828
1607243925.553657770
1607243925.653797388
1607243925.753933191
1607243925.854067087
1607243925.954200029
1607243926.054332495
1607243926.154465437
1607243926.254599571
1607243926.354736090
1607243926.454869270
1607243926.555001497
1607243926.655133247
1607243926.755265236
1607243926.855392218
1607243926.955525160
1607243927.055657148
1607243927.155789614
1607243927.255923271
1607243927.356055021
1607243927.456187963
1607243927.556320906
1607243927.656456232
1607243927.756589413
1607243927.856722832
1607243927.956858158
1607243928.056990862
1607243928.157132864
1607243928.257307053
1607243928.357443810
1607243928.457578182
1607243928.557710648
1607243928.657843590
1607243928.757977009
1607243928.858109713
1607243928.958242893
1607243929.058374882
1607243929.158506155
1607243929.258640289
1607243929.358776569
1607243929.458910227
1607243929.559043169
1607243929.659179926
1607243929.759329319
1607243929.859478712
1607243929.959610939
1607243930.059744358
1607243930.159878492
1607243930.260014534
1607243930.360146761
1607243930.460279703
1607243930.560412884
1607243930.660548449
1607243930.760681152
1607243930.860814095
1607243930.960949898
1607243931.061082602
1607243931.161215305
1607243931.261350155
1607243931.361488819
1607243931.461621284
1607243931.561754465
1607243931.661887646
1607243931.762020588
1607243931.862153053
1607243931.962286234
1607243932.062418938
1607243932.162551641
1607243932.262686253
1607243932.362821341
1607243932.462954283
1607243932.563086748
1607243932.663220167
1607243932.763352633
1607243932.863489389
1607243932.963621378
1607243933.063753605
1607243933.163886547
1607243933.264022827
1607243933.364156008
1607243933.464288473
1607243933.564421654
1607243933.664556980
1607243933.764694214
1607243933.864828110
1607243933.964962244
1607243934.065094233
1607243934.165226221
1607243934.265361071
1607243934.365498066
1607243934.465631008
1607243934.565763235
1607243934.665895700
1607243934.766028404
1607243934.866161108
1607243934.966294050
1607243935.066426039
1607243935.166558504
1607243935.266693830
1607243935.366827488
1607243935.466959953
1607243935.567091465
1607243935.667227745
1607243935.767373085
1607243935.867509604
1607243935.967641592
1607243936.067773104
1607243936.167906046
1607243936.268039703
1607243936.368171453
1607243936.468303919
1607243936.568438768
1607243936.668572426
1607243936.768704891
1607243936.868837833
1607243936.968971968
1607243937.069104910
1607243937.169237137
1607243937.269371986
1607243937.369509935
1607243937.469643831
1607243937.569776297
1607243937.669909954
1607243937.770046473
1607243937.870180130
1607243937.970312834
1607243938.070445299
1607243938.170578003
1607243938.270714283
1607243938.370847702
1607243938.470980406
1607243938.571112633
1607243938.671245813
1607243938.771382093
1607243938.871514559
1607243938.971647978
1607243939.071779966
1607243939.171911955
1607243939.272046089
1607243939.372178316
1607243939.472311497
1607243939.572462082
1607243939.672662497
1607243939.772801399
1607243939.872934580
1607243939.973069429
1607243940.073209524
1607243940.173393011
1607243940.273529291
1607243940.373663187
1607243940.473803282
1607243940.573936462
1607243940.674085140
1607243940.774279833
1607243940.874415159
1607243940.974548101
1607243941.074680328
1607243941.174813032
1607243941.274949789
1607243941.375083447
1607243941.475215673
1607243941.575348377
1607243941.675487518
1607243941.775641441
1607243941.875778675
1607243941.975913048
1607243942.076045036
1607243942.176177740
1607243942.276312113
1607243942.376443863
1607243942.476577759
1607243942.576712608
1607243942.676846266
1607243942.776978254
1607243942.877112150
1607243942.977247000
1607243943.077379227
1607243943.177510738
1607243943.277644873
1607243943.377781630
1607243943.477913141
1607243943.578045130
1607243943.678177834
1607243943.778310061
1607243943.878442287
1607243943.978574038
1607243944.078706503
1607243944.178838730
1607243944.278974771
1607243944.379107952
1607243944.479240417
1607243944.579372168
1607243944.679508686
1607243944.779641390
1607243944.879773855
1607243944.979907751
1607243945.080039501
1607243945.180171490
1607243945.280305147
1607243945.380437136
1607243945.480570316
1607243945.580705166
1607243945.680841208
1607243945.780976295
1607243945.881110907
1607243945.981245279
1607243946.081377506
1607243946.181509733
1607243946.281642914
1607243946.381776094
1607243946.481914282
1607243946.582046509
1607243946.682179451
1607243946.782312632
1607243946.882445812
1607243946.982578754
1607243947.082710266
1607243947.182842731
1607243947.282980680
1607243947.383119822
1607243947.483258724
1607243947.583392143
1607243947.683525085
1607243947.783645391
1607243947.883645296
1607243947.983645439
1607243948.083645344
1607243948.183645487
1607243948.283645153
1607243948.383645296
1607243948.483645678
1607243948.583645344
1607243948.683645248
1607243948.783644915
1607243948.883646011
1607243948.983644962
1607243949.083645105
1607243949.183645487
1607243949.283645391
1607243949.383646727
1607243949.483645916
1607243949.583645344
1607243949.683645964
1607243949.783645630
1607243949.883645296
1607243949.983645201
1607243950.083645344
1607243950.183646679
1607243950.283645630
1607243950.383644819
1607243950.483645201
1607243950.583660364
1607243950.683645964
1607243950.783645391
1607243950.883645296
1607243950.983645201
1607243951.083645344
1607243951.183645487
1607243951.283645391
1607243951.383645773
1607243951.483645916
1607243951.583645582
1607243951.683645487
1607243951.783645391
1607243951.883645535
1607243951.983645439
1607243952.083645105
1607243952.183645725
1607243952.283645630
1607243952.383646727
1607243952.483645916
1607243952.583645344
1607243952.683645725
1607243952.783645630
1607243952.883645773
1607243952.983645439
1607243953.083645344
1607243953.183645248
1607243953.283645630
1607243953.383645296
1607243953.483645439
1607243953.583645582
1607243953.683649540
1607243953.783646345
1607243953.883645296
1607243953.983645439
1607243954.083645344
1607243954.183645725
1607243954.283645391
1607243954.383645296
1607243954.483645916
1607243954.583645344
1607243954.683645248
1607243954.783645391
1607243954.883645773
1607243954.983645678
1607243955.083645344
1607243955.183645964
1607243955.283645391
1607243955.383645535
1607243955.483660460
1607243955.583645344
1607243955.683645248
1607243955.783645391
1607243955.883645296
1607243955.983645439
1607243956.083645344
1607243956.183645487
1607243956.283645630
1607243956.383645535
1607243956.483645439
1607243956.583645105
1607243956.683645248
1607243956.783644915
1607243956.883645535
1607243956.983645201
1607243957.083645344
1607243957.183645725
1607243957.283645391
1607243957.383645535
1607243957.483645916
1607243957.583645344
1607243957.683645725
1607243957.783645630
1607243957.883645773
1607243957.983645201
1607243958.083645344
1607243958.183645725
1607243958.283645630
1607243958.383645296
1607243958.483645916
1607243958.583645582
1607243958.683645248
1607243958.783645153
1607243958.883645535
1607243958.983645439
1607243959.083645582
1607243959.183646202
1607243959.283645630
1607243959.383645296
1607243959.483645439
1607243959.583645105
1607243959.683648825
1607243959.783645391
1607243959.883645535
1607243959.983645201
1607243960.083645821
1607243960.183645725
1607243960.283645391
1607243960.383645535
1607243960.483645678
1607243960.583645344
1607243960.683645487
1607243960.783645630
1607243960.883646011
1607243960.983644962
1607243961.083645105
1607243961.183646202
1607243961.283645153
1607243961.383645296
1607243961.483645439
1607243961.583646536
1607243961.683645964
1607243961.783645630
1607243961.883645296
1607243961.983645678
1607243962.083645344
1607243962.183645487
1607243962.283645630
1607243962.383645296
1607243962.483645439
1607243962.583645344
1607243962.683645010
1607243962.783645630
1607243962.883645535
1607243962.983645201
1607243963.083645344
1607243963.183645725
1607243963.283645153
1607243963.383645058
1607243963.483646154
1607243963.583661318
1607243963.683647871
1607243963.783645630
1607243963.883646011
1607243963.983645439
1607243964.083645105
1607243964.183646202
1607243964.283645391
1607243964.383645296
1607243964.483645916
1607243964.583646059
1607243964.683645487
1607243964.783645391
1607243964.883645535
1607243964.983645201
1607243965.083645105
1607243965.183646202
1607243965.283645630
1607243965.383645296
1607243965.483645439
1607243965.583645582
1607243965.683645964
1607243965.783645630
1607243965.883646727
1607243965.983645201
1607243966.083645582
1607243966.183645487
1607243966.283645153
1607243966.383645296
1607243966.483645916
1607243966.583645821
1607243966.683645248
1607243966.783645153
1607243966.883646011
1607243966.983645201
1607243967.083645105
1607243967.183645964
1607243967.283645391
1607243967.383645296
1607243967.483645201
1607243967.583646059
1607243967.683646441
1607243967.783645630
1607243967.883645296
1607243967.983645439
1607243968.083645344
1607243968.183645487
1607243968.283645630
1607243968.383645535
1607243968.483645439
1607243968.583645582
1607243968.683645248
1607243968.783645391
1607243968.883645535
1607243968.983645201
1607243969.083645582
1607243969.183645487
1607243969.283645153
1607243969.383645296
1607243969.483645678
1607243969.583645582
1607243969.683645964
1607243969.783645391
1607243969.883646250
1607243969.983645201
1607243970.083645344
1607243970.183645487
1607243970.283645391
1607243970.383645058
1607243970.483645439
1607243970.583645344
1607243970.683650494
1607243970.783646345
1607243970.883646011
1607243970.983645916
1607243971.083645582
1607243971.183647394
1607243971.283645630
1607243971.383645773
1607243971.483645439
1607243971.583645344
1607243971.683645964
1607243971.783645630
1607243971.883645296
1607243971.983645439
1607243972.083645344
1607243972.183645725
1607243972.283645391
1607243972.383645296
1607243972.483645678
1607243972.583645821
1607243972.683646202
1607243972.783645630
1607243972.883646250
1607243972.983645678
1607243973.083645582
1607243973.183645487
1607243973.283645391
1607243973.383645535
1607243973.483645678
1607243973.583645821
1607243973.683646917
1607243973.783645868
1607243973.883646011
1607243973.983645201
