1607243664.079967499
1607243664.179965734
1607243664.279961109
1607243664.379962683
1607243664.479960442
1607243664.579961300
1607243664.679963350
1607243664.779960394
1607243664.879961014
1607243664.979960918
1607243665.079960823
1607243665.179960966
1607243665.279962540
1607243665.379960775
1607243665.479960918
1607243665.579960346
1607243665.679960966
1607243665.779960871
1607243665.879961491
1607243665.979960680
1607243666.079960585
1607243666.179960489
1607243666.279961109
1607243666.379960299
1607243666.479962349
1607243666.579961061
1607243666.679960489
1607243666.779960632
1607243666.879961491
1607243666.979960442
1607243667.079961777
1607243667.179960489
1607243667.279960155
1607243667.379960775
1607243667.479960203
1607243667.579960346
1607243667.679967880
1607243667.779961348
1607243667.879961014
1607243667.979960442
1607243668.079960346
1607243668.179963589
1607243668.279962778
1607243668.379961014
1607243668.479960680
1607243668.579960346
1607243668.679960489
1607243668.779960871
1607243668.879962444
1607243668.979960918
1607243669.079960823
1607243669.179960489
1607243669.279960871
1607243669.379960060
1607243669.479962587
1607243669.579976320
1607243669.679962635
1607243669.779961586
1607243669.879961491
1607243669.979960680
1607243670.079962254
1607243670.179960728
1607243670.279960394
1607243670.379961014
1607243670.479960203
1607243670.579961777
1607243670.679966450
1607243670.779961348
1607243670.879961014
1607243670.979960680
1607243671.079960346
1607243671.179960966
1607243671.279961824
1607243671.379960775
1607243671.479960203
1607243671.579960346
1607243671.679963827
1607243671.779961109
1607243671.879962444
1607243671.979961395
1607243672.079960346
1607243672.179960489
1607243672.279960632
1607243672.379960299
1607243672.479962111
1607243672.579960823
1607243672.679960728
1607243672.779960632
1607243672.879961252
1607243672.979960442
1607243673.079961538
1607243673.179960489
1607243673.279960394
1607243673.379960299
1607243673.479960680
1607243673.579960346
1607243673.679966450
1607243673.779961348
1607243673.879961252
1607243673.979960680
1607243674.079960823
1607243674.179960728
1607243674.279962063
1607243674.379960537
1607243674.479960680
1607243674.579960585
1607243674.679960489
1607243674.779960394
1607243674.879961729
1607243674.979960442
1607243675.079960585
1607243675.179960489
1607243675.279960632
1607243675.379960299
1607243675.479961157
1607243675.579960585
1607243675.679960489
1607243675.779960394
1607243675.879961252
1607243675.979960680
1607243676.079960346
1607243676.179960251
1607243676.279960632
1607243676.379960775
1607243676.479960203
1607243676.579960346
1607243676.679962158
1607243676.779960394
1607243676.879960775
1607243676.979960203
1607243677.079960108
1607243677.179960728
1607243677.279960394
1607243677.379960299
1607243677.479960680
1607243677.579960108
1607243677.679961443
1607243677.779960871
1607243677.879961014
1607243677.979960442
1607243678.079960346
1607243678.179960728
1607243678.279960632
1607243678.379960299
1607243678.479960680
1607243678.579960823
1607243678.679960251
1607243678.779960632
1607243678.879961014
1607243678.979960680
1607243679.079960346
1607243679.179960251
1607243679.279960632
1607243679.379960299
1607243679.479960203
1607243679.579960585
1607243679.679961443
1607243679.779960394
1607243679.879960775
1607243679.979961157
1607243680.079960346
1607243680.179960489
1607243680.279960632
1607243680.379960537
1607243680.479960680
1607243680.579960346
1607243680.679960728
1607243680.779960632
1607243680.879961252
1607243680.979960442
1607243681.079960346
1607243681.179960728
1607243681.279960632
1607243681.379960537
1607243681.479960918
1607243681.579975128
1607243681.679961443
1607243681.779960632
1607243681.879961729
1607243681.979960442
1607243682.079960585
1607243682.179960251
1607243682.279960632
1607243682.379960537
1607243682.479960203
1607243682.579960346
1607243682.679960251
1607243682.779961824
1607243682.879960775
1607243682.979960442
1607243683.079960346
1607243683.179960489
1607243683.279960155
1607243683.379960060
1607243683.479960203
1607243683.579960346
1607243683.679962635
1607243683.779960155
1607243683.879960299
1607243683.979960442
1607243684.079960346
1607243684.179960489
1607243684.279960394
1607243684.379960299
1607243684.479960680
1607243684.579960823
1607243684.679960012
1607243684.779960394
1607243684.879960775
1607243684.979960203
1607243685.079960346
1607243685.179960251
1607243685.279960632
1607243685.379960299
1607243685.479960203
1607243685.579960346
1607243685.679960966
1607243685.779961586
1607243685.879960775
1607243685.979960442
1607243686.079960585
1607243686.179960489
1607243686.279960871
1607243686.379960299
1607243686.479960442
1607243686.579959869
1607243686.679960012
1607243686.779959917
1607243686.879960299
1607243686.979960680
1607243687.079960346
1607243687.179960489
1607243687.279960394
1607243687.379960060
1607243687.479960680
1607243687.579960346
1607243687.679960489
1607243687.779960155
1607243687.879960775
1607243687.979960918
1607243688.079960585
1607243688.179960251
1607243688.279960394
1607243688.379960537
1607243688.479960442
1607243688.579960346
1607243688.679960012
1607243688.779960155
1607243688.879961014
1607243688.979961157
1607243689.079960346
1607243689.179960728
1607243689.279960632
1607243689.379960775
1607243689.479960442
1607243689.579960108
1607243689.679960728
1607243689.779960394
1607243689.879960299
1607243689.979960918
1607243690.079960346
1607243690.179960251
1607243690.279960394
1607243690.379960537
1607243690.479960918
1607243690.579960346
1607243690.679960251
1607243690.779960155
1607243690.879960775
1607243690.979960442
1607243691.079960346
1607243691.179960251
1607243691.279960155
1607243691.379960299
1607243691.479960203
1607243691.579960585
1607243691.679960489
1607243691.779960871
1607243691.879960537
1607243691.979960680
1607243692.079960108
1607243692.179960489
1607243692.279960394
1607243692.379961014
1607243692.479960680
1607243692.579960346
1607243692.679960489
1607243692.779960394
1607243692.879960299
1607243692.979960680
1607243693.079960108
1607243693.179960251
1607243693.279960155
1607243693.379960060
1607243693.479960918
1607243693.579975367
1607243693.679962873
1607243693.779960871
1607243693.879960775
1607243693.979961872
1607243694.079960585
1607243694.179960728
1607243694.279960632
1607243694.379960775
1607243694.479960442
1607243694.579960108
1607243694.679960012
1607243694.779960155
1607243694.879962444
1607243694.979961157
1607243695.079960585
1607243695.179960728
1607243695.279960632
1607243695.379960299
1607243695.479960442
1607243695.579960585
1607243695.679962873
1607243695.779960632
1607243695.879960775
1607243695.979962349
1607243696.079960346
1607243696.179960489
1607243696.279960155
1607243696.379960537
1607243696.479960918
1607243696.579960346
1607243696.679960489
1607243696.779960632
1607243696.879960537
1607243696.979960918
1607243697.079960585
1607243697.179960251
1607243697.279960155
1607243697.379960299
1607243697.479960680
1607243697.579960346
1607243697.679961205
1607243697.779960871
1607243697.879960060
1607243697.979961157
1607243698.079960823
1607243698.179960966
1607243698.279960394
1607243698.379961014
1607243698.479960203
1607243698.579960585
1607243698.679960251
1607243698.779960155
1607243698.879960299
1607243698.979961157
1607243699.079960346
1607243699.179960728
1607243699.279960394
1607243699.379960060
1607243699.479960918
1607243699.579960585
1607243699.679960489
1607243699.779960394
1607243699.879960775
1607243699.979961395
1607243700.079965591
1607243700.179960966
1607243700.279960155
1607243700.379960537
1607243700.479960203
1607243700.579960346
1607243700.679960966
1607243700.779960632
1607243700.879961014
1607243700.979960442
1607243701.079960108
1607243701.179960728
1607243701.279960394
1607243701.379960775
1607243701.479960680
1607243701.579960585
1607243701.679960966
1607243701.779960632
1607243701.879960299
1607243701.979960918
1607243702.079960108
1607243702.179960728
1607243702.279960155
1607243702.379960299
1607243702.479960918
1607243702.579960585
1607243702.679960489
1607243702.779960394
1607243702.879960537
1607243702.979960680
1607243703.079960346
1607243703.179960251
1607243703.279960394
1607243703.379960537
1607243703.479960442
1607243703.579960585
1607243703.679960489
1607243703.779960394
1607243703.879960299
1607243703.979963541
1607243704.079960346
1607243704.179960489
1607243704.279960394
1607243704.379960537
1607243704.479960442
1607243704.579960346
1607243704.679960251
1607243704.779960632
1607243704.879960299
1607243704.979960680
1607243705.079960108
1607243705.179960251
1607243705.279960394
1607243705.379960299
1607243705.479960918
1607243705.579975128
1607243705.679961920
1607243705.779960871
1607243705.879961252
1607243705.979961157
1607243706.079960108
1607243706.179960251
1607243706.279960394
1607243706.379960537
1607243706.479960442
1607243706.579960346
1607243706.679960012
1607243706.779960394
1607243706.879960299
1607243706.979962111
1607243707.079960585
1607243707.179960966
1607243707.279960632
1607243707.379960537
1607243707.479960203
1607243707.579960585
1607243707.679960251
1607243707.779960394
1607243707.879960299
1607243707.979961157
1607243708.079960585
1607243708.179960489
1607243708.279960155
1607243708.379960775
1607243708.479961157
1607243708.579960823
1607243708.679960489
1607243708.779960394
1607243708.879961014
1607243708.979960918
1607243709.079960346
1607243709.179960251
1607243709.279960632
1607243709.379960299
1607243709.479960442
1607243709.579960346
1607243709.679960728
1607243709.779960632
1607243709.879960299
1607243709.979961157
1607243710.079962254
1607243710.179960728
1607243710.279960632
1607243710.379960775
1607243710.479960442
1607243710.579960585
1607243710.679975748
1607243710.779960871
1607243710.879960299
1607243710.979960680
1607243711.079960346
1607243711.179960251
1607243711.279960394
1607243711.379960299
1607243711.479960918
1607243711.579960823
1607243711.679960489
1607243711.779960155
1607243711.879961014
1607243711.979960918
1607243712.079960346
1607243712.179960251
1607243712.279960394
1607243712.379960537
1607243712.479960442
1607243712.579960346
1607243712.679960251
1607243712.779960632
1607243712.879960060
1607243712.979960680
1607243713.079962015
1607243713.179960251
1607243713.279960871
1607243713.379960537
1607243713.479960442
1607243713.579960585
1607243713.679964542
1607243713.779961109
1607243713.879960537
1607243713.979960918
1607243714.079960346
1607243714.179960728
1607243714.279960155
1607243714.379960775
1607243714.479960680
1607243714.579962254
1607243714.679960251
1607243714.779960394
1607243714.879961014
1607243714.979960918
1607243715.079960108
1607243715.179960251
1607243715.279960155
1607243715.379959822
1607243715.479960203
1607243715.579960823
1607243715.679960489
1607243715.779960394
1607243715.879960299
1607243715.979960680
1607243716.079961300
1607243716.179961205
1607243716.279960871
1607243716.379960775
1607243716.479960203
1607243716.579960346
1607243716.679959774
1607243716.779960155
1607243716.879960299
1607243716.979960918
1607243717.079960346
1607243717.179960489
1607243717.279960155
1607243717.379960537
1607243717.479960918
1607243717.579960585
1607243717.679960728
1607243717.779960632
1607243717.879961014
1607243717.979961157
1607243718.079960585
1607243718.179960489
1607243718.279960632
1607243718.379960537
1607243718.479960442
1607243718.579960108
1607243718.679960251
1607243718.779960632
1607243718.879960537
1607243718.979960680
1607243719.079960585
1607243719.179962873
1607243719.279960871
1607243719.379960299
1607243719.479960203
1607243719.579960823
1607243719.679962873
1607243719.779960632
1607243719.879960299
1607243719.979960680
1607243720.079960346
1607243720.179960489
1607243720.279960155
1607243720.379960775
1607243720.479960918
1607243720.579960585
1607243720.679960489
1607243720.779960155
1607243720.879961252
1607243720.979960680
1607243721.079960346
1607243721.179960489
1607243721.279960632
1607243721.379960299
1607243721.479960442
1607243721.579960346
1607243721.679960966
1607243721.779960632
1607243721.879960060
1607243721.979960680
1607243722.079961300
1607243722.179961205
1607243722.279960632
1607243722.379960775
1607243722.479960203
1607243722.579960585
1607243722.679960489
1607243722.779960632
1607243722.879960060
1607243722.979960918
1607243723.079960346
1607243723.179960489
1607243723.279960394
1607243723.379960299
1607243723.479960442
1607243723.579977036
1607243723.679961205
1607243723.779960632
1607243723.879961252
1607243723.979960918
1607243724.079960346
1607243724.179960489
1607243724.279960632
1607243724.379960299
1607243724.479960442
1607243724.579960108
1607243724.679960251
1607243724.779960394
1607243724.879960060
1607243724.979961157
1607243725.079960346
1607243725.179962397
1607243725.279960632
1607243725.379960299
1607243725.479960442
1607243725.579960346
1607243725.679962873
1607243725.779960632
1607243725.879960537
1607243725.979960918
1607243726.079960585
1607243726.179960489
1607243726.279960155
1607243726.379960537
1607243726.479960680
1607243726.579960585
1607243726.679960489
1607243726.779960394
1607243726.879960775
1607243726.979960918
1607243727.079960585
1607243727.179960489
1607243727.279960394
1607243727.379960299
1607243727.479960203
1607243727.579960346
1607243727.679960966
1607243727.779960632
1607243727.879960299
1607243727.979960918
1607243728.079960585
1607243728.179962635
1607243728.279960871
1607243728.379960775
1607243728.479960442
1607243728.579960346
1607243728.679960251
1607243728.779960394
1607243728.879960537
1607243728.979960680
1607243729.079960585
1607243729.179960489
1607243729.279960394
1607243729.379960537
1607243729.479960918
1607243729.579960346
1607243729.679960966
1607243729.779960632
1607243729.879961014
1607243729.979960918
1607243730.079960346
1607243730.179960728
1607243730.279960632
1607243730.379960537
1607243730.479960442
1607243730.579960346
1607243730.679962873
1607243730.779961109
1607243730.879960775
1607243730.979960680
1607243731.079960346
1607243731.179961681
1607243731.279960632
1607243731.379960299
1607243731.479960442
1607243731.579960585
1607243731.679963827
1607243731.779961109
1607243731.879960537
1607243731.979960918
1607243732.079960108
1607243732.179960489
1607243732.279960155
1607243732.379960775
1607243732.479960680
1607243732.579960823
1607243732.679960489
1607243732.779960632
1607243732.879963875
1607243732.979961395
1607243733.079967022
1607243733.179962397
1607243733.279960871
1607243733.379960775
1607243733.479960918
1607243733.579960585
1607243733.679960966
1607243733.779961586
1607243733.879961491
1607243733.979961157
1607243734.079960585
1607243734.179960489
1607243734.279961824
1607243734.379961014
1607243734.479960442
1607243734.579960346
1607243734.679960489
1607243734.779960632
1607243734.879960537
1607243734.979960680
1607243735.079960108
1607243735.179960489
1607243735.279960632
1607243735.379960060
1607243735.479960442
1607243735.579993010
1607243735.679961205
1607243735.779960394
1607243735.879960775
1607243735.979960918
1607243736.079960108
1607243736.179960251
1607243736.279960394
1607243736.379960537
1607243736.479960442
1607243736.579960346
1607243736.679960728
1607243736.779960632
1607243736.879960299
1607243736.979961395
1607243737.079960585
1607243737.179960489
1607243737.279961586
1607243737.379960299
1607243737.479977846
1607243737.579970121
1607243737.679966688
1607243737.779961109
1607243737.879960299
1607243737.979960918
1607243738.079960585
1607243738.179960251
1607243738.279960394
1607243738.379960775
1607243738.479960918
1607243738.579960823
1607243738.679960489
1607243738.779960394
1607243738.879961252
1607243738.979960680
1607243739.079960346
1607243739.179960489
1607243739.279960394
1607243739.379960537
1607243739.479960442
1607243739.579960823
1607243739.679960251
1607243739.779960632
1607243739.879960299
1607243739.979960680
1607243740.079960823
1607243740.179960728
1607243740.279960632
1607243740.379961729
1607243740.479960918
1607243740.579960585
1607243740.679960251
1607243740.779960632
1607243740.879961491
1607243740.979960680
1607243741.079960585
1607243741.179960251
1607243741.279960394
1607243741.379960299
1607243741.479961395
1607243741.579960585
1607243741.679960966
1607243741.779960871
1607243741.879960775
1607243741.979960918
1607243742.079960346
1607243742.179960489
1607243742.279960394
1607243742.379960299
1607243742.479960680
1607243742.579960346
1607243742.679960489
1607243742.779960394
1607243742.879960060
1607243742.979960680
1607243743.079960346
1607243743.179960966
1607243743.279961348
1607243743.379960537
1607243743.479960442
1607243743.579960823
1607243743.679962635
1607243743.779960632
1607243743.879960537
1607243743.979960680
1607243744.079960108
1607243744.179960012
1607243744.279960394
1607243744.379960060
1607243744.479960918
1607243744.579960585
1607243744.679960251
1607243744.779960155
1607243744.879961491
1607243744.979960442
1607243745.079960346
1607243745.179960489
1607243745.279960155
1607243745.379960537
1607243745.479960680
1607243745.579960346
1607243745.679960966
1607243745.779960871
1607243745.879960537
1607243745.979961157
1607243746.079960346
1607243746.179960728
1607243746.279960871
1607243746.379961252
1607243746.479960918
1607243746.579960108
1607243746.679960251
1607243746.779960394
1607243746.879960060
1607243746.979960680
1607243747.079960585
1607243747.179960251
1607243747.279960632
1607243747.379960299
1607243747.479960442
1607243747.579976082
1607243747.679973841
1607243747.779960871
1607243747.879961491
1607243747.979960680
1607243748.079960346
1607243748.179960728
1607243748.279960394
1607243748.379960537
1607243748.479960918
1607243748.579960585
1607243748.679960489
1607243748.779960394
1607243748.879960537
1607243748.979960918
1607243749.079960346
1607243749.179960728
1607243749.279960394
1607243749.379960299
1607243749.479961634
1607243749.579960108
1607243749.679964066
1607243749.779961109
1607243749.879960537
1607243749.979960918
1607243750.079960346
1607243750.179960489
1607243750.279960155
1607243750.379960537
1607243750.479960680
1607243750.579960346
1607243750.679960251
1607243750.779960394
1607243750.879961014
1607243750.979960442
1607243751.079960585
1607243751.179960489
1607243751.279959917
1607243751.379960060
1607243751.479959965
1607243751.579960346
1607243751.679960251
1607243751.779960394
1607243751.879960299
1607243751.979960680
1607243752.079960108
1607243752.179960728
1607243752.279960394
1607243752.379960775
1607243752.479960918
1607243752.579960346
1607243752.679960251
1607243752.779960394
1607243752.879960060
1607243752.979960680
1607243753.079960346
1607243753.179960251
1607243753.279960394
1607243753.379960299
1607243753.479960918
1607243753.579960585
1607243753.679960728
1607243753.779960632
1607243753.879961014
1607243753.979961872
1607243754.079960585
1607243754.179960489
1607243754.279960632
1607243754.379960537
1607243754.479960442
1607243754.579960108
1607243754.679960251
1607243754.779960394
1607243754.879960537
1607243754.979960918
1607243755.079960108
1607243755.179960966
1607243755.279960394
1607243755.379961014
1607243755.479961157
1607243755.579960823
1607243755.679963589
1607243755.779960632
1607243755.879960537
1607243755.979961157
1607243756.079960823
1607243756.179960489
1607243756.279960632
1607243756.379960299
1607243756.479960680
1607243756.579960346
1607243756.679960251
1607243756.779960632
1607243756.879961491
1607243756.979961157
1607243757.079960585
1607243757.179960489
1607243757.279960155
1607243757.379960775
1607243757.479960442
1607243757.579960346
1607243757.679961205
1607243757.779960632
1607243757.879960775
1607243757.979960680
1607243758.079960346
1607243758.179960966
1607243758.279960871
1607243758.379960299
1607243758.479961634
1607243758.579960585
1607243758.679960251
1607243758.779960155
1607243758.879960299
1607243758.979960918
1607243759.079960346
1607243759.179960489
1607243759.279960632
1607243759.379960060
1607243759.479960918
1607243759.579992056
1607243759.679961205
1607243759.779960394
1607243759.879961729
1607243759.979961395
1607243760.079965353
1607243760.179960966
1607243760.279960394
1607243760.379960537
1607243760.479960680
1607243760.579960823
1607243760.679975033
1607243760.779960871
1607243760.879960775
1607243760.979960918
1607243761.079960108
1607243761.179960966
1607243761.279960394
1607243761.379960060
1607243761.479960442
1607243761.579961538
1607243761.679964066
1607243761.779961586
1607243761.879960537
1607243761.979960918
1607243762.079960346
1607243762.179960489
1607243762.279960394
1607243762.379960299
1607243762.479961157
1607243762.579960585
1607243762.679960489
1607243762.779960632
1607243762.879961014
1607243762.979960680
1607243763.079960585
1607243763.179960251
1607243763.279960871
1607243763.379960537
1607243763.479959965
1607243763.579960585
1607243763.679960728
1607243763.779960394
1607243763.879960299
1607243763.979960918
