1607244398.993631840
1607244399.094307899
1607244399.194702864
1607244399.295066118
1607244399.395421743
1607244399.495743990
1607244399.596188068
1607244399.696508646
1607244399.796807289
1607244399.897169113
1607244399.997533083
1607244400.097861290
1607244400.198299646
1607244400.298636436
1607244400.398991346
1607244400.499342442
1607244400.599660873
1607244400.699996710
1607244400.800438643
1607244400.900843382
1607244401.001218319
1607244401.101528406
1607244401.201855183
1607244401.302231550
1607244401.402647018
1607244401.502962828
1607244401.603338718
1607244401.703658581
1607244401.803960323
1607244401.904339790
1607244402.004709959
1607244402.105021954
1607244402.205379963
1607244402.305741072
1607244402.406073332
1607244402.506444693
1607244402.606789589
1607244402.707152367
1607244402.807423592
1607244402.907776594
1607244403.008133173
1607244403.108471870
1607244403.208807230
1607244403.309126616
1607244403.409482479
1607244403.509780407
1607244403.610141277
1607244403.710506201
1607244403.810858488
1607244403.911177635
1607244404.011587143
1607244404.111938953
1607244404.212286472
1607244404.312654018
1607244404.412982225
1607244404.513344765
1607244404.613652468
1607244404.713966131
1607244404.814327240
1607244404.914675951
1607244405.015055895
1607244405.115361452
1607244405.215739727
1607244405.316037178
1607244405.416401625
1607244405.516701698
1607244405.617001772
1607244405.717322826
1607244405.817690134
1607244405.918054819
1607244406.018399954
1607244406.118699074
1607244406.219004393
1607244406.319319010
1607244406.419682264
1607244406.519993782
1607244406.620288134
1607244406.720637083
1607244406.820989609
1607244406.921299219
1607244407.021625757
1607244407.121993303
1607244407.222340822
1607244407.322702646
1607244407.423051119
1607244407.523352385
1607244407.623730183
1607244407.724036932
1607244407.824350119
1607244407.924656630
1607244408.025014162
1607244408.125311613
1607244408.225657225
1607244408.325962305
1607244408.426308393
1607244408.526655674
1607244408.626955271
1607244408.727304459
1607244408.827621937
1607244408.927969456
1607244409.028272390
1607244409.128560305
1607244409.228843689
1607244409.329149961
1607244409.429441452
1607244409.529734135
1607244409.630060196
1607244409.730381727
1607244409.830740452
1607244409.931053400
1607244410.031395435
1607244410.131701231
1607244410.232005119
1607244410.332313061
1607244410.432603598
1607244410.532897711
1607244410.633205891
1607244410.733500242
1607244410.833806038
1607244410.934100866
1607244411.034392834
1607244411.134685516
1607244411.234989643
1607244411.335282803
1607244411.435583115
1607244411.535877705
1607244411.636184692
1607244411.736479759
1607244411.836773634
1607244411.937066793
1607244412.037355423
1607244412.137669086
1607244412.237959862
1607244412.338255882
1607244412.438567877
1607244412.538866282
1607244412.639158487
1607244412.739424229
1607244412.839723349
1607244412.940035582
1607244413.040339470
1607244413.140668631
1607244413.240972281
1607244413.341264725
1607244413.441552877
1607244413.541857004
1607244413.642156124
1607244413.742461681
1607244413.842761040
1607244413.943059444
1607244414.043359995
1607244414.143657923
1607244414.243807077
1607244414.343955994
1607244414.444122791
1607244414.544273615
1607244414.644424915
1607244414.744575977
1607244414.844735861
1607244414.944886923
1607244415.045035601
1607244415.145186424
1607244415.245337963
1607244415.345492125
1607244415.445641756
1607244415.545792580
1607244415.645946264
1607244415.746111155
1607244415.846289873
1607244415.946443319
1607244416.046607256
1607244416.146771193
1607244416.246928692
1607244416.347078085
1607244416.447225332
1607244416.547384262
1607244416.647538424
1607244416.747689009
1607244416.847841024
1607244416.947992086
1607244417.048142672
1607244417.148293257
1607244417.248451233
1607244417.348602057
1607244417.448749781
1607244417.548901558
1607244417.649053574
1607244417.749214172
1607244417.849383831
1607244417.949534178
1607244418.049681425
1607244418.149832010
1607244418.249985695
1607244418.350140333
1607244418.450289726
1607244418.550459623
1607244418.650611877
1607244418.750764132
1607244418.850914478
1607244418.951065063
1607244419.051227808
1607244419.151395321
1607244419.251546621
1607244419.351697683
1607244419.451846600
1607244419.552053213
1607244419.652244091
1607244419.752401829
1607244419.852555513
1607244419.952709675
1607244420.052886963
1607244420.153071880
1607244420.253231287
1607244420.353405237
1607244420.453552485
1607244420.553700209
1607244420.653886557
1607244420.754071712
1607244420.854244232
1607244420.954395294
1607244421.054543734
1607244421.154692888
1607244421.254870176
1607244421.355021238
1607244421.455173492
1607244421.555325270
1607244421.655502319
1607244421.755696297
1607244421.855851889
1607244421.956004858
1607244422.056165934
1607244422.156354666
1607244422.256509781
1607244422.356661081
1607244422.456809759
1607244422.556961298
1607244422.657113075
1607244422.757266045
1607244422.857418299
1607244422.957570791
1607244423.057721853
1607244423.157889605
1607244423.258038282
1607244423.358187199
1607244423.458335400
1607244423.558483124
1607244423.658646345
1607244423.758796453
1607244423.858947039
1607244423.959098339
1607244424.059257984
1607244424.159410715
1607244424.259563446
1607244424.359714270
1607244424.459861755
1607244424.560010910
1607244424.660161495
1607244424.760313988
1607244424.860463142
1607244424.960612059
1607244425.060759544
1607244425.160924196
1607244425.261084318
1607244425.361234903
1607244425.461382627
1607244425.561555862
1607244425.661708355
1607244425.761862755
1607244425.862016201
1607244425.962171793
1607244426.062324047
1607244426.162475348
1607244426.262624502
1607244426.362775326
1607244426.462922812
1607244426.563071728
1607244426.663221598
1607244426.763370514
1607244426.863521814
1607244426.963670492
1607244427.063816071
1607244427.163966179
1607244427.264117241
1607244427.364267588
1607244427.464417219
1607244427.564565897
1607244427.664725065
1607244427.764887810
1607244427.865054846
1607244427.965206146
1607244428.065368414
1607244428.165531397
1607244428.265705347
1607244428.365854979
1607244428.466003895
1607244428.566155434
1607244428.666306257
1607244428.766457796
1607244428.866609573
1607244428.966763973
1607244429.066913605
1607244429.167063236
1607244429.267210007
1607244429.367359877
1607244429.467511177
1607244429.567661524
1607244429.667813063
1607244429.767989159
1607244429.868138313
1607244429.968286991
1607244430.068439245
1607244430.168615580
1607244430.268768311
1607244430.368921995
1607244430.469072819
1607244430.569262743
1607244430.669478416
1607244430.769632339
1607244430.869781017
1607244430.969931364
1607244431.070090771
1607244431.170258284
1607244431.270425558
1607244431.370577812
1607244431.470728874
1607244431.570883989
1607244431.671036243
1607244431.771188736
1607244431.871339798
1607244431.971498728
1607244432.071668625
1607244432.171818256
1607244432.271967411
1607244432.372118950
1607244432.472277164
1607244432.572424889
1607244432.672576189
1607244432.772726774
1607244432.872876883
1607244432.973025799
1607244433.073173285
1607244433.173323154
1607244433.273475170
1607244433.373624325
1607244433.473773479
1607244433.573924065
1607244433.674101830
1607244433.774281979
1607244433.874461651
1607244433.974611521
1607244434.074760199
1607244434.174909830
1607244434.275078535
1607244434.375240088
1607244434.475399017
1607244434.575552464
1607244434.675704718
1607244434.775856256
1607244434.876033783
1607244434.976185322
1607244435.076334476
1607244435.176484108
1607244435.276639938
1607244435.376790047
1607244435.476938725
1607244435.577089310
1607244435.677239180
1607244435.777393579
1607244435.877545595
1607244435.977695465
1607244436.077846527
1607244436.178013086
1607244436.278166056
1607244436.378319502
1607244436.478468180
1607244436.578618526
1607244436.678767920
1607244436.778918505
1607244436.879067659
1607244436.979217052
1607244437.079365492
1607244437.179531813
1607244437.279693604
1607244437.379844189
1607244437.479993105
1607244437.580144882
1607244437.680309534
1607244437.780465126
1607244437.880618095
1607244437.980769873
1607244438.080922604
1607244438.181073427
1607244438.281223297
1607244438.381373644
1607244438.481521606
1607244438.581673384
1607244438.681824446
1607244438.781975508
1607244438.882124662
1607244438.982273340
1607244439.082422733
1607244439.182573795
1607244439.282726526
1607244439.382877350
1607244439.483027935
1607244439.583206415
1607244439.683374405
1607244439.783551216
1607244439.883704185
1607244439.983855724
1607244440.084011316
1607244440.184167624
1607244440.284332037
1607244440.384496927
1607244440.484676838
1607244440.584830999
1607244440.684983015
1607244440.785133123
1607244440.885302782
1607244440.985455513
1607244441.085605621
1607244441.185756207
1607244441.285906315
1607244441.386056900
1607244441.486207724
1607244441.586357355
1607244441.686509371
1607244441.786660910
1607244441.886820793
1607244441.986970663
1607244442.087120056
1607244442.187273026
1607244442.287423134
1607244442.387593031
1607244442.487740993
1607244442.587889671
1607244442.688040972
1607244442.788204193
1607244442.888353825
1607244442.988504171
1607244443.088655233
1607244443.188819647
1607244443.288983583
1607244443.389136314
1607244443.489288568
1607244443.589478493
1607244443.689690590
1607244443.789850950
1607244443.890007257
1607244443.990159512
1607244444.090307951
1607244444.190456390
1607244444.290605545
1607244444.390777826
1607244444.490926266
1607244444.591076851
1607244444.691229105
1607244444.791383266
1607244444.891531944
1607244444.991681814
1607244445.091843605
1607244445.191997528
1607244445.292151213
1607244445.392302036
1607244445.492456198
1607244445.592614174
1607244445.692784786
1607244445.792960167
1607244445.893116474
1607244445.993270159
1607244446.093418837
1607244446.193568707
1607244446.293579817
1607244446.393571138
1607244446.493569136
1607244446.593568087
1607244446.693567991
1607244446.793567181
1607244446.893570662
1607244446.993568897
1607244447.093567133
1607244447.193566322
1607244447.293566227
1607244447.393566132
1607244447.493576765
1607244447.593576670
1607244447.693567276
1607244447.793566704
1607244447.893566847
1607244447.993565321
1607244448.093566179
1607244448.193568945
1607244448.293567896
1607244448.393565893
1607244448.493566036
1607244448.593566895
1607244448.693567276
1607244448.793567419
1607244448.893566847
1607244448.993565798
1607244449.093565941
1607244449.193566561
1607244449.293565750
1607244449.393580914
1607244449.493573427
1607244449.593570471
1607244449.693568945
1607244449.793567657
1607244449.893568516
1607244449.993567944
1607244450.093571901
1607244450.193596601
1607244450.293576241
1607244450.393566847
1607244450.493566513
1607244450.593566656
1607244450.693573236
1607244450.793569565
1607244450.893565893
1607244450.993567467
1607244451.093568087
1607244451.193569183
1607244451.293567896
1607244451.393566132
1607244451.493567228
1607244451.593567133
1607244451.693568707
1607244451.793568373
1607244451.893568039
1607244451.993566513
1607244452.093566179
1607244452.193566561
1607244452.293567419
1607244452.393581390
1607244452.493571997
1607244452.593569756
1607244452.693570614
1607244452.793568134
1607244452.893595695
1607244452.993572950
1607244453.093568087
1607244453.193568230
1607244453.293565750
1607244453.393566132
1607244453.493566990
1607244453.593567848
1607244453.693568230
1607244453.793567896
1607244453.893566132
1607244453.993565798
1607244454.093566418
1607244454.193568945
1607244454.293568850
1607244454.393566608
1607244454.493566751
1607244454.593566656
1607244454.693567038
1607244454.793565989
1607244454.893566847
1607244454.993566275
1607244455.093567610
1607244455.193566084
1607244455.293567181
1607244455.393579006
1607244455.493572712
1607244455.593631029
1607244455.693586111
1607244455.793569088
1607244455.893571138
1607244455.993569374
1607244456.093569756
1607244456.193568230
1607244456.293567181
1607244456.393565655
1607244456.493566036
1607244456.593566418
1607244456.693568468
1607244456.793567181
1607244456.893566370
1607244456.993565559
1607244457.093568563
1607244457.193568468
1607244457.293567896
1607244457.393565893
1607244457.493566990
1607244457.593568325
1607244457.693570375
1607244457.793603897
1607244457.893576860
1607244457.993570805
1607244458.093569279
1607244458.193567514
1607244458.293592215
1607244458.393587112
1607244458.493573427
1607244458.593567848
1607244458.693568230
1607244458.793566465
1607244458.893569946
1607244458.993567467
1607244459.093567848
1607244459.193566322
1607244459.293566942
1607244459.393565416
1607244459.493566751
1607244459.593567133
1607244459.693567991
1607244459.793566465
1607244459.893567085
1607244459.993566275
1607244460.093571901
1607244460.193570852
1607244460.293569088
1607244460.393566847
1607244460.493565798
1607244460.593567848
1607244460.693568468
1607244460.793568134
1607244460.893566608
1607244460.993584394
1607244461.093565702
1607244461.193566799
1607244461.293566942
1607244461.393565893
1607244461.493583918
1607244461.593574762
1607244461.693571329
1607244461.793567181
1607244461.893569708
1607244461.993567467
1607244462.093567133
1607244462.193566799
1607244462.293567657
1607244462.393567562
1607244462.493566990
1607244462.593565941
1607244462.693569183
1607244462.793566942
1607244462.893567562
1607244462.993566275
1607244463.093565941
1607244463.193568707
1607244463.293568134
1607244463.393566132
1607244463.493565798
1607244463.593566656
1607244463.693615913
1607244463.793575048
1607244463.893568754
1607244463.993566751
1607244464.093567371
1607244464.193566799
1607244464.293566942
1607244464.393566132
1607244464.493580341
1607244464.593573332
1607244464.693569183
1607244464.793568850
1607244464.893570185
1607244464.993567467
1607244465.093566895
1607244465.193566561
1607244465.293566704
1607244465.393566132
1607244465.493566751
1607244465.593569279
1607244465.693568945
1607244465.793567657
1607244465.893566608
1607244465.993566751
1607244466.093567371
1607244466.193568707
1607244466.293572903
1607244466.393584967
1607244466.493567228
1607244466.593566418
1607244466.693567514
1607244466.793565989
1607244466.893565893
1607244466.993566275
1607244467.093566656
1607244467.193566322
1607244467.293565989
1607244467.393566370
1607244467.493580341
1607244467.593572140
1607244467.693568945
1607244467.793567419
1607244467.893569469
1607244467.993567228
1607244468.093567371
1607244468.193567038
1607244468.293565989
1607244468.393567324
1607244468.493566036
1607244468.593566656
1607244468.693567753
1607244468.793566465
1607244468.893566370
1607244468.993567228
1607244469.093580246
1607244469.193566799
1607244469.293567419
1607244469.393566132
1607244469.493566751
1607244469.593567848
1607244469.693580389
1607244469.793571711
1607244469.893568277
1607244469.993566275
1607244470.093570709
1607244470.193569899
1607244470.293568373
1607244470.393567324
1607244470.493570328
1607244470.593580961
1607244470.693573236
1607244470.793569565
1607244470.893571377
1607244470.993568897
1607244471.093566656
1607244471.193566561
1607244471.293568611
1607244471.393567562
1607244471.493567467
1607244471.593566895
1607244471.693576336
1607244471.793577909
1607244471.893567085
1607244471.993566036
1607244472.093567133
1607244472.193567991
1607244472.293568373
1607244472.393566132
1607244472.493566990
1607244472.593567610
1607244472.693568230
1607244472.793566942
1607244472.893566847
1607244472.993568182
1607244473.093567133
1607244473.193566084
1607244473.293566227
1607244473.393566608
1607244473.493568659
1607244473.593604326
1607244473.693580866
1607244473.793570280
1607244473.893570900
1607244473.993568182
1607244474.093567133
1607244474.193566322
1607244474.293568373
1607244474.393592358
1607244474.493575573
1607244474.593566895
1607244474.693567514
1607244474.793566227
1607244474.893565893
1607244474.993566513
1607244475.093568087
1607244475.193567991
1607244475.293568373
1607244475.393566847
1607244475.493566990
1607244475.593568802
1607244475.693575144
1607244475.793569088
1607244475.893568277
1607244475.993566513
1607244476.093567848
1607244476.193568230
1607244476.293566465
1607244476.393566370
1607244476.493567944
1607244476.593579769
1607244476.693573475
1607244476.793567419
1607244476.893569708
1607244476.993568659
1607244477.093589783
1607244477.193573475
1607244477.293566704
1607244477.393565416
1607244477.493566990
1607244477.593568325
1607244477.693568707
1607244477.793567657
1607244477.893567085
1607244477.993565798
1607244478.093565464
1607244478.193567276
1607244478.293567657
1607244478.393565893
1607244478.493566275
1607244478.593566418
1607244478.693567753
1607244478.793566227
1607244478.893566608
1607244478.993566036
1607244479.093566895
1607244479.193566561
1607244479.293565273
1607244479.393566370
1607244479.493568182
1607244479.593580723
1607244479.693573475
1607244479.793591499
1607244479.893571854
1607244479.993566513
1607244480.093596935
1607244480.193574905
1607244480.293571234
1607244480.393568993
1607244480.493567228
1607244480.593610764
1607244480.693597555
1607244480.793574095
1607244480.893567562
1607244480.993567467
1607244481.093567848
1607244481.193568707
1607244481.293567657
1607244481.393566847
1607244481.493568897
1607244481.593568563
1607244481.693589211
1607244481.793576241
1607244481.893571138
1607244481.993567467
1607244482.093567371
1607244482.193566561
1607244482.293567181
1607244482.393566132
1607244482.493591070
1607244482.593569040
1607244482.693583965
1607244482.793572187
1607244482.893571377
1607244482.993567228
1607244483.093572140
1607244483.193570375
1607244483.293567419
1607244483.393567324
1607244483.493568182
1607244483.593566656
1607244483.693567991
1607244483.793567181
1607244483.893566370
1607244483.993566036
1607244484.093565702
1607244484.193567753
1607244484.293568373
1607244484.393567085
1607244484.493566036
1607244484.593566179
1607244484.693567276
1607244484.793566227
1607244484.893566370
1607244484.993565798
1607244485.093567371
1607244485.193574429
1607244485.293567419
1607244485.393567324
1607244485.493567944
1607244485.593568802
1607244485.693580389
1607244485.793573618
1607244485.893571615
1607244485.993569613
1607244486.093568087
1607244486.193590879
1607244486.293579340
1607244486.393567562
1607244486.493566751
1607244486.593567371
1607244486.693568230
1607244486.793566942
1607244486.893566847
1607244486.993565798
1607244487.093565464
1607244487.193568945
1607244487.293567419
1607244487.393566370
1607244487.493566275
1607244487.593566418
1607244487.693585873
1607244487.793573856
1607244487.893569469
1607244487.993566751
1607244488.093566656
1607244488.193565845
1607244488.293566465
1607244488.393566370
1607244488.493568182
1607244488.593568325
1607244488.693579912
1607244488.793571234
1607244488.893570185
1607244488.993567705
1607244489.093566656
1607244489.193567991
1607244489.293567419
1607244489.393565893
1607244489.493566036
1607244489.593567610
1607244489.693568468
1607244489.793567181
1607244489.893566370
1607244489.993567228
1607244490.093570948
1607244490.193595171
1607244490.293575525
1607244490.393569469
1607244490.493566751
1607244490.593607187
1607244490.693577290
1607244490.793568373
1607244490.893568277
1607244490.993566751
1607244491.093567371
1607244491.193567038
1607244491.293566227
1607244491.393566370
1607244491.493569851
1607244491.593568802
1607244491.693569183
1607244491.793584347
1607244491.893575668
1607244491.993570089
1607244492.093567371
1607244492.193566799
1607244492.293566942
1607244492.393566132
1607244492.493566751
1607244492.593566179
1607244492.693569183
1607244492.793566942
1607244492.893589258
1607244492.993568897
1607244493.093566418
1607244493.193569183
1607244493.293568850
1607244493.393566608
1607244493.493567228
1607244493.593568087
1607244493.693568945
1607244493.793567896
1607244493.893567801
1607244493.993565321
1607244494.093567133
1607244494.193566799
1607244494.293566942
1607244494.393565893
1607244494.493568659
1607244494.593567848
1607244494.693567038
1607244494.793581247
1607244494.893573046
1607244494.993567944
1607244495.093566895
1607244495.193566561
1607244495.293566465
1607244495.393565893
1607244495.493566275
1607244495.593588829
1607244495.693569660
1607244495.793569803
1607244495.893567801
1607244495.993568420
1607244496.093567371
1607244496.193567991
1607244496.293568134
1607244496.393566608
1607244496.493567228
1607244496.593566895
1607244496.693567753
1607244496.793566227
1607244496.893566132
1607244496.993565321
1607244497.093565941
1607244497.193565369
1607244497.293566942
1607244497.393565893
1607244497.493568659
1607244497.593567848
1607244497.693568468
1607244497.793580770
1607244497.893573761
1607244497.993568420
1607244498.093568087
1607244498.193567514
1607244498.293588877
1607244498.393566132
1607244498.493566275
1607244498.593565226
1607244498.693567753
1607244498.793565512
1607244498.893567085
1607244498.993566036
