1607244714.003371000
1607244714.105673075
1607244714.207314968
1607244714.309011221
1607244714.410158396
1607244714.511814594
1607244714.614773512
1607244714.716357470
1607244714.817564249
1607244714.918719053
1607244715.019889593
1607244715.121103764
1607244715.222663164
1607244715.324331284
1607244715.425515890
1607244715.527351856
1607244715.628921270
1607244715.730510950
1607244715.831613541
1607244715.932781458
1607244716.034382343
1607244716.135557413
1607244716.236583233
1607244716.338188648
1607244716.440112829
1607244716.541612625
1607244716.642809153
1607244716.744083405
1607244716.846312761
1607244716.949587584
1607244717.050713539
1607244717.151945591
1607244717.255205870
1607244717.356878042
1607244717.461261272
1607244717.566753387
1607244717.668385267
1607244717.771026850
1607244717.876511812
1607244717.977727652
1607244718.078788280
1607244718.180018902
1607244718.282442808
1607244718.387907267
1607244718.494282722
1607244718.600019932
1607244718.701121330
1607244718.803251266
1607244718.903233051
1607244719.003208876
1607244719.103254318
1607244719.203188658
1607244719.303180933
1607244719.403140306
1607244719.503249168
1607244719.603189230
1607244719.703097105
1607244719.803098917
1607244719.903283119
1607244720.003270149
1607244720.103223562
1607244720.203079700
1607244720.303454876
1607244720.403128147
1607244720.503411293
1607244720.603177071
1607244720.703255177
1607244720.803305387
1607244720.903300285
1607244721.003412485
1607244721.103231430
1607244721.203290701
1607244721.303148270
1607244721.403144598
1607244721.503171682
1607244721.603126764
1607244721.703112841
1607244721.803252697
1607244721.903179169
1607244722.003135681
1607244722.103092670
1607244722.203163385
1607244722.303285599
1607244722.403145790
1607244722.503175020
1607244722.603276014
1607244722.703253031
1607244722.803253412
1607244722.903260231
1607244723.003173351
1607244723.103213787
1607244723.203179121
1607244723.303238869
1607244723.403242588
1607244723.503199100
1607244723.603126764
1607244723.703106642
1607244723.803134918
1607244723.903256655
1607244724.003136873
1607244724.103670835
1607244724.203135490
1607244724.303416491
1607244724.403167486
1607244724.503296852
1607244724.603302717
1607244724.703250647
1607244724.803139448
1607244724.903200865
1607244725.003181458
1607244725.103119850
1607244725.203133821
1607244725.303098202
1607244725.403110743
1607244725.503333807
1607244725.603084564
1607244725.703181267
1607244725.803110838
1607244725.903154612
1607244726.003299952
1607244726.103263855
1607244726.203183889
1607244726.303282738
1607244726.403193474
1607244726.503257275
1607244726.603316307
1607244726.703225613
1607244726.803297281
1607244726.903224945
1607244727.003402472
1607244727.103430033
1607244727.203309059
1607244727.303192616
1607244727.403151274
1607244727.503298521
1607244727.603282213
1607244727.703154564
1607244727.803135395
1607244727.903142214
1607244728.003106117
1607244728.103087664
1607244728.203077078
1607244728.303110838
1607244728.403088808
1607244728.503516674
1607244728.603266001
1607244728.703254223
1607244728.803255320
1607244728.903250933
1607244729.003253698
1607244729.103250980
1607244729.203255177
1607244729.303254366
1607244729.403255939
1607244729.503256798
1607244729.603247643
1607244729.703253031
1607244729.803255796
1607244729.903253555
1607244730.003224850
1607244730.103224516
1607244730.203206301
1607244730.303223133
1607244730.403221130
1607244730.503218889
1607244730.603064775
1607244730.703227997
1607244730.803247213
1607244730.903253317
1607244731.003257275
1607244731.103200436
1607244731.203249216
1607244731.303257942
1607244731.403253317
1607244731.503244638
1607244731.603256226
1607244731.703257561
1607244731.803262711
1607244731.903253317
1607244732.003246784
1607244732.103254318
1607244732.203250885
1607244732.303253651
1607244732.403240442
1607244732.503255844
1607244732.603252411
1607244732.703216553
1607244732.803215027
1607244732.903223038
1607244733.003225803
1607244733.103224516
1607244733.203213930
1607244733.303232431
1607244733.403260231
1607244733.503257275
1607244733.603241920
1607244733.703188658
1607244733.803251266
1607244733.903247356
1607244734.003249645
1607244734.103258133
1607244734.203197718
1607244734.303242922
1607244734.403254271
1607244734.503242731
1607244734.603259563
1607244734.703253269
1607244734.803259850
1607244734.903258324
1607244735.003255129
1607244735.103257179
1607244735.203249454
1607244735.303241491
1607244735.403228045
1607244735.503223896
1607244735.603221416
1607244735.703223228
1607244735.803225994
1607244735.903218508
1607244736.003222942
1607244736.103255987
1607244736.203253031
1607244736.303248405
1607244736.403243303
1607244736.503257036
1607244736.603252649
1607244736.703252554
1607244736.803250790
1607244736.903251648
1607244737.003255367
1607244737.103254318
1607244737.203193903
1607244737.303253412
1607244737.403260231
1607244737.503242731
1607244737.603251934
1607244737.703252792
1607244737.803245306
1607244737.903250217
1607244738.003246069
1607244738.103221893
1607244738.203229904
1607244738.303226471
1607244738.403218985
1607244738.503224373
1607244738.603227377
1607244738.703219175
1607244738.803252220
1607244738.903259516
1607244739.003252983
1607244739.103256464
1607244739.203241110
1607244739.303253412
1607244739.403257132
1607244739.503249884
1607244739.603259802
1607244739.703184366
1607244739.803254366
1607244739.903253317
1607244740.003247499
1607244740.103245020
1607244740.203169584
1607244740.303247690
1607244740.403252125
1607244740.503249407
1607244740.603254318
1607244740.703248501
1607244740.803208351
1607244740.903219461
1607244741.003227949
1607244741.103221655
1607244741.203233480
1607244741.303228378
1607244741.403226852
1607244741.503260851
1607244741.603246927
1607244741.703248978
1607244741.803252220
1607244741.903245449
1607244742.003255606
1607244742.103258848
1607244742.203243017
1607244742.303252220
1607244742.403249502
1607244742.503247499
1607244742.603260994
1607244742.703245401
1607244742.803259134
1607244742.903253555
1607244743.003249884
1607244743.103249788
1607244743.203255653
1607244743.303206205
1607244743.403244257
1607244743.503215551
1607244743.603075504
1607244743.703219414
1607244743.803216934
1607244743.903216839
1607244744.003222704
1607244744.103229284
1607244744.203265190
1607244744.303251982
1607244744.403244257
1607244744.503248692
1607244744.603251934
1607244744.703259468
1607244744.803251982
1607244744.903254032
1607244745.003263712
1607244745.103251457
1607244745.203251600
1607244745.303252935
1607244745.403258801
1607244745.503257275
1607244745.603246689
1607244745.703204870
1607244745.803249598
1607244745.903255224
1607244746.003267050
1607244746.103247404
1607244746.203168869
1607244746.303220034
1607244746.403224707
1607244746.503201246
1607244746.603224993
1607244746.703218937
1607244746.803215742
1607244746.903249502
1607244747.003254890
1607244747.103246689
1607244747.203257322
1607244747.303248405
1607244747.403253317
1607244747.503261328
1607244747.603263140
1607244747.703249454
1607244747.803255558
1607244747.903254747
1607244748.003257275
1607244748.103244305
1607244748.203249693
1607244748.303254604
1607244748.403259277
1607244748.503256798
1607244748.603251219
1607244748.703253508
1607244748.803243876
1607244748.903222322
1607244749.003226995
1607244749.103226185
1607244749.203237295
1607244749.303174019
1607244749.403220654
1607244749.503219366
1607244749.603250265
1607244749.703256130
1607244749.803244829
1607244749.903250456
1607244750.003258705
1607244750.103250027
1607244750.203238010
1607244750.303251028
1607244750.403255463
1607244750.503251553
1607244750.603260517
1607244750.703233242
1607244750.803257942
1607244750.903255939
1607244751.003252268
1607244751.103256226
1607244751.203251600
1607244751.303249359
1607244751.403252602
1607244751.503236055
1607244751.603233576
1607244751.703217983
1607244751.803224564
1607244751.903220892
1607244752.003227949
1607244752.103232622
1607244752.203226566
1607244752.303261518
1607244752.403201818
1607244752.503255606
1607244752.603256941
1607244752.703247309
1607244752.803250074
1607244752.903250933
1607244753.003244638
1607244753.103247881
1607244753.203258991
1607244753.303256750
1607244753.403259039
1607244753.503251553
1607244753.603251219
1607244753.703254223
1607244753.803261280
1607244753.903255463
1607244754.003258228
1607244754.103253365
1607244754.203230381
1607244754.303220510
1607244754.403219938
1607244754.503209829
1607244754.603228331
1607244754.703223467
1607244754.803223133
1607244754.903220177
1607244755.003257513
1607244755.103258610
1607244755.203258514
1607244755.303264380
1607244755.403199196
1607244755.503249407
1607244755.603260279
1607244755.703252077
1607244755.803256512
1607244755.903247595
1607244756.003258705
1607244756.103254795
1607244756.203258514
1607244756.303254843
1607244756.403255939
1607244756.503252506
1607244756.603259325
1607244756.703260183
1607244756.803255796
1607244756.903229237
1607244757.003232002
1607244757.103224754
1607244757.203218699
1607244757.303224564
1607244757.403224468
1607244757.503220320
1607244757.603224993
1607244757.703182936
1607244757.803261757
1607244757.903262615
1607244758.003253222
1607244758.103253126
1607244758.203256607
1607244758.303257465
1607244758.403193235
1607244758.503247499
1607244758.603273392
1607244758.703258753
1607244758.803258419
1607244758.903250456
1607244759.003260374
1607244759.103260517
1607244759.203249216
1607244759.303251266
1607244759.403255701
1607244759.503256559
1607244759.603237152
1607244759.703215837
1607244759.803228617
1607244759.903230906
1607244760.003221035
1607244760.103225946
1607244760.203204870
1607244760.303226471
1607244760.403233767
1607244760.503242731
1607244760.603228092
1607244760.703229189
1607244760.803225517
1607244760.903231382
1607244761.003239393
1607244761.103237867
1607244761.203238249
1607244761.303237677
1607244761.403174400
1607244761.503255844
1607244761.603256464
1607244761.703260183
1607244761.803269625
1607244761.903259277
1607244762.003267527
1607244762.103265285
1607244762.203272581
1607244762.303259134
1607244762.403252602
1607244762.503242016
1607244762.603254557
1607244762.703250170
1607244762.803259373
1607244762.903266191
1607244763.003247499
1607244763.103257179
1607244763.203251839
1607244763.303241968
1607244763.403229713
1607244763.503223658
1607244763.603227139
1607244763.703184605
1607244763.803233862
1607244763.903226852
1607244764.003229618
1607244764.103225470
1607244764.203231335
1607244764.303225994
1607244764.403221607
1607244764.503165722
1607244764.603233337
1607244764.703223228
1607244764.803221703
1607244764.903223038
1607244765.003228188
1607244765.103217125
1607244765.203223467
1607244765.303228378
1607244765.403256178
1607244765.503255367
1607244765.603245258
1607244765.703250408
1607244765.803261280
1607244765.903250456
1607244766.003258467
1607244766.103249788
1607244766.203251839
1607244766.303256035
1607244766.403258801
1607244766.503250837
1607244766.603255987
1607244766.703261137
1607244766.803264856
1607244766.903256178
1607244767.003262758
1607244767.103252411
1607244767.203252792
1607244767.303235054
1607244767.403225183
1607244767.503170013
1607244767.603225708
1607244767.703224421
1607244767.803231478
1607244767.903214931
1607244768.003222942
1607244768.103255749
1607244768.203248262
1607244768.303249836
1607244768.403253555
1607244768.503250599
1607244768.603266001
1607244768.703252316
1607244768.803252935
1607244768.903261185
1607244769.003259659
1607244769.103252172
1607244769.203255892
1607244769.303254843
1607244769.403266191
1607244769.503253460
1607244769.603254557
1607244769.703203917
1607244769.803253174
1607244769.903254509
1607244770.003234863
1607244770.103221893
1607244770.203214407
1607244770.303226233
1607244770.403222322
1607244770.503166199
1607244770.603228807
1607244770.703217268
1607244770.803259850
1607244770.903245926
1607244771.003255844
1607244771.103287220
1607244771.203289986
1607244771.303297520
1607244771.403265715
1607244771.503254890
1607244771.603259563
1607244771.703253508
1607244771.803263903
1607244771.903250456
1607244772.003252983
1607244772.103259563
1607244772.203253984
1607244772.303255081
1607244772.403252125
1607244772.503254175
1607244772.603254080
1607244772.703224421
1607244772.803230047
1607244772.903230190
1607244773.003237724
1607244773.103221893
1607244773.203226089
1607244773.303221464
1607244773.403223515
1607244773.503249884
1607244773.603183270
1607244773.703253269
1607244773.803255558
1607244773.903251886
1607244774.003257513
1607244774.103253365
1607244774.203256607
1607244774.303246737
1607244774.403251410
1607244774.503248453
1607244774.603261709
1607244774.703245878
1607244774.803259373
1607244774.903256893
1607244775.003262520
1607244775.103257418
1607244775.203243971
1607244775.303254128
1607244775.403227329
1607244775.503221989
1607244775.603218317
1607244775.703157902
1607244775.803226948
1607244775.903220177
1607244776.003220797
1607244776.103209019
1607244776.203260183
1607244776.303255081
1607244776.403246880
1607244776.503249884
1607244776.603203535
1607244776.703245401
1607244776.803255081
1607244776.903246164
1607244777.003247499
1607244777.103250265
1607244777.203263521
1607244777.303260565
1607244777.403255701
1607244777.503248453
1607244777.603253365
1607244777.703244686
1607244777.803261757
1607244777.903248549
1607244778.003249645
1607244778.103231430
1607244778.203226328
1607244778.303224564
1607244778.403229713
1607244778.503215790
1607244778.603225708
1607244778.703220606
1607244778.803238392
1607244778.903261185
1607244779.003256559
1607244779.103241920
1607244779.203254223
1607244779.303259611
1607244779.403257132
1607244779.503250599
1607244779.603086948
1607244779.703250885
1607244779.803257942
1607244779.903249979
1607244780.003246546
1607244780.103252411
1607244780.203238487
1607244780.303252459
1607244780.403249502
1607244780.503253222
1607244780.603145361
1607244780.703248501
1607244780.803230047
1607244780.903223991
1607244781.003222227
1607244781.103229284
1607244781.203214169
1607244781.303230286
1607244781.403222799
1607244781.503252268
1607244781.603251696
1607244781.703172922
1607244781.803244352
1607244781.903247356
1607244782.003258467
1607244782.103264093
1607244782.203253746
1607244782.303251982
1607244782.403256178
1607244782.503241301
1607244782.603187323
1607244782.703246593
1607244782.803245783
1607244782.903255939
1607244783.003257751
1607244783.103246689
1607244783.203261137
1607244783.303247452
1607244783.403235912
1607244783.503223896
1607244783.603229046
1607244783.703222990
1607244783.803227186
1607244783.903225422
1607244784.003228664
1607244784.103224516
1607244784.203210592
1607244784.303249359
1607244784.403244495
1607244784.503256321
1607244784.603250027
1607244784.703252554
1607244784.803257704
1607244784.903254986
1607244785.003247499
1607244785.103245735
1607244785.203269958
1607244785.303256035
1607244785.403255224
1607244785.503246069
1607244785.603260279
1607244785.703205109
1607244785.803246021
1607244785.903246164
1607244786.003249884
1607244786.103247643
1607244786.203221321
1607244786.303217411
1607244786.403231144
1607244786.503221035
1607244786.603227139
1607244786.703214169
1607244786.803232670
1607244786.903257370
1607244787.003253698
1607244787.103270769
1607244787.203251600
1607244787.303250313
1607244787.403251648
1607244787.503247976
1607244787.603253841
1607244787.703243256
1607244787.803260088
1607244787.903261185
1607244788.003255844
1607244788.103257418
1607244788.203262091
1607244788.303250551
1607244788.403261423
1607244788.503250360
1607244788.603265762
1607244788.703209400
1607244788.803241730
1607244788.903219938
1607244789.003224373
1607244789.103222847
1607244789.203232527
1607244789.303226948
1607244789.403218985
1607244789.503227711
1607244789.603217840
1607244789.703250408
1607244789.803258657
1607244789.903252363
1607244790.003256798
1607244790.103256702
1607244790.203233719
1607244790.303254128
1607244790.403252125
1607244790.503251791
1607244790.603085995
1607244790.703255177
1607244790.803265095
1607244790.903258324
1607244791.003257036
1607244791.103253603
1607244791.203260183
1607244791.303258181
1607244791.403257608
1607244791.503243208
1607244791.603227377
1607244791.703170538
1607244791.803226709
1607244791.903222084
1607244792.003227234
1607244792.103226423
1607244792.203223228
1607244792.303248405
1607244792.403244495
1607244792.503257751
1607244792.603251934
1607244792.703252316
1607244792.803250551
1607244792.903254271
1607244793.003258467
1607244793.103252411
1607244793.203248024
1607244793.303253651
1607244793.403258085
1607244793.503249884
1607244793.603251696
1607244793.703194618
1607244793.803261518
1607244793.903258562
1607244794.003251791
1607244794.103255510
1607244794.203250170
1607244794.303224325
1607244794.403213739
1607244794.503220558
1607244794.603220940
1607244794.703237057
1607244794.803169966
1607244794.903220654
1607244795.003257036
1607244795.103250980
1607244795.203245878
1607244795.303250074
1607244795.403246164
1607244795.503253222
1607244795.603248119
1607244795.703251839
1607244795.803264618
1607244795.903255463
1607244796.003252506
1607244796.103258133
1607244796.203248739
1607244796.303255320
1607244796.403248549
1607244796.503247738
1607244796.603260994
1607244796.703251123
1607244796.803261757
1607244796.903241158
1607244797.003226757
1607244797.103219986
1607244797.203230381
1607244797.303222179
1607244797.403227806
1607244797.503225803
1607244797.603220463
1607244797.703254461
1607244797.803234577
1607244797.903246880
1607244798.003250122
1607244798.103251696
1607244798.203262806
1607244798.303259134
1607244798.403252125
1607244798.503253698
1607244798.603252172
1607244798.703246117
1607244798.803269863
1607244798.903249502
1607244799.003260851
1607244799.103253841
1607244799.203251839
1607244799.303255796
1607244799.403250456
1607244799.503251076
1607244799.603241444
1607244799.703152657
1607244799.803226471
1607244799.903222322
1607244800.003228664
1607244800.103228569
1607244800.203210354
1607244800.303207874
1607244800.403251648
1607244800.503247738
1607244800.603250742
1607244800.703247070
1607244800.803195715
1607244800.903249025
1607244801.003259420
1607244801.103246689
1607244801.203257799
1607244801.303257227
1607244801.403259993
1607244801.503258228
1607244801.603249550
1607244801.703248978
1607244801.803246260
1607244801.903251410
1607244802.003246307
1607244802.103255033
1607244802.203249693
1607244802.303231478
1607244802.403221130
1607244802.503221273
1607244802.603218794
1607244802.703216791
1607244802.803227425
1607244802.903216124
1607244803.003224611
1607244803.103251934
1607244803.203246117
1607244803.303247690
1607244803.403261185
1607244803.503251076
1607244803.603090286
1607244803.703258038
1607244803.803262472
1607244803.903198242
1607244804.003253698
1607244804.103250027
1607244804.203264713
1607244804.303254843
1607244804.403254986
1607244804.503253698
1607244804.603259087
1607244804.703253269
1607244804.803245783
1607244804.903239489
1607244805.003224611
1607244805.103224754
1607244805.203217268
1607244805.303222179
1607244805.403225183
1607244805.503217697
1607244805.603226900
1607244805.703153372
1607244805.803253174
1607244805.903253794
1607244806.003257513
1607244806.103260994
1607244806.203253984
1607244806.303255558
1607244806.403258562
1607244806.503247976
1607244806.603241920
1607244806.703244448
1607244806.803253651
1607244806.903198957
1607244807.003250122
1607244807.103241444
1607244807.203251600
1607244807.303258657
1607244807.403259993
1607244807.503249168
1607244807.603252411
1607244807.703226566
1607244807.803221703
1607244807.903226376
1607244808.003224373
1607244808.103231192
1607244808.203220129
1607244808.303221703
1607244808.403213501
1607244808.503254414
1607244808.603252888
1607244808.703251362
1607244808.803255320
1607244808.903252602
1607244809.003258467
1607244809.103256226
1607244809.203256845
1607244809.303250313
1607244809.403249264
1607244809.503250837
1607244809.603249788
1607244809.703245640
1607244809.803254128
1607244809.903195143
1607244810.003258705
1607244810.103256702
1607244810.203240633
1607244810.303246021
1607244810.403229237
1607244810.503226280
1607244810.603214502
1607244810.703212500
1607244810.803231239
1607244810.903229475
1607244811.003231049
1607244811.103227377
1607244811.203223705
1607244811.303227186
1607244811.403238773
1607244811.503231764
1607244811.603229523
1607244811.703168869
1607244811.803231001
1607244811.903229237
1607244812.003240585
1607244812.103233576
1607244812.203273058
1607244812.303262472
1607244812.403271675
1607244812.503262043
1607244812.603266478
1607244812.703257084
1607244812.803254604
1607244812.903207779
1607244813.003249407
1607244813.103250742
1607244813.203263044
1607244813.303257465
1607244813.403247595
1607244813.503244162
1607244813.603252888
1607244813.703251362
1607244813.803260326
1607244813.903256178
1607244814.003258228
