1607243354.076317310
1607243354.176310539
1607243354.276290417
1607243354.376292229
1607243354.476293802
1607243354.576292753
1607243354.676291466
1607243354.776291609
1607243354.876291990
1607243354.976291418
1607243355.076292992
1607243355.176291943
1607243355.276291370
1607243355.376291037
1607243355.476292849
1607243355.576292276
1607243355.676292658
1607243355.776292086
1607243355.876291275
1607243355.976291418
1607243356.076291084
1607243356.176291943
1607243356.276292324
1607243356.376291752
1607243356.476291180
1607243356.576291800
1607243356.676291704
1607243356.776291370
1607243356.876292229
1607243356.976291180
1607243357.076290369
1607243357.176291466
1607243357.276291370
1607243357.376291275
1607243357.476292372
1607243357.576307058
1607243357.676294088
1607243357.776292324
1607243357.876291990
1607243357.976291656
1607243358.076292753
1607243358.176291704
1607243358.276291609
1607243358.376291513
1607243358.476291180
1607243358.576293230
1607243358.676294565
1607243358.776291370
1607243358.876291275
1607243358.976291180
1607243359.076291323
1607243359.176291704
1607243359.276292324
1607243359.376291513
1607243359.476292133
1607243359.576292038
1607243359.676294088
1607243359.776291609
1607243359.876292944
1607243359.976291895
1607243360.076291800
1607243360.176291704
1607243360.276291370
1607243360.376291275
1607243360.476292372
1607243360.576292276
1607243360.676306248
1607243360.776291847
1607243360.876291513
1607243360.976291418
1607243361.076293468
1607243361.176291943
1607243361.276291132
1607243361.376291275
1607243361.476291656
1607243361.576293230
1607243361.676304340
1607243361.776292801
1607243361.876291275
1607243361.976290941
1607243362.076291323
1607243362.176291943
1607243362.276293039
1607243362.376291513
1607243362.476291418
1607243362.576292038
1607243362.676291227
1607243362.776291847
1607243362.876292467
1607243362.976291180
1607243363.076291084
1607243363.176291704
1607243363.276291132
1607243363.376291513
1607243363.476292610
1607243363.576292038
1607243363.676291704
1607243363.776291370
1607243363.876291752
1607243363.976291180
1607243364.076292992
1607243364.176291227
1607243364.276291370
1607243364.376291513
1607243364.476291418
1607243364.576291561
1607243364.676313400
1607243364.776291370
1607243364.876291275
1607243364.976291180
1607243365.076291323
1607243365.176291943
1607243365.276291609
1607243365.376291275
1607243365.476291656
1607243365.576291800
1607243365.676292658
1607243365.776291847
1607243365.876291275
1607243365.976291656
1607243366.076291561
1607243366.176291227
1607243366.276291370
1607243366.376291275
1607243366.476291180
1607243366.576291800
1607243366.676291466
1607243366.776291370
1607243366.876291752
1607243366.976291418
1607243367.076291323
1607243367.176291227
1607243367.276291132
1607243367.376291037
1607243367.476290941
1607243367.576292038
1607243367.676291704
1607243367.776291370
1607243367.876291752
1607243367.976291418
1607243368.076291323
1607243368.176291466
1607243368.276291609
1607243368.376291513
1607243368.476290941
1607243368.576291800
1607243368.676291943
1607243368.776291609
1607243368.876291513
1607243368.976291180
1607243369.076291084
1607243369.176291227
1607243369.276291132
1607243369.376291275
1607243369.476291895
1607243369.576305151
1607243369.676292658
1607243369.776291609
1607243369.876291990
1607243369.976293564
1607243370.076291323
1607243370.176291466
1607243370.276291609
1607243370.376291275
1607243370.476291418
1607243370.576293468
1607243370.676295996
1607243370.776292324
1607243370.876291752
1607243370.976291895
1607243371.076291561
1607243371.176291704
1607243371.276291370
1607243371.376291752
1607243371.476291418
1607243371.576291800
1607243371.676305294
1607243371.776292562
1607243371.876291513
1607243371.976291418
1607243372.076291561
1607243372.176291466
1607243372.276291132
1607243372.376291275
1607243372.476291656
1607243372.576291800
1607243372.676291943
1607243372.776291370
1607243372.876292229
1607243372.976291656
1607243373.076291084
1607243373.176291227
1607243373.276291370
1607243373.376291275
1607243373.476291656
1607243373.576291800
1607243373.676293373
1607243373.776291609
1607243373.876291513
1607243373.976291180
1607243374.076291561
1607243374.176291704
1607243374.276292086
1607243374.376291513
1607243374.476291418
1607243374.576291561
1607243374.676291466
1607243374.776291132
1607243374.876291275
1607243374.976291180
1607243375.076291561
1607243375.176291704
1607243375.276291370
1607243375.376291513
1607243375.476291656
1607243375.576292276
1607243375.676291704
1607243375.776291370
1607243375.876291990
1607243375.976291656
1607243376.076291323
1607243376.176291227
1607243376.276291132
1607243376.376291275
1607243376.476291180
1607243376.576291561
1607243376.676292658
1607243376.776291370
1607243376.876291275
1607243376.976291418
1607243377.076291561
1607243377.176291227
1607243377.276291609
1607243377.376291275
1607243377.476291418
1607243377.576291800
1607243377.676294804
1607243377.776291609
1607243377.876291513
1607243377.976291180
1607243378.076291561
1607243378.176291466
1607243378.276291132
1607243378.376291513
1607243378.476291656
1607243378.576291323
1607243378.676291466
1607243378.776291132
1607243378.876291752
1607243378.976291180
1607243379.076291323
1607243379.176291466
1607243379.276291132
1607243379.376291275
1607243379.476291180
1607243379.576291800
1607243379.676291466
1607243379.776291609
1607243379.876291037
1607243379.976291418
1607243380.076291800
1607243380.176291466
1607243380.276291609
1607243380.376291275
1607243380.476291180
1607243380.576291084
1607243380.676291704
1607243380.776291370
1607243380.876291513
1607243380.976291180
1607243381.076291323
1607243381.176291466
1607243381.276291132
1607243381.376291275
1607243381.476291418
1607243381.576307297
1607243381.676294327
1607243381.776291847
1607243381.876291513
1607243381.976291418
1607243382.076291323
1607243382.176291704
1607243382.276291609
1607243382.376291752
1607243382.476291656
1607243382.576291561
1607243382.676291943
1607243382.776299715
1607243382.876291275
1607243382.976291180
1607243383.076291084
1607243383.176291466
1607243383.276291132
1607243383.376291275
1607243383.476291180
1607243383.576291561
1607243383.676294565
1607243383.776292086
1607243383.876291275
1607243383.976291418
1607243384.076291084
1607243384.176291466
1607243384.276291370
1607243384.376291275
1607243384.476291656
1607243384.576291561
1607243384.676291943
1607243384.776291132
1607243384.876291990
1607243384.976291418
1607243385.076291323
1607243385.176291227
1607243385.276291609
1607243385.376291513
1607243385.476291418
1607243385.576291323
1607243385.676292658
1607243385.776292324
1607243385.876291275
1607243385.976291656
1607243386.076291323
1607243386.176291943
1607243386.276291609
1607243386.376291513
1607243386.476291656
1607243386.576291561
1607243386.676291704
1607243386.776291370
1607243386.876291275
1607243386.976291180
1607243387.076291561
1607243387.176291704
1607243387.276291370
1607243387.376291513
1607243387.476291656
1607243387.576292038
1607243387.676291704
1607243387.776291370
1607243387.876291990
1607243387.976291418
1607243388.076291323
1607243388.176291466
1607243388.276291609
1607243388.376291275
1607243388.476291180
1607243388.576291323
1607243388.676292181
1607243388.776292086
1607243388.876291275
1607243388.976291180
1607243389.076291561
1607243389.176291704
1607243389.276291847
1607243389.376291275
1607243389.476291656
1607243389.576291561
1607243389.676294565
1607243389.776291847
1607243389.876291513
1607243389.976291656
1607243390.076291561
1607243390.176291466
1607243390.276291370
1607243390.376291513
1607243390.476291418
1607243390.576291800
1607243390.676291943
1607243390.776291609
1607243390.876291990
1607243390.976291418
1607243391.076291561
1607243391.176291227
1607243391.276291609
1607243391.376291752
1607243391.476291180
1607243391.576291561
1607243391.676291704
1607243391.776291370
1607243391.876291752
1607243391.976291895
1607243392.076291800
1607243392.176291704
1607243392.276291370
1607243392.376291275
1607243392.476291418
1607243392.576291323
1607243392.676291943
1607243392.776291370
1607243392.876291275
1607243392.976291180
1607243393.076291561
1607243393.176291704
1607243393.276291370
1607243393.376291513
1607243393.476291418
1607243393.576307058
1607243393.676294088
1607243393.776292562
1607243393.876291275
1607243393.976291418
1607243394.076291561
1607243394.176291466
1607243394.276291132
1607243394.376291513
1607243394.476291656
1607243394.576291323
1607243394.676291943
1607243394.776291370
1607243394.876291513
1607243394.976292372
1607243395.076291323
1607243395.176291704
1607243395.276292324
1607243395.376291275
1607243395.476291418
1607243395.576291800
1607243395.676293373
1607243395.776291609
1607243395.876291990
1607243395.976295471
1607243396.076291561
1607243396.176291704
1607243396.276291132
1607243396.376291037
1607243396.476291180
1607243396.576291561
1607243396.676291943
1607243396.776291370
1607243396.876291990
1607243396.976291180
1607243397.076291323
1607243397.176291227
1607243397.276291132
1607243397.376291275
1607243397.476291656
1607243397.576291323
1607243397.676292181
1607243397.776292086
1607243397.876291990
1607243397.976291180
1607243398.076291561
1607243398.176291466
1607243398.276291370
1607243398.376291037
1607243398.476291180
1607243398.576291561
1607243398.676292658
1607243398.776291370
1607243398.876291513
1607243398.976291418
1607243399.076291561
1607243399.176291227
1607243399.276291609
1607243399.376291513
1607243399.476291418
1607243399.576291800
1607243399.676292181
1607243399.776291609
1607243399.876291990
1607243399.976291180
1607243400.076297760
1607243400.176291943
1607243400.276291132
1607243400.376291037
1607243400.476291418
1607243400.576291561
1607243400.676291943
1607243400.776291370
1607243400.876291275
1607243400.976292372
1607243401.076291323
1607243401.176291943
1607243401.276291847
1607243401.376291513
1607243401.476291656
1607243401.576291561
1607243401.676294804
1607243401.776292086
1607243401.876291037
1607243401.976291656
1607243402.076291561
1607243402.176291466
1607243402.276291132
1607243402.376291275
1607243402.476291895
1607243402.576291323
1607243402.676291466
1607243402.776291132
1607243402.876291990
1607243402.976291180
1607243403.076291323
1607243403.176291227
1607243403.276291132
1607243403.376291275
1607243403.476291418
1607243403.576291561
1607243403.676291466
1607243403.776291847
1607243403.876291275
1607243403.976294756
1607243404.076291323
1607243404.176291466
1607243404.276291609
1607243404.376291275
1607243404.476291418
1607243404.576291323
1607243404.676291704
1607243404.776291132
1607243404.876291275
1607243404.976291418
1607243405.076291323
1607243405.176291227
1607243405.276291370
1607243405.376291037
1607243405.476291418
1607243405.576306581
1607243405.676293135
1607243405.776292086
1607243405.876291990
1607243405.976291418
1607243406.076291800
1607243406.176291466
1607243406.276291370
1607243406.376291275
1607243406.476291418
1607243406.576291800
1607243406.676291704
1607243406.776302576
1607243406.876292229
1607243406.976292372
1607243407.076291561
1607243407.176291943
1607243407.276291609
1607243407.376291513
1607243407.476291656
1607243407.576291561
1607243407.676294088
1607243407.776292086
1607243407.876291275
1607243407.976291180
1607243408.076291323
1607243408.176291466
1607243408.276291609
1607243408.376291513
1607243408.476291418
1607243408.576291561
1607243408.676292181
1607243408.776291132
1607243408.876291752
1607243408.976291180
1607243409.076291323
1607243409.176291227
1607243409.276291132
1607243409.376291275
1607243409.476291895
1607243409.576291323
1607243409.676291943
1607243409.776291847
1607243409.876291513
1607243409.976291180
1607243410.076292992
1607243410.176291943
1607243410.276291609
1607243410.376291275
1607243410.476291180
1607243410.576290846
1607243410.676304579
1607243410.776292086
1607243410.876290798
1607243410.976291180
1607243411.076291323
1607243411.176291466
1607243411.276291370
1607243411.376291513
1607243411.476291656
1607243411.576291800
1607243411.676291466
1607243411.776291609
1607243411.876291990
1607243411.976291180
1607243412.076291323
1607243412.176292181
1607243412.276291370
1607243412.376291037
1607243412.476291180
1607243412.576290846
1607243412.676292181
1607243412.776291132
1607243412.876291275
1607243412.976291418
1607243413.076292515
1607243413.176291704
1607243413.276291609
1607243413.376291275
1607243413.476291656
1607243413.576291323
1607243413.676293612
1607243413.776291609
1607243413.876291513
1607243413.976291418
1607243414.076291084
1607243414.176291466
1607243414.276291132
1607243414.376291275
1607243414.476292610
1607243414.576291561
1607243414.676291466
1607243414.776291370
1607243414.876291752
1607243414.976291180
1607243415.076291323
1607243415.176291227
1607243415.276291132
1607243415.376291037
1607243415.476290941
1607243415.576291800
1607243415.676291466
1607243415.776292086
1607243415.876291275
1607243415.976291180
1607243416.076291084
1607243416.176292658
1607243416.276291370
1607243416.376291037
1607243416.476291418
1607243416.576291084
1607243416.676291466
1607243416.776291132
1607243416.876291037
1607243416.976290941
1607243417.076291084
1607243417.176292181
1607243417.276291370
1607243417.376291275
1607243417.476291895
1607243417.576306581
1607243417.676293373
1607243417.776292324
1607243417.876291990
1607243417.976291656
1607243418.076291800
1607243418.176291466
1607243418.276291370
1607243418.376291752
1607243418.476291656
1607243418.576291084
1607243418.676291704
1607243418.776291370
1607243418.876291275
1607243418.976291418
1607243419.076292515
1607243419.176291943
1607243419.276291609
1607243419.376291275
1607243419.476292133
1607243419.576291323
1607243419.676295996
1607243419.776299715
1607243419.876291275
1607243419.976292133
1607243420.076291323
1607243420.176291227
1607243420.276291370
1607243420.376291275
1607243420.476291418
1607243420.576291561
1607243420.676291943
1607243420.776291370
1607243420.876291990
1607243420.976291180
1607243421.076291084
1607243421.176291466
1607243421.276290894
1607243421.376291275
1607243421.476291418
1607243421.576291084
1607243421.676291704
1607243421.776291847
1607243421.876291275
1607243421.976291180
1607243422.076291561
1607243422.176292419
1607243422.276291847
1607243422.376291037
1607243422.476291180
1607243422.576291323
1607243422.676291704
1607243422.776291132
1607243422.876291513
1607243422.976291180
1607243423.076291323
1607243423.176291466
1607243423.276291370
1607243423.376291275
1607243423.476291418
1607243423.576291800
1607243423.676291466
1607243423.776291609
1607243423.876291990
1607243423.976290941
1607243424.076291323
1607243424.176290989
1607243424.276291132
1607243424.376291513
1607243424.476291418
1607243424.576291084
1607243424.676291943
1607243424.776291370
1607243424.876291037
1607243424.976291418
1607243425.076291084
1607243425.176291704
1607243425.276291847
1607243425.376291275
1607243425.476291418
1607243425.576291323
1607243425.676294565
1607243425.776291847
1607243425.876291275
1607243425.976291418
1607243426.076291323
1607243426.176291466
1607243426.276291370
1607243426.376291275
1607243426.476291656
1607243426.576291561
1607243426.676292896
1607243426.776291847
1607243426.876291752
1607243426.976291418
1607243427.076291323
1607243427.176291227
1607243427.276291370
1607243427.376291513
1607243427.476291180
1607243427.576291800
1607243427.676291704
1607243427.776291609
1607243427.876291990
1607243427.976291418
1607243428.076291323
1607243428.176292181
1607243428.276291847
1607243428.376291513
1607243428.476291418
1607243428.576291323
1607243428.676291227
1607243428.776291370
1607243428.876291037
1607243428.976291180
1607243429.076291323
1607243429.176291704
1607243429.276291370
1607243429.376291275
1607243429.476291895
1607243429.576304674
1607243429.676293135
1607243429.776291847
1607243429.876291752
1607243429.976291895
1607243430.076291561
1607243430.176291466
1607243430.276291609
1607243430.376291275
1607243430.476291180
1607243430.576291323
1607243430.676294804
1607243430.776292086
1607243430.876291513
1607243430.976291656
1607243431.076291561
1607243431.176291943
1607243431.276292801
1607243431.376291513
1607243431.476291418
1607243431.576291323
1607243431.676291943
1607243431.776291370
1607243431.876291037
1607243431.976291418
1607243432.076291323
1607243432.176291466
1607243432.276291370
1607243432.376291275
1607243432.476291418
1607243432.576291561
1607243432.676295757
1607243432.776291132
1607243432.876291990
1607243432.976291418
1607243433.076291084
1607243433.176293612
1607243433.276291847
1607243433.376292229
1607243433.476291895
1607243433.576292038
1607243433.676291227
1607243433.776291847
1607243433.876291990
1607243433.976291418
1607243434.076291323
1607243434.176291943
1607243434.276293039
1607243434.376291752
1607243434.476291418
1607243434.576291323
1607243434.676292181
1607243434.776291132
1607243434.876291513
1607243434.976291180
1607243435.076291561
1607243435.176291704
1607243435.276291370
1607243435.376291513
1607243435.476291418
1607243435.576291561
1607243435.676291704
1607243435.776291609
1607243435.876292229
1607243435.976291656
1607243436.076291323
1607243436.176291466
1607243436.276291132
1607243436.376291275
1607243436.476291180
1607243436.576291323
1607243436.676291704
1607243436.776291370
1607243436.876291990
1607243436.976291418
1607243437.076291323
1607243437.176291466
1607243437.276291609
1607243437.376291990
1607243437.476291418
1607243437.576291561
1607243437.676291943
1607243437.776291609
1607243437.876291513
1607243437.976291418
1607243438.076291323
1607243438.176291227
1607243438.276291132
1607243438.376291513
1607243438.476291656
1607243438.576291561
1607243438.676291466
1607243438.776291132
1607243438.876291990
1607243438.976291180
1607243439.076291084
1607243439.176291227
1607243439.276291609
1607243439.376291037
1607243439.476291418
1607243439.576291561
1607243439.676291466
1607243439.776291370
1607243439.876291513
1607243439.976291180
1607243440.076291084
1607243440.176291704
1607243440.276292086
1607243440.376291752
1607243440.476291180
1607243440.576291323
1607243440.676291704
1607243440.776291370
1607243440.876291513
1607243440.976292133
1607243441.076291323
1607243441.176291227
1607243441.276291609
1607243441.376291275
1607243441.476291656
1607243441.576291323
1607243441.676291943
1607243441.776291370
1607243441.876291513
1607243441.976291418
1607243442.076291323
1607243442.176291466
1607243442.276291370
1607243442.376291037
1607243442.476291180
1607243442.576291323
1607243442.676291466
1607243442.776291132
1607243442.876291990
1607243442.976291180
1607243443.076291800
1607243443.176291466
1607243443.276291370
1607243443.376291752
1607243443.476291180
1607243443.576291800
1607243443.676294565
1607243443.776291370
1607243443.876291752
1607243443.976291180
1607243444.076291561
1607243444.176291466
1607243444.276291132
1607243444.376291275
1607243444.476291656
1607243444.576291323
1607243444.676291704
1607243444.776291132
1607243444.876291752
1607243444.976291418
1607243445.076291323
1607243445.176291227
1607243445.276291370
1607243445.376291037
1607243445.476291656
1607243445.576291323
1607243445.676291943
1607243445.776291609
1607243445.876291752
1607243445.976291418
1607243446.076291084
1607243446.176291466
1607243446.276291609
1607243446.376291275
1607243446.476291656
1607243446.576291561
1607243446.676291943
1607243446.776291370
1607243446.876291275
1607243446.976291180
1607243447.076291323
1607243447.176291704
1607243447.276291132
1607243447.376291037
1607243447.476291418
1607243447.576291800
1607243447.676291943
1607243447.776291132
1607243447.876292229
1607243447.976291180
1607243448.076291084
1607243448.176291466
1607243448.276291370
1607243448.376291275
1607243448.476291656
1607243448.576291323
1607243448.676291704
1607243448.776291132
1607243448.876291275
1607243448.976291180
1607243449.076291561
1607243449.176291466
1607243449.276291132
1607243449.376291275
1607243449.476291418
1607243449.576291323
1607243449.676295280
1607243449.776291609
1607243449.876291275
1607243449.976291418
1607243450.076291323
1607243450.176291227
1607243450.276291370
1607243450.376291275
1607243450.476291418
1607243450.576291323
1607243450.676291704
1607243450.776291132
1607243450.876291752
1607243450.976291180
1607243451.076291084
1607243451.176290989
1607243451.276291132
1607243451.376291275
1607243451.476291180
1607243451.576291561
1607243451.676291704
1607243451.776291132
1607243451.876291513
1607243451.976291180
1607243452.076291323
1607243452.176291704
1607243452.276291370
1607243452.376291752
1607243452.476292133
1607243452.576292038
1607243452.676291943
1607243452.776291609
1607243452.876291275
1607243452.976291418
1607243453.076291323
1607243453.176291227
1607243453.276291370
1607243453.376291275
1607243453.476291895
1607243453.576304913
1607243453.676293135
1607243453.776292086
1607243453.876292229
1607243453.976291418
