1607243768.981734753
1607243769.081900597
1607243769.182100058
1607243769.282240629
1607243769.382375240
1607243769.482511759
1607243769.582720518
1607243769.682866573
1607243769.783004045
1607243769.883138418
1607243769.983273983
1607243770.083396196
1607243770.183564186
1607243770.283704042
1607243770.383839130
1607243770.483972788
1607243770.584122419
1607243770.684363842
1607243770.784548283
1607243770.884686947
1607243770.984819889
1607243771.084953547
1607243771.185085773
1607243771.285221577
1607243771.385371208
1607243771.485507965
1607243771.585644722
1607243771.685779572
1607243771.785912037
1607243771.886048317
1607243771.986196280
1607243772.086332321
1607243772.186465263
1607243772.286597252
1607243772.386729956
1607243772.486865044
1607243772.587011576
1607243772.687154770
1607243772.787288189
1607243772.887392282
1607243772.987524509
1607243773.087660313
1607243773.187821865
1607243773.287960529
1607243773.388095856
1607243773.488228798
1607243773.588364363
1607243773.688532591
1607243773.788716316
1607243773.888856411
1607243773.988990545
1607243774.089124680
1607243774.189257622
1607243774.289394617
1607243774.389544010
1607243774.489679098
1607243774.589815617
1607243774.689951658
1607243774.790084839
1607243774.890221119
1607243774.990368366
1607243775.090504169
1607243775.190637827
1607243775.290770054
1607243775.390901566
1607243775.491032839
1607243775.591164827
1607243775.691298485
1607243775.791392326
1607243775.891524553
1607243775.991656303
1607243776.091789007
1607243776.191967726
1607243776.292104244
1607243776.392236710
1607243776.492367744
1607243776.592501163
1607243776.692634344
1607243776.792772293
1607243776.892904282
1607243776.993036270
1607243777.093169451
1607243777.193301439
1607243777.293432713
1607243777.393565416
1607243777.493698597
1607243777.593834400
1607243777.693969727
1607243777.794103384
1607243777.894236326
1607243777.994369745
1607243778.094501972
1607243778.194633722
1607243778.294764757
1607243778.394896269
1607243778.495027304
1607243778.595159054
1607243778.695289373
1607243778.795392036
1607243778.895523310
1607243778.995654821
1607243779.095787764
1607243779.195919275
1607243779.296053648
1607243779.396185875
1607243779.496316910
1607243779.596448660
1607243779.696586847
1607243779.796751976
1607243779.896885633
1607243779.997016668
1607243780.097149134
1607243780.197280407
1607243780.297411442
1607243780.397542000
1607243780.497673273
1607243780.597807169
1607243780.697938919
1607243780.798069954
1607243780.898200512
1607243780.998332500
1607243781.098464012
1607243781.198594570
1607243781.298724651
1607243781.398855686
1607243781.498986244
1607243781.599117994
1607243781.699251652
1607243781.799386978
1607243781.899518967
1607243781.999650002
1607243782.099781752
1607243782.199912548
1607243782.300047159
1607243782.400178671
1607243782.500309467
1607243782.600441456
1607243782.700573444
1607243782.800710917
1607243782.900841951
1607243783.000975370
1607243783.101107359
1607243783.201237917
1607243783.301368713
1607243783.401499271
1607243783.501630783
1607243783.601778984
1607243783.701998949
1607243783.802136421
1607243783.902268887
1607243784.002402782
1607243784.102534771
1607243784.202666044
1607243784.302797079
1607243784.402927876
1607243784.503059387
1607243784.603190899
1607243784.703321934
1607243784.803456545
1607243784.903586626
1607243785.003717184
1607243785.103849173
1607243785.203980446
1607243785.304115057
1607243785.404246330
1607243785.504377842
1607243785.604509830
1607243785.704655647
1607243785.804793358
1607243785.904932499
1607243786.005065441
1607243786.105197668
1607243786.205328941
1607243786.305460930
1607243786.405591726
1607243786.505723000
1607243786.605856657
1607243786.705987692
1607243786.806118727
1607243786.906249762
1607243787.006382465
1607243787.106513739
1607243787.206644297
1607243787.306774855
1607243787.406905413
1607243787.507036209
1607243787.607168913
1607243787.707298994
1607243787.807392359
1607243787.907523632
1607243788.007654905
1607243788.107786417
1607243788.207917213
1607243788.308051825
1607243788.408184290
1607243788.508315325
1607243788.608446836
1607243788.708577871
1607243788.808710098
1607243788.908844471
1607243789.008974314
1607243789.109106302
1607243789.209236622
1607243789.309368372
1607243789.409498930
1607243789.509629965
1607243789.609764338
1607243789.709897518
1607243789.810029984
1607243789.910161734
1607243790.010294914
1607243790.110426188
1607243790.210556746
1607243790.310687065
1607243790.410817385
1607243790.510947466
1607243790.611078501
1607243790.711210966
1607243790.811354399
1607243790.911492825
1607243791.011626482
1607243791.111759186
1607243791.211890697
1607243791.312025547
1607243791.412156105
1607243791.512286901
1607243791.612417698
1607243791.712551594
1607243791.812695742
1607243791.912834167
1607243792.012965918
1607243792.113098145
1607243792.213228703
1607243792.313359261
1607243792.413489819
1607243792.513622046
1607243792.613755703
1607243792.713888407
1607243792.814024448
1607243792.914156675
1607243793.014287949
1607243793.114418745
1607243793.214549541
1607243793.314680099
1607243793.414810181
1607243793.514940500
1607243793.615072250
1607243793.715205669
1607243793.815338135
1607243793.915473461
1607243794.015604258
1607243794.115735769
1607243794.215866566
1607243794.316001415
1607243794.416132689
1607243794.516264200
1607243794.616395235
1607243794.716526508
1607243794.816662073
1607243794.916798353
1607243795.016930103
1607243795.117061853
1607243795.217193127
1607243795.317323685
1607243795.417453766
1607243795.517584324
1607243795.617718220
1607243795.717850208
1607243795.817981958
1607243795.918114185
1607243796.018244982
1607243796.118376017
1607243796.218505859
1607243796.318636179
1607243796.418767929
1607243796.518897772
1607243796.619029522
1607243796.719159603
1607243796.819289446
1607243796.919391870
1607243797.019521713
1607243797.119653225
1607243797.219784021
1607243797.319918633
1607243797.420050144
1607243797.520183325
1607243797.620325565
1607243797.720468283
1607243797.820610285
1607243797.920744181
1607243798.020880222
1607243798.121012688
1607243798.221143484
1607243798.321274757
1607243798.421405077
1607243798.521539211
1607243798.621672630
1607243798.721802950
1607243798.821933746
1607243798.922066212
1607243799.022197008
1607243799.122327566
1607243799.222463846
1607243799.322593927
1607243799.422723770
1607243799.522853613
1607243799.622984409
1607243799.723115206
1607243799.823246956
1607243799.923382282
1607243800.023513317
1607243800.123650074
1607243800.223781109
1607243800.323915720
1607243800.424046755
1607243800.524178028
1607243800.624312878
1607243800.724444628
1607243800.824574709
1607243800.924705982
1607243801.024840117
1607243801.124972105
1607243801.225102186
1607243801.325232744
1607243801.425363779
1607243801.525496960
1607243801.625674725
1607243801.725860357
1607243801.826000214
1607243801.926135540
1607243802.026267529
1607243802.126399040
1607243802.226529837
1607243802.326659918
1607243802.426789284
1607243802.526919365
1607243802.627049446
1607243802.727179766
1607243802.827311039
1607243802.927392244
1607243803.027523279
1607243803.127655029
1607243803.227786064
1607243803.327920675
1607243803.428051710
1607243803.528183460
1607243803.628314257
1607243803.728445768
1607243803.828592777
1607243803.928725719
1607243804.028860807
1607243804.128993988
1607243804.229124546
1607243804.329254866
1607243804.429384947
1607243804.529516220
1607243804.629649639
1607243804.729781151
1607243804.829912186
1607243804.930044889
1607243805.030176163
1607243805.130307436
1607243805.230438232
1607243805.330568075
1607243805.430698395
1607243805.530829668
1607243805.630961418
1607243805.731094599
1607243805.831227303
1607243805.931358576
1607243806.031491995
1607243806.131623507
1607243806.231754780
1607243806.331888914
1607243806.432020426
1607243806.532150984
1607243806.632281780
1607243806.732411623
1607243806.832541466
1607243806.932670355
1607243807.032801628
1607243807.132939816
1607243807.233071089
1607243807.333201408
1607243807.433331728
1607243807.533462286
1607243807.633595467
1607243807.733726263
1607243807.833857059
1607243807.933990717
1607243808.034122705
1607243808.134253979
1607243808.234384775
1607243808.334515333
1607243808.434645653
1607243808.534776211
1607243808.634907246
1607243808.735038042
1607243808.835168123
1607243808.935298443
1607243809.035392284
1607243809.135524511
1607243809.235654831
1607243809.335788727
1607243809.435920238
1607243809.536052227
1607243809.636183977
1607243809.736319780
1607243809.836474895
1607243809.936608553
1607243810.036742926
1607243810.136875868
1607243810.237005949
1607243810.337136507
1607243810.437268019
1607243810.537398577
1607243810.637531281
1607243810.737662077
1607243810.837793112
1607243810.937925339
1607243811.038056374
1607243811.138187408
1607243811.238317966
1607243811.338448524
1607243811.438578129
1607243811.538708210
1607243811.638838291
1607243811.738968372
1607243811.839100122
1607243811.939230442
1607243812.039361000
1607243812.139495373
1607243812.239626169
1607243812.339761496
1607243812.439892054
1607243812.540022373
1607243812.640152693
1607243812.740283251
1607243812.840413570
1607243812.940544128
1607243813.040676117
1607243813.140815973
1607243813.240947723
1607243813.341077805
1607243813.441213846
1607243813.541344643
1607243813.641479015
1607243813.741612196
1607243813.841743946
1607243813.941878080
1607243814.042008400
1607243814.142139196
1607243814.242269754
1607243814.342399836
1607243814.442530394
1607243814.542661905
1607243814.642793179
1607243814.742923021
1607243814.843053341
1607243814.943183661
1607243815.043314695
1607243815.143450737
1607243815.243581533
1607243815.343715191
1607243815.443846464
1607243815.543976068
1607243815.644106627
1607243815.744238853
1607243815.844379187
1607243815.944510937
1607243816.044641972
1607243816.144775152
1607243816.244910479
1607243816.345041037
1607243816.445171356
1607243816.545302629
1607243816.645438194
1607243816.745568514
1607243816.845699072
1607243816.945832253
1607243817.045962811
1607243817.146093130
1607243817.246223211
1607243817.346353292
1607243817.446483374
1607243817.546613693
1607243817.646744967
1607243817.746878386
1607243817.847008944
1607243817.947141409
1607243818.047271967
1607243818.147393227
1607243818.247524023
1607243818.347658396
1607243818.447788715
1607243818.547919035
1607243818.648049593
1607243818.748182058
1607243818.848312378
1607243818.948443651
1607243819.048574686
1607243819.148709297
1607243819.248844147
1607243819.348975420
1607243819.449106455
1607243819.549252987
1607243819.649451971
1607243819.749598503
1607243819.849730253
1607243819.949863195
1607243820.050001383
1607243820.150165081
1607243820.250313520
1607243820.350443602
1607243820.450573683
1607243820.550704002
1607243820.650851250
1607243820.751071930
1607243820.851204157
1607243820.951334000
1607243821.051468134
1607243821.151599169
1607243821.251732826
1607243821.351867437
1607243821.451998472
1607243821.552129507
1607243821.652263641
1607243821.752407551
1607243821.852540255
1607243821.952671766
1607243822.052802801
1607243822.152934790
1607243822.253069639
1607243822.353200674
1607243822.453330517
1607243822.553460836
1607243822.653593540
1607243822.753724813
1607243822.853855371
1607243822.953987360
1607243823.054117441
1607243823.154248476
1607243823.254379034
1607243823.354509354
1607243823.454638958
1607243823.554770231
1607243823.654900789
1607243823.755030870
1607243823.855160713
1607243823.955293417
1607243824.055392027
1607243824.155523539
1607243824.255654097
1607243824.355787516
1607243824.455918550
1607243824.556049585
1607243824.656180143
1607243824.756309986
1607243824.856440067
1607243824.956569195
1607243825.056700945
1607243825.156834126
1607243825.256974220
1607243825.357104540
1607243825.457234621
1607243825.557371855
1607243825.657505751
1607243825.757639885
1607243825.857770443
1607243825.957904339
1607243826.058036089
1607243826.158166885
1607243826.258297443
1607243826.358428240
1607243826.458558321
1607243826.558688641
1607243826.658819914
1607243826.758950233
1607243826.859081984
1607243826.959212065
1607243827.059341669
1607243827.159478426
1607243827.259608507
1607243827.359741926
1607243827.459872484
1607243827.560002804
1607243827.660136223
1607243827.760282755
1607243827.860414028
1607243827.960545301
1607243828.060675859
1607243828.160807610
1607243828.260941267
1607243828.361072063
1607243828.461202860
1607243828.561334372
1607243828.661465883
1607243828.761597395
1607243828.861727476
1607243828.961860180
1607243829.061990261
1607243829.162120581
1607243829.262253046
1607243829.362383842
1607243829.462514400
1607243829.562644720
1607243829.662776232
1607243829.762909889
1607243829.863040447
1607243829.963171482
1607243830.063302755
1607243830.163392305
1607243830.263523102
1607243830.363660097
1607243830.463790178
1607243830.563935995
1607243830.664134979
1607243830.764270544
1607243830.864401579
1607243830.964532375
1607243831.064663649
1607243831.164796114
1607243831.264929056
1607243831.365063190
1607243831.465193272
1607243831.565324545
1607243831.665457487
1607243831.765588999
1607243831.865720987
1607243831.965854883
1607243832.065985680
1607243832.166116714
1607243832.266247511
1607243832.366377354
1607243832.466507196
1607243832.566638231
1607243832.666769981
1607243832.766901016
1607243832.867031097
1607243832.967161417
1607243833.067291498
1607243833.167396069
1607243833.267531395
1607243833.367662668
1607243833.467793941
1607243833.567924976
1607243833.668058395
1607243833.768205404
1607243833.868337393
1607243833.968467712
1607243834.068601847
1607243834.168733597
1607243834.268866301
1607243834.369001150
1607243834.469133377
1607243834.569267750
1607243834.669399500
1607243834.769530058
1607243834.869661570
1607243834.969794273
1607243835.069925547
1607243835.170057058
1607243835.270186901
1607243835.370317221
1607243835.470447779
1607243835.570578098
1607243835.670709610
1607243835.770840168
1607243835.870970726
1607243835.971101046
1607243836.071231127
1607243836.171362638
1607243836.271500826
1607243836.371631622
1607243836.471761703
1607243836.571898222
1607243836.672029257
1607243836.772160530
1607243836.872290611
1607243836.972421408
1607243837.072551489
1607243837.172682762
1607243837.272814512
1607243837.372947216
1607243837.473078728
1607243837.573212385
1607243837.673345089
1607243837.773479700
1607243837.873611689
1607243837.973744631
1607243838.073874712
1607243838.174005508
1607243838.274135828
1607243838.374267340
1607243838.474397659
1607243838.574527502
1607243838.674657583
1607243838.774794579
1607243838.874924421
1607243838.975054741
1607243839.075184584
1607243839.175316811
1607243839.275455952
1607243839.375586748
1607243839.475717068
1607243839.575847626
1607243839.675978422
1607243839.776111603
1607243839.876245260
1607243839.976377010
1607243840.076508522
1607243840.176639795
1607243840.276770592
1607243840.376905918
1607243840.477036715
1607243840.577169418
1607243840.677300692
1607243840.777431250
1607243840.877564430
1607243840.977699518
1607243841.077829599
1607243841.177960396
1607243841.278091192
1607243841.378221512
1607243841.478351831
1607243841.578482866
1607243841.678614378
1607243841.778747559
1607243841.878878593
1607243841.979009390
1607243842.079139471
1607243842.179271698
1607243842.279392242
1607243842.379523516
1607243842.479654312
1607243842.579784632
1607243842.679914951
1607243842.780045986
1607243842.880176544
1607243842.980305910
1607243843.080435991
1607243843.180566788
1607243843.280696869
1607243843.380827427
1607243843.480963707
1607243843.581125498
1607243843.681318521
1607243843.781454325
1607243843.881585598
1607243843.981718779
1607243844.081791401
1607243844.181790590
1607243844.281790972
1607243844.381790400
1607243844.481790781
1607243844.581790447
1607243844.681790829
1607243844.781790495
1607243844.881790638
1607243844.981790781
1607243845.081791401
1607243845.181791067
1607243845.281790972
1607243845.381790638
1607243845.481790781
1607243845.581790686
1607243845.681794167
1607243845.781791210
1607243845.881790638
1607243845.981790304
1607243846.081790924
1607243846.181790590
1607243846.281792164
1607243846.381790876
1607243846.481791258
1607243846.581790686
1607243846.681790829
1607243846.781790495
1607243846.881791115
1607243846.981790781
1607243847.081790686
1607243847.181790352
1607243847.281790733
1607243847.381790638
1607243847.481790543
1607243847.581790686
1607243847.681790590
1607243847.781790733
1607243847.881790638
1607243847.981790543
1607243848.081791162
1607243848.181791067
1607243848.281790733
1607243848.381790638
1607243848.481790543
1607243848.581790447
1607243848.681790829
1607243848.781790495
1607243848.881790638
1607243848.981790543
1607243849.081790924
1607243849.181790590
1607243849.281790495
1607243849.381791353
1607243849.481793642
1607243849.581790686
1607243849.681791067
1607243849.781791449
1607243849.881791115
1607243849.981790543
1607243850.081791401
1607243850.181790829
1607243850.281790733
1607243850.381790638
1607243850.481791019
1607243850.581790686
1607243850.681792736
1607243850.781791449
1607243850.881790876
1607243850.981790543
1607243851.081790924
1607243851.181791306
1607243851.281790733
1607243851.381790638
1607243851.481790543
1607243851.581790686
1607243851.681790590
1607243851.781790733
1607243851.881790400
1607243851.981790543
1607243852.081791162
1607243852.181790590
1607243852.281790257
1607243852.381790400
1607243852.481792688
1607243852.581790924
1607243852.681791067
1607243852.781790733
1607243852.881790876
1607243852.981790543
1607243853.081790924
1607243853.181809187
1607243853.281790733
1607243853.381790400
1607243853.481790781
1607243853.581790686
1607243853.681791544
1607243853.781791210
1607243853.881790876
1607243853.981790543
1607243854.081791162
1607243854.181791067
1607243854.281790733
1607243854.381790638
1607243854.481790543
1607243854.581790686
1607243854.681790829
1607243854.781790495
1607243854.881790638
1607243854.981790543
1607243855.081791162
1607243855.181790352
1607243855.281790495
1607243855.381790876
1607243855.481792450
1607243855.581808329
1607243855.681792259
1607243855.781790972
1607243855.881791353
1607243855.981790781
1607243856.081791401
1607243856.181790829
1607243856.281790733
1607243856.381790876
1607243856.481791258
1607243856.581790686
1607243856.681791067
1607243856.781790733
1607243856.881791115
1607243856.981790543
1607243857.081791401
1607243857.181791067
1607243857.281790733
1607243857.381790638
1607243857.481790781
1607243857.581790686
1607243857.681796312
1607243857.781804800
1607243857.881791353
1607243857.981790781
1607243858.081791162
1607243858.181790352
1607243858.281790733
1607243858.381790638
1607243858.481792927
1607243858.581791162
1607243858.681791067
1607243858.781790733
1607243858.881791115
1607243858.981790543
1607243859.081791162
1607243859.181790352
1607243859.281790972
1607243859.381790876
1607243859.481790543
1607243859.581791162
1607243859.681790590
1607243859.781790495
1607243859.881790876
1607243859.981790781
1607243860.081791162
1607243860.181790829
1607243860.281790733
1607243860.381790638
1607243860.481790543
1607243860.581790447
1607243860.681790829
1607243860.781790733
1607243860.881790638
1607243860.981790781
1607243861.081790924
1607243861.181790590
1607243861.281790495
1607243861.381790400
1607243861.481792450
1607243861.581790686
1607243861.681791306
1607243861.781790972
1607243861.881791115
1607243861.981790543
1607243862.081791162
1607243862.181790352
1607243862.281790495
1607243862.381790638
1607243862.481790543
1607243862.581790686
1607243862.681791067
1607243862.781790733
1607243862.881790638
1607243862.981790781
1607243863.081791162
1607243863.181790829
1607243863.281790733
1607243863.381790638
1607243863.481790543
1607243863.581790924
1607243863.681793690
1607243863.781790733
1607243863.881791353
1607243863.981790304
1607243864.081790924
1607243864.181790590
1607243864.281790495
1607243864.381790400
1607243864.481790781
1607243864.581792116
1607243864.681790829
1607243864.781790733
1607243864.881791115
1607243864.981790543
1607243865.081791162
1607243865.181790590
1607243865.281790733
1607243865.381790638
1607243865.481790781
1607243865.581790686
1607243865.681791306
1607243865.781790972
1607243865.881790400
1607243865.981790543
1607243866.081790924
1607243866.181791306
1607243866.281790972
1607243866.381790638
1607243866.481790781
1607243866.581790924
1607243866.681791067
1607243866.781790495
1607243866.881790876
1607243866.981790781
1607243867.081791401
1607243867.181790590
1607243867.281790495
1607243867.381790638
1607243867.481791019
1607243867.581805229
1607243867.681791544
1607243867.781790733
1607243867.881791592
1607243867.981790781
1607243868.081791162
1607243868.181790829
1607243868.281790972
1607243868.381790876
1607243868.481790543
1607243868.581790447
1607243868.681790829
1607243868.781790495
1607243868.881790638
1607243868.981790543
