1607244608.999337435
1607244609.100744247
1607244609.201565266
1607244609.302370310
1607244609.402981043
1607244609.503610134
1607244609.604436636
1607244609.705264091
1607244609.805862665
1607244609.906669617
1607244610.007476568
1607244610.108136415
1607244610.208773851
1607244610.309602976
1607244610.410207510
1607244610.510835171
1607244610.611677408
1607244610.712267160
1607244610.813092232
1607244610.913722754
1607244611.014552355
1607244611.115164042
1607244611.215783596
1607244611.316594839
1607244611.417225599
1607244611.517822504
1607244611.618639469
1607244611.719466686
1607244611.820074558
1607244611.920692682
1607244612.021513939
1607244612.122137070
1607244612.222735167
1607244612.323539495
1607244612.424430370
1607244612.525105000
1607244612.625945091
1607244612.726566792
1607244612.827371597
1607244612.928009033
1607244613.028841257
1607244613.129692554
1607244613.230289936
1607244613.330833197
1607244613.431665421
1607244613.532288313
1607244613.632906675
1607244613.733715296
1607244613.834517479
1607244613.935347557
1607244614.035947084
1607244614.136778355
1607244614.237402678
1607244614.338031769
1607244614.438632727
1607244614.539443731
1607244614.640248537
1607244614.741075277
1607244614.841803551
1607244614.942429543
1607244615.043270111
1607244615.143907309
1607244615.244513988
1607244615.345317602
1607244615.446123123
1607244615.546940088
1607244615.647816658
1607244615.748435974
1607244615.849235296
1607244615.949858189
1607244616.050456285
1607244616.151089430
1607244616.251684904
1607244616.352490664
1607244616.453316212
1607244616.553948879
1607244616.654540539
1607244616.755355358
1607244616.856184244
1607244616.956815958
1607244617.057646990
1607244617.158474922
1607244617.259107828
1607244617.359951973
1607244617.460539341
1607244617.561168194
1607244617.661772013
1607244617.762569904
1607244617.863411903
1607244617.964030504
1607244618.064861536
1607244618.165692091
1607244618.266295910
1607244618.367128134
1607244618.467953205
1607244618.568578482
1607244618.669390440
1607244618.770037889
1607244618.870658398
1607244618.971494913
1607244619.072010517
1607244619.172839880
1607244619.273387909
1607244619.373897076
1607244619.474444866
1607244619.575002432
1607244619.675513029
1607244619.776059151
1607244619.876608133
1607244619.977127314
1607244620.077638865
1607244620.178181648
1607244620.278698683
1607244620.379231691
1607244620.479744673
1607244620.580279589
1607244620.680818796
1607244620.781333208
1607244620.881868601
1607244620.982384920
1607244621.082905769
1607244621.183418751
1607244621.283955097
1607244621.384450436
1607244621.484957933
1607244621.585462570
1607244621.685994864
1607244621.786536455
1607244621.887043715
1607244621.987583637
1607244622.088126183
1607244622.188634157
1607244622.289146900
1607244622.389648199
1607244622.490182161
1607244622.590719461
1607244622.691223383
1607244622.791759729
1607244622.892298460
1607244622.992794752
1607244623.093294621
1607244623.193801403
1607244623.294337749
1607244623.394876719
1607244623.495396376
1607244623.595899105
1607244623.696446419
1607244623.796956301
1607244623.897471189
1607244623.997988939
1607244624.098526716
1607244624.199032068
1607244624.299098015
1607244624.399088144
1607244624.499099255
1607244624.599087238
1607244624.699097157
1607244624.799087763
1607244624.899101019
1607244624.999088526
1607244625.099097967
1607244625.199091434
1607244625.299095154
1607244625.399093628
1607244625.499096632
1607244625.599102020
1607244625.699135542
1607244625.799121857
1607244625.899132967
1607244625.999119759
1607244626.099133492
1607244626.199121237
1607244626.299127340
1607244626.399116278
1607244626.499106407
1607244626.599089861
1607244626.699098110
1607244626.799091101
1607244626.899106503
1607244626.999083996
1607244627.099097013
1607244627.199089766
1607244627.299099922
1607244627.399086475
1607244627.499100447
1607244627.599090338
1607244627.699125051
1607244627.799108505
1607244627.899113655
1607244627.999108553
1607244628.099106550
1607244628.199093342
1607244628.299136400
1607244628.399120569
1607244628.499135971
1607244628.599143267
1607244628.699137449
1607244628.799141169
1607244628.899142981
1607244628.999130249
1607244629.099137783
1607244629.199102640
1607244629.299113989
1607244629.399096966
1607244629.499121904
1607244629.599095821
1607244629.699108601
1607244629.799098492
1607244629.899115324
1607244629.999088526
1607244630.099112988
1607244630.199087381
1607244630.299098492
1607244630.399094820
1607244630.499101639
1607244630.599084854
1607244630.699108601
1607244630.799083948
1607244630.899098396
1607244630.999113083
1607244631.099136114
1607244631.199133635
1607244631.299150467
1607244631.399139881
1607244631.499140263
1607244631.599117517
1607244631.699134827
1607244631.799112558
1607244631.899106264
1607244631.999087095
1607244632.099111795
1607244632.199098349
1607244632.299115181
1607244632.399098873
1607244632.499114513
1607244632.599096775
1607244632.699104786
1607244632.799093723
1607244632.899109602
1607244632.999094486
1607244633.099123001
1607244633.199094057
1607244633.299107075
1607244633.399110317
1607244633.499109745
1607244633.599095106
1607244633.699131250
1607244633.799116850
1607244633.899133921
1607244633.999119997
1607244634.099136353
1607244634.199111223
1607244634.299142838
1607244634.399133921
1607244634.499128342
1607244634.599098921
1607244634.699110031
1607244634.799097061
1607244634.899105787
1607244634.999087334
1607244635.099104643
1607244635.199092150
1607244635.299102545
1607244635.399086714
1607244635.499108315
1607244635.599049330
1607244635.699105501
1607244635.799088717
1607244635.899102688
1607244635.999105930
1607244636.099111557
1607244636.199096203
1607244636.299142838
1607244636.399138927
1607244636.499135733
1607244636.599120855
1607244636.699134588
1607244636.799113750
1607244636.899130106
1607244636.999116421
1607244637.099128485
1607244637.199106216
1607244637.299097776
1607244637.399088383
1607244637.499101639
1607244637.599086523
1607244637.699102640
1607244637.799081087
1607244637.899103880
1607244637.999085426
1607244638.099100113
1607244638.199089289
1607244638.299100637
1607244638.399094105
1607244638.499098301
1607244638.599086761
1607244638.699095488
1607244638.799079657
1607244638.899098396
1607244638.999089479
1607244639.099129677
1607244639.199129820
1607244639.299132586
1607244639.399120331
1607244639.499129057
1607244639.599116802
1607244639.699127913
1607244639.799119473
1607244639.899116755
1607244639.999090433
1607244640.099105120
1607244640.199086666
1607244640.299097776
1607244640.399088860
1607244640.499106884
1607244640.599090338
1607244640.699095488
1607244640.799088240
1607244640.899097443
1607244640.999096155
1607244641.099102497
1607244641.199089527
1607244641.299104691
1607244641.399086714
1607244641.499103308
1607244641.599104881
1607244641.699143410
1607244641.799130201
1607244641.899143934
1607244641.999128103
1607244642.099143267
1607244642.199141264
1607244642.299149036
1607244642.399127245
1607244642.499147415
1607244642.599124908
1607244642.699109554
1607244642.799093485
1607244642.899109840
1607244642.999083042
1607244643.099099874
1607244643.199087620
1607244643.299100161
1607244643.399093151
1607244643.499122381
1607244643.599100828
1607244643.699103355
1607244643.799100399
1607244643.899108887
1607244643.999100685
1607244644.099107027
1607244644.199100256
1607244644.299108028
1607244644.399104118
1607244644.499143124
1607244644.599144697
1607244644.699143410
1607244644.799137831
1607244644.899141550
1607244644.999128103
1607244645.099140882
1607244645.199127913
1607244645.299121141
1607244645.399098873
1607244645.499108076
1607244645.599096298
1607244645.699119091
1607244645.799093962
1607244645.899114847
1607244645.999098778
1607244646.099107027
1607244646.199085474
1607244646.299097538
1607244646.399093628
1607244646.499101877
1607244646.599086761
1607244646.699098110
1607244646.799091339
1607244646.899101257
1607244646.999083519
1607244647.099115372
1607244647.199109316
1607244647.299124718
1607244647.399113894
1607244647.499134064
1607244647.599120378
1607244647.699133158
1607244647.799118042
1607244647.899129868
1607244647.999106407
1607244648.099102736
1607244648.199090004
1607244648.299098730
1607244648.399089575
1607244648.499097824
1607244648.599085808
1607244648.699096918
1607244648.799091578
1607244648.899096489
1607244648.999077320
1607244649.099102497
1607244649.199096918
1607244649.299100161
1607244649.399092913
1607244649.499102831
1607244649.599107027
1607244649.699119806
1607244649.799128294
1607244649.899141550
1607244649.999141455
1607244650.099149227
1607244650.199125051
1607244650.299139023
1607244650.399140596
1607244650.499142408
1607244650.599129438
1607244650.699118853
1607244650.799093485
1607244650.899106741
1607244650.999092817
1607244651.099109173
1607244651.199096441
1607244651.299115658
1607244651.399099350
1607244651.499102831
1607244651.599092245
1607244651.699106216
1607244651.799085855
1607244651.899097919
1607244651.999093056
1607244652.099118710
1607244652.199093580
1607244652.299106359
1607244652.399098158
1607244652.499140263
1607244652.599126339
1607244652.699141741
1607244652.799126148
1607244652.899136305
1607244652.999120474
1607244653.099133730
1607244653.199128866
1607244653.299136639
1607244653.399091244
1607244653.499113083
1607244653.599093676
1607244653.699109554
1607244653.799096584
1607244653.899102926
1607244653.999108315
1607244654.099111319
1607244654.199096441
1607244654.299110413
1607244654.399098635
1607244654.499104977
1607244654.599098444
1607244654.699112415
1607244654.799096823
1607244654.899110556
1607244654.999092579
1607244655.099105358
1607244655.199138641
1607244655.299142122
1607244655.399111748
1607244655.499140501
1607244655.599129438
1607244655.699133396
1607244655.799120188
1607244655.899129152
1607244655.999112844
1607244656.099102974
1607244656.199085712
1607244656.299100637
1607244656.399104834
1607244656.499113321
1607244656.599089622
1607244656.699100494
1607244656.799090624
1607244656.899104357
1607244656.999089479
1607244657.099094391
1607244657.199092627
1607244657.299101591
1607244657.399087667
1607244657.499095440
1607244657.599092960
1607244657.699110031
1607244657.799096346
1607244657.899139166
1607244657.999123573
1607244658.099142075
1607244658.199123621
1607244658.299127579
1607244658.399117231
1607244658.499127388
1607244658.599120378
1607244658.699123383
1607244658.799106836
1607244658.899111748
1607244658.999097824
1607244659.099105597
1607244659.199095249
1607244659.299109459
1607244659.399100542
1607244659.499112844
1607244659.599097490
1607244659.699109554
1607244659.799092770
1607244659.899103880
1607244659.999090433
1607244660.099095821
1607244660.199083090
1607244660.299096584
1607244660.399081469
1607244660.499150991
1607244660.599039555
1607244660.699150085
1607244660.799135447
1607244660.899138212
1607244660.999128580
1607244661.099137783
1607244661.199137688
1607244661.299152136
1607244661.399125338
1607244661.499111652
1607244661.599095583
1607244661.699113607
1607244661.799098969
1607244661.899113178
1607244661.999096155
1607244662.099112272
1607244662.199100733
1607244662.299113750
1607244662.399101019
1607244662.499110699
1607244662.599105358
1607244662.699114084
1607244662.799110174
1607244662.899114132
1607244662.999091148
1607244663.099105358
1607244663.199095964
1607244663.299143553
1607244663.399134159
1607244663.499133587
1607244663.599130392
1607244663.699144840
1607244663.799142838
1607244663.899138212
1607244663.999132395
1607244664.099128723
1607244664.199099541
1607244664.299111843
1607244664.399092674
1607244664.499109030
1607244664.599092960
1607244664.699100733
1607244664.799082518
1607244664.899098635
1607244664.999083519
1607244665.099100828
1607244665.199084520
1607244665.299095631
1607244665.399089336
1607244665.499104500
1607244665.599053144
1607244665.699122190
1607244665.799100637
1607244665.899141550
1607244665.999131918
1607244666.099155426
1607244666.199138165
1607244666.299154997
1607244666.399126768
1607244666.499141932
1607244666.599126816
1607244666.699144602
1607244666.799134970
1607244666.899106026
1607244666.999099255
1607244667.099113226
1607244667.199095249
1607244667.299111128
1607244667.399097919
1607244667.499104738
1607244667.599092722
1607244667.699104548
1607244667.799105644
1607244667.899119854
1607244667.999099255
1607244668.099113226
1607244668.199100018
1607244668.299110413
1607244668.399096966
1607244668.499109745
1607244668.599093199
1607244668.699139118
1607244668.799128771
1607244668.899139643
1607244668.999125004
1607244669.099150896
1607244669.199121714
1607244669.299144030
1607244669.399124622
1607244669.499128580
1607244669.599099636
1607244669.699120760
1607244669.799092770
1607244669.899109840
1607244669.999087572
1607244670.099108934
1607244670.199093580
1607244670.299116611
1607244670.399091244
1607244670.499106407
1607244670.599087238
1607244670.699107647
1607244670.799098253
1607244670.899107218
1607244670.999089718
1607244671.099105358
1607244671.199099302
1607244671.299145937
1607244671.399098158
1607244671.499137640
1607244671.599109888
1607244671.699115992
1607244671.799108028
1607244671.899118423
1607244671.999122381
1607244672.099122047
1607244672.199107885
1607244672.299101830
1607244672.399131775
1607244672.499140024
1607244672.599137306
1607244672.699146271
1607244672.799121618
1607244672.899148464
1607244672.999137402
1607244673.099136353
1607244673.199123144
1607244673.299109221
1607244673.399102688
1607244673.499107361
1607244673.599100113
1607244673.699105740
1607244673.799101830
1607244673.899109125
1607244673.999098063
1607244674.099105835
1607244674.199105501
1607244674.299100876
1607244674.399088383
1607244674.499104500
1607244674.599084854
1607244674.699102163
1607244674.799086094
1607244674.899102449
1607244674.999090672
1607244675.099099159
1607244675.199093819
1607244675.299093008
1607244675.399089098
1607244675.499098301
1607244675.599090815
1607244675.699103355
1607244675.799091578
1607244675.899098158
1607244675.999084473
1607244676.099100828
1607244676.199103594
1607244676.299109459
1607244676.399122953
1607244676.499139309
1607244676.599112511
1607244676.699138641
1607244676.799131870
1607244676.899145365
1607244676.999121189
1607244677.099131107
1607244677.199112415
1607244677.299100637
1607244677.399091244
1607244677.499101400
1607244677.599050999
1607244677.699107170
1607244677.799094677
1607244677.899101019
1607244677.999106646
1607244678.099110126
1607244678.199098825
1607244678.299113274
1607244678.399109602
1607244678.499105215
1607244678.599094152
1607244678.699108601
1607244678.799096346
1607244678.899112701
1607244678.999089479
1607244679.099142790
1607244679.199120522
1607244679.299134970
1607244679.399126530
1607244679.499143362
1607244679.599119663
1607244679.699130774
1607244679.799128771
1607244679.899132490
1607244679.999090672
1607244680.099122763
1607244680.199094772
1607244680.299112558
1607244680.399098873
1607244680.499109983
1607244680.599094868
1607244680.699111223
1607244680.799088240
1607244680.899110794
1607244680.999088287
1607244681.099105358
1607244681.199097633
1607244681.299106598
1607244681.399094820
1607244681.499106407
1607244681.599091768
1607244681.699113369
1607244681.799119473
1607244681.899134874
1607244681.999124765
1607244682.099139690
1607244682.199126959
1607244682.299139500
1607244682.399123669
1607244682.499139309
1607244682.599119425
1607244682.699109554
1607244682.799099922
1607244682.899113655
1607244682.999095678
1607244683.099111319
1607244683.199088573
1607244683.299103498
1607244683.399089336
1607244683.499112606
1607244683.599094868
1607244683.699109554
1607244683.799098492
1607244683.899113417
1607244683.999091387
1607244684.099104166
1607244684.199091196
1607244684.299108267
1607244684.399097919
1607244684.499132395
1607244684.599126577
1607244684.699138165
1607244684.799140692
1607244684.899141312
1607244684.999137878
1607244685.099134445
1607244685.199121475
1607244685.299120903
1607244685.399083614
1607244685.499104500
1607244685.599087954
1607244685.699087381
1607244685.799090385
1607244685.899097919
1607244685.999093533
1607244686.099099636
1607244686.199087620
1607244686.299096823
1607244686.399095535
1607244686.499105215
1607244686.599088192
1607244686.699100256
1607244686.799089193
1607244686.899102211
1607244686.999084473
1607244687.099148989
1607244687.199137449
1607244687.299144745
1607244687.399124861
1607244687.499144793
1607244687.599141121
1607244687.699141026
1607244687.799131870
1607244687.899141073
1607244687.999127626
1607244688.099117041
1607244688.199097633
1607244688.299108267
1607244688.399107456
1607244688.499116421
1607244688.599091530
1607244688.699103832
1607244688.799088240
1607244688.899106026
1607244688.999108076
1607244689.099117041
1607244689.199110270
1607244689.299114227
1607244689.399093866
1607244689.499110937
1607244689.599087238
1607244689.699115276
1607244689.799129248
1607244689.899145842
1607244689.999142170
1607244690.099139929
1607244690.199133873
1607244690.299130678
1607244690.399118662
1607244690.499135017
1607244690.599110365
1607244690.699116707
1607244690.799084663
1607244690.899102449
1607244690.999091148
1607244691.099096775
1607244691.199087620
1607244691.299104452
1607244691.399087906
1607244691.499101162
1607244691.599084616
1607244691.699105740
1607244691.799089193
1607244691.899098396
1607244691.999090195
1607244692.099102259
1607244692.199086428
1607244692.299100876
1607244692.399090528
1607244692.499135971
1607244692.599116087
1607244692.699133396
1607244692.799118996
1607244692.899134159
1607244692.999119997
1607244693.099121571
1607244693.199123859
1607244693.299119473
1607244693.399096727
1607244693.499096394
1607244693.599087238
1607244693.699099064
1607244693.799085855
1607244693.899099350
1607244693.999091148
1607244694.099093199
1607244694.199087381
1607244694.299099207
1607244694.399085760
1607244694.499099970
1607244694.599084854
1607244694.699097395
1607244694.799085855
1607244694.899102449
1607244694.999083519
1607244695.099101067
1607244695.199087620
1607244695.299134016
1607244695.399122715
1607244695.499142885
1607244695.599123716
1607244695.699128151
1607244695.799125671
1607244695.899142027
1607244695.999133587
1607244696.099120140
1607244696.199092865
1607244696.299109936
1607244696.399109125
1607244696.499106646
1607244696.599095821
1607244696.699099064
1607244696.799086332
1607244696.899098873
1607244696.999088526
1607244697.099115372
1607244697.199100256
1607244697.299109459
1607244697.399097443
1607244697.499106407
1607244697.599102020
1607244697.699106932
1607244697.799076557
1607244697.899133444
1607244697.999128580
1607244698.099139690
1607244698.199124098
1607244698.299126625
1607244698.399125814
1607244698.499131918
1607244698.599118948
1607244698.699126959
1607244698.799095869
1607244698.899102926
1607244698.999098301
1607244699.099099159
1607244699.199108124
1607244699.299125671
1607244699.399113178
1607244699.499111414
1607244699.599097729
1607244699.699110031
1607244699.799098015
1607244699.899114847
1607244699.999099255
1607244700.099107742
1607244700.199102402
1607244700.299104691
1607244700.399101019
1607244700.499106646
1607244700.599130154
1607244700.699136734
1607244700.799126148
1607244700.899139404
1607244700.999127865
1607244701.099148750
1607244701.199125290
1607244701.299139261
1607244701.399126053
1607244701.499111176
1607244701.599099398
1607244701.699113131
1607244701.799099207
1607244701.899111271
1607244701.999092340
1607244702.099109173
1607244702.199100256
1607244702.299105406
1607244702.399097443
1607244702.499117136
1607244702.599100113
1607244702.699120283
1607244702.799098969
1607244702.899116278
1607244702.999103069
1607244703.099111080
1607244703.199098825
1607244703.299141645
1607244703.399120092
1607244703.499136925
1607244703.599121809
1607244703.699141979
1607244703.799128294
1607244703.899131536
1607244703.999130964
1607244704.099138498
1607244704.199100018
1607244704.299108505
1607244704.399096966
1607244704.499113560
1607244704.599097490
1607244704.699105978
1607244704.799095154
1607244704.899103642
1607244704.999098539
1607244705.099110603
1607244705.199093819
1607244705.299108267
1607244705.399094343
1607244705.499107122
1607244705.599094629
1607244705.699107647
1607244705.799096107
1607244705.899108887
1607244705.999120712
1607244706.099136114
1607244706.199123621
1607244706.299135923
1607244706.399129629
1607244706.499139786
1607244706.599122047
1607244706.699157476
1607244706.799123049
1607244706.899111271
1607244706.999098063
1607244707.099107742
1607244707.199098587
1607244707.299105167
1607244707.399094582
1607244707.499112368
1607244707.599088669
1607244707.699102163
1607244707.799105883
1607244707.899124384
1607244707.999101400
1607244708.099111557
1607244708.199097157
1607244708.299107552
1607244708.399091244
1607244708.499105692
1607244708.599096298
1607244708.699137926
1607244708.799122334
1607244708.899139404
1607244708.999128103
