1607243978.985520840
1607243979.085697174
1607243979.185881376
1607243979.286032915
1607243979.386180401
1607243979.486332178
1607243979.586491346
1607243979.686642170
1607243979.786800861
1607243979.886945009
1607243979.987091780
1607243980.087240219
1607243980.187395811
1607243980.287546635
1607243980.387692451
1607243980.487835407
1607243980.587977648
1607243980.688176394
1607243980.788331747
1607243980.888483763
1607243980.988627434
1607243981.088775873
1607243981.188918114
1607243981.289062977
1607243981.389228821
1607243981.489375830
1607243981.589521885
1607243981.689666510
1607243981.789810181
1607243981.889959097
1607243981.990113258
1607243982.090306997
1607243982.190451145
1607243982.290597439
1607243982.390738964
1607243982.490883827
1607243982.591038942
1607243982.691186905
1607243982.791340590
1607243982.891488791
1607243982.991631985
1607243983.091777086
1607243983.191932678
1607243983.292082310
1607243983.392226934
1607243983.492371082
1607243983.592514038
1607243983.692666531
1607243983.792855978
1607243983.893002748
1607243983.993190050
1607243984.093333483
1607243984.193475962
1607243984.293622494
1607243984.393779278
1607243984.493926525
1607243984.594071388
1607243984.694218397
1607243984.794360638
1607243984.894506216
1607243984.994657040
1607243985.094796896
1607243985.194936037
1607243985.295074940
1607243985.395212173
1607243985.495349169
1607243985.595490932
1607243985.695630312
1607243985.795819998
1607243985.895968437
1607243985.996107101
1607243986.096243858
1607243986.196383715
1607243986.296526432
1607243986.396665335
1607243986.496803045
1607243986.596939802
1607243986.697078705
1607243986.797215700
1607243986.897352219
1607243986.997489691
1607243987.097626686
1607243987.197763920
1607243987.297902822
1607243987.398039341
1607243987.498177767
1607243987.598317862
1607243987.698455095
1607243987.798638105
1607243987.898776293
1607243987.998916149
1607243988.099053144
1607243988.199191809
1607243988.299330711
1607243988.399471521
1607243988.499614477
1607243988.599750996
1607243988.699887991
1607243988.800026178
1607243988.900168180
1607243989.000306129
1607243989.100442886
1607243989.200581551
1607243989.300722837
1607243989.400859833
1607243989.500996113
1607243989.601133347
1607243989.701299429
1607243989.801458359
1607243989.901598930
1607243990.001736403
1607243990.101873398
1607243990.202011108
1607243990.302149057
1607243990.402285099
1607243990.502421856
1607243990.602560520
1607243990.702697039
1607243990.802836418
1607243990.902972937
1607243991.003118277
1607243991.103254080
1607243991.203393221
1607243991.303530931
1607243991.403667688
1607243991.503804445
1607243991.603941917
1607243991.704078674
1607243991.804215908
1607243991.904356718
1607243992.004494190
1607243992.104630232
1607243992.204766512
1607243992.304906368
1607243992.405042887
1607243992.505180120
1607243992.605315924
1607243992.705452681
1607243992.805588961
1607243992.905725002
1607243993.005861282
1607243993.105996609
1607243993.206133842
1607243993.306273937
1607243993.406411648
1607243993.506548405
1607243993.606704473
1607243993.706924438
1607243993.807070255
1607243993.907209635
1607243994.007349014
1607243994.107489109
1607243994.207627535
1607243994.307767391
1607243994.407903671
1607243994.508039236
1607243994.608175278
1607243994.708311319
1607243994.808451414
1607243994.908595800
1607243995.008733749
1607243995.108870029
1607243995.209006786
1607243995.309149742
1607243995.409286261
1607243995.509422541
1607243995.609559298
1607243995.709707975
1607243995.809894323
1607243995.910032511
1607243996.010167837
1607243996.110303640
1607243996.210439920
1607243996.310580254
1607243996.410716295
1607243996.510854244
1607243996.610992908
1607243996.711136103
1607243996.811272383
1607243996.911393404
1607243997.011532068
1607243997.111667633
1607243997.211804628
1607243997.311942577
1607243997.412079334
1607243997.512216091
1607243997.612353802
1607243997.712493896
1607243997.812632799
1607243997.912771702
1607243998.012913942
1607243998.113051653
1607243998.213188887
1607243998.313329697
1607243998.413468361
1607243998.513604879
1607243998.613740921
1607243998.713877678
1607243998.814020157
1607243998.914156675
1607243999.014293671
1607243999.114429474
1607243999.214565277
1607243999.314702511
1607243999.414838552
1607243999.514975071
1607243999.615114689
1607243999.715251207
1607243999.815390825
1607243999.915527344
1607244000.015672445
1607244000.115840912
1607244000.215980530
1607244000.316118717
1607244000.416254997
1607244000.516391277
1607244000.616544724
1607244000.716744423
1607244000.816885710
1607244000.917042017
1607244001.017179728
1607244001.117315531
1607244001.217452288
1607244001.317593575
1607244001.417732954
1607244001.517869711
1607244001.618006706
1607244001.718148470
1607244001.818301678
1607244001.918453932
1607244002.018590450
1607244002.118726254
1607244002.218862772
1607244002.319000721
1607244002.419136763
1607244002.519272804
1607244002.619392872
1607244002.719530344
1607244002.819667101
1607244002.919805050
1607244003.019942760
1607244003.120077848
1607244003.220214605
1607244003.320352316
1607244003.420488834
1607244003.520624399
1607244003.620761633
1607244003.720897675
1607244003.821033716
1607244003.921171427
1607244004.021312475
1607244004.121448755
1607244004.221585274
1607244004.321725607
1607244004.421862364
1607244004.521998405
1607244004.622135639
1607244004.722271919
1607244004.822407722
1607244004.922543526
1607244005.022679806
1607244005.122816324
1607244005.222952366
1607244005.323089361
1607244005.423225403
1607244005.523364067
1607244005.623523235
1607244005.723724365
1607244005.823869705
1607244005.924009323
1607244006.024146080
1607244006.124281406
1607244006.224417925
1607244006.324556112
1607244006.424692154
1607244006.524827480
1607244006.624963045
1607244006.725098610
1607244006.825234413
1607244006.925369978
1607244007.025509596
1607244007.125654936
1607244007.225793362
1607244007.325934410
1607244007.426071405
1607244007.526209354
1607244007.626346588
1607244007.726487160
1607244007.826641798
1607244007.926779985
1607244008.026918888
1607244008.127054453
1607244008.227190971
1607244008.327328444
1607244008.427467585
1607244008.527604103
1607244008.627743006
1607244008.727879286
1607244008.828016043
1607244008.928154469
1607244009.028291464
1607244009.128426313
1607244009.228562832
1607244009.328700304
1607244009.428837061
1607244009.528974295
1607244009.629111767
1607244009.729250193
1607244009.829388380
1607244009.929526806
1607244010.029682875
1607244010.129822016
1607244010.229958534
1607244010.330099821
1607244010.430236578
1607244010.530373096
1607244010.630511761
1607244010.730647087
1607244010.830782652
1607244010.930917978
1607244011.031054735
1607244011.131192684
1607244011.231329441
1607244011.331470728
1607244011.431607723
1607244011.531744003
1607244011.631883144
1607244011.732019424
1607244011.832156420
1607244011.932294369
1607244012.032430410
1607244012.132565737
1607244012.232701302
1607244012.332838297
1607244012.432974339
1607244012.533109903
1607244012.633245707
1607244012.733381271
1607244012.833517075
1607244012.933652878
1607244013.033790350
1607244013.133946896
1607244013.234084606
1607244013.334225178
1607244013.434361696
1607244013.534497261
1607244013.634634018
1607244013.734772921
1607244013.834914923
1607244013.935051680
1607244014.035188198
1607244014.135324717
1607244014.235464096
1607244014.335601330
1607244014.435736656
1607244014.535872936
1607244014.636012077
1607244014.736147881
1607244014.836285591
1607244014.936423779
1607244015.036559582
1607244015.136695147
1607244015.236831903
1607244015.336968899
1607244015.437104940
1607244015.537240744
1607244015.637377739
1607244015.737515211
1607244015.837651014
1607244015.937787771
1607244016.037924767
1607244016.138065338
1607244016.238202333
1607244016.338342667
1607244016.438479662
1607244016.538616896
1607244016.638753414
1607244016.738888979
1607244016.839025021
1607244016.939162016
1607244017.039299011
1607244017.139392614
1607244017.239528656
1607244017.339666128
1607244017.439801693
1607244017.539961338
1607244017.640169382
1607244017.740314484
1607244017.840453386
1607244017.940592289
1607244018.040727854
1607244018.140863657
1607244018.241000652
1607244018.341138840
1607244018.441274881
1607244018.541409969
1607244018.641545773
1607244018.741681099
1607244018.841818571
1607244018.941954136
1607244019.042091608
1607244019.142234087
1607244019.242373466
1607244019.342515945
1607244019.442652702
1607244019.542788982
1607244019.642925739
1607244019.743063927
1607244019.843219757
1607244019.943355799
1607244020.043495417
1607244020.143631220
1607244020.243766546
1607244020.343903542
1607244020.444039345
1607244020.544175863
1607244020.644315481
1607244020.744452000
1607244020.844587564
1607244020.944725275
1607244021.044861078
1607244021.144996881
1607244021.245132923
1607244021.345270872
1607244021.445407629
1607244021.545544386
1607244021.645681143
1607244021.745819092
1607244021.845955372
1607244021.946093082
1607244022.046228647
1607244022.146367788
1607244022.246511221
1607244022.346653461
1607244022.446789503
1607244022.546925306
1607244022.647062063
1607244022.747198343
1607244022.847334623
1607244022.947475433
1607244023.047611952
1607244023.147746801
1607244023.247882128
1607244023.348019361
1607244023.448156118
1607244023.548292398
1607244023.648431301
1607244023.748567820
1607244023.848704576
1607244023.948846102
1607244024.048982143
1607244024.149117231
1607244024.249252558
1607244024.349390507
1607244024.449526787
1607244024.549662590
1607244024.649798870
1607244024.749934673
1607244024.850070953
1607244024.950214386
1607244025.050351381
1607244025.150489569
1607244025.250635624
1607244025.350776434
1607244025.450912952
1607244025.551049232
1607244025.651189566
1607244025.751342535
1607244025.851485491
1607244025.951622248
1607244026.051759005
1607244026.151894331
1607244026.252030849
1607244026.352169037
1607244026.452305317
1607244026.552442074
1607244026.652581692
1607244026.752718687
1607244026.852855206
1607244026.952993870
1607244027.053130865
1607244027.153266907
1607244027.253402710
1607244027.353539467
1607244027.453675270
1607244027.553811312
1607244027.653948307
1607244027.754086494
1607244027.854222536
1607244027.954358578
1607244028.054494381
1607244028.154630661
1607244028.254770041
1607244028.354911804
1607244028.455048800
1607244028.555191278
1607244028.655327559
1607244028.755466938
1607244028.855603218
1607244028.955739021
1607244029.055874825
1607244029.156010628
1607244029.256145954
1607244029.356282473
1607244029.456418276
1607244029.556555033
1607244029.656695366
1607244029.756834984
1607244029.856972456
1607244029.957111359
1607244030.057249069
1607244030.157389402
1607244030.257525444
1607244030.357662916
1607244030.457798719
1607244030.557933807
1607244030.658072710
1607244030.758221149
1607244030.858361244
1607244030.958498716
1607244031.058635473
1607244031.158774614
1607244031.258919954
1607244031.359061718
1607244031.459198713
1607244031.559335470
1607244031.659478903
1607244031.759628057
1607244031.859765291
1607244031.959901333
1607244032.060037374
1607244032.160172939
1607244032.260309458
1607244032.360447168
1607244032.460582972
1607244032.560719490
1607244032.660861492
1607244032.760998726
1607244032.861137152
1607244032.961276293
1607244033.061412573
1607244033.161552906
1607244033.261706591
1607244033.361848116
1607244033.461986303
1607244033.562123299
1607244033.662261963
1607244033.762401581
1607244033.862538099
1607244033.962675095
1607244034.062811136
1607244034.162946939
1607244034.263085604
1607244034.363234282
1607244034.463372469
1607244034.563513041
1607244034.663649082
1607244034.763784885
1607244034.863920927
1607244034.964058161
1607244035.064194918
1607244035.164331436
1607244035.264468193
1607244035.364604950
1607244035.464741230
1607244035.564896345
1607244035.665106058
1607244035.765248060
1607244035.865386486
1607244035.965525150
1607244036.065661192
1607244036.165796995
1607244036.265933514
1607244036.366070747
1607244036.466206789
1607244036.566343546
1607244036.666482449
1607244036.766622782
1607244036.866760731
1607244036.966897726
1607244037.067033529
1607244037.167171478
1607244037.267312765
1607244037.367461443
1607244037.467598200
1607244037.567734241
1607244037.667875528
1607244037.768052340
1607244037.868192434
1607244037.968329906
1607244038.068466187
1607244038.168602467
1607244038.268741131
1607244038.368878841
1607244038.469015121
1607244038.569154501
1607244038.669291496
1607244038.769427061
1607244038.869563818
1607244038.969701529
1607244039.069837809
1607244039.169973135
1607244039.270109415
1607244039.370246649
1607244039.470382929
1607244039.570518494
1607244039.670655012
1607244039.770791769
1607244039.870929003
1607244039.971065521
1607244040.071201324
1607244040.171339512
1607244040.271491766
1607244040.371636152
1607244040.471774101
1607244040.571909666
1607244040.672047138
1607244040.772183180
1607244040.872320890
1607244040.972455502
1607244041.072591782
1607244041.172728062
1607244041.272863865
1607244041.373001575
1607244041.473139286
1607244041.573280096
1607244041.673418283
1607244041.773557901
1607244041.873695374
1607244041.973833799
1607244042.073969841
1607244042.174104929
1607244042.274241686
1607244042.374379158
1607244042.474515200
1607244042.574651003
1607244042.674787045
1607244042.774922848
1607244042.875057936
1607244042.975193024
1607244043.075329065
1607244043.175470829
1607244043.275610924
1607244043.375750542
1607244043.475892067
1607244043.576029539
1607244043.676166534
1607244043.776303291
1607244043.876439810
1607244043.976576805
1607244044.076713085
1607244044.176848888
1607244044.276984692
1607244044.377120733
1607244044.477257013
1607244044.577394962
1607244044.677532673
1607244044.777669907
1607244044.877805948
1607244044.977944136
1607244045.078080416
1607244045.178215981
1607244045.278352022
1607244045.378489017
1607244045.478626251
1607244045.578763008
1607244045.678899288
1607244045.779037714
1607244045.879174471
1607244045.979311466
1607244046.079451323
1607244046.179586887
1607244046.279727221
1607244046.379866362
1607244046.480003119
1607244046.580139160
1607244046.680275202
1607244046.780411005
1607244046.880546331
1607244046.980681896
1607244047.080817938
1607244047.180954933
1607244047.281090975
1607244047.381227732
1607244047.481363535
1607244047.581519127
1607244047.681725264
1607244047.781868219
1607244047.882005692
1607244047.982143879
1607244048.082280159
1607244048.182415485
1607244048.282551765
1607244048.382688999
1607244048.482824802
1607244048.582960606
1607244048.683096409
1607244048.783231974
1607244048.883367777
1607244048.983507633
1607244049.083643198
1607244049.183779955
1607244049.283920527
1607244049.384060621
1607244049.484206915
1607244049.584347963
1607244049.684485435
1607244049.784625292
1607244049.884762049
1607244049.984900236
1607244050.085037470
1607244050.185174227
1607244050.285310268
1607244050.385447979
1607244050.485514164
1607244050.585513830
1607244050.685513496
1607244050.785513401
1607244050.885514498
1607244050.985513687
1607244051.085513353
1607244051.185513496
1607244051.285513878
1607244051.385513306
1607244051.485513210
1607244051.585513592
1607244051.685513258
1607244051.785513401
1607244051.885513544
1607244051.985513449
1607244052.085513830
1607244052.185513496
1607244052.285514355
1607244052.385513544
1607244052.485516310
1607244052.585513830
1607244052.685513735
1607244052.785513639
1607244052.885513783
1607244052.985513449
1607244053.085513830
1607244053.185513258
1607244053.285514832
1607244053.385513544
1607244053.485514164
1607244053.585515022
1607244053.685514450
1607244053.785513878
1607244053.885514259
1607244053.985513449
1607244054.085513592
1607244054.185513496
1607244054.285513878
1607244054.385513306
1607244054.485513687
1607244054.585513353
1607244054.685513496
1607244054.785513163
1607244054.885513067
1607244054.985513449
1607244055.085513592
1607244055.185514212
1607244055.285514116
1607244055.385513306
1607244055.485515356
1607244055.585513830
1607244055.685513258
1607244055.785513639
1607244055.885513306
1607244055.985513687
1607244056.085513353
1607244056.185513258
1607244056.285513878
1607244056.385513306
1607244056.485513687
1607244056.585513592
1607244056.685513735
1607244056.785513163
1607244056.885514021
1607244056.985513687
1607244057.085513592
1607244057.185513973
1607244057.285514116
1607244057.385513306
1607244057.485513449
1607244057.585513353
1607244057.685513973
1607244057.785513639
1607244057.885513544
1607244057.985513210
1607244058.085513353
1607244058.185513735
1607244058.285513878
1607244058.385513067
1607244058.485515118
1607244058.585521698
1607244058.685513496
1607244058.785513401
1607244058.885513067
1607244058.985513449
1607244059.085513592
1607244059.185513496
1607244059.285513878
1607244059.385513544
1607244059.485514164
1607244059.585514069
1607244059.685513496
1607244059.785513163
1607244059.885514021
1607244059.985513449
1607244060.085522413
1607244060.185514927
1607244060.285514116
1607244060.385513544
1607244060.485513449
1607244060.585514784
1607244060.685529232
1607244060.785515070
1607244060.885514021
1607244060.985513210
1607244061.085513830
1607244061.185513735
1607244061.285515547
1607244061.385513306
1607244061.485515833
1607244061.585513830
1607244061.685513973
1607244061.785514116
1607244061.885513544
1607244061.985513449
1607244062.085513592
1607244062.185513496
1607244062.285513878
1607244062.385513306
1607244062.485513687
1607244062.585513592
1607244062.685513496
1607244062.785513401
1607244062.885514259
1607244062.985513449
1607244063.085513592
1607244063.185513258
1607244063.285513878
1607244063.385513544
1607244063.485513687
1607244063.585513592
1607244063.685513496
1607244063.785513639
1607244063.885513306
1607244063.985513449
1607244064.085513353
1607244064.185513973
1607244064.285514116
1607244064.385513544
1607244064.485513449
1607244064.585515261
1607244064.685513496
1607244064.785513401
1607244064.885513544
1607244064.985513210
1607244065.085513830
1607244065.185513735
1607244065.285513639
1607244065.385513306
1607244065.485514164
1607244065.585513592
1607244065.685513735
1607244065.785513639
1607244065.885513783
1607244065.985513210
1607244066.085513592
1607244066.185513258
1607244066.285513878
1607244066.385513306
1607244066.485513449
1607244066.585513592
1607244066.685513496
1607244066.785513401
1607244066.885513783
1607244066.985513449
1607244067.085513592
1607244067.185513496
1607244067.285514355
1607244067.385513544
1607244067.485513449
1607244067.585514784
1607244067.685518265
1607244067.785514593
1607244067.885513544
1607244067.985513210
1607244068.085513592
1607244068.185513258
1607244068.285514116
1607244068.385513306
1607244068.485513926
1607244068.585513830
1607244068.685513496
1607244068.785513639
1607244068.885513783
1607244068.985513687
1607244069.085513592
1607244069.185513735
1607244069.285514355
1607244069.385513306
1607244069.485513926
1607244069.585513592
1607244069.685513973
1607244069.785513401
1607244069.885513783
1607244069.985513926
1607244070.085513592
1607244070.185513973
1607244070.285514355
1607244070.385513544
1607244070.485513210
1607244070.585530758
1607244070.685515881
1607244070.785513639
1607244070.885513783
1607244070.985513449
1607244071.085513592
1607244071.185513258
1607244071.285513878
1607244071.385513306
1607244071.485514641
1607244071.585514069
1607244071.685513496
1607244071.785513401
1607244071.885513783
1607244071.985513449
1607244072.085513830
1607244072.185513496
1607244072.285513878
1607244072.385513544
1607244072.485513687
1607244072.585513353
1607244072.685513735
1607244072.785513639
1607244072.885513783
1607244072.985513449
1607244073.085513830
1607244073.185514212
1607244073.285513639
1607244073.385513306
1607244073.485513449
1607244073.585513353
1607244073.685522079
1607244073.785515308
1607244073.885513544
1607244073.985513449
1607244074.085513830
1607244074.185513258
1607244074.285514116
1607244074.385513544
1607244074.485513687
1607244074.585513592
1607244074.685513735
1607244074.785513401
1607244074.885514021
1607244074.985513449
1607244075.085513830
1607244075.185513496
1607244075.285513878
1607244075.385513544
1607244075.485513926
1607244075.585513353
1607244075.685513496
1607244075.785513878
1607244075.885513544
1607244075.985513687
1607244076.085513592
1607244076.185513735
1607244076.285514116
1607244076.385513306
1607244076.485513449
1607244076.585513592
1607244076.685514450
1607244076.785513639
1607244076.885513306
1607244076.985513687
1607244077.085513592
1607244077.185513258
1607244077.285514116
1607244077.385513544
1607244077.485513926
1607244077.585513830
1607244077.685513973
1607244077.785513878
1607244077.885514021
1607244077.985513926
1607244078.085513353
1607244078.185513735
1607244078.285515070
1607244078.385513544
1607244078.485513449
1607244078.585513592
1607244078.685513496
1607244078.785513401
1607244078.885513306
1607244078.985513210
