1607244824.012107372
1607244824.118108511
1607244824.221659660
1607244824.325150490
1607244824.428735971
1607244824.534387827
1607244824.640111923
1607244824.744837999
1607244824.849477768
1607244824.955082655
1607244825.059727669
1607244825.164767504
1607244825.270404577
1607244825.376021147
1607244825.480747223
1607244825.585437059
1607244825.691108465
1607244825.795825720
1607244825.900185823
1607244826.005715847
1607244826.110528946
1607244826.210480452
1607244826.310554504
1607244826.410524607
1607244826.510551929
1607244826.610512018
1607244826.710551739
1607244826.810563326
1607244826.910597801
1607244827.010566950
1607244827.110591888
1607244827.210566282
1607244827.310569048
1607244827.410523415
1607244827.510537624
1607244827.610266685
1607244827.710536480
1607244827.810551882
1607244827.910544157
1607244828.010553598
1607244828.110478640
1607244828.210545778
1607244828.310554504
1607244828.410544634
1607244828.510538340
1607244828.610524416
1607244828.710561037
1607244828.810536146
1607244828.910580397
1607244829.010570288
1607244829.110567093
1607244829.210525751
1607244829.310576200
1607244829.410570860
1607244829.510583639
1607244829.610547066
1607244829.710481405
1607244829.810490131
1607244829.910592794
1607244830.010485888
1607244830.110595942
1607244830.210450888
1607244830.310559988
1607244830.410467148
1607244830.510551929
1607244830.610440254
1607244830.710561514
1607244830.810453415
1607244830.910553694
1607244831.010489225
1607244831.110465288
1607244831.210460186
1607244831.310562849
1607244831.410448551
1607244831.510590315
1607244831.610483646
1607244831.710605383
1607244831.810491800
1607244831.910584927
1607244832.010494232
1607244832.110596180
1607244832.210477114
1607244832.310601234
1607244832.410480499
1607244832.510591745
1607244832.610481024
1607244832.710573673
1607244832.810472965
1607244832.910565376
1607244833.010460615
1607244833.110564470
1607244833.210458755
1607244833.310570478
1607244833.410458565
1607244833.510544777
1607244833.610446453
1607244833.710576773
1607244833.810462475
1607244833.910551786
1607244834.010465145
1607244834.110466242
1607244834.210456371
1607244834.310596704
1607244834.410480261
1607244834.510592222
1607244834.610338926
1607244834.710396290
1607244834.810273647
1607244834.911637783
1607244835.010357380
1607244835.110531807
1607244835.210479975
1607244835.310828447
1607244835.410523415
1607244835.510582447
1607244835.610468626
1607244835.710418701
1607244835.810274601
1607244835.910662174
1607244836.010377407
1607244836.110690355
1607244836.210944414
1607244836.311320305
1607244836.410360098
1607244836.510695934
1607244836.610659361
1607244836.710581064
1607244836.810701132
1607244836.910425186
1607244837.010319948
1607244837.110414743
1607244837.210278034
1607244837.310917377
1607244837.410484314
1607244837.510586023
1607244837.610467911
1607244837.710586071
1607244837.810482979
1607244837.910585403
1607244838.010483265
1607244838.110570908
1607244838.210433483
1607244838.310553074
1607244838.410453558
1607244838.510560513
1607244838.610443592
1607244838.710544586
1607244838.810454369
1607244838.910557508
1607244839.010448933
1607244839.110567570
1607244839.210436344
1607244839.310551405
1607244839.410454988
1607244839.510554790
1607244839.610242605
1607244839.710483313
1607244839.810294390
1607244839.910598516
1607244840.010295153
1607244840.111430645
1607244840.210460663
1607244840.310455799
1607244840.410315037
1607244840.510647774
1607244840.610623121
1607244840.710827827
1607244840.810632467
1607244840.910578966
1607244841.010521173
1607244841.110456944
1607244841.210613728
1607244841.310587168
1607244841.410617590
1607244841.510594606
1607244841.610486269
1607244841.710389853
1607244841.810310125
1607244841.910606146
1607244842.010454655
1607244842.110563755
1607244842.210459709
1607244842.310569525
1607244842.410464287
1607244842.510551929
1607244842.610444546
1607244842.710551977
1607244842.810456276
1607244842.910575390
1607244843.010462523
1607244843.110431671
1607244843.210363388
1607244843.310560942
1607244843.410452127
1607244843.510549784
1607244843.610445261
1607244843.710555792
1607244843.810388803
1607244843.910551786
1607244844.010454655
1607244844.110456467
1607244844.210283518
1607244844.310740709
1607244844.410370827
1607244844.510761499
1607244844.610336065
1607244844.710405588
1607244844.810674906
1607244844.910860538
1607244845.010615826
1607244845.110455275
1607244845.210391998
1607244845.310436249
1607244845.410448313
1607244845.510577202
1607244845.610438347
1607244845.710544586
1607244845.810445786
1607244845.910545111
1607244846.010448933
1607244846.110554695
1607244846.210447073
1607244846.310457230
1607244846.410450459
1607244846.510550499
1607244846.610440969
1607244846.710544586
1607244846.810465813
1607244846.910578489
1607244847.010445118
1607244847.110584021
1607244847.210438728
1607244847.310571909
1607244847.410504341
1607244847.510594130
1607244847.610488176
1607244847.710466623
1607244847.810475826
1607244847.910580873
1607244848.010472536
1607244848.110567331
1607244848.210323334
1607244848.310753345
1607244848.410391331
1607244848.510424137
1607244848.610637426
1607244848.710421801
1607244848.810436487
1607244848.910519838
1607244849.010312557
1607244849.110411644
1607244849.210495234
1607244849.310588598
1607244849.410350323
1607244849.510382414
1607244849.610597849
1607244849.710448742
1607244849.810657978
1607244849.911047697
1607244850.010635376
1607244850.110488653
1607244850.211178541
1607244850.310446739
1607244850.411210299
1607244850.510603905
1607244850.610281706
1607244850.710515499
1607244850.810349464
1607244850.910468817
1607244851.010448933
1607244851.110568762
1607244851.210376501
1607244851.310601473
1607244851.410360098
1607244851.510581255
1607244851.610319138
1607244851.710549116
1607244851.810550690
1607244851.910406828
1607244852.010272503
1607244852.110451937
1607244852.210921526
1607244852.311280012
1607244852.410381556
1607244852.510536432
1607244852.610373735
1607244852.710580826
1607244852.810629606
1607244852.911133766
1607244853.010516405
1607244853.110648870
1607244853.210709333
1607244853.310764313
1607244853.410542488
1607244853.510584354
1607244853.610654593
1607244853.710580349
1607244853.810459375
1607244853.910544634
1607244854.010456562
1607244854.110560417
1607244854.210463524
1607244854.310495853
1607244854.410282850
1607244854.510382891
1607244854.610432863
1607244854.710457087
1607244854.810482025
1607244854.910809040
1607244855.010357141
1607244855.110545397
1607244855.210648298
1607244855.310801744
1607244855.410405397
1607244855.510699749
1607244855.610428333
1607244855.710440874
1607244855.810442924
1607244855.910755157
1607244856.010346651
1607244856.111806154
1607244856.210465670
1607244856.310575962
1607244856.410466194
1607244856.510468721
1607244856.610280037
1607244856.710736036
1607244856.810662985
1607244856.910756588
1607244857.010337591
1607244857.110441446
1607244857.210622072
1607244857.310552597
1607244857.410688162
1607244857.510796309
1607244857.610286713
1607244857.710628986
1607244857.810502052
1607244857.910450697
1607244858.010296345
1607244858.110769272
1607244858.210531235
1607244858.310460329
1607244858.410446882
1607244858.510759354
1607244858.610636234
1607244858.710777283
1607244858.810654640
1607244858.910736561
1607244859.010650396
1607244859.110755682
1607244859.215008736
1607244859.310416222
1607244859.410839319
1607244859.510620594
1607244859.610472918
1607244859.710493565
1607244859.810467720
1607244859.910488605
1607244860.010245323
1607244860.110371113
1607244860.210424423
1607244860.310699940
1607244860.410335541
1607244860.510415077
1607244860.610350609
1607244860.710816860
1607244860.810449600
1607244860.910473108
1607244861.011444092
1607244861.110626221
1607244861.210388184
1607244861.310449123
1607244861.410325289
1607244861.510904789
1607244861.610665798
1607244861.710736036
1607244861.810648203
1607244861.910901785
1607244862.010391235
1607244862.110427856
1607244862.210595131
1607244862.310444832
1607244862.410338163
1607244862.511124849
1607244862.610491753
1607244862.710561275
1607244862.810471773
1607244862.910541296
1607244863.010274887
1607244863.110374212
1607244863.210607767
1607244863.310543537
1607244863.410401344
1607244863.511444807
1607244863.610702753
1607244863.710836411
1607244863.810716867
1607244863.910526991
1607244864.010514736
1607244864.110579729
1607244864.210473537
1607244864.310469151
1607244864.410259247
1607244864.510669947
1607244864.610491037
1607244864.710540771
1607244864.810358286
1607244864.910576105
1607244865.010422230
1607244865.110620975
1607244865.210499525
1607244865.310760260
1607244865.410527706
1607244865.510447502
1607244865.611758709
1607244865.710521460
1607244865.810505390
1607244865.910483122
1607244866.010275126
1607244866.110434055
1607244866.210488558
1607244866.310479403
1607244866.410387278
1607244866.510430813
1607244866.611745119
1607244866.710475683
1607244866.810370445
1607244866.910566092
1607244867.010281324
1607244867.111575842
1607244867.210325718
1607244867.310470581
1607244867.410329580
1607244867.510396004
1607244867.610379219
1607244867.710418940
1607244867.810326338
1607244867.910829782
1607244868.010644436
1607244868.110807419
1607244868.210389853
1607244868.310735226
1607244868.410573006
1607244868.510528803
1607244868.610390663
1607244868.710806370
1607244868.810651064
1607244868.911283970
1607244869.010541201
1607244869.110623121
1607244869.210397243
1607244869.310399532
1607244869.410498857
1607244869.510501385
1607244869.610515594
1607244869.711070299
1607244869.810505867
1607244869.910598278
1607244870.010545969
1607244870.110807657
1607244870.210687637
1607244870.310435295
1607244870.412692785
1607244870.511363983
1607244870.610342741
1607244870.710711956
1607244870.810343504
1607244870.910431385
1607244871.010623217
1607244871.110805750
1607244871.210345507
1607244871.310824156
1607244871.410504103
1607244871.510479212
1607244871.610434771
1607244871.710714340
1607244871.810420513
1607244871.910473108
1607244872.010630369
1607244872.111293316
1607244872.210502148
1607244872.310566187
1607244872.410469294
1607244872.510551929
1607244872.610458374
1607244872.710570097
1607244872.810478926
1607244872.910555124
1607244873.010473251
1607244873.110566854
1607244873.210472822
1607244873.310471296
1607244873.410505533
1607244873.510717392
1607244873.610378981
1607244873.710478067
1607244873.810628891
1607244873.910528421
1607244874.010674477
1607244874.110591888
1607244874.210381985
1607244874.310625553
1607244874.410352230
1607244874.510447025
1607244874.610664129
1607244874.710758448
1607244874.810393810
1607244874.910674572
1607244875.010607719
1607244875.110951662
1607244875.210504055
1607244875.310574055
1607244875.410465956
1607244875.510547400
1607244875.610468626
1607244875.710562468
1607244875.810468674
1607244875.910557747
1607244876.010468006
1607244876.110595703
1607244876.210500002
1607244876.310588360
1607244876.410495281
1607244876.510590792
1607244876.610395908
1607244876.710597754
1607244876.810498238
1607244876.910600424
1607244877.010499477
1607244877.110589266
1607244877.210484028
1607244877.310417891
1607244877.410433769
1607244877.510599852
1607244877.610466957
1607244877.710489035
1607244877.810472488
1607244877.910574913
1607244878.010469913
1607244878.110570431
1607244878.210462809
1607244878.310569286
1607244878.410470963
1607244878.510548115
1607244878.610470295
1607244878.710590124
1607244878.810471058
1607244878.910620689
1607244879.010492325
1607244879.110593796
1607244879.210522413
1607244879.310611725
1607244879.410494328
1607244879.510593653
1607244879.610402822
1607244879.710599661
1607244879.810517073
1607244879.910602570
1607244880.010482311
1607244880.110572338
1607244880.210422516
1607244880.310462236
1607244880.410265923
1607244880.510595083
1607244880.610650301
1607244880.710783005
1607244880.810520887
1607244880.910439968
1607244881.010661602
1607244881.110476971
1607244881.210663795
1607244881.310778379
1607244881.410525322
1607244881.510580778
1607244881.610404253
1607244881.710478067
1607244881.810342550
1607244881.910650730
1607244882.012709379
1607244882.110507011
1607244882.210339546
1607244882.310451984
1607244882.410468817
1607244882.510401726
1607244882.610596895
1607244882.714827776
1607244882.810492039
1607244882.910570860
1607244883.010473251
1607244883.110568047
1607244883.210451603
1607244883.310582399
1607244883.410475016
1607244883.510570765
1607244883.610484362
1607244883.710424662
1607244883.810477972
1607244883.910597086
1607244884.010472775
1607244884.110442162
1607244884.210303545
1607244884.310460806
1607244884.410488129
1607244884.510496855
1607244884.610363722
1607244884.710488081
1607244884.810392141
1607244884.910657406
1607244885.010716677
1607244885.112077236
1607244885.210344553
1607244885.310473442
1607244885.410326004
1607244885.510767698
1607244885.610287905
1607244885.710434914
1607244885.810416460
1607244885.910419464
1607244886.010587931
1607244886.110401630
1607244886.210572004
1607244886.310440302
1607244886.410384178
1607244886.510385275
1607244886.610312462
1607244886.710525036
1607244886.811568260
1607244886.910630465
1607244887.010552406
1607244887.110489130
1607244887.210633993
1607244887.310908318
1607244887.411224604
1607244887.511775017
1607244887.610515594
1607244887.710623741
1607244887.810503483
1607244887.910567284
1607244888.010475874
1607244888.110464811
1607244888.210306644
1607244888.310641766
1607244888.410437346
1607244888.510448217
1607244888.610482693
1607244888.710548162
1607244888.810616732
1607244888.910495043
1607244889.010352612
1607244889.111622095
1607244889.210477114
1607244889.310491562
1607244889.410285711
1607244889.510680199
1607244889.610509396
1607244889.710762978
1607244889.810594797
1607244889.910431385
1607244890.010724068
1607244890.110433578
1607244890.210431576
1607244890.310766220
1607244890.410525799
1607244890.510566711
1607244890.610391855
1607244890.710352421
1607244890.810448170
1607244890.910657406
1607244891.010641813
1607244891.110532522
1607244891.210367918
1607244891.310482025
1607244891.412709475
1607244891.510751247
1607244891.616483927
1607244891.710588455
1607244891.810331106
1607244891.910605669
1607244892.010489941
1607244892.110580683
1607244892.210485935
1607244892.310591221
1607244892.410479307
1607244892.510573626
1607244892.610491991
1607244892.710565090
1607244892.810493708
1607244892.910605192
1607244893.010488749
1607244893.110567808
1607244893.210461617
1607244893.310431719
1607244893.410290956
1607244893.510357618
1607244893.610454559
1607244893.710426807
1607244893.810510635
1607244893.910700083
1607244894.011233568
1607244894.110419750
1607244894.211048603
1607244894.310589552
1607244894.410475254
1607244894.510705948
1607244894.610266685
1607244894.710474253
1607244894.810388565
1607244894.910376787
1607244895.011185169
1607244895.110533237
1607244895.210489750
1607244895.310806751
1607244895.410489798
1607244895.510575056
1607244895.610478878
1607244895.710429430
1607244895.810484886
1607244895.910584450
1607244896.010476589
1607244896.110581875
1607244896.210480213
1607244896.310579777
1607244896.410470963
1607244896.510566473
1607244896.610487700
1607244896.710609198
1607244896.810484886
1607244896.910598516
1607244897.010515213
1607244897.110615015
1607244897.210513353
1607244897.310618162
1607244897.410524130
1607244897.510646820
1607244897.610502958
1607244897.710606337
1607244897.810413599
1607244897.910606861
1607244898.010504246
1607244898.110571861
1607244898.210457802
1607244898.310577631
1607244898.410470724
1607244898.510583401
1607244898.610497475
1607244898.710584641
1607244898.810484171
1607244898.910572052
1607244899.010482073
1607244899.110574007
1607244899.210525751
1607244899.310647488
1607244899.410594225
1607244899.510625839
1607244899.610512018
1607244899.710610390
1607244899.810505867
1607244899.910608053
1607244900.010396242
1607244900.110604763
1607244900.210490227
1607244900.310618877
1607244900.410505533
1607244900.510613918
1607244900.610273123
1607244900.710588455
1607244900.810392857
1607244900.910592794
1607244901.010482311
1607244901.110572100
1607244901.210468531
1607244901.310580730
1607244901.410470247
1607244901.510581732
1607244901.610477448
1607244901.710450172
1607244901.810478687
1607244901.910581112
1607244902.010472059
1607244902.110610723
1607244902.210470438
1607244902.310617685
1607244902.410395622
1607244902.510432720
1607244902.610608101
1607244902.710582018
1607244902.810437441
1607244902.910472155
1607244903.010412931
1607244903.110588789
1607244903.210709333
1607244903.310611963
1607244903.410326481
1607244903.513450384
1607244903.610302687
1607244903.710614204
1607244903.810305834
1607244903.910451412
1607244904.010353088
1607244904.110816002
1607244904.210408211
1607244904.310822248
1607244904.410606861
1607244904.510644436
1607244904.610439062
1607244904.710618019
1607244904.810342789
1607244904.911133766
1607244905.010516882
1607244905.110607624
1607244905.210515022
1607244905.310610771
1607244905.410502434
1607244905.510609627
1607244905.610279083
1607244905.710603476
1607244905.810504913
1607244905.910589933
1607244906.010483265
1607244906.110577822
1607244906.210477352
1607244906.310586214
1607244906.410467625
1607244906.510594130
1607244906.610475779
1607244906.710560799
1607244906.810374975
1607244906.910575151
1607244907.010473251
1607244907.110574484
1607244907.210462809
1607244907.310610294
1607244907.410475254
1607244907.510598421
1607244907.610503674
1607244907.710600853
1607244907.810504675
1607244907.910603285
1607244908.010502338
1607244908.110612869
1607244908.210499763
1607244908.310610056
1607244908.410523415
1607244908.510594130
1607244908.610507011
1607244908.710567951
1607244908.810469627
1607244908.910475969
1607244909.010278940
1607244909.110420704
1607244909.210732460
1607244909.311276913
1607244909.410591364
1607244909.510464668
1607244909.610292912
1607244909.710607052
1607244909.810329199
1607244909.910390854
1607244910.011784077
1607244910.110435486
1607244910.210283279
1607244910.310384989
1607244910.410501957
1607244910.511299849
1607244910.610327721
1607244910.710467577
1607244910.810568810
1607244910.910499096
1607244911.010665894
1607244911.110470772
1607244911.210527182
1607244911.310617685
1607244911.410480261
1607244911.510436535
1607244911.610604763
1607244911.710605145
1607244911.810289145
1607244911.910686970
1607244912.010289192
1607244912.110506773
1607244912.210519314
1607244912.310583830
1607244912.410328627
1607244912.510828257
1607244912.610495567
1607244912.710397243
1607244912.810513973
1607244912.910587549
1607244913.010351419
1607244913.110640764
1607244913.210442066
1607244913.310646534
1607244913.410455465
1607244913.511590481
1607244913.610513687
1607244913.710472584
1607244913.810412169
1607244913.910400391
1607244914.010555029
1607244914.110538960
1607244914.210685015
1607244914.310738564
1607244914.410382032
1607244914.510461807
1607244914.610789061
1607244914.710491180
1607244914.812648296
1607244914.910390615
1607244915.010474682
1607244915.110450506
1607244915.210331917
1607244915.310443878
1607244915.410344601
1607244915.510484219
1607244915.610559702
1607244915.710478544
1607244915.810340881
1607244915.910542011
1607244916.010454178
1607244916.110517263
1607244916.212986469
1607244916.310605288
1607244916.410389662
1607244916.510413170
1607244916.610289335
1607244916.710426331
1607244916.810311317
1607244916.910434484
1607244917.010797024
1607244917.110603571
1607244917.211334467
1607244917.310450315
1607244917.410487652
1607244917.510464668
1607244917.610287189
1607244917.710848093
1607244917.810441494
1607244917.910855293
1607244918.010721207
1607244918.111349583
1607244918.210464716
1607244918.310816526
1607244918.410694122
1607244918.510558367
1607244918.610504866
1607244918.710494995
1607244918.810616732
1607244918.914346457
1607244919.010510445
1607244919.120784283
1607244919.210531473
1607244919.310571194
1607244919.410476923
1607244919.510509014
1607244919.610289097
1607244919.710704327
1607244919.810391188
1607244919.910569429
1607244920.010484219
1607244920.110622883
1607244920.210603476
1607244920.310479403
1607244920.410330772
1607244920.510740519
1607244920.610312223
1607244920.710505009
1607244920.810325146
1607244920.910641432
1607244921.010495186
1607244921.110604286
1607244921.210504770
1607244921.310610771
1607244921.410496712
1607244921.510525465
1607244921.610341549
1607244921.710404396
1607244921.810545206
1607244921.910593033
1607244922.010459900
1607244922.110405922
1607244922.210416794
1607244922.310610771
1607244922.410333157
1607244922.510594130
1607244922.610448837
1607244922.710553408
1607244922.810463190
1607244922.910575390
1607244923.010472298
1607244923.110596657
1607244923.210471153
1607244923.310610056
1607244923.410492182
1607244923.510581493
1607244923.610245705
1607244923.710596800
1607244923.810496807
1607244923.910580397
1607244924.010482788
