1607244293.991353512
1607244294.091658831
1607244294.192009926
1607244294.292230368
1607244294.392438889
1607244294.492717028
1607244294.592971087
1607244294.693178892
1607244294.793386698
1607244294.893603325
1607244294.993923426
1607244295.094141245
1607244295.194382906
1607244295.294614077
1607244295.394888163
1607244295.495095491
1607244295.595304012
1607244295.695589781
1607244295.795860052
1607244295.896076679
1607244295.996284008
1607244296.096489668
1607244296.196693659
1607244296.296968222
1607244296.397212982
1607244296.497426987
1607244296.597639322
1607244296.697902918
1607244296.798108101
1607244296.898320675
1607244296.998584032
1607244297.098794222
1607244297.199060678
1607244297.299266577
1607244297.399531603
1607244297.499742508
1607244297.599984407
1607244297.700257540
1607244297.800476551
1607244297.900711536
1607244298.000920773
1607244298.101134062
1607244298.201375008
1607244298.301658630
1607244298.401866436
1607244298.502131701
1607244298.602347374
1607244298.702560902
1607244298.802798748
1607244298.903025627
1607244299.003288269
1607244299.103496075
1607244299.203757048
1607244299.303970098
1607244299.404203653
1607244299.504472971
1607244299.604690075
1607244299.704898119
1607244299.805103540
1607244299.905314207
1607244300.005627155
1607244300.105883837
1607244300.206130743
1607244300.306341887
1607244300.406548738
1607244300.506813288
1607244300.607045889
1607244300.707334042
1607244300.807552576
1607244300.907838106
1607244301.008068323
1607244301.108278513
1607244301.208496571
1607244301.308708906
1607244301.408970833
1607244301.509173155
1607244301.609380007
1607244301.709659100
1607244301.809916019
1607244301.910129786
1607244302.010391951
1607244302.110594034
1607244302.210872173
1607244302.311073542
1607244302.411273241
1607244302.511479616
1607244302.611688852
1607244302.711950302
1607244302.812154055
1607244302.912363052
1607244303.012572765
1607244303.112780094
1607244303.213042021
1607244303.313246250
1607244303.413449526
1607244303.513651609
1607244303.613918304
1607244303.714121580
1607244303.814322233
1607244303.914588213
1607244304.014813185
1607244304.115018129
1607244304.215215445
1607244304.315406322
1607244304.415606737
1607244304.515804052
1607244304.616001606
1607244304.716223001
1607244304.816419840
1607244304.916615248
1607244305.016811609
1607244305.117006779
1607244305.217202902
1607244305.317399025
1607244305.417594433
1607244305.517791510
1607244305.617994547
1607244305.718195438
1607244305.818397999
1607244305.918596268
1607244306.018795729
1607244306.118994236
1607244306.219194651
1607244306.319396734
1607244306.419593573
1607244306.519790173
1607244306.619987249
1607244306.720182657
1607244306.820378780
1607244306.920583963
1607244307.020802498
1607244307.121002436
1607244307.221201658
1607244307.321414232
1607244307.421611786
1607244307.521809340
1607244307.622012377
1607244307.722222805
1607244307.822456121
1607244307.922655821
1607244308.022857428
1607244308.123055220
1607244308.223253489
1607244308.323407888
1607244308.423610449
1607244308.523809433
1607244308.624011040
1607244308.724208355
1607244308.824411154
1607244308.924610615
1607244309.024816036
1607244309.125012875
1607244309.225224733
1607244309.325422287
1607244309.425618649
1607244309.525812864
1607244309.626017570
1607244309.726217508
1607244309.826416016
1607244309.926613569
1607244310.026817083
1607244310.127037525
1607244310.227243900
1607244310.327462912
1607244310.427662611
1607244310.527876616
1607244310.628136158
1607244310.728394270
1607244310.828599453
1607244310.928798676
1607244311.029004812
1607244311.129201412
1607244311.229397297
1607244311.329600573
1607244311.429801941
1607244311.529999256
1607244311.630202770
1607244311.730401278
1607244311.830599546
1607244311.930798769
1607244312.030994654
1607244312.131191015
1607244312.231389523
1607244312.331585407
1607244312.431780100
1607244312.531979322
1607244312.632184029
1607244312.732380867
1607244312.832577705
1607244312.932778835
1607244313.032990456
1607244313.133189678
1607244313.233395100
1607244313.333599329
1607244313.433804750
1607244313.534003973
1607244313.634203911
1607244313.734403849
1607244313.834603310
1607244313.934803963
1607244314.035010338
1607244314.135207176
1607244314.235404253
1607244314.335599661
1607244314.435795546
1607244314.535992146
1607244314.636193037
1607244314.736390591
1607244314.836588860
1607244314.936788082
1607244315.036984921
1607244315.137182236
1607244315.237377405
1607244315.337572336
1607244315.437768221
1607244315.537965059
1607244315.638163090
1607244315.738359213
1607244315.838557243
1607244315.938760519
1607244316.038963079
1607244316.139177322
1607244316.239383459
1607244316.339586020
1607244316.439782143
1607244316.539979935
1607244316.640180588
1607244316.740377665
1607244316.840573072
1607244316.940768003
1607244317.040963888
1607244317.141159773
1607244317.241354704
1607244317.341549873
1607244317.441748619
1607244317.541946888
1607244317.642148495
1607244317.742348909
1607244317.842550516
1607244317.942751169
1607244318.042948008
1607244318.143165827
1607244318.243362904
1607244318.343562841
1607244318.443758965
1607244318.543955088
1607244318.644152641
1607244318.744349003
1607244318.844543934
1607244318.944739103
1607244319.044940710
1607244319.145157576
1607244319.245362997
1607244319.345572710
1607244319.445768595
1607244319.545964479
1607244319.646165133
1607244319.746392012
1607244319.846597910
1607244319.946796656
1607244320.046994925
1607244320.147196054
1607244320.247396708
1607244320.347591639
1607244320.447787762
1607244320.547989845
1607244320.648202419
1607244320.748401165
1607244320.848599434
1607244320.948799849
1607244321.048995733
1607244321.149191141
1607244321.249387026
1607244321.349582434
1607244321.449778080
1607244321.549978971
1607244321.650178194
1607244321.750376701
1607244321.850573063
1607244321.950775862
1607244322.050976038
1607244322.151189089
1607244322.251416683
1607244322.351619482
1607244322.451817036
1607244322.552013636
1607244322.652210474
1607244322.752406120
1607244322.852602720
1607244322.952800989
1607244323.052998543
1607244323.153196096
1607244323.253392220
1607244323.353587866
1607244323.453787088
1607244323.553983927
1607244323.654186249
1607244323.754383564
1607244323.854584694
1607244323.954784393
1607244324.054980993
1607244324.155181408
1607244324.255387068
1607244324.355583191
1607244324.455777884
1607244324.555972815
1607244324.656170130
1607244324.756366014
1607244324.856560230
1607244324.956756592
1607244325.056959391
1607244325.157174826
1607244325.257375479
1607244325.357581854
1607244325.457779169
1607244325.557978630
1607244325.658180952
1607244325.758408785
1607244325.858608007
1607244325.958806515
1607244326.059003830
1607244326.159201622
1607244326.259400845
1607244326.359596252
1607244326.459792137
1607244326.559994936
1607244326.660197258
1607244326.760393620
1607244326.860591650
1607244326.960790873
1607244327.060987234
1607244327.161183119
1607244327.261385441
1607244327.361581564
1607244327.461778402
1607244327.561975241
1607244327.662175655
1607244327.762373924
1607244327.862577200
1607244327.962779045
1607244328.062976599
1607244328.163178205
1607244328.263398647
1607244328.363609076
1607244328.463807344
1607244328.564005136
1607244328.664207935
1607244328.764404058
1607244328.864601374
1607244328.964799643
1607244329.064996004
1607244329.165193081
1607244329.265388966
1607244329.365584373
1607244329.465780020
1607244329.565976858
1607244329.666178703
1607244329.766378880
1607244329.866584063
1607244329.966783524
1607244330.066982269
1607244330.167182446
1607244330.267384768
1607244330.367580652
1607244330.467777252
1607244330.567994118
1607244330.668196440
1607244330.768409729
1607244330.868612766
1607244330.968811035
1607244331.069008350
1607244331.169213295
1607244331.269430161
1607244331.369639635
1607244331.469838858
1607244331.570036650
1607244331.670235872
1607244331.770457983
1607244331.870655537
1607244331.970852613
1607244332.071049690
1607244332.171246052
1607244332.271404982
1607244332.371600389
1607244332.471796513
1607244332.571996212
1607244332.672197580
1607244332.772409201
1607244332.872609615
1607244332.972810030
1607244333.073008537
1607244333.173210859
1607244333.273446798
1607244333.373649597
1607244333.473854303
1607244333.574064732
1607244333.674266338
1607244333.774473667
1607244333.874689579
1607244333.974905014
1607244334.075111628
1607244334.175318956
1607244334.275544643
1607244334.375751019
1607244334.475948095
1607244334.576146603
1607244334.676348686
1607244334.776546001
1607244334.876749516
1607244334.976946354
1607244335.077144861
1607244335.177340984
1607244335.277539015
1607244335.377734184
1607244335.477947474
1607244335.578147173
1607244335.678347826
1607244335.778546095
1607244335.878743410
1607244335.978943348
1607244336.079141855
1607244336.179339409
1607244336.279541731
1607244336.379737616
1607244336.479933977
1607244336.580132484
1607244336.680329800
1607244336.780525684
1607244336.880721807
1607244336.980920076
1607244337.081117630
1607244337.181314230
1607244337.281520844
1607244337.381762981
1607244337.481963634
1607244337.582160950
1607244337.682363987
1607244337.782598495
1607244337.882870674
1607244337.983077288
1607244338.083292484
1607244338.183496714
1607244338.283694983
1607244338.383892298
1607244338.484090090
1607244338.584290743
1607244338.684491634
1607244338.784688473
1607244338.884886265
1607244338.985085726
1607244339.085289478
1607244339.185486794
1607244339.285682678
1607244339.385878563
1607244339.486075163
1607244339.586275578
1607244339.686474323
1607244339.786670923
1607244339.886866808
1607244339.987075806
1607244340.087273836
1607244340.187486410
1607244340.287716627
1607244340.387919188
1607244340.488118887
1607244340.588316202
1607244340.688515425
1607244340.788712263
1607244340.888907433
1607244340.989104509
1607244341.089301109
1607244341.189497709
1607244341.289699793
1607244341.389894009
1607244341.490117073
1607244341.590317726
1607244341.690521479
1607244341.790726185
1607244341.890928268
1607244341.991138935
1607244342.091336727
1607244342.191351414
1607244342.291351080
1607244342.391350985
1607244342.491350651
1607244342.591351748
1607244342.691351414
1607244342.791351557
1607244342.891350269
1607244342.991350889
1607244343.091350317
1607244343.191351891
1607244343.291357517
1607244343.391354084
1607244343.491352081
1607244343.591352463
1607244343.691354036
1607244343.791352987
1607244343.891350746
1607244343.991351128
1607244344.091350794
1607244344.191351414
1607244344.291350603
1607244344.391351223
1607244344.491352081
1607244344.591352224
1607244344.691350937
1607244344.791357517
1607244344.891352177
1607244344.991351366
1607244345.091350794
1607244345.191352606
1607244345.291351795
1607244345.391351223
1607244345.491350412
1607244345.591351509
1607244345.691351414
1607244345.791351557
1607244345.891350508
1607244345.991351128
1607244346.091351271
1607244346.191352129
1607244346.291357517
1607244346.391353369
1607244346.491351604
1607244346.591352701
1607244346.691351652
1607244346.791351318
1607244346.891351461
1607244346.991351604
1607244347.091350555
1607244347.191350937
1607244347.291350365
1607244347.391350746
1607244347.491355896
1607244347.591352701
1607244347.691351414
1607244347.791351080
1607244347.891351700
1607244347.991351843
1607244348.091350555
1607244348.191351175
1607244348.291350603
1607244348.391350985
1607244348.491350412
1607244348.591351271
1607244348.691350460
1607244348.791350603
1607244348.891350031
1607244348.991350412
1607244349.091349840
1607244349.191352606
1607244349.291351557
1607244349.391351938
1607244349.491351366
1607244349.591351986
1607244349.691352367
1607244349.791351557
1607244349.891350508
1607244349.991351366
1607244350.091375828
1607244350.191354990
1607244350.291350842
1607244350.391350985
1607244350.491351366
1607244350.591351986
1607244350.691350937
1607244350.791352034
1607244350.891351461
1607244350.991352320
1607244351.091351032
1607244351.191350698
1607244351.291351080
1607244351.391351461
1607244351.491350651
1607244351.591352224
1607244351.691351652
1607244351.791351318
1607244351.891350031
1607244351.991350889
1607244352.091350555
1607244352.191351414
1607244352.291350842
1607244352.391357183
1607244352.491353035
1607244352.591353178
1607244352.691351891
1607244352.791369677
1607244352.891350985
1607244352.991351128
1607244353.091350555
1607244353.191351175
1607244353.291350842
1607244353.391351700
1607244353.491351843
1607244353.591353178
1607244353.691360712
1607244353.791355133
1607244353.891353130
1607244353.991352797
1607244354.091351271
1607244354.191353083
1607244354.291352272
1607244354.391351700
1607244354.491350651
1607244354.591351986
1607244354.691350460
1607244354.791351557
1607244354.891350746
1607244354.991351366
1607244355.091350794
1607244355.191352129
1607244355.291352034
1607244355.391357899
1607244355.491375685
1607244355.591352224
1607244355.691356421
1607244355.791354179
1607244355.891351938
1607244355.991351604
1607244356.091350794
1607244356.191350937
1607244356.291350842
1607244356.391350985
1607244356.491352320
1607244356.591352940
1607244356.691351175
1607244356.791350842
1607244356.891352177
1607244356.991351604
1607244357.091351032
1607244357.191350698
1607244357.291350365
1607244357.391350985
1607244357.491350651
1607244357.591352224
1607244357.691352367
1607244357.791351557
1607244357.891350746
1607244357.991351128
1607244358.091351032
1607244358.191369534
1607244358.291352034
1607244358.391351700
1607244358.491356134
1607244358.591354132
1607244358.691351891
1607244358.791352034
1607244358.891351223
1607244358.991351604
1607244359.091351271
1607244359.191351175
1607244359.291350603
1607244359.391351461
1607244359.491352081
1607244359.591352940
1607244359.691352367
1607244359.791352510
1607244359.891351700
1607244359.991351843
1607244360.091368675
1607244360.191357374
1607244360.291352272
1607244360.391351223
1607244360.491351128
1607244360.591403246
1607244360.691373587
1607244360.791356564
1607244360.891364336
1607244360.991351128
1607244361.091350794
1607244361.191351891
1607244361.291352034
1607244361.391351938
1607244361.491358042
1607244361.591354370
1607244361.691356182
1607244361.791354418
1607244361.891350985
1607244361.991350889
1607244362.091350794
1607244362.191351891
1607244362.291350603
1607244362.391350746
1607244362.491351366
1607244362.591352463
1607244362.691351414
1607244362.791351557
1607244362.891351700
1607244362.991351366
1607244363.091351032
1607244363.191351175
1607244363.291350126
1607244363.391350746
1607244363.491350412
1607244363.591360569
1607244363.691350698
1607244363.791350842
1607244363.891350269
1607244363.991351366
1607244364.091350317
1607244364.191351891
1607244364.291350842
1607244364.391350985
1607244364.491356134
1607244364.591354132
1607244364.691352129
1607244364.791351318
1607244364.891350746
1607244364.991350889
1607244365.091351032
1607244365.191350698
1607244365.291350126
1607244365.391351938
1607244365.491353035
1607244365.591352940
1607244365.691351891
1607244365.791351318
1607244365.891351700
1607244365.991351843
1607244366.091350794
1607244366.191351414
1607244366.291354179
1607244366.391351461
1607244366.491350412
1607244366.591351748
1607244366.691351175
1607244366.791351318
1607244366.891350508
1607244366.991350889
1607244367.091351032
1607244367.191352844
1607244367.291351557
1607244367.391351223
1607244367.491350412
1607244367.591357470
1607244367.691353559
1607244367.791352272
1607244367.891351223
1607244367.991351604
1607244368.091351032
1607244368.191350698
1607244368.291350842
1607244368.391350508
1607244368.491351366
1607244368.591353178
1607244368.691351175
1607244368.791351318
1607244368.891352177
1607244368.991354942
1607244369.091351032
1607244369.191351652
1607244369.291351318
1607244369.391351461
1607244369.491350889
1607244369.591351986
1607244369.691352129
1607244369.791351557
1607244369.891350508
1607244369.991351128
1607244370.091352701
1607244370.191352844
1607244370.291352272
1607244370.391351461
1607244370.491358280
1607244370.591385126
1607244370.691356182
1607244370.791352034
1607244370.891350985
1607244370.991351366
1607244371.091351032
1607244371.191351652
1607244371.291351318
1607244371.391351700
1607244371.491352081
1607244371.591382504
1607244371.691352844
1607244371.791351557
1607244371.891352415
1607244371.991352081
1607244372.091351271
1607244372.191351652
1607244372.291350842
1607244372.391350985
1607244372.491350412
1607244372.591351509
1607244372.691351414
1607244372.791351318
1607244372.891350508
1607244372.991350889
1607244373.091350794
1607244373.191351891
1607244373.291351080
1607244373.391351461
1607244373.491350651
1607244373.591360331
1607244373.691357851
1607244373.791354179
1607244373.891351938
1607244373.991351604
1607244374.091350794
1607244374.191351175
1607244374.291367531
1607244374.391351700
1607244374.491352081
1607244374.591352224
1607244374.691351175
1607244374.791351557
1607244374.891351700
1607244374.991351604
1607244375.091351032
1607244375.191350698
1607244375.291351080
1607244375.391351461
1607244375.491351604
1607244375.591352224
1607244375.691351414
1607244375.791351795
1607244375.891350746
1607244375.991350889
1607244376.091351271
1607244376.191352367
1607244376.291351557
1607244376.391350746
1607244376.491350651
1607244376.591357470
1607244376.691353559
1607244376.791352034
1607244376.891350746
1607244376.991369724
1607244377.091351509
1607244377.191351891
1607244377.291351080
1607244377.391350746
1607244377.491351843
1607244377.591352224
1607244377.691351652
1607244377.791351795
1607244377.891352892
1607244377.991351366
1607244378.091351032
1607244378.191351414
1607244378.291350365
1607244378.391351223
1607244378.491350651
1607244378.591351986
1607244378.691350698
1607244378.791350603
1607244378.891350508
1607244378.991351128
1607244379.091350317
1607244379.191351891
1607244379.291350603
1607244379.391350985
1607244379.491350889
1607244379.591352463
1607244379.691390753
1607244379.791354895
1607244379.891351461
1607244379.991351366
1607244380.091353416
1607244380.191352129
1607244380.291351795
1607244380.391351461
1607244380.491352320
1607244380.591353178
1607244380.691351175
1607244380.791351795
1607244380.891351938
1607244380.991351843
1607244381.091352224
1607244381.191351414
1607244381.291350603
1607244381.391351223
1607244381.491350889
1607244381.591352701
1607244381.691351652
1607244381.791351795
1607244381.891351223
1607244381.991351604
1607244382.091350555
1607244382.191352367
1607244382.291351795
1607244382.391364098
1607244382.491351128
1607244382.591351748
1607244382.691358805
1607244382.791353703
1607244382.891351461
1607244382.991351366
1607244383.091350794
1607244383.191351175
1607244383.291350842
1607244383.391350746
1607244383.491350889
1607244383.591352940
1607244383.691351652
1607244383.791351318
1607244383.891351938
1607244383.991351366
1607244384.091350794
1607244384.191350937
1607244384.291350603
1607244384.391350746
1607244384.491350651
1607244384.591351509
1607244384.691349983
1607244384.791350603
1607244384.891350269
1607244384.991350651
1607244385.091357470
1607244385.191352606
1607244385.291351557
1607244385.391351461
1607244385.491350889
1607244385.591352940
1607244385.691357613
1607244385.791354418
1607244385.891351461
1607244385.991351604
1607244386.091350794
1607244386.191351652
1607244386.291350603
1607244386.391350746
1607244386.491350651
1607244386.591352701
1607244386.691350937
1607244386.791351557
1607244386.891351700
1607244386.991351366
1607244387.091351032
1607244387.191350698
1607244387.291350603
1607244387.391350746
1607244387.491350412
1607244387.591351509
1607244387.691351175
1607244387.791355133
1607244387.891350985
1607244387.991350889
1607244388.091351032
1607244388.191351414
1607244388.291351318
1607244388.391350746
1607244388.491350889
1607244388.591350794
1607244388.691350698
1607244388.791356802
1607244388.891351938
1607244388.991351366
1607244389.091350555
1607244389.191350698
1607244389.291350603
1607244389.391351223
1607244389.491351128
1607244389.591353416
1607244389.691352367
1607244389.791351557
1607244389.891352415
1607244389.991351843
1607244390.091352940
1607244390.191352606
1607244390.291351080
1607244390.391351700
1607244390.491351366
1607244390.591352463
1607244390.691354513
1607244390.791353464
1607244390.891351700
1607244390.991351128
1607244391.091350555
1607244391.191352367
1607244391.291351318
1607244391.391351223
1607244391.491364241
1607244391.591351986
1607244391.691362619
1607244391.791354895
1607244391.891351700
1607244391.991351366
1607244392.091351032
1607244392.191351175
1607244392.291350842
1607244392.391351461
1607244392.491352320
1607244392.591352701
1607244392.691351414
1607244392.791351795
1607244392.891351700
1607244392.991351366
1607244393.091361284
1607244393.191354752
1607244393.291351795
1607244393.391351938
1607244393.491351128
1607244393.591352701
1607244393.691351652
1607244393.791351557
1607244393.891350746
1607244393.991350889
