1607244503.996149778
1607244504.096899509
1607244504.197304249
1607244504.297692776
1607244504.398003817
1607244504.498408556
1607244504.598824263
1607244504.699114799
1607244504.799438953
1607244504.899824858
1607244505.000233650
1607244505.100564957
1607244505.201027870
1607244505.301311970
1607244505.401722193
1607244505.502019882
1607244505.602408171
1607244505.702727795
1607244505.803142071
1607244505.903499603
1607244506.003819227
1607244506.104198217
1607244506.204570532
1607244506.304886341
1607244506.405277491
1607244506.505671263
1607244506.605979681
1607244506.706264973
1607244506.806649446
1607244506.907071114
1607244507.007410765
1607244507.107805490
1607244507.208213568
1607244507.308505058
1607244507.408795118
1607244507.509226561
1607244507.609533072
1607244507.709867954
1607244507.810151339
1607244507.910532236
1607244508.010917187
1607244508.111238956
1607244508.211680412
1607244508.311987877
1607244508.412266970
1607244508.512650251
1607244508.612941742
1607244508.713285685
1607244508.813680172
1607244508.914088011
1607244509.014378309
1607244509.114765167
1607244509.215155363
1607244509.315509081
1607244509.415800571
1607244509.516090155
1607244509.616519451
1607244509.716906786
1607244509.817198753
1607244509.917536020
1607244510.017873049
1607244510.118280172
1607244510.218577385
1607244510.319003820
1607244510.419298410
1607244510.519688606
1607244510.620070934
1607244510.720405817
1607244510.820804358
1607244510.921097517
1607244511.021471739
1607244511.121876478
1607244511.222264051
1607244511.322557449
1607244511.422872305
1607244511.523260355
1607244511.623566628
1607244511.723965883
1607244511.824352741
1607244511.924651384
1607244512.025065899
1607244512.125364065
1607244512.225616693
1607244512.325924397
1607244512.426314116
1607244512.526732445
1607244512.627028465
1607244512.727453947
1607244512.827752590
1607244512.928166628
1607244513.028498173
1607244513.128781080
1607244513.229105711
1607244513.329502106
1607244513.429800987
1607244513.530186176
1607244513.630572557
1607244513.730887413
1607244513.831274033
1607244513.931571960
1607244514.031957150
1607244514.132365942
1607244514.232616901
1607244514.332873583
1607244514.433150530
1607244514.533399582
1607244514.633642435
1607244514.733902216
1607244514.834157228
1607244514.934424400
1607244515.034667253
1607244515.134909630
1607244515.235150576
1607244515.335414648
1607244515.435660601
1607244515.535916805
1607244515.636194229
1607244515.736442566
1607244515.836703062
1607244515.937011480
1607244516.037278891
1607244516.137544632
1607244516.237795591
1607244516.338048220
1607244516.438293219
1607244516.538546085
1607244516.638789415
1607244516.739037275
1607244516.839312315
1607244516.939556837
1607244517.039795160
1607244517.140072584
1607244517.240327835
1607244517.340578794
1607244517.440851212
1607244517.541098595
1607244517.641345263
1607244517.741655111
1607244517.841912985
1607244517.942163467
1607244518.042442083
1607244518.142703533
1607244518.242947102
1607244518.343226671
1607244518.443475485
1607244518.543731213
1607244518.644007921
1607244518.744257212
1607244518.844511271
1607244518.944795370
1607244519.045072079
1607244519.145333767
1607244519.245601416
1607244519.345854759
1607244519.446102381
1607244519.546377897
1607244519.646625996
1607244519.746879816
1607244519.847155333
1607244519.947406530
1607244520.047652483
1607244520.147945642
1607244520.248201847
1607244520.348460197
1607244520.448722124
1607244520.549004555
1607244520.649252415
1607244520.749503136
1607244520.849748611
1607244520.949999571
1607244521.050243139
1607244521.150489330
1607244521.250744581
1607244521.350998402
1607244521.451241255
1607244521.551485777
1607244521.651763439
1607244521.752016544
1607244521.852281570
1607244521.952555895
1607244522.052839756
1607244522.153105259
1607244522.253363848
1607244522.353615522
1607244522.453865528
1607244522.554116249
1607244522.654364586
1607244522.754611731
1607244522.854891300
1607244522.955143213
1607244523.055396318
1607244523.155668736
1607244523.255923510
1607244523.356174469
1607244523.456453800
1607244523.556704760
1607244523.656983614
1607244523.757267237
1607244523.857519150
1607244523.957764864
1607244524.058032274
1607244524.158280611
1607244524.258528709
1607244524.358802080
1607244524.459050417
1607244524.559303284
1607244524.659591436
1607244524.759845257
1607244524.860099077
1607244524.960374594
1607244525.060655355
1607244525.160913706
1607244525.261186123
1607244525.361438036
1607244525.461688519
1607244525.561957121
1607244525.662202120
1607244525.762449265
1607244525.862723351
1607244525.962967634
1607244526.063215733
1607244526.163476229
1607244526.263760090
1607244526.364009142
1607244526.464252710
1607244526.564494133
1607244526.664736986
1607244526.764987946
1607244526.865231276
1607244526.965479136
1607244527.065748930
1607244527.165993452
1607244527.266241312
1607244527.366519928
1607244527.466762781
1607244527.567049503
1607244527.667358160
1607244527.767623901
1607244527.867883921
1607244527.968133211
1607244528.068378687
1607244528.168653727
1607244528.268917561
1607244528.369159937
1607244528.469406843
1607244528.569684744
1607244528.669930458
1607244528.770174265
1607244528.870447636
1607244528.970689297
1607244529.070935249
1607244529.171213865
1607244529.271472454
1607244529.371725082
1607244529.472015619
1607244529.572261333
1607244529.672518969
1607244529.772800684
1607244529.873048067
1607244529.973291636
1607244530.073555708
1607244530.173818827
1607244530.274070501
1607244530.374340534
1607244530.474593639
1607244530.574843407
1607244530.675116539
1607244530.775362253
1607244530.875619650
1607244530.975896358
1607244531.076148987
1607244531.176426411
1607244531.276721954
1607244531.376967907
1607244531.477211237
1607244531.577490091
1607244531.677741528
1607244531.777986526
1607244531.878241062
1607244531.978488207
1607244532.078765392
1607244532.179021120
1607244532.279271364
1607244532.379478693
1607244532.479750633
1607244532.580001593
1607244532.680258036
1607244532.780541420
1607244532.880787611
1607244532.981033802
1607244533.081307650
1607244533.181548595
1607244533.281792402
1607244533.382064581
1607244533.482317686
1607244533.582567215
1607244533.682845592
1607244533.783098221
1607244533.883354902
1607244533.983628750
1607244534.083871603
1607244534.184151173
1607244534.284445763
1607244534.384694576
1607244534.484940529
1607244534.585214138
1607244534.685460091
1607244534.785700798
1607244534.885970592
1607244534.986218214
1607244535.086466789
1607244535.186738491
1607244535.287000418
1607244535.387250423
1607244535.487494230
1607244535.587756872
1607244535.688048840
1607244535.788346052
1607244535.888595343
1607244535.988839626
1607244536.089106798
1607244536.189354420
1607244536.289595842
1607244536.389837503
1607244536.490107775
1607244536.590357542
1607244536.690607309
1607244536.790881634
1607244536.891136646
1607244536.991389036
1607244537.091658831
1607244537.191897631
1607244537.292168140
1607244537.392455578
1607244537.492709637
1607244537.592956543
1607244537.693213940
1607244537.793467283
1607244537.893715382
1607244537.993962765
1607244538.094207525
1607244538.194483995
1607244538.294736624
1607244538.394980431
1607244538.495222569
1607244538.595482111
1607244538.695729017
1607244538.795973539
1607244538.895981550
1607244538.996006012
1607244539.096014500
1607244539.196003199
1607244539.295985699
1607244539.395981073
1607244539.495989084
1607244539.595984221
1607244539.695986271
1607244539.795985460
1607244539.895991564
1607244539.995983362
1607244540.096031427
1607244540.196027756
1607244540.295995951
1607244540.395981789
1607244540.495983601
1607244540.596012354
1607244540.696019411
1607244540.795994043
1607244540.895982504
1607244540.995981216
1607244541.095984936
1607244541.195995092
1607244541.295986891
1607244541.395978689
1607244541.495987177
1607244541.596001625
1607244541.696058035
1607244541.796026707
1607244541.896008253
1607244541.995983362
1607244542.095989227
1607244542.195987463
1607244542.295990229
1607244542.395985365
1607244542.495996475
1607244542.595984459
1607244542.695993900
1607244542.795985460
1607244542.895990849
1607244542.995981693
1607244543.096014738
1607244543.195989370
1607244543.296018839
1607244543.395993710
1607244543.495993137
1607244543.595981121
1607244543.695990801
1607244543.795984745
1607244543.895983696
1607244543.995983124
1607244544.095984936
1607244544.195991278
1607244544.296012640
1607244544.396016359
1607244544.496014595
1607244544.595993996
1607244544.695986986
1607244544.795983076
1607244544.895985842
1607244544.995981932
1607244545.095981598
1607244545.195983648
1607244545.295988083
1607244545.395978928
1607244545.495990992
1607244545.596023083
1607244545.696004629
1607244545.795988560
1607244545.895989418
1607244545.995984793
1607244546.095982313
1607244546.195986032
1607244546.296015978
1607244546.395987511
1607244546.495986938
1607244546.595979691
1607244546.695980787
1607244546.795984507
1607244546.895981550
1607244546.996011496
1607244547.096013308
1607244547.196019411
1607244547.295997381
1607244547.395985126
1607244547.495985508
1607244547.595988512
1607244547.696027279
1607244547.795991182
1607244547.895981550
1607244547.995984793
1607244548.095981121
1607244548.195983648
1607244548.295987368
1607244548.395982265
1607244548.495992184
1607244548.595980644
1607244548.695982218
1607244548.795982599
1607244548.895990849
1607244548.995979071
1607244549.095984697
1607244549.195984364
1607244549.296018362
1607244549.395990133
1607244549.495984077
1607244549.595982552
1607244549.696012735
1607244549.796013117
1607244549.896011829
1607244549.995989323
1607244550.096001625
1607244550.195990801
1607244550.295990229
1607244550.395987988
1607244550.495982885
1607244550.595979691
1607244550.695980549
1607244550.795987606
1607244550.895983696
1607244550.995980740
1607244551.095983267
1607244551.195980549
1607244551.295989513
1607244551.395979166
1607244551.495989799
1607244551.595983028
1607244551.695990324
1607244551.795983315
1607244551.895988226
1607244551.995981455
1607244552.095980883
1607244552.195986032
1607244552.295985937
1607244552.396048784
1607244552.496022940
1607244552.596013069
1607244552.695996284
1607244552.795987606
1607244552.895984411
1607244552.995976210
1607244553.095984221
1607244553.195989370
1607244553.295989990
1607244553.395985842
1607244553.495983839
1607244553.595983505
1607244553.696026802
1607244553.795995474
1607244553.895989180
1607244553.995979786
1607244554.095986605
1607244554.195981503
1607244554.295986176
1607244554.395983934
1607244554.495989799
1607244554.595986366
1607244554.695981979
1607244554.795984268
1607244554.895990610
1607244554.995986938
1607244555.096004248
1607244555.196009874
1607244555.296010494
1607244555.396011114
1607244555.495990038
1607244555.595983028
1607244555.695989609
1607244555.795994282
1607244555.895988941
1607244555.995981932
1607244556.095980644
1607244556.195989609
1607244556.295992851
1607244556.395987272
1607244556.495985508
1607244556.595984936
1607244556.695983171
1607244556.795983076
1607244556.895982742
1607244556.995976448
1607244557.095984936
1607244557.195984840
1607244557.295991421
1607244557.395982504
1607244557.495995522
1607244557.596022129
1607244557.696029425
1607244557.796007633
1607244557.896021128
1607244557.996006727
1607244558.095991135
1607244558.195986509
1607244558.295986652
1607244558.396017790
1607244558.495995522
1607244558.595983982
1607244558.695983887
1607244558.795986176
1607244558.895990372
1607244558.995982647
1607244559.095980406
1607244559.195986986
1607244559.295988560
1607244559.395983458
1607244559.495985270
1607244559.595979691
1607244559.696018696
1607244559.795990944
1607244559.895989180
1607244559.995980978
1607244560.096006632
1607244560.195988655
1607244560.295984983
1607244560.395977736
1607244560.496024132
1607244560.596015930
1607244560.696010590
1607244560.795981884
1607244560.895994186
1607244560.995985031
1607244561.095980406
1607244561.195980310
1607244561.295992136
1607244561.396018982
1607244561.495994329
1607244561.595985174
1607244561.695984840
1607244561.795984030
1607244561.895979404
1607244561.995982647
1607244562.095983744
1607244562.195988417
1607244562.295999527
1607244562.395992756
1607244562.495982647
1607244562.595979214
1607244562.695991278
1607244562.795984745
1607244562.895986795
1607244562.995986223
1607244563.095983028
1607244563.196001291
1607244563.296015978
1607244563.396002054
1607244563.495990276
1607244563.595986605
1607244563.695988178
1607244563.795987606
1607244563.895992756
1607244563.995984316
1607244564.095978975
1607244564.195982456
1607244564.295980930
1607244564.395981073
1607244564.496018410
1607244564.595998049
1607244564.695989132
1607244564.795984983
1607244564.895985126
1607244564.995980024
1607244565.095984221
1607244565.195991516
1607244565.295984983
1607244565.395990133
1607244565.495988369
1607244565.595981359
1607244565.696052551
1607244565.796020985
1607244565.896018505
1607244565.996005535
1607244566.096003056
1607244566.195985794
1607244566.295989513
1607244566.395984650
1607244566.495993853
1607244566.595984697
1607244566.695983648
1607244566.795980453
1607244566.895991802
1607244566.995986223
1607244567.095983744
1607244567.195983648
1607244567.295987606
1607244567.395983696
1607244567.496010303
1607244567.595986605
1607244567.695988655
1607244567.795989513
1607244567.895986319
1607244567.995978832
1607244568.095984936
1607244568.195952892
1607244568.295984745
1607244568.395985126
1607244568.496009350
1607244568.596005917
1607244568.696014881
1607244568.795993567
1607244568.895984411
1607244568.995979309
1607244569.095979691
1607244569.195979595
1607244569.295986652
1607244569.395982981
1607244569.495992184
1607244569.595987320
1607244569.695987701
1607244569.795998573
1607244569.895996332
1607244569.995983601
1607244570.096009731
1607244570.195987701
1607244570.295994997
1607244570.395984650
1607244570.496020079
1607244570.595990896
1607244570.695995808
1607244570.795986652
1607244570.895983934
1607244570.995984316
1607244571.095988750
1607244571.196014404
1607244571.296015263
1607244571.396004915
1607244571.496002674
1607244571.595983505
1607244571.695991516
1607244571.795986176
1607244571.895986080
1607244571.995980263
1607244572.095981121
1607244572.195976734
1607244572.295979977
1607244572.395987272
1607244572.495994329
1607244572.595982075
1607244572.695993662
1607244572.795989275
1607244572.895988941
1607244572.995984077
1607244573.095984459
1607244573.195983171
1607244573.295980692
1607244573.395981550
1607244573.495988369
1607244573.596017122
1607244573.695992231
1607244573.795986176
1607244573.896003962
1607244573.996011496
1607244574.096013308
1607244574.195996761
1607244574.295989752
1607244574.395984650
1607244574.495986938
1607244574.595983744
1607244574.695985556
1607244574.795981407
1607244574.895981550
1607244574.995980263
1607244575.095980406
1607244575.195986748
1607244575.295985222
1607244575.395981550
1607244575.495988607
1607244575.596027374
1607244575.696005106
1607244575.795987368
1607244575.895990133
1607244575.995990276
1607244576.095986366
1607244576.195991039
1607244576.295982838
1607244576.395982742
1607244576.495985746
1607244576.596042871
1607244576.696020842
1607244576.796019316
1607244576.895994663
1607244576.995984554
1607244577.095979929
1607244577.195989132
1607244577.295985699
1607244577.395984173
1607244577.495983362
1607244577.595988035
1607244577.696016788
1607244577.796023369
1607244577.896001577
1607244577.995993853
1607244578.095983982
1607244578.195981741
1607244578.295987129
1607244578.395987272
1607244578.495990276
1607244578.595984697
1607244578.695979118
1607244578.795982838
1607244578.895988226
1607244578.995985270
1607244579.095981359
1607244579.195985556
1607244579.295986176
1607244579.395992279
1607244579.495993137
1607244579.596014261
1607244579.695996284
1607244579.795986891
1607244579.895981312
1607244579.995990038
1607244580.096003532
1607244580.195995092
1607244580.296000004
1607244580.396006823
1607244580.496008158
1607244580.596004009
1607244580.695981741
1607244580.795984745
1607244580.895983934
1607244580.995982885
1607244581.095983028
1607244581.195982695
1607244581.295980930
1607244581.395980835
1607244581.495989323
1607244581.595993280
1607244581.695985079
1607244581.795983315
1607244581.895989418
1607244581.995985270
1607244582.095981121
1607244582.195983648
1607244582.295977354
1607244582.395985603
1607244582.495993376
1607244582.595984697
1607244582.696019650
1607244582.795993090
1607244582.895985842
1607244582.995979548
1607244583.095983744
1607244583.195991039
1607244583.295989513
1607244583.395982504
1607244583.495985508
1607244583.595980406
1607244583.696013451
1607244583.795991659
1607244583.895986080
1607244583.995983362
1607244584.095993519
1607244584.195985079
1607244584.295988321
1607244584.396006823
1607244584.496021032
1607244584.596001148
1607244584.695984840
1607244584.795985222
1607244584.895993471
1607244584.995985508
1607244585.095980406
1607244585.195980549
1607244585.295984507
1607244585.395985126
1607244585.495982647
1607244585.595982552
1607244585.696019650
1607244585.795991659
1607244585.895981550
1607244585.995980263
1607244586.095986843
1607244586.195991755
1607244586.295990467
1607244586.395985842
1607244586.495989084
1607244586.595984936
1607244586.695986509
1607244586.795979261
1607244586.895986795
1607244586.995984316
1607244587.096012354
1607244587.196013689
1607244587.295998812
1607244587.395984173
1607244587.495991468
1607244587.595985651
1607244587.695985556
1607244587.795987129
1607244587.895991325
1607244587.995985031
1607244588.095992088
1607244588.195981741
1607244588.295980930
1607244588.395985842
1607244588.495982885
1607244588.595981598
1607244588.695985079
1607244588.795976400
1607244588.895986795
1607244588.995977402
1607244589.095983982
1607244589.195990562
1607244589.295985699
1607244589.395981789
1607244589.495981216
1607244589.595985413
1607244589.696016550
1607244589.796016932
1607244589.896011114
1607244589.995989323
1607244590.096001387
1607244590.195984840
1607244590.295985222
1607244590.395984888
1607244590.495992184
1607244590.595986605
1607244590.695982456
1607244590.795983315
1607244590.895985603
1607244590.995982647
1607244591.095983982
1607244591.195982218
1607244591.295986176
1607244591.395986319
1607244591.495985031
1607244591.595982790
1607244591.696020365
1607244591.795988798
1607244591.895983696
1607244591.995980263
1607244592.095984221
1607244592.195988178
1607244592.295988560
1607244592.396005630
1607244592.496011734
1607244592.596016884
1607244592.696001291
1607244592.795986891
1607244592.895986080
1607244592.995985508
1607244593.095983744
1607244593.195982933
1607244593.295981884
1607244593.395982504
1607244593.495988607
1607244593.595986843
1607244593.695987463
1607244593.795992136
1607244593.895992756
1607244593.995986938
1607244594.095983267
1607244594.195984125
1607244594.295986891
1607244594.395987272
1607244594.495984077
1607244594.595984936
1607244594.695984125
1607244594.796015739
1607244594.895991564
1607244594.995984316
1607244595.096004486
1607244595.196018696
1607244595.296012163
1607244595.395993233
1607244595.495990515
1607244595.595979214
1607244595.696027994
1607244595.796000481
1607244595.895984411
1607244595.995981693
1607244596.095979452
1607244596.195990324
1607244596.295988083
1607244596.395982742
1607244596.495990515
1607244596.595984697
1607244596.695986032
1607244596.795984507
1607244596.895987749
1607244596.995991230
1607244597.095981121
1607244597.195981741
1607244597.295983553
1607244597.395982265
1607244597.495985508
1607244597.595986128
1607244597.695988417
1607244597.796044111
1607244597.896019459
1607244597.996007204
1607244598.095987082
1607244598.195991039
1607244598.295988560
1607244598.395985603
1607244598.495989084
1607244598.595984221
1607244598.695979595
1607244598.795982122
1607244598.895978451
1607244598.995985985
1607244599.095979452
1607244599.195982218
1607244599.295986176
1607244599.395982981
1607244599.495990515
1607244599.595981121
1607244599.695982456
1607244599.795986414
1607244599.895992994
1607244599.995982409
1607244600.096031427
1607244600.195994377
1607244600.295984745
1607244600.395983219
1607244600.496009827
1607244600.596041441
1607244600.696044683
1607244600.796024561
1607244600.895995617
1607244600.995982885
1607244601.095978498
1607244601.195988655
1607244601.295986176
1607244601.395986319
1607244601.495986938
1607244601.595988274
1607244601.696031332
1607244601.796005487
1607244601.895985365
1607244601.995981932
1607244602.095982075
1607244602.195983887
1607244602.295985699
1607244602.395983934
1607244602.495990276
1607244602.595982552
1607244602.695994854
1607244602.795986176
1607244602.895993710
1607244602.995987415
1607244603.095995188
1607244603.196004391
1607244603.296015501
1607244603.396003723
1607244603.495983362
1607244603.595982313
1607244603.695986986
1607244603.795985460
1607244603.896016598
1607244603.995990038
