1607244188.989317417
1607244189.089527607
1607244189.189805984
1607244189.289981127
1607244189.390151978
1607244189.490319490
1607244189.590507269
1607244189.690733671
1607244189.790899277
1607244189.891058445
1607244189.991219759
1607244190.091389179
1607244190.191584826
1607244190.291755676
1607244190.391977310
1607244190.492137432
1607244190.592317820
1607244190.692563295
1607244190.792812347
1607244190.892984867
1607244190.993146420
1607244191.093305111
1607244191.193464279
1607244191.293629646
1607244191.393809795
1607244191.494033337
1607244191.594197273
1607244191.694358826
1607244191.794523478
1607244191.894701958
1607244191.994948387
1607244192.095113516
1607244192.195276737
1607244192.295397997
1607244192.395558834
1607244192.495780230
1607244192.595969677
1607244192.696132898
1607244192.796294689
1607244192.896455288
1607244192.996612072
1607244193.096773863
1607244193.197002172
1607244193.297168970
1607244193.397330999
1607244193.497491360
1607244193.597650290
1607244193.697874308
1607244193.798081160
1607244193.898246288
1607244193.998406172
1607244194.098566771
1607244194.198725700
1607244194.298888445
1607244194.399122477
1607244194.499284983
1607244194.599450588
1607244194.699665070
1607244194.799828053
1607244194.900000095
1607244195.000175714
1607244195.100335360
1607244195.200495005
1607244195.300652504
1607244195.400868654
1607244195.501033068
1607244195.601199627
1607244195.701358318
1607244195.801516771
1607244195.901675224
1607244196.001832962
1607244196.101991415
1607244196.202205181
1607244196.302366972
1607244196.402526140
1607244196.502686262
1607244196.602903366
1607244196.703061104
1607244196.803218842
1607244196.903376102
1607244197.003539801
1607244197.103697062
1607244197.203907728
1607244197.304065704
1607244197.404229403
1607244197.504389048
1607244197.604550123
1607244197.704713106
1607244197.804924011
1607244197.905086756
1607244198.005262375
1607244198.105422974
1607244198.205581903
1607244198.305797338
1607244198.405955553
1607244198.506119490
1607244198.606276989
1607244198.706434965
1607244198.806594372
1607244198.906807184
1607244199.006968021
1607244199.107124090
1607244199.207281113
1607244199.307398081
1607244199.407556057
1607244199.507726669
1607244199.607883930
1607244199.708041191
1607244199.808197975
1607244199.908353329
1607244200.008509398
1607244200.108666182
1607244200.208824396
1607244200.308981180
1607244200.409139872
1607244200.509298801
1607244200.609458208
1607244200.709615946
1607244200.809792280
1607244200.909955740
1607244201.010115862
1607244201.110271692
1607244201.210428476
1607244201.310585499
1607244201.410748720
1607244201.510906696
1607244201.611063719
1607244201.711222887
1607244201.811398268
1607244201.911556482
1607244202.011713505
1607244202.111869335
1607244202.212026119
1607244202.312186718
1607244202.412343979
1607244202.512501240
1607244202.612657785
1607244202.712815046
1607244202.812973022
1607244202.913136482
1607244203.013290882
1607244203.113446474
1607244203.213602781
1607244203.313759089
1607244203.413916111
1607244203.514074326
1607244203.614233017
1607244203.714390516
1607244203.814548731
1607244203.914707899
1607244204.014875889
1607244204.115052700
1607244204.215209007
1607244204.315365314
1607244204.415526390
1607244204.515683889
1607244204.615840673
1607244204.715996981
1607244204.816152811
1607244204.916308880
1607244205.016464949
1607244205.116620541
1607244205.216777086
1607244205.316938162
1607244205.417099953
1607244205.517257452
1607244205.617414713
1607244205.717574120
1607244205.817732573
1607244205.917889118
1607244206.018046141
1607244206.118202686
1607244206.218359232
1607244206.318514585
1607244206.418677330
1607244206.518837452
1607244206.618998051
1607244206.719155550
1607244206.819311857
1607244206.919475555
1607244207.019643784
1607244207.119799614
1607244207.219955444
1607244207.320111275
1607244207.420268297
1607244207.520426512
1607244207.620584488
1607244207.720746279
1607244207.820902824
1607244207.921059370
1607244208.021215916
1607244208.121373653
1607244208.221541643
1607244208.321702719
1607244208.421860218
1607244208.522018194
1607244208.622175455
1607244208.722332716
1607244208.822489262
1607244208.922645330
1607244209.022801876
1607244209.122959137
1607244209.223115206
1607244209.323272467
1607244209.423398495
1607244209.523557663
1607244209.623733282
1607244209.723893166
1607244209.824052572
1607244209.924212933
1607244210.024383783
1607244210.124541283
1607244210.224699736
1607244210.324856520
1607244210.425013304
1607244210.525180817
1607244210.625336885
1607244210.725496292
1607244210.825664997
1607244210.925824881
1607244211.025983334
1607244211.126141071
1607244211.226298571
1607244211.326459646
1607244211.426618576
1607244211.526776791
1607244211.626934052
1607244211.727090359
1607244211.827246904
1607244211.927397728
1607244212.027554750
1607244212.127710342
1607244212.227866650
1607244212.328022003
1607244212.428177834
1607244212.528335333
1607244212.628494740
1607244212.728651285
1607244212.828809261
1607244212.928967953
1607244213.029125690
1607244213.129290819
1607244213.229447842
1607244213.329604864
1607244213.429761648
1607244213.529919863
1607244213.630077600
1607244213.730236292
1607244213.830394983
1607244213.930552006
1607244214.030708313
1607244214.130865097
1607244214.231039286
1607244214.331200361
1607244214.431358814
1607244214.531520605
1607244214.631678104
1607244214.731834650
1607244214.831992388
1607244214.932149172
1607244215.032304764
1607244215.132460117
1607244215.232617378
1607244215.332789660
1607244215.432946682
1607244215.533104181
1607244215.633263588
1607244215.733419895
1607244215.833575964
1607244215.933734417
1607244216.033893585
1607244216.134057760
1607244216.234214306
1607244216.334370375
1607244216.434526443
1607244216.534683228
1607244216.634838820
1607244216.734994411
1607244216.835151196
1607244216.935309649
1607244217.035470724
1607244217.135626554
1607244217.235783339
1607244217.335943222
1607244217.436100245
1607244217.536257744
1607244217.636415005
1607244217.736575365
1607244217.836771965
1607244217.936995983
1607244218.037162304
1607244218.137319565
1607244218.237478733
1607244218.337634325
1607244218.437791109
1607244218.537949324
1607244218.638113022
1607244218.738279819
1607244218.838436365
1607244218.938594818
1607244219.038753271
1607244219.138918638
1607244219.239076853
1607244219.339234591
1607244219.439395428
1607244219.539552450
1607244219.640501261
1607244219.740662098
1607244219.840819597
1607244219.940976381
1607244220.041132689
1607244220.141295195
1607244220.241452456
1607244220.341612816
1607244220.441769600
1607244220.541926861
1607244220.642083645
1607244220.742241144
1607244220.842397928
1607244220.942553520
1607244221.042709112
1607244221.142864227
1607244221.243020058
1607244221.343175173
1607244221.443331242
1607244221.543493986
1607244221.643653393
1607244221.743813992
1607244221.843971968
1607244221.944130898
1607244222.044290304
1607244222.144455433
1607244222.244613171
1607244222.344768524
1607244222.444924831
1607244222.545082092
1607244222.645239830
1607244222.745396376
1607244222.845553160
1607244222.945725679
1607244223.045882225
1607244223.146038771
1607244223.246194839
1607244223.346355438
1607244223.446513414
1607244223.546672106
1607244223.646829367
1607244223.746987820
1607244223.847144365
1607244223.947299719
1607244224.047459602
1607244224.147615433
1607244224.247771978
1607244224.347927094
1607244224.448082924
1607244224.548241138
1607244224.648402929
1607244224.748559952
1607244224.848717690
1607244224.948875666
1607244225.049031496
1607244225.149189234
1607244225.249355793
1607244225.349512815
1607244225.449670076
1607244225.549828291
1607244225.649987221
1607244225.750145912
1607244225.850303650
1607244225.950460196
1607244226.050617218
1607244226.150773525
1607244226.250931025
1607244226.351091623
1607244226.451249361
1607244226.551397800
1607244226.651554585
1607244226.751710176
1607244226.851865768
1607244226.952021837
1607244227.052177906
1607244227.152333021
1607244227.252488136
1607244227.352644205
1607244227.452800989
1607244227.552959681
1607244227.653126001
1607244227.753282309
1607244227.853439093
1607244227.953607798
1607244228.053764105
1607244228.153922319
1607244228.254088879
1607244228.354252338
1607244228.454408646
1607244228.554566145
1607244228.654722691
1607244228.754880428
1607244228.855036259
1607244228.955192089
1607244229.055348873
1607244229.155509233
1607244229.255667210
1607244229.355827332
1607244229.455985069
1607244229.556142807
1607244229.656300068
1607244229.756458998
1607244229.856616259
1607244229.956773281
1607244230.056930780
1607244230.157087088
1607244230.257243156
1607244230.357399464
1607244230.457556009
1607244230.557713270
1607244230.657877684
1607244230.758051157
1607244230.858208179
1607244230.958367586
1607244231.058524132
1607244231.158681393
1607244231.258844376
1607244231.359001875
1607244231.459158659
1607244231.559316158
1607244231.659479141
1607244231.759635687
1607244231.859792948
1607244231.959948301
1607244232.060103655
1607244232.160259485
1607244232.260416985
1607244232.360576868
1607244232.460733891
1607244232.560891867
1607244232.661048412
1607244232.761205435
1607244232.861362934
1607244232.961526394
1607244233.061681747
1607244233.161838055
1607244233.261994839
1607244233.362157106
1607244233.462313652
1607244233.562474489
1607244233.662634373
1607244233.762793064
1607244233.862950325
1607244233.963109493
1607244234.063266516
1607244234.163398027
1607244234.263557911
1607244234.363748550
1607244234.463906288
1607244234.564064264
1607244234.664220095
1607244234.764378548
1607244234.864542246
1607244234.964697599
1607244235.064853668
1607244235.165009022
1607244235.265165329
1607244235.365322828
1607244235.465487242
1607244235.565645218
1607244235.665804863
1607244235.765982389
1607244235.866138697
1607244235.966294765
1607244236.066450596
1607244236.166606903
1607244236.266762972
1607244236.366919756
1607244236.467077732
1607244236.567236185
1607244236.667397022
1607244236.767553568
1607244236.867709875
1607244236.967868328
1607244237.068024635
1607244237.168198824
1607244237.268362999
1607244237.368520737
1607244237.468677759
1607244237.568835258
1607244237.668993235
1607244237.769152880
1607244237.869310379
1607244237.969466925
1607244238.069624424
1607244238.169780970
1607244238.269940615
1607244238.370097876
1607244238.470255375
1607244238.570412636
1607244238.670568705
1607244238.770724535
1607244238.870882034
1607244238.971037626
1607244239.071193695
1607244239.171349049
1607244239.271508455
1607244239.371664047
1607244239.471820116
1607244239.571978569
1607244239.672136784
1607244239.772293329
1607244239.872449636
1607244239.972608805
1607244240.072776794
1607244240.172975540
1607244240.273139954
1607244240.373324871
1607244240.473484039
1607244240.573642254
1607244240.673820972
1607244240.774056435
1607244240.874219418
1607244240.974374294
1607244241.074529409
1607244241.174685478
1607244241.274844170
1607244241.375002146
1607244241.475159645
1607244241.575317144
1607244241.675479412
1607244241.775645733
1607244241.875803232
1607244241.975960016
1607244242.076123714
1607244242.176280022
1607244242.276436090
1607244242.376592636
1607244242.476753950
1607244242.576913118
1607244242.677070856
1607244242.777227879
1607244242.877385378
1607244242.977544069
1607244243.077700377
1607244243.177860737
1607244243.278033495
1607244243.378196001
1607244243.478387594
1607244243.578546762
1607244243.678704500
1607244243.778861761
1607244243.879017830
1607244243.979174614
1607244244.079330921
1607244244.179492712
1607244244.279653549
1607244244.379811764
1607244244.479968071
1607244244.580124617
1607244244.680281639
1607244244.780437231
1607244244.880593300
1607244244.980749130
1607244245.080904245
1607244245.181059599
1607244245.281215668
1607244245.381371498
1607244245.481528044
1607244245.581688166
1607244245.681846857
1607244245.782008171
1607244245.882167339
1607244245.982326269
1607244246.082483530
1607244246.182639599
1607244246.282798290
1607244246.382965326
1607244246.483122349
1607244246.583280325
1607244246.683397770
1607244246.783553362
1607244246.883710146
1607244246.983865261
1607244247.084022045
1607244247.184177876
1607244247.284338474
1607244247.384495974
1607244247.484654188
1607244247.584812403
1607244247.684968948
1607244247.785125732
1607244247.885282278
1607244247.985438347
1607244248.085595131
1607244248.185755968
1607244248.285912991
1607244248.386069536
1607244248.486226320
1607244248.586403131
1607244248.686560631
1607244248.786717176
1607244248.886873722
1607244248.987031937
1607244249.087188244
1607244249.187343597
1607244249.287503481
1607244249.387662888
1607244249.487838030
1607244249.587999821
1607244249.688161612
1607244249.788320065
1607244249.888476133
1607244249.988631964
1607244250.088788748
1607244250.188946486
1607244250.289107561
1607244250.389264822
1607244250.489371538
1607244250.589393139
1607244250.689375162
1607244250.789371014
1607244250.889371157
1607244250.989370823
1607244251.089371204
1607244251.189370632
1607244251.289370537
1607244251.389370680
1607244251.489372253
1607244251.589370966
1607244251.689371109
1607244251.789370537
1607244251.889371634
1607244251.989370584
1607244252.089373350
1607244252.189370394
1607244252.289370537
1607244252.389374256
1607244252.489372492
1607244252.589370728
1607244252.689370871
1607244252.789370775
1607244252.889370918
1607244252.989370823
1607244253.089370728
1607244253.189371109
1607244253.289370775
1607244253.389371157
1607244253.489371777
1607244253.589371204
1607244253.689376354
1607244253.789372444
1607244253.889371634
1607244253.989371300
1607244254.089371204
1607244254.189371109
1607244254.289370775
1607244254.389370918
1607244254.489372015
1607244254.589371204
1607244254.689370871
1607244254.789371490
1607244254.889371872
1607244254.989370823
1607244255.089371204
1607244255.189370871
1607244255.289370775
1607244255.389372826
1607244255.489372253
1607244255.589370728
1607244255.689371347
1607244255.789371014
1607244255.889370680
1607244255.989370823
1607244256.089371443
1607244256.189370871
1607244256.289371014
1607244256.389370680
1607244256.489371777
1607244256.589370728
1607244256.689370871
1607244256.789370537
1607244256.889370918
1607244256.989370823
1607244257.089370966
1607244257.189370394
1607244257.289370775
1607244257.389370680
1607244257.489373684
1607244257.589371443
1607244257.689372063
1607244257.789371014
1607244257.889371395
1607244257.989370823
1607244258.089370966
1607244258.189370632
1607244258.289370775
1607244258.389370441
1607244258.489373922
1607244258.589371204
1607244258.689370871
1607244258.789371967
1607244258.889371395
1607244258.989370823
1607244259.089370966
1607244259.189371109
1607244259.289371014
1607244259.389370918
1607244259.489371538
1607244259.589370728
1607244259.689372301
1607244259.789371252
1607244259.889370918
1607244259.989370823
1607244260.089377642
1607244260.189370871
1607244260.289370775
1607244260.389371395
1607244260.489371538
1607244260.589371204
1607244260.689371109
1607244260.789371014
1607244260.889371634
1607244260.989370823
1607244261.089371204
1607244261.189370632
1607244261.289371014
1607244261.389370441
1607244261.489374161
1607244261.589371920
1607244261.689371586
1607244261.789371014
1607244261.889371157
1607244261.989370823
1607244262.089370966
1607244262.189371109
1607244262.289371490
1607244262.389370680
1607244262.489371538
1607244262.589370728
1607244262.689371109
1607244262.789371252
1607244262.889370680
1607244262.989370346
1607244263.089370728
1607244263.189370632
1607244263.289370537
1607244263.389370441
1607244263.489371538
1607244263.589370966
1607244263.689370871
1607244263.789371014
1607244263.889371634
1607244263.989370584
1607244264.089370728
1607244264.189370632
1607244264.289370537
1607244264.389370680
1607244264.489371538
1607244264.589373589
1607244264.689371347
1607244264.789371252
1607244264.889370918
1607244264.989370584
1607244265.089370966
1607244265.189371586
1607244265.289371729
1607244265.389370918
1607244265.489373684
1607244265.589371204
1607244265.689371586
1607244265.789371014
1607244265.889370680
1607244265.989370823
1607244266.089371204
1607244266.189370871
1607244266.289370537
1607244266.389370680
1607244266.489371300
1607244266.589371204
1607244266.689371109
1607244266.789370537
1607244266.889371634
1607244266.989370346
1607244267.089370966
1607244267.189370871
1607244267.289371014
1607244267.389370918
1607244267.489373684
1607244267.589371920
1607244267.689371824
1607244267.789370775
1607244267.889371395
1607244267.989370823
1607244268.089370728
1607244268.189375401
1607244268.289371252
1607244268.389370680
1607244268.489371538
1607244268.589370728
1607244268.689371109
1607244268.789371014
1607244268.889370680
1607244268.989370823
1607244269.089371204
1607244269.189370394
1607244269.289370775
1607244269.389370441
1607244269.489372015
1607244269.589371920
1607244269.689371586
1607244269.789371014
1607244269.889371395
1607244269.989370823
1607244270.089371204
1607244270.189370632
1607244270.289371014
1607244270.389370918
1607244270.489371777
1607244270.589372873
1607244270.689373970
1607244270.789372206
1607244270.889373302
1607244270.989371061
1607244271.089371204
1607244271.189371586
1607244271.289371252
1607244271.389370441
1607244271.489371300
1607244271.589370728
1607244271.689371109
1607244271.789371014
1607244271.889370918
1607244271.989370823
1607244272.089370728
1607244272.189370632
1607244272.289370537
1607244272.389370441
1607244272.489371777
1607244272.589370728
1607244272.689370871
1607244272.789370537
1607244272.889371634
1607244272.989370584
1607244273.089370489
1607244273.189370632
1607244273.289370537
1607244273.389370680
1607244273.489371300
1607244273.589384556
1607244273.689371824
1607244273.789371252
1607244273.889370918
1607244273.989370584
1607244274.089370728
1607244274.189370871
1607244274.289371014
1607244274.389370918
1607244274.489371538
1607244274.589370966
1607244274.689370632
1607244274.789370775
1607244274.889370680
1607244274.989370584
1607244275.089370728
1607244275.189370632
1607244275.289370775
1607244275.389370441
1607244275.489372015
1607244275.589371204
1607244275.689371109
1607244275.789371014
1607244275.889371395
1607244275.989370823
1607244276.089370966
1607244276.189370632
1607244276.289370775
1607244276.389370680
1607244276.489371538
1607244276.589372873
1607244276.689371586
1607244276.789371014
1607244276.889370680
1607244276.989370823
1607244277.089370728
1607244277.189371347
1607244277.289371490
1607244277.389370680
1607244277.489371777
1607244277.589371204
1607244277.689372301
1607244277.789371252
1607244277.889370680
1607244277.989370823
1607244278.089370966
1607244278.189371109
1607244278.289370537
1607244278.389370680
1607244278.489371538
1607244278.589370728
1607244278.689370871
1607244278.789370775
1607244278.889371634
1607244278.989370584
1607244279.089371204
1607244279.189371109
1607244279.289370775
1607244279.389370680
1607244279.489371300
1607244279.589370728
1607244279.689373970
1607244279.789371014
1607244279.889371157
1607244279.989370584
1607244280.089372635
1607244280.189370871
1607244280.289371014
1607244280.389370918
1607244280.489371300
1607244280.589370251
1607244280.689372301
1607244280.789371014
1607244280.889371157
1607244280.989370584
1607244281.089370728
1607244281.189370632
1607244281.289370537
1607244281.389370918
1607244281.489371538
1607244281.589377642
1607244281.689371586
1607244281.789371014
1607244281.889371634
1607244281.989370584
1607244282.089370966
1607244282.189370871
1607244282.289371252
1607244282.389370918
1607244282.489371538
1607244282.589370728
1607244282.689373493
1607244282.789371014
1607244282.889370918
1607244282.989370346
1607244283.089370728
1607244283.189371347
1607244283.289371014
1607244283.389370680
1607244283.489371777
1607244283.589370728
1607244283.689371824
1607244283.789371252
1607244283.889370918
1607244283.989370584
1607244284.089370966
1607244284.189370394
1607244284.289372444
1607244284.389370441
1607244284.489372253
1607244284.589371204
1607244284.689370871
1607244284.789372444
1607244284.889372826
1607244284.989371061
1607244285.089370966
1607244285.189370394
1607244285.289370537
1607244285.389370680
1607244285.489371300
1607244285.589371204
1607244285.689371586
1607244285.789373398
1607244285.889371634
1607244285.989370584
1607244286.089370966
1607244286.189371109
1607244286.289371252
1607244286.389370918
1607244286.489371538
1607244286.589370728
1607244286.689371347
1607244286.789370775
1607244286.889371157
1607244286.989371538
1607244287.089371204
1607244287.189370871
1607244287.289370775
1607244287.389370680
1607244287.489372015
1607244287.589371204
1607244287.689370871
1607244287.789370775
1607244287.889371157
1607244287.989370584
1607244288.089370966
1607244288.189370871
1607244288.289370775
1607244288.389370680
1607244288.489371538
1607244288.589370966
1607244288.689373255
1607244288.789371252
1607244288.889371395
1607244288.989370823
