1607243563.979904652
1607243564.080116987
1607243564.180299282
1607243564.280438185
1607243564.380570412
1607243564.480701923
1607243564.580838919
1607243564.680970907
1607243564.781101227
1607243564.881234169
1607243564.981366158
1607243565.081496954
1607243565.181634426
1607243565.281764746
1607243565.381893635
1607243565.482022047
1607243565.582151175
1607243565.682281494
1607243565.782417536
1607243565.882548332
1607243565.982677937
1607243566.082807302
1607243566.182936907
1607243566.283071280
1607243566.383205891
1607243566.483335018
1607243566.583466768
1607243566.683594465
1607243566.783725023
1607243566.883855581
1607243566.983989954
1607243567.084118366
1607243567.184248686
1607243567.284377098
1607243567.384505510
1607243567.484635592
1607243567.584772587
1607243567.684927225
1607243567.785057306
1607243567.885188580
1607243567.985320807
1607243568.085451365
1607243568.185587645
1607243568.285716534
1607243568.385845661
1607243568.485975266
1607243568.586103678
1607243568.686245203
1607243568.786380291
1607243568.886512041
1607243568.986640692
1607243569.086769342
1607243569.186897516
1607243569.287034512
1607243569.387169361
1607243569.487299681
1607243569.587423325
1607243569.687555075
1607243569.787686110
1607243569.887817383
1607243569.987951040
1607243570.088081121
1607243570.188210249
1607243570.288339138
1607243570.388468266
1607243570.488596439
1607243570.588728189
1607243570.688859701
1607243570.788994789
1607243570.889128208
1607243570.989259243
1607243571.089388132
1607243571.189516544
1607243571.289645195
1607243571.389774084
1607243571.489902735
1607243571.590031147
1607243571.690159321
1607243571.790288448
1607243571.890417814
1607243571.990546703
1607243572.090675116
1607243572.190803766
1607243572.290935993
1607243572.391064644
1607243572.491193056
1607243572.591322184
1607243572.691454172
1607243572.791584015
1607243572.891713619
1607243572.991841078
1607243573.091968298
1607243573.192095995
1607243573.292224407
1607243573.392352581
1607243573.492481709
1607243573.592628479
1607243573.692824602
1607243573.792963743
1607243573.893099308
1607243573.993232727
1607243574.093362331
1607243574.193491936
1607243574.293620586
1607243574.393748522
1607243574.493876219
1607243574.594004154
1607243574.694131374
1607243574.794260263
1607243574.894389868
1607243574.994518280
1607243575.094646215
1607243575.194774389
1607243575.294906378
1607243575.395035028
1607243575.495163441
1607243575.595292091
1607243575.695393801
1607243575.795533180
1607243575.895663500
1607243575.995796919
1607243576.095923662
1607243576.196052074
1607243576.296180248
1607243576.396308422
1607243576.496436119
1607243576.596567392
1607243576.696707487
1607243576.796844244
1607243576.896974564
1607243576.997104645
1607243577.097233295
1607243577.197361708
1607243577.297490835
1607243577.397618532
1607243577.497746944
1607243577.597876072
1607243577.698007822
1607243577.798139811
1607243577.898270845
1607243577.998399019
1607243578.098527670
1607243578.198657036
1607243578.298789501
1607243578.398918390
1607243578.499045849
1607243578.599173784
1607243578.699301481
1607243578.799391270
1607243578.899520636
1607243578.999648571
1607243579.099776268
1607243579.199903965
1607243579.300031662
1607243579.400159359
1607243579.500287771
1607243579.600419283
1607243579.700548410
1607243579.800678492
1607243579.900814295
1607243580.000946760
1607243580.101083040
1607243580.201219559
1607243580.301349163
1607243580.401477098
1607243580.501604319
1607243580.601731539
1607243580.701858997
1607243580.801988125
1607243580.902118444
1607243581.002246857
1607243581.102374554
1607243581.202502728
1607243581.302635193
1607243581.402763605
1607243581.502893209
1607243581.603022099
1607243581.703153372
1607243581.803287506
1607243581.903390884
1607243582.003518581
1607243582.103646517
1607243582.203774929
1607243582.303902864
1607243582.404032230
1607243582.504160166
1607243582.604291201
1607243582.704432964
1607243582.804566383
1607243582.904696941
1607243583.004827499
1607243583.104957342
1607243583.205090761
1607243583.305221319
1607243583.405349255
1607243583.505478144
1607243583.605607510
1607243583.705735445
1607243583.805864096
1607243583.905993700
1607243584.006123066
1607243584.106251001
1607243584.206379890
1607243584.306511879
1607243584.406641006
1607243584.506768465
1607243584.606896162
1607243584.707022905
1607243584.807152033
1607243584.907281637
1607243585.007390738
1607243585.107517719
1607243585.207644939
1607243585.307772160
1607243585.407900095
1607243585.508028507
1607243585.608174324
1607243585.708374977
1607243585.808514357
1607243585.908668041
1607243586.008801460
1607243586.108930588
1607243586.209059000
1607243586.309187174
1607243586.409316063
1607243586.509443998
1607243586.609571934
1607243586.709699154
1607243586.809827089
1607243586.909956217
1607243587.010083914
1607243587.110211134
1607243587.210339546
1607243587.310472012
1607243587.410600662
1607243587.510729074
1607243587.610857725
1607243587.710988045
1607243587.811129570
1607243587.911259413
1607243588.011389494
1607243588.111517429
1607243588.211645603
1607243588.311773539
1607243588.411900997
1607243588.512028694
1607243588.612162113
1607243588.712289572
1607243588.812419176
1607243588.912555456
1607243589.012685537
1607243589.112814188
1607243589.212941885
1607243589.313069582
1607243589.413196564
1607243589.513324499
1607243589.613453388
1607243589.713585377
1607243589.813716412
1607243589.913847208
1607243590.013979435
1607243590.114109993
1607243590.214239120
1607243590.314371824
1607243590.414500237
1607243590.514629126
1607243590.614773035
1607243590.714964867
1607243590.815095425
1607243590.915223598
1607243591.015351057
1607243591.115480185
1607243591.215607405
1607243591.315736055
1607243591.415863991
1607243591.515992641
1607243591.616123438
1607243591.716251850
1607243591.816381693
1607243591.916516304
1607243592.016645432
1607243592.116774082
1607243592.216903448
1607243592.317031622
1607243592.417159081
1607243592.517286539
1607243592.617413521
1607243592.717540503
1607243592.817668676
1607243592.917798281
1607243593.017927170
1607243593.118054152
1607243593.218181849
1607243593.318313837
1607243593.418442011
1607243593.518569708
1607243593.618698597
1607243593.718828678
1607243593.818959951
1607243593.919090033
1607243594.019219637
1607243594.119347334
1607243594.219479799
1607243594.319607735
1607243594.419735193
1607243594.519863844
1607243594.619994640
1607243594.720122814
1607243594.820251226
1607243594.920382738
1607243595.020520210
1607243595.120650768
1607243595.220778942
1607243595.320910931
1607243595.421039343
1607243595.521167755
1607243595.621296883
1607243595.721425295
1607243595.821555853
1607243595.921685457
1607243596.021813393
1607243596.121941566
1607243596.222071171
1607243596.322203398
1607243596.422332048
1607243596.522459269
1607243596.622587681
1607243596.722714901
1607243596.822844028
1607243596.922973871
1607243597.023102522
1607243597.123230457
1607243597.223358154
1607243597.323489428
1607243597.423617125
1607243597.523745060
1607243597.623890877
1607243597.724104881
1607243597.824244022
1607243597.924377680
1607243598.024513960
1607243598.124642849
1607243598.224777699
1607243598.324905157
1607243598.425033092
1607243598.525161028
1607243598.625289917
1607243598.725418329
1607243598.825546503
1607243598.925675869
1607243599.025803089
1607243599.125930309
1607243599.226058483
1607243599.326190710
1607243599.426319599
1607243599.526448488
1607243599.626577854
1607243599.726709604
1607243599.826872826
1607243599.927003145
1607243600.027131081
1607243600.127258539
1607243600.227389097
1607243600.327517748
1607243600.427645683
1607243600.527773142
1607243600.627904177
1607243600.728031635
1607243600.828159809
1607243600.928291321
1607243601.028419971
1607243601.128549576
1607243601.228677034
1607243601.328804255
1607243601.428931713
1607243601.529059410
1607243601.629188538
1607243601.729319096
1607243601.829449415
1607243601.929579496
1607243602.029708862
1607243602.129836798
1607243602.229965210
1607243602.330096483
1607243602.430224180
1607243602.530351877
1607243602.630479574
1607243602.730607033
1607243602.830734730
1607243602.930864573
1607243603.030991554
1607243603.131118774
1607243603.231245518
1607243603.331373453
1607243603.431504250
1607243603.531633139
1607243603.631764412
1607243603.731892824
1607243603.832020998
1607243603.932152748
1607243604.032285452
1607243604.132414103
1607243604.232542515
1607243604.332670212
1607243604.432798862
1607243604.532926083
1607243604.633053064
1607243604.733180285
1607243604.833308220
1607243604.933437109
1607243605.033565521
1607243605.133692980
1607243605.233821869
1607243605.333953857
1607243605.434081554
1607243605.534209728
1607243605.634339094
1607243605.734473228
1607243605.834621668
1607243605.934753656
1607243606.034882545
1607243606.135010004
1607243606.235137939
1607243606.335265636
1607243606.435390711
1607243606.535518408
1607243606.635648966
1607243606.735777140
1607243606.835907698
1607243606.936038733
1607243607.036167383
1607243607.136299372
1607243607.236428499
1607243607.336555958
1607243607.436683178
1607243607.536811113
1607243607.636939764
1607243607.737070084
1607243607.837198734
1607243607.937328577
1607243608.037456512
1607243608.137585402
1607243608.237717628
1607243608.337849855
1607243608.437979221
1607243608.538108587
1607243608.638236284
1607243608.738363981
1607243608.838490963
1607243608.938618898
1607243609.038748503
1607243609.138882875
1607243609.239039898
1607243609.339173079
1607243609.439309835
1607243609.539465904
1607243609.640489817
1607243609.740635633
1607243609.840768814
1607243609.940902948
1607243610.041040421
1607243610.141175032
1607243610.241305590
1607243610.341434479
1607243610.441562176
1607243610.541689873
1607243610.641822100
1607243610.741963387
1607243610.842096806
1607243610.942229033
1607243611.042358398
1607243611.142486572
1607243611.242615461
1607243611.342748165
1607243611.442882299
1607243611.543010712
1607243611.643157482
1607243611.743392229
1607243611.843622446
1607243611.943865538
1607243612.044099331
1607243612.144335985
1607243612.244550943
1607243612.344707727
1607243612.444839001
1607243612.544969559
1607243612.645101786
1607243612.745231390
1607243612.845360994
1607243612.945491791
1607243613.045621157
1607243613.145756245
1607243613.245884895
1607243613.346013308
1607243613.446141243
1607243613.546269417
1607243613.646398067
1607243613.746528625
1607243613.846657276
1607243613.946787357
1607243614.046916008
1607243614.147043705
1607243614.247172117
1607243614.347304344
1607243614.447390795
1607243614.547518253
1607243614.647645235
1607243614.747772694
1607243614.847900629
1607243614.948029757
1607243615.048157215
1607243615.148284435
1607243615.248411655
1607243615.348544836
1607243615.448672295
1607243615.548800945
1607243615.648932457
1607243615.749061346
1607243615.849190950
1607243615.949322224
1607243616.049450397
1607243616.149579287
1607243616.249712706
1607243616.349841356
1607243616.449970484
1607243616.550098181
1607243616.650226116
1607243616.750353575
1607243616.850481033
1607243616.950609922
1607243617.050737381
1607243617.150865555
1607243617.250993729
1607243617.351125956
1607243617.451254129
1607243617.551385641
1607243617.651520014
1607243617.751662970
1607243617.851792574
1607243617.951922894
1607243618.052050829
1607243618.152178526
1607243618.252306700
1607243618.352433920
1607243618.452561378
1607243618.552689075
1607243618.652819872
1607243618.752947807
1607243618.853076696
1607243618.953207970
1607243619.053337336
1607243619.153467894
1607243619.253596306
1607243619.353725433
1607243619.453853130
1607243619.553981066
1607243619.654109240
1607243619.754236937
1607243619.854365349
1607243619.954494476
1607243620.054622889
1607243620.154750824
1607243620.254878283
1607243620.355010271
1607243620.455137968
1607243620.555265427
1607243620.655392885
1607243620.755520582
1607243620.855649471
1607243620.955779791
1607243621.055906773
1607243621.156033516
1607243621.256160498
1607243621.356288195
1607243621.456415415
1607243621.556560278
1607243621.656760216
1607243621.756897926
1607243621.857028723
1607243621.957163095
1607243622.057291985
1607243622.157422304
1607243622.257556915
1607243622.357686758
1607243622.457814455
1607243622.557942152
1607243622.658069849
1607243622.758198738
1607243622.858326912
1607243622.958456278
1607243623.058583498
1607243623.158710480
1607243623.258838177
1607243623.358970881
1607243623.459098577
1607243623.559227705
1607243623.659361362
1607243623.759506941
1607243623.859635830
1607243623.959765196
1607243624.059892416
1607243624.160019875
1607243624.260147810
1607243624.360275269
1607243624.460403681
1607243624.560531378
1607243624.660660028
1607243624.760799408
1607243624.860985994
1607243624.961121082
1607243625.061249495
1607243625.161378384
1607243625.261510849
1607243625.361640930
1607243625.461768389
1607243625.561895847
1607243625.662024736
1607243625.762155533
1607243625.862284184
1607243625.962414265
1607243626.062542200
1607243626.162669659
1607243626.262797117
1607243626.362927198
1607243626.463055849
1607243626.563183546
1607243626.663311005
1607243626.763395309
1607243626.863525391
1607243626.963653803
1607243627.063780785
1607243627.163907051
1607243627.264034510
1607243627.364161968
1607243627.464289665
1607243627.564418316
1607243627.664548159
1607243627.764676571
1607243627.864805222
1607243627.964935780
1607243628.065063715
1607243628.165191889
1607243628.265325069
1607243628.365453482
1607243628.465581656
1607243628.565709114
1607243628.665836334
1607243628.765964031
1607243628.866092443
1607243628.966222286
1607243629.066350222
1607243629.166479588
1607243629.266611099
1607243629.366739511
1607243629.466873169
1607243629.567001104
1607243629.667132378
1607243629.767275095
1607243629.867391586
1607243629.967521191
1607243630.067649603
1607243630.167777777
1607243630.267905712
1607243630.368034363
1607243630.468162298
1607243630.568292141
1607243630.668420792
1607243630.768548489
1607243630.868676901
1607243630.968807220
1607243631.068934917
1607243631.169061899
1607243631.269189358
1607243631.369321823
1607243631.469449997
1607243631.569578886
1607243631.669706821
1607243631.769835711
1607243631.869963646
1607243631.970093012
1607243632.070221186
1607243632.170348883
1607243632.270480633
1607243632.370609045
1607243632.470736265
1607243632.570863485
1607243632.670991421
1607243632.771118879
1607243632.871247768
1607243632.971377134
1607243633.071506977
1607243633.171633959
1607243633.271761417
1607243633.371889591
1607243633.472018480
1607243633.572165012
1607243633.672362566
1607243633.772505283
1607243633.872639894
1607243633.972774744
1607243634.072904110
1607243634.173033237
1607243634.273163319
1607243634.373299122
1607243634.473427773
1607243634.573555231
1607243634.673682928
1607243634.773810863
1607243634.873939276
1607243634.974068403
1607243635.074197054
1607243635.174329042
1607243635.274461031
1607243635.374589443
1607243635.474717140
1607243635.574845552
1607243635.674976110
1607243635.775115490
1607243635.875245571
1607243635.975376844
1607243636.075506926
1607243636.175633669
1607243636.275761127
1607243636.375889301
1607243636.476016760
1607243636.576146603
1607243636.676275492
1607243636.776403189
1607243636.876531363
1607243636.976662874
1607243637.076793194
1607243637.176920891
1607243637.277048588
1607243637.377177238
1607243637.477305412
1607243637.577434063
1607243637.677562237
1607243637.777694464
1607243637.877823830
1607243637.977953196
1607243638.078080654
1607243638.178208351
1607243638.278339863
1607243638.378468752
1607243638.478597164
1607243638.578724384
1607243638.678852081
1607243638.778979301
1607243638.879107237
1607243638.979237080
1607243639.079363585
1607243639.179494619
1607243639.279622555
1607243639.379750013
1607243639.479877234
1607243639.579960346
1607243639.679959774
1607243639.779959917
1607243639.879960299
1607243639.979959965
1607243640.079965353
1607243640.179960012
1607243640.279961348
1607243640.379961252
1607243640.479959965
1607243640.579959869
1607243640.679959774
1607243640.779959917
1607243640.879960299
1607243640.979959965
1607243641.079959631
1607243641.179960251
1607243641.279959917
1607243641.379959822
1607243641.479959965
1607243641.579960108
1607243641.679962635
1607243641.779960394
1607243641.879960537
1607243641.979959965
1607243642.079959393
1607243642.179960012
1607243642.279959917
1607243642.379960060
1607243642.479959965
1607243642.579960108
1607243642.679960012
1607243642.779959917
1607243642.879960775
1607243642.979959965
1607243643.079959869
1607243643.179960012
1607243643.279960155
1607243643.379960537
1607243643.479959965
1607243643.579959869
1607243643.679959774
1607243643.779959917
1607243643.879960060
1607243643.979959965
1607243644.079959869
1607243644.179960012
1607243644.279960632
1607243644.379959822
1607243644.479959965
1607243644.579959869
1607243644.679959774
1607243644.779959917
1607243644.879960299
1607243644.979959726
1607243645.079959631
1607243645.179960012
1607243645.279959917
1607243645.379959822
1607243645.479960203
1607243645.579976082
1607243645.679968834
1607243645.779960632
1607243645.879960775
1607243645.979959965
1607243646.079960108
1607243646.179960012
1607243646.279960155
1607243646.379960060
1607243646.479960918
1607243646.579960108
1607243646.679959774
1607243646.779959679
1607243646.879960299
1607243646.979959726
1607243647.079959631
1607243647.179960012
1607243647.279960155
1607243647.379959822
1607243647.479960203
1607243647.579960108
1607243647.679962158
1607243647.779959917
1607243647.879960299
1607243647.979959726
1607243648.079959631
1607243648.179960012
1607243648.279959917
1607243648.379960537
1607243648.479959965
1607243648.579960585
1607243648.679960251
1607243648.779959917
1607243648.879960537
1607243648.979959726
1607243649.079959869
1607243649.179960012
1607243649.279959917
1607243649.379960537
1607243649.479960680
1607243649.579959631
1607243649.679960489
1607243649.779960394
1607243649.879960060
1607243649.979960442
1607243650.079959869
1607243650.179960012
1607243650.279960632
1607243650.379959822
1607243650.479959965
1607243650.579960108
1607243650.679974318
1607243650.779960155
1607243650.879960060
1607243650.979959965
1607243651.079959869
1607243651.179959536
1607243651.279959679
1607243651.379959583
1607243651.479960203
1607243651.579960823
1607243651.679960012
1607243651.779959679
1607243651.879960537
1607243651.979959488
1607243652.079960108
1607243652.179960012
1607243652.279959679
1607243652.379959822
1607243652.479961157
1607243652.579960108
1607243652.679959774
1607243652.779959679
1607243652.879960537
1607243652.979959726
1607243653.079959631
1607243653.179960251
1607243653.279960155
1607243653.379959822
1607243653.479960203
1607243653.579959869
1607243653.679983139
1607243653.779960632
1607243653.879960299
1607243653.979959726
1607243654.079960108
1607243654.179959774
1607243654.279960394
1607243654.379960060
1607243654.479959726
1607243654.579959869
1607243654.679960012
1607243654.779959440
1607243654.879960537
1607243654.979959965
1607243655.079959869
1607243655.179959536
1607243655.279959679
1607243655.379959583
1607243655.479961157
1607243655.579959869
1607243655.679959774
1607243655.779959917
1607243655.879960060
1607243655.979959965
1607243656.079959869
1607243656.179960251
1607243656.279960632
1607243656.379959822
1607243656.479959965
1607243656.579959869
1607243656.679959774
1607243656.779959679
1607243656.879960299
1607243656.979959726
1607243657.079959869
1607243657.179959536
1607243657.279959917
1607243657.379959822
1607243657.479959965
1607243657.579974651
1607243657.679961443
1607243657.779960394
1607243657.879960537
1607243657.979960203
1607243658.079960108
1607243658.179960012
1607243658.279960155
1607243658.379960060
1607243658.479960680
1607243658.579960108
1607243658.679959774
1607243658.779959917
1607243658.879960537
1607243658.979960442
1607243659.079959631
1607243659.179960251
1607243659.279960155
1607243659.379959822
1607243659.479959726
1607243659.579959869
1607243659.679964066
1607243659.779960394
1607243659.879960299
1607243659.979959965
1607243660.079959869
1607243660.179959774
1607243660.279960155
1607243660.379960299
1607243660.479959726
1607243660.579960108
1607243660.679960012
1607243660.779959917
1607243660.879960775
1607243660.979959965
1607243661.079959869
1607243661.179960012
1607243661.279959917
1607243661.379960299
1607243661.479959965
1607243661.579960823
1607243661.679963827
1607243661.779960155
1607243661.879960537
1607243661.979959965
1607243662.079960108
1607243662.179960251
1607243662.279960394
1607243662.379959822
1607243662.479960203
1607243662.579960108
1607243662.679959536
1607243662.779959679
1607243662.879966497
1607243662.979959965
1607243663.079960108
1607243663.179959774
1607243663.279959917
1607243663.379959822
1607243663.479959965
1607243663.579960108
1607243663.679960251
1607243663.779960155
1607243663.879961252
1607243663.979959965
