0.000143051
0.000088930
0.000064373
0.000051975
0.000050068
0.000079393
0.000054598
0.000053406
0.000049591
0.000090599
0.000048876
0.000055552
0.000050068
0.000062466
0.000053406
0.000049353
0.000077486
0.000072718
0.000060797
0.000051260
0.000050783
0.000058889
0.000050306
0.000056028
0.000051022
0.000050545
0.000052452
0.000054359
0.000054598
0.000070333
0.000052214
0.000050783
0.000058413
0.000050545
0.000048876
0.000063419
0.000054121
0.000063658
0.000049591
0.000049114
0.000050306
0.000091314
0.000049353
0.000049114
0.000052691
0.000052214
0.000052452
0.000099182
0.000080109
0.000055552
0.000050306
0.000050068
0.000049829
0.000061512
0.000050306
0.000048876
0.000056744
0.000145197
0.000073671
0.000062943
0.000057459
0.000051022
0.000058174
0.000052691
0.000049591
0.000049591
0.000052929
0.000052214
0.000054121
0.000050068
0.000049353
0.000048637
0.000089407
0.000056505
0.000051975
0.000048399
0.000051498
0.000148296
0.000058651
0.000051498
0.000054598
0.000051022
0.000049353
0.000049829
0.000049829
0.000050783
0.000052929
0.000138760
0.000065327
0.000051260
0.000049353
0.000048161
0.000061512
0.000052214
0.000051498
0.000050545
0.000055075
0.000057459
0.000052929
0.000051022
0.000047445
0.000048637
0.000049353
0.000047207
0.000055075
0.000051975
0.000050068
0.000075340
0.000061035
0.000051260
0.000048876
0.000048637
0.000062227
0.000049353
0.000047922
0.000047207
0.000052691
0.000049591
0.000050306
0.000048399
0.000048637
0.000046968
0.000056744
0.000048399
0.000048637
0.000048161
0.000051975
0.000050783
0.000047922
0.000048399
0.000047684
0.000047922
0.000047684
0.000047207
0.000051022
0.000049114
0.000054598
0.000056982
0.000075579
0.000052691
0.000083685
0.000050545
0.000052691
0.000050068
0.000047445
0.000048161
0.000051498
0.000046730
0.000054121
0.000048637
0.000048637
0.000049353
0.000056505
0.000047445
0.000047445
0.000047684
0.000049829
0.000048637
0.000134230
0.000056505
0.000048399
0.000172377
0.000047684
0.000048399
0.000051022
0.000048637
0.000052214
0.000074148
0.000082254
0.000052691
0.000047922
0.000047207
0.000050783
0.000047207
0.000050783
0.000049829
0.000050306
0.000056744
0.000052214
0.000048876
0.000048399
0.000047445
0.000055313
0.000049114
0.000048399
0.000048161
0.000051260
0.000050068
0.000052691
0.000048161
0.000047445
0.000048399
0.000048399
0.000049114
0.000060081
0.000049114
0.000054359
0.000049829
0.000076056
0.000059128
0.000051260
0.000049591
0.000048876
0.000049114
0.000052214
0.000049591
0.000051260
0.000051260
0.000048637
0.000048161
0.000048161
0.000047207
0.000055552
0.000048876
0.000050783
0.000047684
0.000050783
0.000055552
0.000051022
0.000047207
0.000047207
0.000047684
0.000046968
0.000048161
0.000055313
0.000048637
0.000050306
0.000049591
0.000086308
0.000052691
0.000049829
0.000048637
0.000053406
0.000048399
0.000047922
0.000047684
0.000051737
0.000054359
0.000048637
0.000048637
