0.010888338
0.000618458
0.000623226
0.000613928
0.000622988
0.000573397
0.000498533
0.000707865
0.000512123
0.000662565
0.000515938
0.000500917
0.000541210
0.000624418
0.000615120
0.000524521
0.000492811
0.000669003
0.000599623
0.000514984
0.000512838
0.000596523
0.000530720
0.000661373
0.000523090
0.000495672
0.000618458
0.000597000
0.000596046
0.000565052
0.000517130
0.000591993
0.000597477
0.001085043
0.000615358
0.000541449
0.000616789
0.000623226
0.000500202
0.000686169
0.000493526
0.000678301
0.000545979
0.000640631
0.000629663
0.000515223
0.000519037
0.000652790
0.000492096
0.000622749
0.000592470
0.000594854
0.000518799
0.000708580
0.000527620
0.000498772
0.000617027
0.000594854
0.000635147
0.000578165
0.000532627
0.000511408
0.000613928
0.000559568
0.000646830
0.000593901
0.000502586
0.000502586
0.000680685
0.000530720
0.000600100
0.000621557
0.000600100
0.000501871
0.000596285
0.000532389
0.000507116
0.000853300
0.000606060
0.000639439
0.000497341
0.000603914
0.000615597
0.000547171
0.000606775
0.000497103
0.000627041
0.000584841
0.000593424
0.000525236
0.000488758
0.000601292
0.000500202
0.000648499
0.000597239
0.000494003
0.000521421
0.000844479
0.000512838
0.000678301
0.000626087
0.000486374
0.000468016
0.000467539
0.000489235
0.000487328
0.000461102
0.000482082
0.000474453
0.000466108
0.000466347
0.000480890
0.000489712
0.000530005
0.000467300
0.000483751
0.000456095
0.000464678
0.000485897
0.000487328
0.000463009
0.000488281
0.000469685
0.000476599
0.000459671
0.000473261
0.000483751
0.000472307
0.000539303
0.000499964
0.000470638
0.000472307
0.000482559
0.000467777
0.000467300
0.000489235
0.000481367
0.000463963
0.000480652
0.000488520
0.000462294
0.000459671
0.000483513
0.000492573
0.000466824
0.000468969
0.000469446
0.000463009
0.000469446
0.000480413
0.000486612
0.000561237
0.000478506
0.000494957
0.000461817
0.000458002
0.000483036
0.000494003
0.000490904
0.000562191
0.000495911
0.000469685
0.000461817
0.000505924
0.000472546
0.000474215
0.000488520
0.000484228
0.000629902
0.000469923
0.000468016
0.000485659
0.000488520
0.000556707
0.000488997
0.000464916
0.000473022
0.000477076
0.000460386
0.000459909
0.000478029
0.000470161
0.000458241
0.000472069
0.000478745
0.000485182
0.000467539
0.000475883
0.000474930
0.000460148
0.000533819
0.000666142
0.000498295
0.000478268
0.000467300
0.000468731
0.000460386
0.000479937
0.000482082
0.000468016
0.000458717
0.000489712
0.000512838
0.000477314
0.000459194
0.000494242
0.000466347
0.000455856
0.000483274
0.000490427
0.000461102
0.000482321
0.000477552
0.000468731
0.000460148
0.000479937
0.000503778
0.000465631
0.000468016
0.000558376
0.000475407
0.000469685
0.000466347
0.000496626
0.000468254
0.000469685
0.000480175
0.000459909
0.000466347
0.000488758
0.000485420
0.000467300
0.000573397
0.000491858
0.000462770
0.000464916
0.000474691
0.000491858
0.000465155
0.000477314
