0.000078201
0.000068665
0.000090837
0.000046730
0.000052214
0.000048399
0.000133038
0.000055552
0.000048161
0.000047207
0.000055790
0.000050545
0.000057220
0.000056744
0.000054836
0.000046968
0.000046968
0.000046253
0.000051737
0.000077248
0.000054598
0.000055075
0.000049829
0.000049114
0.000056505
0.000208139
0.000053167
0.000056982
0.000048876
0.000050783
0.000051975
0.000047684
0.000046253
0.000046253
0.000048637
0.000046730
0.000056982
0.000050068
0.000047207
0.000045538
0.000053167
0.000049591
0.000052691
0.000047684
0.000050306
0.000048637
0.000046968
0.000049353
0.000070095
0.000049591
0.000070095
0.000049829
0.000050068
0.000056744
0.000057220
0.000047445
0.000059128
0.000051022
0.000050306
0.000046968
0.000054121
0.000048876
0.000046730
0.000045776
0.000051737
0.000047207
0.000051737
0.000047445
0.000046492
0.000047445
0.000054836
0.000049353
0.000075817
0.000048161
0.000056028
0.000046730
0.000051022
0.000049114
0.000050783
0.000073433
0.000052452
0.000047684
0.000050068
0.000048876
0.000056028
0.000051975
0.000052214
0.000055075
0.000047445
0.000046968
0.000052214
0.000047684
0.000046968
0.000056028
0.000050545
0.000047684
0.000051022
0.000048876
0.000047922
0.000046968
0.000053883
0.000047445
0.000052929
0.000047922
0.000050068
0.000046492
0.000047684
0.000047207
0.000049591
0.000047922
0.000073433
0.000051498
0.000054359
0.000049829
0.000053644
0.000051260
0.000053883
0.000047684
0.000048161
0.000047684
0.000061512
0.000047922
0.000047207
0.000046730
0.000049353
0.000047445
0.000047684
0.000050545
0.000047445
0.000046015
0.000053406
0.000048876
0.000046968
0.000052452
0.000050306
0.000047207
0.000047684
0.000046968
0.000046492
0.000046730
0.000046730
0.000069380
0.000051975
0.000051260
0.000058889
0.000050306
0.000052214
0.000081301
0.000054598
0.000048637
0.000048161
0.000048637
0.000047922
0.000046968
0.000049114
0.000047207
0.000050783
0.000050068
0.000047445
0.000046730
0.000052929
0.000049353
0.000047207
0.000048637
0.000049591
0.000046968
0.000047445
0.000050068
0.000046015
0.000046253
0.000068188
0.000053883
0.000058174
0.000060320
0.000054598
0.000048637
0.000057220
0.000050306
0.000047684
0.000046968
0.000046968
0.000046015
0.000046492
0.000048637
0.000050068
0.000046730
0.000046492
0.000046492
0.000045300
0.000049353
0.000053883
0.000051260
0.000046968
0.000046730
0.000048876
0.000046492
0.000050068
0.000052452
0.000046730
0.000049114
0.000046968
0.000067711
0.000051975
0.000049114
0.000050068
0.000046730
0.000051260
0.000081539
0.000050068
0.000047445
0.000052691
0.000053883
0.000047684
0.000057459
0.000049829
0.000048399
0.000047684
0.000046968
0.000047922
0.000046015
0.000052929
0.000048399
0.000047207
0.000046730
0.000050783
0.000046968
0.000046492
0.000047684
0.000045300
0.000045776
0.000082493
0.000069857
0.000051260
0.000048161
0.000052452
0.000046968
0.000052691
0.000047922
0.000046968
0.000046492
