0.011488914
0.000068903
0.000049829
0.000046968
0.000084639
0.000096560
0.000052691
0.000043392
0.000043392
0.000043631
0.000044346
0.000052929
0.000046253
0.000042200
0.000131607
0.000054121
0.000042200
0.000045776
0.000044346
0.000072241
0.000047207
0.000047207
0.000043631
0.000046730
0.000047684
0.000048637
0.000043869
0.000043869
0.000042915
0.000046015
0.000043154
0.000054359
0.000044584
0.000042677
0.000046015
0.000052214
0.000044346
0.000042200
0.000041962
0.000043392
0.000042200
0.000064373
0.000045538
0.000042677
0.000043631
0.000046015
0.000043631
0.000051498
0.000043392
0.000052929
0.000068188
0.000047207
0.000049591
0.000047684
0.000044346
0.000049829
0.000042915
0.000042915
0.000042439
0.000047445
0.000043154
0.000046968
0.000048637
0.000042439
0.000046730
0.000098467
0.000047922
0.000045061
0.000058174
0.000043631
0.000036478
0.000057697
0.000047922
0.000043154
0.000042200
0.000045300
0.000044823
0.000046968
0.000042677
0.000071764
0.000047684
0.000044107
0.000048399
0.000046730
0.000048161
0.000043631
0.000043631
0.000042677
0.000042200
0.000045776
0.000046492
0.000047684
0.000053644
0.000043392
0.000046015
0.000070810
0.000044107
0.000045300
0.000042915
0.000044823
0.000052929
0.000050783
0.000049114
0.000044346
0.000043869
0.000118732
0.000091791
0.000091553
0.000088692
0.000116825
0.000114918
0.000060558
0.000051498
0.000044823
0.000046492
0.000049829
0.000044346
0.000045538
0.000044107
0.000040531
0.000042915
0.000052929
0.000050545
0.000044107
0.000046492
0.000082970
0.000051498
0.000045538
0.000044346
0.000043154
0.000043631
0.000043869
0.000048161
0.000045300
0.000045300
0.000047207
0.000046253
0.000044346
0.000062466
0.000054836
0.000044346
0.000066280
0.000052452
0.000043392
0.000043631
0.000061274
0.000045061
0.000043392
0.000043869
0.000045061
0.000045061
0.000053406
0.000048637
0.000044107
0.000046492
0.000046015
0.000044107
0.000043631
0.000044584
0.000044823
0.000043154
0.000044346
0.000047922
0.000043869
0.000130177
0.000049829
0.000045538
0.000047445
0.000044107
0.000050783
0.000045776
0.000066042
0.000051975
0.000045061
0.000046730
0.000050545
0.000047684
0.000044346
0.000043869
0.000044584
0.000047445
0.000046253
0.000049353
0.000045061
0.000044584
0.000077009
0.000047684
0.000044823
0.000078201
0.000042915
0.000057936
0.000051498
0.000052929
0.000043154
0.000044346
0.000125647
0.000126839
0.000051737
0.000044584
0.000053167
0.000045538
0.000083208
0.000062466
0.000050783
0.000047207
0.000044107
0.000045538
0.000044823
0.000043392
0.000043154
0.000044107
0.000047207
0.000048399
0.000043392
0.000046968
0.000048399
0.000045300
0.000049114
0.000043392
0.000044346
0.000044823
0.000046015
0.000048637
0.000045776
0.000041723
0.000044584
0.000040054
0.000044346
0.000044346
0.000053167
0.000043869
0.000067472
0.000053406
0.000045538
0.000045538
0.000044823
0.000048876
0.000044346
0.000044346
0.000043869
