0.012465239
0.002501249
0.002226591
0.002549648
0.002539635
0.002550840
0.002227068
0.002544403
0.002303839
0.002546549
0.002340794
0.002142906
0.002509117
0.002559662
0.002195120
0.002217054
0.002563477
0.002192497
0.002504349
0.002551079
0.002560616
0.002199411
0.002610922
0.002165794
0.002200365
0.002181768
0.002186775
0.012029648
0.002502680
0.002559900
0.002206802
0.002185822
0.002533913
0.002198219
0.002556324
0.002561808
0.002526999
0.002159357
0.011780262
0.002613068
0.002507210
0.002207279
0.002176762
0.002189398
0.002197981
0.002549648
0.002146244
0.002868652
0.002142906
0.002512217
0.002199411
0.002161026
0.002527475
0.002173901
0.002516031
0.002554893
0.002168894
0.002526045
0.002159119
0.002503872
0.002036095
0.002560377
0.002236605
0.002159595
0.002313852
0.001997709
0.002306938
0.001983881
0.002310276
0.001946926
0.002288103
0.001961231
0.001946449
0.002286911
0.001852512
0.001973867
0.002290010
0.002291441
0.001918554
0.002298117
0.001932859
0.002278328
0.002318621
0.002295494
0.001939297
0.001926899
0.002350330
0.001958847
0.002014160
0.001964808
0.002317190
0.002284765
0.002295017
0.001929522
0.001936913
0.001953363
0.002271414
0.002261639
0.002239466
0.001976490
0.002283573
0.001806974
0.001823187
0.001785755
0.001832008
0.001792192
0.001815557
0.001799345
0.001819849
0.001777649
0.001798868
0.001778841
0.001801014
0.001777172
0.001816511
0.001785755
0.001822948
0.001786232
0.001800060
0.001784325
0.001850605
0.001790524
0.001850605
0.001821041
0.001802921
0.001782894
0.001833200
0.001813412
0.001812935
0.001790047
0.001800060
0.001798153
0.001783609
0.001784563
0.001815796
0.001802444
0.001791954
0.001780272
0.001832962
0.001758814
0.001826286
0.001822710
0.001840830
0.001756907
0.001795530
0.001810312
0.001843452
0.001828432
0.001820564
0.001819134
0.001820564
0.001793861
0.001819134
0.001806498
0.001834154
0.001813650
0.001837492
0.001810789
0.001785040
0.001773119
0.001801252
0.001788139
0.001813650
0.001773357
0.001801252
0.001760244
0.001799583
0.001785040
0.001782656
0.001772881
0.001780510
0.001731873
0.001807451
0.001762867
0.001780510
0.001780987
0.001778841
0.001775026
0.001792908
0.001775503
0.001820326
0.001786709
0.001800299
0.001807451
0.001812220
0.001798630
0.001816750
0.001818419
0.001795530
0.001794338
0.001839876
0.001800537
0.001789570
0.001758814
0.001797438
0.001775265
0.001782417
0.001740217
0.001783371
0.001775980
0.001800537
0.001785755
0.001788616
0.001772642
0.001770735
0.001750708
0.001822233
0.001791000
0.001842260
0.001787663
0.001833677
0.001800060
0.001801252
0.001785994
0.001805305
0.001774549
0.001801729
0.001814127
0.001799107
0.001795530
0.001801252
0.001798630
0.001830101
0.011591673
0.001849890
0.001795769
0.001823187
0.001795530
0.001821995
0.001804113
0.001781940
0.001825333
0.001863956
0.001791716
0.001812935
0.001811504
0.011595726
0.001801968
0.001821280
0.001841068
