0.000131369
0.000106096
0.000113964
0.000062943
0.000061512
0.000070572
0.000075340
0.000060558
0.000067234
0.000070810
0.000138998
0.000082493
0.000064135
0.000076771
0.000090361
0.000081301
0.000065804
0.000075817
0.000072718
0.000106573
0.000094414
0.000062466
0.000061512
0.000069857
0.000070095
0.000064611
0.000061035
0.000060081
0.000064135
0.000068426
0.000062943
0.000064850
0.000099182
0.000059366
0.000061512
0.000074387
0.000064373
0.000060081
0.000068188
0.000071049
0.000103474
0.000072241
0.000063658
0.000060320
0.000090361
0.000065327
0.000064135
0.000069380
0.000069857
0.000178099
0.000112295
0.000063419
0.000061512
0.000071287
0.000072718
0.000061035
0.000070572
0.000061035
0.000065565
0.000071287
0.000061750
0.000061035
0.000099659
0.000064373
0.000064135
0.000059843
0.000065088
0.000061512
0.000063181
0.000065565
0.000145674
0.000066519
0.000061274
0.000065327
0.000086308
0.000069618
0.000063896
0.000065327
0.000132799
0.000072956
0.000061035
0.000166178
0.000060558
0.000074625
0.000067711
0.000061512
0.000061035
0.000059843
0.000100136
0.000062227
0.000065088
0.000061750
0.000061750
0.000060320
0.000059605
0.000059605
0.000063181
0.000059128
0.000062943
0.000066280
0.000102043
0.000062943
0.000058651
0.000059843
0.000085831
0.000064135
0.000061512
0.000060320
0.000063658
0.000063181
0.000064135
0.000059128
0.000059843
0.000059128
0.000067711
0.000070810
0.000059843
0.000068665
0.000066280
0.000070333
0.000062227
0.000058174
0.000059366
0.000059366
0.000058651
0.000066280
0.000069618
0.000061274
0.000062943
0.000064611
0.000101328
0.000071764
0.000060558
0.000060558
0.000058889
0.000085354
0.000064850
0.000060558
0.000064850
0.000064373
0.000060320
0.000060081
0.000059128
0.000059366
0.000068188
0.000059605
0.000060081
0.000059843
0.000062704
0.000060797
0.000064135
0.000061274
0.000059128
0.000058651
0.000059128
0.000057936
0.000062466
0.000059128
0.000065327
0.000068665
0.000061750
0.000058413
0.000058651
0.000070333
0.000063896
0.000060081
0.000083208
0.000063419
0.000063896
0.000063658
0.000065804
0.000061512
0.000060320
0.000064135
0.000062943
0.000058174
0.000059366
0.000058889
0.000062466
0.000189543
0.000059843
0.000059843
0.000058413
0.000059605
0.000058174
0.000060320
0.000061512
0.000058651
0.000066519
0.000065804
0.000097513
0.000064611
0.000060081
0.000059366
0.000059366
0.000104904
0.000066042
0.000065804
0.000062704
0.000071526
0.000063658
0.000059366
0.000058651
0.000068188
0.000061750
0.000059605
0.000058889
0.000058651
0.000062466
0.000061512
0.000062943
0.000060320
0.000058651
0.000058651
0.000058174
0.000069618
0.000062704
0.000058413
0.000064850
0.000073195
0.000061035
0.000059366
0.000058889
0.000058413
0.000058174
0.000059128
0.000082016
0.000071049
0.000064611
0.000148058
0.000068665
0.000061035
0.000061035
0.000066519
0.000061035
0.000059366
0.000059843
0.000058889
0.000062466
0.000070333
