0.000399113
0.000407696
0.000350475
0.000267506
0.000307322
0.000355005
0.000272989
0.000324488
0.000265598
0.000317812
0.000314474
0.000299692
0.000497103
0.000318527
0.000316620
0.000258207
0.000317574
0.000350237
0.000280857
0.000257015
0.000265598
0.000322819
0.000278473
0.000328302
0.000334263
0.000360966
0.000272751
0.000312567
0.000305176
0.000285864
0.000317335
0.000265121
0.000259161
0.000313997
0.000258446
0.000345707
0.000255108
0.000308990
0.000276327
0.000354290
0.000257730
0.000289679
0.000473022
0.000284672
0.000304699
0.000310659
0.000307322
0.000355959
0.000267029
0.000264168
0.000260830
0.000331640
0.000283241
0.000341415
0.000322104
0.000322819
0.000313044
0.000317574
0.000258446
0.000306129
0.000313044
0.000255823
0.000313282
0.000264883
0.000280380
0.000308990
0.000254154
0.000308037
0.000330925
0.000306129
0.000255823
0.000326633
0.000266790
0.000265837
0.000258923
0.000317335
0.000324011
0.000320196
0.000257492
0.000267029
0.000245810
0.000317574
0.000417709
0.000314236
0.000304461
0.000376701
0.000254154
0.000258207
0.000308037
0.000271559
0.000250101
0.000265360
0.000350237
0.000268221
0.000332594
0.000313997
0.000305414
0.000260115
0.000262499
0.000332594
0.000256777
0.000251532
0.000346184
0.000261068
0.000242472
0.000248432
0.000242710
0.000242233
0.000242472
0.000247717
0.000260592
0.000257015
0.000257015
0.000252008
0.000239849
0.000294209
0.000258207
0.000247717
0.000251532
0.000255823
0.000245810
0.000252724
0.000250340
0.000246525
0.000256300
0.000272512
0.000244379
0.000244856
0.000248671
0.000262022
0.000250340
0.000252247
0.000257254
0.000243902
0.000243425
0.000256538
0.000255108
0.000247478
0.000245094
0.000244856
0.000249147
0.000258446
0.000249147
0.000247955
0.000245571
0.000247717
0.000293255
0.000248194
0.000265121
0.000245571
0.000249863
0.010510921
0.000489950
0.000255823
0.000246048
0.000245094
0.000249624
0.000268936
0.000247717
0.000246048
0.000242233
0.000326395
0.000316143
0.000250816
0.000246048
0.000249863
0.000244856
0.000252247
0.000245094
0.000246763
0.000246763
0.000249386
0.000270128
0.000255108
0.000245571
0.000250578
0.000258684
0.000255823
0.000253677
0.000250578
0.000248909
0.000255823
0.000248671
0.000267982
0.000247240
0.000247478
0.000244141
0.000243902
0.000250578
0.000263214
0.000244617
0.000250340
0.000252962
0.000254869
0.000250340
0.000249147
0.000243902
0.000246525
0.000247240
0.000263214
0.000276804
0.000251293
0.000254869
0.000249147
0.000251770
0.000255823
0.000369787
0.000256062
0.000245810
0.000241280
0.000241518
0.000250340
0.000269413
0.000348568
0.000245094
0.000245571
0.000241756
0.000246525
0.000250816
0.000247240
0.000258446
0.000255585
0.000313520
0.000254393
0.000248432
0.000260830
0.000245333
0.000241041
0.000241518
0.000245094
0.000248909
0.000253201
0.000252247
0.000246763
0.000244141
0.000247478
0.000311613
0.000251055
0.000239134
0.000241995
