0.014782190
0.005123615
0.004264832
0.005082130
0.005105734
0.005055428
0.005113125
0.005038738
0.004122734
0.013981104
0.005088329
0.004272699
0.004302740
0.004325151
0.005115986
0.014590025
0.004215002
0.004262924
0.005109549
0.005077362
0.013607502
0.005160570
0.003995180
0.005102634
0.004341841
0.004494190
0.004791021
0.005055666
0.005095243
0.004282475
0.005022526
0.005142689
0.005087614
0.004302263
0.004231930
0.005066633
0.005125284
0.004328966
0.004288673
0.013199091
0.005146742
0.005048752
0.004239559
0.005061626
0.005175829
0.004225492
0.014212847
0.004287720
0.004210234
0.004253626
0.004486799
0.005084753
0.014215708
0.005088806
0.004238129
0.005093575
0.004299164
0.003911734
0.005112886
0.004310608
0.005074501
0.004307985
0.014250278
0.004449129
0.005100727
0.004366636
0.004239798
0.005121231
0.004340172
0.005113840
0.014178991
0.004271746
0.005079746
0.005012751
0.004191160
0.005058765
0.004218340
0.003884792
0.005024195
0.005071163
0.004246712
0.004193544
0.014793873
0.004354477
0.005023718
0.005015850
0.003889322
0.004230738
0.004465103
0.003951073
0.013821363
0.004990101
0.004271507
0.004990339
0.004255295
0.014198780
0.004331589
0.005040646
0.004982233
0.004303455
0.005132437
0.003912687
0.003964186
0.003919125
0.004045725
0.003881216
0.004016399
0.003895044
0.004018068
0.003902197
0.004017115
0.003922462
0.003999472
0.003942013
0.004016638
0.003913403
0.012986183
0.004100323
0.003959894
0.003901958
0.004056692
0.003893375
0.004046202
0.003950357
0.004035234
0.003896952
0.003983021
0.003930330
0.003941536
0.003906012
0.003965855
0.003852606
0.004066467
0.003899813
0.004034281
0.003926992
0.004006624
0.003970861
0.004014254
0.003954172
0.004037857
0.003950357
0.003980398
0.003930569
0.003999472
0.003886223
0.004023075
0.003862858
0.004009724
0.003919363
0.004012108
0.003880739
0.004060030
0.003918886
0.003972054
0.003884792
0.004003048
0.003916264
0.003957033
0.013272524
0.004008293
0.012892485
0.004050255
0.003931046
0.004041910
0.003909349
0.004042864
0.003926039
0.004025936
0.003941536
0.004012585
0.003950596
0.004017115
0.003928661
0.004043341
0.003947735
0.004007816
0.003890514
0.003929377
0.003910303
0.004050493
0.003899813
0.004057884
0.003903866
0.004068136
0.003890038
0.004002810
0.003907919
0.003973246
0.003959417
0.004034281
0.003926754
0.004008770
0.003920794
0.004003286
0.003884554
0.004029274
0.003941536
0.004014969
0.003926754
0.004014969
0.003923893
0.004037142
0.003924131
0.004108667
0.003905058
0.004035234
0.003915071
0.003988504
0.003913641
0.003959179
0.003896952
0.004031181
0.003903151
0.004032850
0.003942966
0.004046917
0.003926992
0.004029989
0.003918409
0.004004002
0.003980637
0.003990412
0.003954649
0.004031181
0.003996849
0.003994465
0.003914833
0.004070282
0.003994226
0.004058599
0.003941059
0.003978491
0.003925085
0.004048586
0.003945827
0.003964186
0.003940821
0.004022837
0.013345957
