0.000225306
0.000142097
0.000085354
0.000076056
0.000132799
0.000097275
0.000080824
0.000076056
0.000076771
0.000079870
0.000079870
0.000101566
0.000135183
0.000076532
0.000079632
0.000081778
0.000077486
0.000137568
0.000076771
0.000079393
0.000082493
0.000127792
0.000081778
0.000088692
0.000077248
0.000075340
0.000140905
0.000109196
0.000082493
0.000100613
0.000091076
0.000122786
0.000077486
0.000097036
0.000111818
0.000113249
0.000133276
0.000183821
0.000076771
0.000082970
0.000077009
0.000098944
0.000137568
0.000074387
0.000073671
0.000074863
0.000087738
0.000093460
0.000135183
0.000077248
0.000079870
0.000076056
0.000115871
0.000092745
0.000075817
0.000075817
0.000074625
0.000075340
0.000108242
0.000158310
0.000081062
0.000078440
0.000079155
0.000078678
0.000124931
0.000077724
0.000075579
0.000075579
0.000116587
0.000078201
0.000086784
0.000077009
0.000076056
0.000087976
0.000075579
0.000120163
0.000076056
0.000077963
0.000076771
0.000080109
0.000081778
0.000137568
0.000128031
0.000076532
0.000076294
0.000118732
0.000087023
0.000075340
0.000105619
0.000085354
0.000082970
0.000077963
0.000075817
0.000132561
0.000087261
0.000077724
0.000072956
0.000071764
0.000076294
0.000079632
0.000079393
0.000073910
0.000073433
0.000077248
0.000073195
0.000072718
0.000075102
0.000072956
0.000071049
0.000090599
0.000084400
0.000079393
0.000072956
0.000072002
0.000071764
0.000072002
0.000071049
0.000071764
0.000105143
0.000081539
0.000155449
0.000084162
0.000076056
0.000077009
0.000080585
0.000073433
0.000136137
0.000074625
0.000072241
0.000078678
0.000167608
0.000081778
0.000072718
0.000072956
0.000070810
0.000073671
0.000078917
0.000073195
0.000073195
0.000076294
0.000078917
0.000169039
0.000079155
0.000073195
0.000076294
0.000072956
0.000074387
0.000074863
0.000072956
0.000106335
0.000089407
0.000078201
0.000078440
0.000075817
0.000081778
0.000075340
0.000072956
0.000073195
0.000072956
0.000078678
0.000074863
0.000077248
0.000074387
0.000074148
0.000074148
0.000073671
0.000074148
0.000074625
0.000072956
0.000075817
0.000077963
0.000074387
0.000074148
0.000072956
0.000074863
0.000072718
0.000072956
0.000073671
0.000103235
0.000082016
0.000075817
0.000077009
0.000073433
0.000073433
0.000081062
0.000076771
0.000073195
0.000074148
0.000073195
0.000078440
0.000151396
0.000074863
0.000073195
0.000072718
0.000072956
0.000072718
0.000074863
0.000077248
0.000080347
0.000075579
0.000077486
0.000117540
0.000077486
0.000073433
0.000074625
0.000232458
0.000072002
0.000073433
0.000072002
0.000103235
0.000082016
0.000078678
0.000077248
0.000076532
0.000081778
0.000075340
0.000072479
0.000073433
0.000073671
0.000076294
0.000074387
0.000074148
0.000071764
0.000072718
0.000074387
0.000072718
0.000085354
0.000076056
0.000074148
0.000081062
0.000085115
0.000077963
0.000072956
0.000075817
0.000073433
0.000072479
0.000072956
0.000073671
0.000073671
0.000146151
