0.000202656
0.000113249
0.000061274
0.000055313
0.000053406
0.000075340
0.000056028
0.000063658
0.000063658
0.000058413
0.000057220
0.000072241
0.000071764
0.000087023
0.000060081
0.000053406
0.000095844
0.000075102
0.000059128
0.000064611
0.000053167
0.000053883
0.000053406
0.000066042
0.000054836
0.000061512
0.000056267
0.000057936
0.000056028
0.000070095
0.000085831
0.000058413
0.000054598
0.000094652
0.000054121
0.000066996
0.000054359
0.000059605
0.000057220
0.000053406
0.000054836
0.000060081
0.000055075
0.000062227
0.000054359
0.000053644
0.000053883
0.000061512
0.000065088
0.000099182
0.000054598
0.000053883
0.000053644
0.000057936
0.000054359
0.000057697
0.000054359
0.000057459
0.000056267
0.000116110
0.000062943
0.000079393
0.000060558
0.000054836
0.000054836
0.000055552
0.000059605
0.000097752
0.000179768
0.000054359
0.000053644
0.000053406
0.000052691
0.000062466
0.000057459
0.000053406
0.000200272
0.000057220
0.000054836
0.000054359
0.000054598
0.000054121
0.000055790
0.000053167
0.000052929
0.000090837
0.000052929
0.000056028
0.000061035
0.000058174
0.000095844
0.000059605
0.000054836
0.000053644
0.000059128
0.000054359
0.000053167
0.000057459
0.000134945
0.000065565
0.000093222
0.000053406
0.000053167
0.000067234
0.000052214
0.000072479
0.000055075
0.000059366
0.000055075
0.000053406
0.000053167
0.000052452
0.000051498
0.000054121
0.000052214
0.000055790
0.000054121
0.000055075
0.000057220
0.000301361
0.000061750
0.000078201
0.000057936
0.000057459
0.000054598
0.000053167
0.000052691
0.000056028
0.000062466
0.000058413
0.000052691
0.000054836
0.000179291
0.000061274
0.000052929
0.000052691
0.000053883
0.000058651
0.000054598
0.000057697
0.000053167
0.000052691
0.000052214
0.000051260
0.000051498
0.000057220
0.000052452
0.000055552
0.000058413
0.000053883
0.000052691
0.000052214
0.000078440
0.000060081
0.000055552
0.000054359
0.000054121
0.000056505
0.000058651
0.000056267
0.000053406
0.000053406
0.000052452
0.000062466
0.000052214
0.000052214
0.000051498
0.000055313
0.000061035
0.000055552
0.000052929
0.000052929
0.000051975
0.000196218
0.000052929
0.000054836
0.000056982
0.000054836
0.000056982
0.000095367
0.000058413
0.000076056
0.000058651
0.000054121
0.000052929
0.000058174
0.000052452
0.000056982
0.000058651
0.000055313
0.000053167
0.000053167
0.000052214
0.000065088
0.000053883
0.000053406
0.000052929
0.000055075
0.000054121
0.000052691
0.000051498
0.000051975
0.000051260
0.000051737
0.000062704
0.000056267
0.000052452
0.000058413
0.000066280
0.000061512
0.000053167
0.000053406
0.000076532
0.000058889
0.000056028
0.000055313
0.000052929
0.000056028
0.000138521
0.000064373
0.000054598
0.000054121
0.000052214
0.000060797
0.000054359
0.000052929
0.000050783
0.000054598
0.000055552
0.000051975
0.000051260
0.000051975
0.000050783
0.000051498
0.000051737
0.000055075
0.000137329
0.000055552
0.000060558
0.000095844
