0.000270605
0.000242949
0.000128031
0.000230312
0.000116825
0.000159264
0.000121832
0.000172615
0.000124216
0.000116587
0.000121832
0.000252008
0.000131369
0.000123262
0.000118732
0.000128508
0.000175714
0.000149488
0.000123501
0.000188828
0.000117302
0.000127077
0.000117779
0.000146389
0.000174761
0.000131369
0.000116110
0.000118256
0.000172853
0.000150681
0.000121593
0.000203609
0.000181437
0.000123024
0.000118971
0.000217199
0.000130177
0.000127316
0.000117779
0.000170708
0.000121832
0.000218153
0.000212669
0.000122547
0.000120163
0.000128984
0.000119925
0.000229359
0.000122786
0.000117064
0.000172853
0.000123739
0.000117540
0.000253677
0.000119925
0.000119209
0.000115871
0.000126123
0.000173330
0.000142336
0.000119209
0.000141621
0.000176668
0.000114918
0.000182867
0.000114918
0.000115395
0.000167131
0.000117302
0.000114918
0.000170708
0.000121593
0.000161171
0.000124931
0.000117540
0.000130415
0.000172853
0.000118017
0.000118017
0.000171900
0.000122547
0.000129461
0.000113249
0.000116110
0.000169992
0.000114679
0.000114679
0.000125170
0.000174761
0.000114441
0.000172138
0.000123739
0.000197172
0.000134706
0.000191927
0.000118256
0.000115633
0.000169754
0.000119209
0.000115156
0.000127316
0.000123978
0.000211239
0.000175476
0.000132084
0.000123739
0.000114918
0.000111580
0.000113010
0.000113249
0.000114441
0.000121593
0.000113964
0.000112534
0.000112295
0.000113249
0.000113249
0.000116587
0.000119686
0.000112534
0.000113010
0.000178099
0.000113726
0.000111580
0.000112295
0.000114918
0.000112534
0.000112295
0.000112534
0.000111341
0.000216007
0.000138760
0.000161171
0.000119448
0.000240088
0.000120878
0.000251532
0.000123262
0.000128031
0.000114918
0.000116825
0.000244856
0.000115395
0.000112772
0.000113726
0.000119448
0.000112772
0.000116587
0.000113249
0.000112534
0.000114202
0.000194311
0.000143290
0.000117540
0.000113249
0.000111818
0.000117302
0.000109911
0.000115633
0.000111103
0.000115871
0.000114918
0.000111580
0.000150204
0.000116348
0.000141859
0.000113726
0.000111818
0.000117302
0.000113249
0.000116110
0.000119448
0.000112534
0.000111580
0.000118494
0.000116348
0.000113010
0.000112772
0.000114441
0.000111341
0.000124931
0.000141144
0.000113249
0.000115395
0.000125885
0.000113964
0.000112534
0.000113010
0.000113249
0.000113010
0.000114918
0.000128984
0.000152349
0.000120640
0.000114441
0.000121117
0.000113010
0.000113487
0.000112534
0.000111103
0.000115871
0.000117302
0.000113249
0.000110626
0.000116825
0.000112772
0.000209570
0.000114679
0.000116348
0.000111103
0.000115633
0.000165939
0.000117779
0.000114202
0.000114679
0.000111103
0.000112772
0.000112534
0.000139236
0.000111103
0.000209808
0.000122786
0.000114441
0.000147820
0.000128031
0.000121117
0.000114918
0.000117779
0.000113010
0.000112295
0.000113010
0.000120878
0.000116110
0.000111818
0.000110865
0.000110626
0.000113726
0.000125408
0.000122786
0.000112295
