0.011300802
0.001238585
0.001231670
0.001083851
0.001078606
0.001236200
0.001241684
0.001086235
0.001422405
0.001208305
0.001233816
0.001058340
0.001084328
0.001222134
0.001070261
0.001063585
0.001241684
0.001061678
0.001229048
0.001078844
0.001243114
0.001126051
0.001245975
0.001085520
0.001259804
0.001079082
0.001245260
0.001069307
0.000985384
0.001249075
0.001104593
0.001038551
0.001070976
0.001302958
0.001221895
0.001235723
0.001438141
0.001060963
0.001271725
0.001235008
0.001095533
0.001232862
0.001081467
0.001406431
0.001265526
0.001079082
0.001069546
0.001233816
0.001046658
0.001054049
0.001255035
0.001080751
0.001262426
0.001235247
0.001254082
0.001084805
0.001080751
0.001551390
0.001260519
0.001067400
0.000992537
0.001055479
0.001072884
0.001163960
0.001068830
0.001224518
0.001072168
0.001251936
0.001086473
0.001219749
0.001243353
0.001203537
0.001050234
0.001060486
0.001255751
0.001083851
0.001085043
0.001254797
0.000988007
0.001019001
0.001096964
0.001309872
0.001071692
0.001064539
0.001379490
0.001251936
0.001270056
0.001073599
0.001226902
0.001231432
0.001226664
0.001078606
0.001283646
0.001227856
0.001052856
0.001050234
0.001256227
0.001217127
0.001054049
0.001044035
0.001244068
0.001075506
0.001018286
0.000977993
0.000971556
0.000963688
0.001029730
0.000968218
0.000967741
0.000969648
0.000969648
0.000967741
0.001019478
0.001029730
0.001005411
0.000975847
0.000980854
0.000970125
0.000991583
0.000961065
0.000965834
0.000971794
0.000985861
0.001034498
0.000991106
0.001014233
0.001487732
0.000962496
0.000981092
0.000967026
0.000988007
0.000991344
0.000982046
0.000961065
0.000980616
0.000972748
0.000990391
0.000995159
0.000982761
0.000970364
0.000989914
0.001024961
0.001039267
0.000988960
0.000981092
0.000958920
0.000985861
0.000997543
0.000991344
0.001023531
0.000964880
0.000962973
0.000990629
0.000991821
0.000989676
0.000976324
0.000998735
0.000989437
0.000967264
0.000959873
0.000952959
0.000979185
0.000972033
0.000966311
0.000983477
0.000967979
0.000993252
0.000950336
0.001008272
0.000969887
0.000967503
0.000977278
0.001021147
0.000995874
0.001022100
0.001011372
0.001003981
0.000970602
0.000975370
0.000966787
0.000968933
0.000963926
0.001030922
0.000983000
0.000971079
0.000986099
0.000983477
0.000974894
0.000984192
0.000958920
0.000972509
0.000967026
0.000970125
0.000995159
0.000970840
0.000972271
0.000988483
0.000971556
0.000978947
0.000970125
0.001014471
0.000977516
0.001032591
0.001002073
0.000979424
0.000955582
0.000973225
0.000965357
0.000977039
0.000965834
0.000979424
0.000962019
0.000976562
0.000961304
0.000967503
0.000959158
0.000973225
0.000970602
0.000962973
0.000953913
0.000968456
0.001016140
0.000996590
0.000975370
0.000985861
0.000978947
0.001003981
0.000983477
0.001010895
0.001012564
0.000993490
0.000965118
0.001020432
0.000991821
0.000976086
0.000970125
0.000975609
0.001000881
0.000983715
0.001010418
