1607028922.868015289
1607028922.968311548
1607028923.068625689
1607028923.168937683
1607028923.269249678
1607028923.369559050
1607028923.469877005
1607028923.570188522
1607028923.670500040
1607028923.770810127
1607028923.871128559
1607028923.971438885
1607028924.071751833
1607028924.172063351
1607028924.272418261
1607028924.372730494
1607028924.473040581
1607028924.573355675
1607028924.673665524
1607028924.773976564
1607028924.874289036
1607028924.974600554
1607028925.074909925
1607028925.175160408
1607028925.275472403
1607028925.375752449
1607028925.476066589
1607028925.576377869
1607028925.676688671
1607028925.776866913
1607028925.877227545
1607028925.977538824
1607028926.077856541
1607028926.178171873
1607028926.278481007
1607028926.378792763
1607028926.478979826
1607028926.579173326
1607028926.679484367
1607028926.779796362
1607028926.880071640
1607028926.980364561
1607028927.080676794
1607028927.180987358
1607028927.281300068
1607028927.381611586
1607028927.481926918
1607028927.582241774
1607028927.682551861
1607028927.782746553
1607028927.883107901
1607028927.983419895
1607028928.083731651
1607028928.184042454
1607028928.284333706
1607028928.384616375
1607028928.484929323
1607028928.585240364
1607028928.685456753
1607028928.785742521
1607028928.886053324
1607028928.986362696
1607028929.086539030
1607028929.186846972
1607028929.287156582
1607028929.387431622
1607028929.487741232
1607028929.588029146
1607028929.688395262
1607028929.788591146
1607028929.888909101
1607028929.989122152
1607028930.089433670
1607028930.189646482
1607028930.289957047
1607028930.390164614
1607028930.490476131
1607028930.590785742
1607028930.691104650
1607028930.791416168
1607028930.891726255
1607028930.992039204
1607028931.092351437
1607028931.192652464
1607028931.292963743
1607028931.393316746
1607028931.493630886
1607028931.593941689
1607028931.694253445
1607028931.794563532
1607028931.894874096
1607028931.995187998
1607028932.095502138
1607028932.195781469
1607028932.296096563
1607028932.396386385
1607028932.496699572
1607028932.597012043
1607028932.697324038
1607028932.797633886
1607028932.897946596
1607028932.998259068
1607028933.098570347
1607028933.198882341
1607028933.299193859
1607028933.399468422
1607028933.499775410
1607028933.600086927
1607028933.700398922
1607028933.800707579
1607028933.901017427
1607028934.001324177
1607028934.101631641
1607028934.201939821
1607028934.302249193
1607028934.402557135
1607028934.502865791
1607028934.603173018
1607028934.703480005
1607028934.803789377
1607028934.904099464
1607028935.004410505
1607028935.104721785
1607028935.205034018
1607028935.305329084
1607028935.405639648
1607028935.505947113
1607028935.606255770
1607028935.706562996
1607028935.806871414
1607028935.907160759
1607028936.007469177
1607028936.107777596
1607028936.208086014
1607028936.308398724
1607028936.408707380
1607028936.509015083
1607028936.609321833
1607028936.709631920
1607028936.809848070
1607028936.910156727
1607028937.010465860
1607028937.110773802
1607028937.211089611
1607028937.311404467
1607028937.411714792
1607028937.512022495
1607028937.612312794
1607028937.712621450
1607028937.812928677
1607028937.913233042
1607028938.013541460
1607028938.113754034
1607028938.214062929
1607028938.314371109
1607028938.414677858
1607028938.514989614
1607028938.615304232
1607028938.715613127
1607028938.815922260
1607028938.916230917
1607028939.016403675
1607028939.116699457
1607028939.217007637
1607028939.317314625
1607028939.417525768
1607028939.517833471
1607028939.618141174
1607028939.718448877
1607028939.818758726
1607028939.919077635
1607028940.019386292
1607028940.119693756
1607028940.220005274
1607028940.320206404
1607028940.420513868
1607028940.520821095
1607028940.621037722
1607028940.721349716
1607028940.821660757
1607028940.921965599
1607028941.022274256
1607028941.122582674
1607028941.222895622
1607028941.323202372
1607028941.423478603
1607028941.523756981
1607028941.624033928
1607028941.724340916
1607028941.824651003
1607028941.924963474
1607028942.025271416
1607028942.125577688
1607028942.225887775
1607028942.326196194
1607028942.426501989
1607028942.526810884
1607028942.627125025
1607028942.727439642
1607028942.827752352
1607028942.928064108
1607028943.028375149
1607028943.128687620
1607028943.229002476
1607028943.329311371
1607028943.429618120
1607028943.529928684
1607028943.630236387
1607028943.730543375
1607028943.830848932
1607028943.931155205
1607028944.031461239
1607028944.131771803
1607028944.232080936
1607028944.332387209
1607028944.432698727
1607028944.533007383
1607028944.633320570
1607028944.733632326
1607028944.833940029
1607028944.934248447
1607028945.034554958
1607028945.134867191
1607028945.235074043
1607028945.335270643
1607028945.435471773
1607028945.535781145
1607028945.635955811
1607028945.736243725
1607028945.836551905
1607028945.936863422
1607028946.037175417
1607028946.137476921
1607028946.237784147
1607028946.338091850
1607028946.438401699
1607028946.538697958
1607028946.639005661
1607028946.739316463
1607028946.839592218
1607028946.939871073
1607028947.040182114
1607028947.140491247
1607028947.240799189
1607028947.341109991
1607028947.441418171
1607028947.541726112
1607028947.642035246
1607028947.742341042
1607028947.842648029
1607028947.942970991
1607028948.043282747
1607028948.143590212
1607028948.243897676
1607028948.344182491
1607028948.444494963
1607028948.544806719
1607028948.645121813
1607028948.745433807
1607028948.845740080
1607028948.946048498
1607028949.046358585
1607028949.146669388
1607028949.246889114
1607028949.347151995
1607028949.447458744
1607028949.547732592
1607028949.647905827
1607028949.748115540
1607028949.848401785
1607028949.948675394
1607028950.048887014
1607028950.149067640
1607028950.249377966
1607028950.349695683
1607028950.450005531
1607028950.550311565
1607028950.650621414
1607028950.750928879
1607028950.851255894
1607028950.951566458
1607028951.051873446
1607028951.152183056
1607028951.252491713
1607028951.352801561
1607028951.453105927
1607028951.553412437
1607028951.653720617
1607028951.754025221
1607028951.854211807
1607028951.954524994
1607028952.054832458
1607028952.155138731
1607028952.255446196
1607028952.355719566
1607028952.456028461
1607028952.556334734
1607028952.656647682
1607028952.756822586
1607028952.857126236
1607028952.957432508
1607028953.057738304
1607028953.157942533
1607028953.258249760
1607028953.358556986
1607028953.458864927
1607028953.559174538
1607028953.659484386
1607028953.759789228
1607028953.860096455
1607028953.960307360
1607028954.060613155
1607028954.160921335
1607028954.261230230
1607028954.361448526
1607028954.461755514
1607028954.562063694
1607028954.662372112
1607028954.762684107
1607028954.862995863
1607028954.963170767
1607028955.063485146
1607028955.163790941
1607028955.264099360
1607028955.364405155
1607028955.464707375
1607028955.565014601
1607028955.665327311
1607028955.765635967
1607028955.865808725
1607028955.966118574
1607028956.066426516
1607028956.166733503
1607028956.267053127
1607028956.367266893
1607028956.467575788
1607028956.567884922
1607028956.668191671
1607028956.768215418
1607028956.868216038
1607028956.968194008
1607028957.068214178
1607028957.168215275
1607028957.268218756
1607028957.368213892
1607028957.468214750
1607028957.568215847
1607028957.668191433
1607028957.768218756
1607028957.868217945
1607028957.968214512
1607028958.068215132
1607028958.168216705
1607028958.268215418
1607028958.368215084
1607028958.468215227
1607028958.568194628
1607028958.668219566
1607028958.768212795
1607028958.868216515
1607028958.968194723
1607028959.068191767
1607028959.168217421
1607028959.268213987
1607028959.368195057
1607028959.468216896
1607028959.568212509
1607028959.668214321
1607028959.768214703
1607028959.868218660
1607028959.968216181
1607028960.068221807
1607028960.168216228
1607028960.268214703
1607028960.368216991
1607028960.468219042
1607028960.568215847
1607028960.668216228
1607028960.768214941
1607028960.868216991
1607028960.968214512
1607028961.068214178
1607028961.168219090
1607028961.268213987
1607028961.368216038
1607028961.468216658
1607028961.568213463
1607028961.668192148
1607028961.768218756
1607028961.868214130
1607028961.968214035
1607028962.068218231
1607028962.168213129
1607028962.268215179
1607028962.368212700
1607028962.468195438
1607028962.568213701
1607028962.668214083
1607028962.768217325
1607028962.868215561
1607028962.968218803
1607028963.068219423
1607028963.168215513
1607028963.268214703
1607028963.368217945
1607028963.468217134
1607028963.568215370
1607028963.668213606
1607028963.768120527
1607028963.868214130
1607028963.968212366
1607028964.068217993
1607028964.168214083
1607028964.268082142
1607028964.368220091
1607028964.468214273
1607028964.568215370
1607028964.668216705
1607028964.768116236
1607028964.868217707
1607028964.968214750
1607028965.068214655
1607028965.168213367
1607028965.268213749
1607028965.368228197
1607028965.468195200
1607028965.568191767
1607028965.668192148
1607028965.768119335
1607028965.868217230
1607028965.968215942
1607028966.068080664
1607028966.168215752
1607028966.268213511
1607028966.368081808
1607028966.468190670
1607028966.568213701
1607028966.668218374
1607028966.768115997
1607028966.868191957
1607028966.968194008
1607028967.068214178
1607028967.168216467
1607028967.268097401
1607028967.368190050
1607028967.468215704
1607028967.568214417
1607028967.668215752
1607028967.768079519
1607028967.868194818
1607028967.968211889
1607028968.068214178
1607028968.168118715
1607028968.268191576
1607028968.368212938
1607028968.468217134
1607028968.568212748
1607028968.668119669
1607028968.768216133
1607028968.868214607
1607028968.968212605
1607028969.068081617
1607028969.168192387
1607028969.268192291
1607028969.368122339
1607028969.468130589
1607028969.568215847
1607028969.668119907
1607028969.768198013
1607028969.868217468
1607028969.968215704
1607028970.068213463
1607028970.168192863
1607028970.268189669
1607028970.368215322
1607028970.468214750
1607028970.568213224
1607028970.668213606
1607028970.768211365
1607028970.868218422
1607028970.968214512
1607028971.068217278
1607028971.168219090
1607028971.268191338
1607028971.368213177
1607028971.468213558
1607028971.568217993
1607028971.668214798
1607028971.768206358
1607028971.868211985
1607028971.968214273
1607028972.068221569
1607028972.168193102
1607028972.268214464
1607028972.368220329
1607028972.468213320
1607028972.568192005
1607028972.668214083
1607028972.768185139
1607028972.868222237
1607028972.968215942
1607028973.068215609
1607028973.168214083
1607028973.268213987
1607028973.368191719
1607028973.468217373
1607028973.568213224
1607028973.668193340
1607028973.768121243
1607028973.868214607
1607028973.968079805
1607028974.068216085
1607028974.168214321
1607028974.268211365
1607028974.368081331
1607028974.468214989
1607028974.568214417
1607028974.668214798
1607028974.768217087
1607028974.868110895
1607028974.968110800
1607028975.068192244
1607028975.168213844
1607028975.268081665
1607028975.368215799
1607028975.468214035
1607028975.568213701
1607028975.668192387
1607028975.768216133
1607028975.868214607
1607028975.968214035
1607028976.068218231
1607028976.168195486
1607028976.268214703
1607028976.368219852
1607028976.468194008
1607028976.568088770
1607028976.668214798
1607028976.768212318
1607028976.868214130
1607028976.968217611
1607028977.068080425
1607028977.168214321
1607028977.268187761
1607028977.368217707
1607028977.468214035
1607028977.568216562
1607028977.668193579
1607028977.768214464
1607028977.868219852
1607028977.968213558
1607028978.068215132
1607028978.168215752
1607028978.268214226
1607028978.368218184
1607028978.468213797
1607028978.568214178
1607028978.668205976
1607028978.768193960
1607028978.868212700
1607028978.968119144
1607028979.068216562
1607028979.168215275
1607028979.268213034
1607028979.368194103
1607028979.468214750
1607028979.568194628
1607028979.668120861
1607028979.768192053
1607028979.868214130
1607028979.968195677
1607028980.068214655
1607028980.168220758
1607028980.268214703
1607028980.368192196
1607028980.468217850
1607028980.568214417
1607028980.668214798
1607028980.768213511
1607028980.868214846
1607028980.968199492
1607028981.068214178
1607028981.168198586
1607028981.268219233
1607028981.368113041
1607028981.468216658
1607028981.568122864
1607028981.668078899
1607028981.768214464
1607028981.868192911
1607028981.968212843
1607028982.068214178
1607028982.168215990
1607028982.268213511
1607028982.368216753
1607028982.468215704
1607028982.568219900
1607028982.668118715
1607028982.768213987
1607028982.868216753
1607028982.968122482
1607028983.068215609
1607028983.168214083
1607028983.268214226
1607028983.368214369
1607028983.468216181
1607028983.568079472
1607028983.668193817
1607028983.768192530
1607028983.868220329
1607028983.968214512
1607028984.068214417
1607028984.168217659
1607028984.268214226
1607028984.368215561
1607028984.468213320
1607028984.568216324
1607028984.668215036
1607028984.768216372
1607028984.868194580
1607028984.968193531
1607028985.068193674
1607028985.168198824
1607028985.268194914
1607028985.368193865
1607028985.468218327
1607028985.568212748
1607028985.668198824
1607028985.768115759
1607028985.868189812
1607028985.968072891
1607028986.068230629
1607028986.168214798
1607028986.268213034
1607028986.368218660
1607028986.468213558
1607028986.568214417
1607028986.668213367
1607028986.768218040
1607028986.868213654
1607028986.968214750
1607028987.068213940
1607028987.168214083
1607028987.268216133
1607028987.368217230
1607028987.468213797
1607028987.568216085
1607028987.668217659
1607028987.768213749
1607028987.868214607
1607028987.968223333
1607028988.068194866
1607028988.168214560
1607028988.268213272
1607028988.368218184
1607028988.468214273
1607028988.568216801
1607028988.668217421
1607028988.768213272
1607028988.868193388
1607028988.968216896
1607028989.068215132
1607028989.168215275
1607028989.268213749
1607028989.368194580
1607028989.468212843
1607028989.568214178
1607028989.668214560
1607028989.768216848
1607028989.868216753
1607028989.968217850
1607028990.068213463
1607028990.168216944
1607028990.268212795
1607028990.368217230
1607028990.468214273
1607028990.568215609
1607028990.668220043
1607028990.768214226
1607028990.868213892
1607028990.968214989
1607028991.068214178
1607028991.168192625
1607028991.268213272
1607028991.368216038
1607028991.468214035
1607028991.568083048
1607028991.668196201
1607028991.768215656
1607028991.868220091
1607028991.968196154
1607028992.068214178
1607028992.168215275
1607028992.268216372
1607028992.368213892
1607028992.468079090
1607028992.568214178
1607028992.668213606
1607028992.768191099
1607028992.868077993
1607028992.968213797
1607028993.068213940
1607028993.168215990
1607028993.268213749
1607028993.368086576
1607028993.468191862
1607028993.568217278
1607028993.668213129
1607028993.768047094
1607028993.868191481
1607028993.968213797
1607028994.068218470
1607028994.168215513
1607028994.268189907
1607028994.368214846
1607028994.468216181
1607028994.568215370
1607028994.668081999
1607028994.768213749
1607028994.868214607
1607028994.968213081
1607028995.068191528
1607028995.168214798
1607028995.268212795
1607028995.368217945
1607028995.468191862
1607028995.568078995
1607028995.668193579
1607028995.768214941
1607028995.868194342
1607028995.968213797
1607028996.068215609
1607028996.168216944
1607028996.268213272
1607028996.368214607
1607028996.468176365
1607028996.568216801
1607028996.668215752
1607028996.768217087
1607028996.868079662
1607028996.968215227
1607028997.068220615
1607028997.168215513
1607028997.268213987
1607028997.368192434
1607028997.468217134
1607028997.568211555
1607028997.668214083
1607028997.768079996
1607028997.868213177
1607028997.968216658
1607028998.068212271
1607028998.168195724
1607028998.268213272
1607028998.368215084
1607028998.468119144
1607028998.568216562
1607028998.668179512
1607028998.768193245
1607028998.868217468
1607028998.968212366
1607028999.068079710
1607028999.168192148
1607028999.268218994
1607028999.368212700
1607028999.468213558
1607028999.568213701
1607028999.668214560
1607028999.768212795
1607028999.868213415
1607028999.968084097
1607029000.068218470
1607029000.168213129
1607029000.268212318
1607029000.368192673
1607029000.468077660
1607029000.568119287
1607029000.668190479
1607029000.768191338
1607029000.868078470
1607029000.968123436
1607029001.068120003
1607029001.168190002
1607029001.268189430
1607029001.368192673
1607029001.468193054
1607029001.568107843
1607029001.668073177
1607029001.768045664
1607029001.868193626
1607029001.968218565
1607029002.068195820
1607029002.168217421
1607029002.268190622
1607029002.368217230
1607029002.468215704
1607029002.568212986
1607029002.668083429
1607029002.768194675
1607029002.868212938
1607029002.968222618
1607029003.068079948
1607029003.168218851
1607029003.268213511
1607029003.368214369
1607029003.468214989
1607029003.568191767
1607029003.668214321
1607029003.768214464
1607029003.868211985
1607029003.968124151
1607029004.068190336
1607029004.168213606
1607029004.268217087
1607029004.368078709
1607029004.468191385
1607029004.568215609
1607029004.668213129
1607029004.768215418
1607029004.868217945
1607029004.968213797
1607029005.068216801
1607029005.168213844
1607029005.268214941
1607029005.368212461
1607029005.468213320
1607029005.568223953
1607029005.668214083
1607029005.768214941
1607029005.868215084
1607029005.968216181
1607029006.068216324
1607029006.168217182
1607029006.268218756
1607029006.368216753
1607029006.468215704
1607029006.568215609
1607029006.668190956
1607029006.768213511
1607029006.868212223
1607029006.968213081
1607029007.068215132
1607029007.168215275
1607029007.268213272
1607029007.368216276
1607029007.468191385
1607029007.568213940
1607029007.668214560
1607029007.768192291
1607029007.868216276
1607029007.968212843
1607029008.068214893
1607029008.168213606
1607029008.268213272
1607029008.368212938
1607029008.468214273
1607029008.568214417
1607029008.668216705
1607029008.768212795
1607029008.868225336
1607029008.968213320
1607029009.068212986
1607029009.168213367
1607029009.268213749
1607029009.368216038
1607029009.468214035
1607029009.568215132
1607029009.668216467
1607029009.768192768
1607029009.868213892
1607029009.968218088
1607029010.068213463
1607029010.168213606
1607029010.268214941
1607029010.368213654
1607029010.468215466
1607029010.568191528
1607029010.668214798
1607029010.768215179
1607029010.868213177
1607029010.968190432
1607029011.068216324
1607029011.168213606
1607029011.268213511
1607029011.368213654
1607029011.468212605
1607029011.568218231
1607029011.668213129
1607029011.768213987
1607029011.868214607
1607029011.968214989
1607029012.068213701
1607029012.168213129
1607029012.268217325
1607029012.368215561
1607029012.468193293
1607029012.568193436
1607029012.668213606
1607029012.768213749
1607029012.868191242
1607029012.968212843
1607029013.068214178
1607029013.168212652
1607029013.268214464
1607029013.368215084
1607029013.468217611
1607029013.568214178
1607029013.668143749
1607029013.768213749
1607029013.868215084
1607029013.968214989
1607029014.068213224
1607029014.168080091
1607029014.268190384
1607029014.368213415
1607029014.468119621
1607029014.568217039
1607029014.668214798
1607029014.768213034
1607029014.868212223
1607029014.968194008
1607029015.068213224
1607029015.168214321
1607029015.268214941
1607029015.368214130
1607029015.468215227
1607029015.568216562
1607029015.668212175
1607029015.768212795
1607029015.868214846
1607029015.968222141
1607029016.068211555
1607029016.168215036
1607029016.268218279
1607029016.368121386
1607029016.468121290
1607029016.568123102
1607029016.668119907
1607029016.768121719
1607029016.868123531
1607029016.968120813
1607029017.068119764
1607029017.168121815
1607029017.268189907
1607029017.368190289
1607029017.468191147
1607029017.568114996
1607029017.668045282
1607029017.768218517
1607029017.868220568
1607029017.968214750
1607029018.068214893
1607029018.168214560
1607029018.268213987
1607029018.368214846
1607029018.468215466
1607029018.568212509
1607029018.668213844
1607029018.768213749
1607029018.868219376
1607029018.968194246
1607029019.068214655
1607029019.168216467
1607029019.268191814
1607029019.368214846
1607029019.468213320
1607029019.568214417
1607029019.668119907
1607029019.768218040
1607029019.868116617
1607029019.968215942
1607029020.068191051
1607029020.168219805
1607029020.268118858
1607029020.368213654
1607029020.468194723
1607029020.568213701
1607029020.668108702
1607029020.768213272
1607029020.868080378
1607029020.968217134
1607029021.068218708
1607029021.168210983
1607029021.268214703
1607029021.368215799
1607029021.468214273
1607029021.568212986
1607029021.668212891
1607029021.768217087
1607029021.868213415
1607029021.968214989
1607029022.068213224
1607029022.168214083
1607029022.268215895
1607029022.368218660
1607029022.468216896
1607029022.568212032
1607029022.668216228
1607029022.768193960
1607029022.868211746
