1607029027.869876146
1607029027.970167398
1607029028.070482016
1607029028.170796156
1607029028.271110058
1607029028.371479511
1607029028.471791029
1607029028.572109938
1607029028.672423840
1607029028.772739649
1607029028.873053074
1607029028.973368645
1607029029.073684216
1607029029.174001694
1607029029.274371147
1607029029.374687910
1607029029.475000381
1607029029.575314283
1607029029.675628424
1607029029.775947571
1607029029.876262903
1607029029.976560116
1607029030.076874018
1607029030.177237749
1607029030.277550936
1607029030.377865314
1607029030.478178978
1607029030.578492880
1607029030.678806782
1607029030.779120922
1607029030.879433632
1607029030.979757547
1607029031.080074787
1607029031.180444241
1607029031.280758381
1607029031.381072044
1607029031.481362581
1607029031.581678152
1607029031.681996107
1607029031.782308578
1607029031.882526636
1607029031.982841492
1607029032.083153725
1607029032.183469057
1607029032.283736944
1607029032.383961439
1607029032.484275103
1607029032.584588528
1607029032.684906006
1607029032.785222530
1607029032.885537386
1607029032.985849857
1607029033.086218596
1607029033.186532259
1607029033.286849499
1607029033.387165785
1607029033.487481117
1607029033.587797165
1607029033.688112736
1607029033.788428307
1607029033.888742685
1607029033.989113331
1607029034.089427710
1607029034.189610004
1607029034.289927483
1607029034.390212059
1607029034.490424871
1607029034.590715647
1607029034.691030264
1607029034.791336298
1607029034.891648531
1607029034.991961718
1607029035.092277050
1607029035.192640781
1607029035.292958260
1607029035.393270493
1607029035.493585825
1607029035.593899488
1607029035.694212914
1607029035.794533014
1607029035.894846439
1607029035.995227337
1607029036.095541954
1607029036.195761681
1607029036.295992374
1607029036.396288633
1607029036.496509790
1607029036.596812725
1607029036.697123766
1607029036.797419786
1607029036.897776842
1607029036.998089552
1607029037.098401546
1607029037.198714018
1607029037.299033165
1607029037.399171591
1607029037.499339342
1607029037.599559546
1607029037.699779034
1607029037.799994946
1607029037.900213242
1607029038.000432730
1607029038.100605965
1607029038.200822353
1607029038.301036358
1607029038.401252747
1607029038.501564026
1607029038.601870060
1607029038.702084064
1607029038.802303553
1607029038.902517796
1607029039.002661228
1607029039.102839947
1607029039.203159809
1607029039.303307772
1607029039.403588533
1607029039.503901482
1607029039.604214907
1607029039.704528332
1607029039.804841995
1607029039.905030966
1607029040.005348444
1607029040.105661392
1607029040.205977440
1607029040.306289673
1607029040.406601906
1607029040.506915569
1607029040.607240200
1607029040.707552910
1607029040.807733297
1607029040.908044815
1607029041.008359432
1607029041.108673811
1607029041.208987474
1607029041.309303045
1607029041.409616232
1607029041.509928703
1607029041.610240936
1607029041.710553885
1607029041.810866594
1607029041.911183357
1607029042.011501312
1607029042.111681223
1607029042.211998224
1607029042.312218904
1607029042.412514687
1607029042.512825966
1607029042.613138676
1607029042.713451147
1607029042.813767672
1607029042.914080143
1607029043.014261007
1607029043.114575148
1607029043.214887381
1607029043.315148830
1607029043.415294647
1607029043.515608072
1607029043.615922213
1607029043.716235161
1607029043.816547632
1607029043.916851044
1607029044.017162085
1607029044.117474318
1607029044.217778921
1607029044.318089247
1607029044.418403864
1607029044.518719673
1607029044.619032145
1607029044.719164610
1607029044.819481373
1607029044.919757605
1607029045.020070314
1607029045.120250225
1607029045.220547915
1607029045.320859194
1607029045.421171665
1607029045.521349907
1607029045.621662617
1607029045.721977711
1607029045.822300673
1607029045.922610998
1607029046.022928476
1607029046.123255730
1607029046.223573208
1607029046.323887110
1607029046.424175262
1607029046.524488449
1607029046.624801159
1607029046.725114584
1607029046.825430870
1607029046.925739527
1607029047.026051283
1607029047.126364946
1607029047.226677656
1607029047.326999187
1607029047.427315474
1607029047.527632952
1607029047.627947330
1607029047.728260517
1607029047.828561306
1607029047.928863049
1607029048.029176235
1607029048.129492283
1607029048.229810238
1607029048.330126762
1607029048.430443048
1607029048.530759096
1607029048.631074905
1607029048.731279850
1607029048.831596375
1607029048.931912422
1607029049.032228231
1607029049.132540226
1607029049.232717752
1607029049.333025694
1607029049.433332920
1607029049.533650160
1607029049.633962870
1607029049.734279871
1607029049.834593773
1607029049.934905291
1607029050.035229683
1607029050.135379791
1607029050.235714197
1607029050.336027622
1607029050.436342716
1607029050.536661625
1607029050.636973858
1607029050.737291098
1607029050.837604284
1607029050.937916279
1607029051.038227320
1607029051.138540030
1607029051.238852501
1607029051.339165688
1607029051.439479113
1607029051.539790154
1607029051.639998436
1607029051.740289688
1607029051.840603352
1607029051.940920115
1607029052.041233540
1607029052.141550064
1607029052.241864920
1607029052.342175484
1607029052.442485094
1607029052.542798519
1607029052.643114328
1607029052.743425608
1607029052.843743801
1607029052.943960428
1607029053.044273138
1607029053.144577026
1607029053.244896173
1607029053.345208168
1607029053.445521593
1607029053.545836210
1607029053.646150827
1607029053.746463299
1607029053.846750021
1607029053.947060347
1607029054.047283649
1607029054.147595406
1607029054.247809649
1607029054.348124027
1607029054.448439598
1607029054.548738956
1607029054.649050236
1607029054.749361992
1607029054.849672079
1607029054.949985981
1607029055.050298452
1607029055.150614738
1607029055.250927448
1607029055.351255178
1607029055.451464415
1607029055.551743269
1607029055.652055740
1607029055.752368212
1607029055.852582455
1607029055.952903509
1607029056.053210258
1607029056.153514147
1607029056.253827095
1607029056.354136229
1607029056.454450130
1607029056.554771900
1607029056.655086994
1607029056.755314350
1607029056.855626106
1607029056.955938339
1607029057.056249380
1607029057.156555414
1607029057.256868839
1607029057.357180119
1607029057.457491398
1607029057.557805538
1607029057.658023119
1607029057.758330584
1607029057.858644962
1607029057.958964586
1607029058.059278011
1607029058.159590006
1607029058.259902954
1607029058.360216379
1607029058.460529089
1607029058.560846090
1607029058.661157846
1607029058.761470795
1607029058.861782789
1607029058.962095499
1607029059.062405825
1607029059.162719250
1607029059.263032436
1607029059.363344669
1607029059.463560104
1607029059.563873053
1607029059.664185524
1607029059.764475107
1607029059.864776134
1607029059.964959383
1607029060.065270185
1607029060.165582657
1607029060.265895128
1607029060.366207600
1607029060.466518164
1607029060.566830397
1607029060.667141676
1607029060.767452717
1607029060.867635012
1607029060.967946291
1607029061.068256855
1607029061.168569565
1607029061.268748283
1607029061.369060278
1607029061.469372272
1607029061.569685936
1607029061.669998884
1607029061.770122290
1607029061.870122910
1607029061.970125914
1607029062.070103645
1607029062.170001268
1607029062.270126104
1607029062.370121002
1607029062.470122576
1607029062.570118427
1607029062.670124292
1607029062.770123005
1607029062.870121002
1607029062.970120907
1607029063.070123434
1607029063.170123339
1607029063.270121336
1607029063.369988918
1607029063.470127106
1607029063.570122719
1607029063.670121908
1607029063.770115614
1607029063.870121956
1607029063.970123529
1607029064.070120335
1607029064.170120478
1607029064.270091534
1607029064.370122194
1607029064.470119953
1607029064.570018768
1607029064.670123577
1607029064.770092726
1607029064.870121479
1607029064.970121384
1607029065.070121288
1607029065.170115232
1607029065.270117521
1607029065.370118141
1607029065.470117331
1607029065.570119858
1607029065.670119762
1607029065.770118475
1607029065.870119572
1607029065.970118761
1607029066.069984436
1607029066.170024395
1607029066.270026684
1607029066.369952679
1607029066.470104933
1607029066.570119858
1607029066.670127153
1607029066.770121336
1607029066.870122433
1607029066.970116615
1607029067.070120096
1607029067.170122623
1607029067.270121813
1607029067.370027065
1607029067.470122099
1607029067.570121288
1607029067.670123339
1607029067.770120144
1607029067.870116234
1607029067.970121384
1607029068.070120573
1607029068.170123100
1607029068.270020247
1607029068.370121479
1607029068.470124006
1607029068.570121765
1607029068.670128822
1607029068.770025730
1607029068.870121479
1607029068.970124006
1607029069.070122004
1607029069.170018673
1607029069.270121336
1607029069.370122194
1607029069.470124006
1607029069.569990158
1607029069.670123339
1607029069.770121336
1607029069.870123863
1607029069.970125198
1607029070.070119143
1607029070.170120478
1607029070.270129442
1607029070.370122433
1607029070.470088005
1607029070.570123434
1607029070.670130491
1607029070.770126343
1607029070.870126009
1607029070.970096350
1607029071.070121765
1607029071.169986725
1607029071.270123243
1607029071.370115995
1607029071.470120907
1607029071.570126772
1607029071.670120955
1607029071.770127773
1607029071.870122433
1607029071.970121384
1607029072.070124865
1607029072.170125008
1607029072.270006418
1607029072.370121717
1607029072.470125437
1607029072.570019245
1607029072.669989824
1607029072.770119667
1607029072.870125771
1607029072.970122099
1607029073.070123434
1607029073.169991016
1607029073.270120382
1607029073.370124817
1607029073.470120668
1607029073.570121527
1607029073.670122147
1607029073.770027161
1607029073.870131969
1607029073.970124483
1607029074.070123672
1607029074.170126200
1607029074.270119905
1607029074.370128393
1607029074.470125675
1607029074.570122719
1607029074.670122147
1607029074.770121813
1607029074.870121002
1607029074.970125198
1607029075.070123911
1607029075.170121670
1607029075.270122528
1607029075.370120764
1607029075.470128059
1607029075.570121288
1607029075.670121193
1607029075.770123482
1607029075.870122194
1607029075.970121861
1607029076.070121527
1607029076.170120716
1607029076.270123005
1607029076.370123863
1607029076.470120668
1607029076.570121050
1607029076.670122862
1607029076.770122528
1607029076.870121956
1607029076.970124483
1607029077.070124865
1607029077.170121193
1607029077.270121574
1607029077.370119095
1607029077.470020056
1607029077.570123672
1607029077.670124292
1607029077.770123243
1607029077.870122671
1607029077.970091581
1607029078.070123196
1607029078.170121431
1607029078.270122290
1607029078.369988918
1607029078.470121622
1607029078.570122480
1607029078.670123100
1607029078.770120859
1607029078.870120525
1607029078.970124245
1607029079.070126534
1607029079.170120716
1607029079.270120859
1607029079.370123625
1607029079.470120907
1607029079.570120573
1607029079.670119524
1607029079.770120621
1607029079.870123625
1607029079.970123529
1607029080.070120096
1607029080.170018435
1607029080.270126104
1607029080.370127916
1607029080.470119715
1607029080.570121050
1607029080.670124054
1607029080.770119667
1607029080.870122194
1607029080.970120668
1607029081.070058584
1607029081.170117140
1607029081.270120859
1607029081.370118618
1607029081.469985485
1607029081.570119143
1607029081.670118809
1607029081.770117760
1607029081.870117664
1607029081.970026731
1607029082.070023775
1607029082.170024872
1607029082.270026207
1607029082.369952679
1607029082.470124722
1607029082.570124388
1607029082.670122623
1607029082.770123720
1607029082.870127439
1607029082.970122576
1607029083.070124865
1607029083.170121908
1607029083.270118475
1607029083.370125055
1607029083.470122099
1607029083.570126772
1607029083.670123339
1607029083.770125151
1607029083.870124817
1607029083.970104218
1607029084.070126057
1607029084.170122147
1607029084.270121574
1607029084.370122433
1607029084.470126152
1607029084.570121527
1607029084.670121908
1607029084.770123243
1607029084.870122671
1607029084.970122099
1607029085.070030212
1607029085.170125484
1607029085.270122766
1607029085.370121956
1607029085.470122099
1607029085.570121527
1607029085.670122623
1607029085.770122766
1607029085.870119572
1607029085.970122576
1607029086.070123911
1607029086.170121908
1607029086.270122051
1607029086.370120525
1607029086.470126152
1607029086.570120811
1607029086.670018435
1607029086.770123243
1607029086.870121002
1607029086.970123291
1607029087.070123911
1607029087.170027018
1607029087.270121813
1607029087.370126724
1607029087.470124245
1607029087.569991350
1607029087.670124769
1607029087.770126581
1607029087.870122194
1607029087.970123768
1607029088.070116520
1607029088.170119762
1607029088.270122290
1607029088.370122671
1607029088.470121145
1607029088.570122957
1607029088.670126200
1607029088.770121098
1607029088.870120764
1607029088.970028162
1607029089.070127010
1607029089.170122623
1607029089.270124912
1607029089.370122910
1607029089.470124483
1607029089.570125341
1607029089.670122385
1607029089.770121098
1607029089.870121956
1607029089.970123768
1607029090.070125341
1607029090.170121431
1607029090.270121098
1607029090.370126963
1607029090.470122337
1607029090.570119619
1607029090.670124292
1607029090.770121813
1607029090.870130062
1607029090.970121861
1607029091.070120811
1607029091.170068026
1607029091.270120144
1607029091.370131016
1607029091.470122337
1607029091.570123911
1607029091.670128584
1607029091.770121336
1607029091.870121002
1607029091.970124722
1607029092.070027828
1607029092.170122385
1607029092.270121813
1607029092.370013714
1607029092.470123529
1607029092.570124865
1607029092.670122862
1607029092.770122766
1607029092.870120764
1607029092.970121145
1607029093.070121765
1607029093.170125723
1607029093.270124912
1607029093.369972944
1607029093.470123291
1607029093.570120811
1607029093.670119286
1607029093.770123482
1607029093.870124340
1607029093.970122814
1607029094.070121050
1607029094.170121908
1607029094.269987345
1607029094.370121479
1607029094.470125914
1607029094.570126534
1607029094.669991255
1607029094.770121813
1607029094.870116234
1607029094.970121145
1607029095.070124149
1607029095.170028448
1607029095.270121574
1607029095.370122671
1607029095.470121861
1607029095.570034027
1607029095.670120955
1607029095.770123720
1607029095.870106697
1607029095.969991684
1607029096.070119143
1607029096.170122385
1607029096.270125389
1607029096.370125532
1607029096.470124960
1607029096.570120811
1607029096.670121908
1607029096.770123959
1607029096.870093346
1607029096.970120192
1607029097.070118904
1607029097.170124769
1607029097.270118237
1607029097.370119095
1607029097.470119715
1607029097.570120096
1607029097.670121908
1607029097.770026207
1607029097.870085001
1607029097.970027208
1607029098.070017099
1607029098.170023203
1607029098.270025253
1607029098.369953394
1607029098.469963789
1607029098.570121288
1607029098.670124531
1607029098.770121574
1607029098.869991302
1607029098.970128298
1607029099.070120335
1607029099.170119286
1607029099.270125151
1607029099.370125532
1607029099.470124245
1607029099.570121288
1607029099.670122385
1607029099.770129919
1607029099.870123148
1607029099.970119238
1607029100.070122480
1607029100.170124292
1607029100.270123720
1607029100.370123625
1607029100.470118999
1607029100.570125103
1607029100.670124769
1607029100.770132780
1607029100.870120049
1607029100.970121384
1607029101.070130587
1607029101.170123339
1607029101.270123959
1607029101.370122433
1607029101.470128059
1607029101.570123911
1607029101.670124531
1607029101.770119429
1607029101.870121717
1607029101.970125198
1607029102.070125580
1607029102.170121431
1607029102.270123720
1607029102.370126009
1607029102.470124245
1607029102.570122957
1607029102.670124054
1607029102.770126581
1607029102.870121956
1607029102.970124960
1607029103.070120573
1607029103.170129538
1607029103.270125151
1607029103.370124340
1607029103.470124245
1607029103.570126295
1607029103.670127630
1607029103.770123482
1607029103.870123863
1607029103.970124006
1607029104.070122957
1607029104.170122862
1607029104.270126104
1607029104.370123386
1607029104.470122814
1607029104.570124626
1607029104.670120955
1607029104.770122051
1607029104.869987488
1607029104.970125437
1607029105.070115805
1607029105.170116663
1607029105.270116091
1607029105.370119333
1607029105.470118761
1607029105.570118904
1607029105.670118809
1607029105.770015240
1607029105.870116711
1607029105.970116138
1607029106.070117235
1607029106.170104980
1607029106.270115137
1607029106.370118618
1607029106.470120668
1607029106.570120811
1607029106.670015335
1607029106.770116806
1607029106.870116711
1607029106.970020771
1607029107.070021391
1607029107.170115709
1607029107.270116568
1607029107.370117188
1607029107.470121622
1607029107.570122957
1607029107.670117378
1607029107.770117998
1607029107.870121717
1607029107.970108986
1607029108.070115566
1607029108.170119762
1607029108.270117998
1607029108.369984150
1607029108.470115900
1607029108.570118189
1607029108.670116901
1607029108.770120859
1607029108.870112419
1607029108.970116615
1607029109.070118666
1607029109.170121431
1607029109.270007133
1607029109.370120287
1607029109.470111370
1607029109.570118666
1607029109.670118093
1607029109.770112514
1607029109.870118141
1607029109.970121145
1607029110.070121527
1607029110.169985294
1607029110.270117521
1607029110.370117188
1607029110.470119953
1607029110.570123196
1607029110.670118093
1607029110.770126343
1607029110.870099306
1607029110.970119238
1607029111.070118427
1607029111.170118809
1607029111.270119190
1607029111.370119810
1607029111.469988585
1607029111.570121288
1607029111.670122385
1607029111.770018578
1607029111.870124578
1607029111.970119476
1607029112.070119858
1607029112.170119524
1607029112.270121574
1607029112.370112658
1607029112.470118523
1607029112.570119858
1607029112.670119524
1607029112.770127296
1607029112.870119333
1607029112.970119715
1607029113.070120811
1607029113.170119286
1607029113.270086288
1607029113.370122671
1607029113.470122576
1607029113.570120096
1607029113.670119762
1607029113.770117998
1607029113.870120287
1607029113.970118523
1607029114.070119619
1607029114.169981718
1607029114.270118713
1607029114.370022774
1607029114.470023870
1607029114.569954157
1607029114.670123339
1607029114.770114660
1607029114.870115995
1607029114.970120668
1607029115.070118427
1607029115.170117855
1607029115.270116806
1607029115.370120525
1607029115.470088720
1607029115.570123672
1607029115.670120001
1607029115.770008326
1607029115.870114326
1607029115.970116138
1607029116.070118666
1607029116.170123577
1607029116.270115376
1607029116.370024443
1607029116.470114946
1607029116.570132017
1607029116.670123339
1607029116.770121813
1607029116.870120525
1607029116.970121861
1607029117.070117235
1607029117.170117378
1607029117.270117760
1607029117.370116949
1607029117.470122337
1607029117.570119381
1607029117.670017004
1607029117.770119429
1607029117.870124578
1607029117.970116854
1607029118.070115566
1607029118.170012712
1607029118.270119667
1607029118.370117426
1607029118.470121861
1607029118.569982529
1607029118.670122623
1607029118.770116329
1607029118.870115042
1607029118.970115662
1607029119.070013523
1607029119.170114040
1607029119.270123005
1607029119.370117903
1607029119.470120430
1607029119.570124388
1607029119.670117617
1607029119.770117044
1607029119.870102882
1607029119.970026731
1607029120.070117474
1607029120.170118570
1607029120.270117760
1607029120.369986057
1607029120.470116377
1607029120.570118427
1607029120.670116663
1607029120.770118952
1607029120.870118380
1607029120.970119715
1607029121.070121050
1607029121.170120239
1607029121.269988298
1607029121.370117426
1607029121.470118284
1607029121.570117712
1607029121.670120478
1607029121.770118237
1607029121.870120049
1607029121.970118999
1607029122.070123911
1607029122.169984818
1607029122.270116806
1607029122.370117188
1607029122.470117807
1607029122.570119381
1607029122.670118809
1607029122.770118713
1607029122.870119095
1607029122.970103502
1607029123.070107460
1607029123.170121431
1607029123.270117283
1607029123.370122194
1607029123.470118999
1607029123.570122004
1607029123.670119762
1607029123.770117283
1607029123.870117426
1607029123.970117569
1607029124.070118427
1607029124.170120239
1607029124.270118237
1607029124.370121241
1607029124.470118046
1607029124.570123672
1607029124.670116901
1607029124.770119905
1607029124.870118141
1607029124.970117807
1607029125.070118904
1607029125.170118332
1607029125.270121813
1607029125.370121717
1607029125.470126867
1607029125.570118904
1607029125.670118809
1607029125.770102262
1607029125.870119810
1607029125.970118999
1607029126.070119619
1607029126.170120239
1607029126.270122051
1607029126.370119333
1607029126.470118284
1607029126.570117950
1607029126.670122862
1607029126.770121098
1607029126.870121717
1607029126.970121622
1607029127.070123196
1607029127.170119524
1607029127.270119190
1607029127.370120049
1607029127.470122576
1607029127.570126057
1607029127.670119762
1607029127.770121098
1607029127.870122433
