1607029237.873721600
1607029237.974022865
1607029238.074372053
1607029238.174796343
1607029238.275145531
1607029238.375495672
1607029238.475914717
1607029238.576267958
1607029238.676621914
1607029238.776973248
1607029238.877324820
1607029238.977678537
1607029239.078100443
1607029239.178451777
1607029239.278807163
1607029239.379184723
1607029239.479534149
1607029239.579876661
1607029239.680228472
1607029239.780653954
1607029239.881010532
1607029239.981363773
1607029240.081722975
1607029240.182043314
1607029240.282392740
1607029240.382723093
1607029240.483075619
1607029240.583461761
1607029240.683814526
1607029240.784164429
1607029240.884499550
1607029240.984745741
1607029241.085165024
1607029241.185513258
1607029241.285867214
1607029241.386288643
1607029241.486640692
1607029241.586998463
1607029241.687218428
1607029241.787570477
1607029241.887926102
1607029241.988331556
1607029242.088572741
1607029242.188927650
1607029242.289280176
1607029242.389633179
1607029242.490059853
1607029242.590414762
1607029242.690766335
1607029242.791184425
1607029242.891539574
1607029242.991863966
1607029243.092285156
1607029243.192637205
1607029243.292984009
1607029243.393339872
1607029243.493692160
1607029243.594114542
1607029243.694468021
1607029243.794825077
1607029243.895051003
1607029243.995312214
1607029244.095669508
1607029244.196026087
1607029244.296331882
1607029244.396685362
1607029244.497103930
1607029244.597460032
1607029244.697814465
1607029244.798164845
1607029244.898489714
1607029244.998843670
1607029245.099286318
1607029245.199499369
1607029245.299759865
1607029245.400116444
1607029245.500469685
1607029245.600758553
1607029245.701111794
1607029245.801463604
1607029245.901886463
1607029246.002236366
1607029246.102483034
1607029246.202830553
1607029246.303269863
1607029246.403584957
1607029246.503829718
1607029246.604149818
1607029246.704567671
1607029246.804914713
1607029246.905235767
1607029247.005587101
1607029247.105939865
1607029247.206360102
1607029247.306605339
1607029247.406852722
1607029247.507281065
1607029247.607597351
1607029247.707946301
1607029247.808295488
1607029247.908630133
1607029248.009048223
1607029248.109385967
1607029248.209723473
1607029248.309960842
1607029248.410300255
1607029248.510643244
1607029248.610991240
1607029248.711238146
1607029248.811584473
1607029248.911921978
1607029249.012259960
1607029249.112606764
1607029249.212944269
1607029249.313282013
1607029249.413632631
1607029249.513975859
1607029249.614315987
1607029249.714652061
1607029249.814998388
1607029249.915343523
1607029250.015685320
1607029250.116030931
1607029250.216372013
1607029250.316719294
1607029250.417051315
1607029250.517390490
1607029250.617730379
1607029250.718073606
1607029250.818415880
1607029250.918751955
1607029251.019092798
1607029251.119437218
1607029251.219778538
1607029251.320119858
1607029251.420462370
1607029251.520671606
1607029251.621007204
1607029251.721343279
1607029251.821681499
1607029251.922016621
1607029252.022356987
1607029252.122695923
1607029252.223034143
1607029252.323285341
1607029252.423523664
1607029252.523835659
1607029252.624150515
1607029252.724383831
1607029252.824586630
1607029252.924818993
1607029253.025029659
1607029253.125383854
1607029253.225728989
1607029253.326074839
1607029253.426416159
1607029253.526753902
1607029253.627094984
1607029253.727435350
1607029253.827777147
1607029253.928118706
1607029254.028459072
1607029254.128793001
1607029254.229133606
1607029254.329475880
1607029254.429813385
1607029254.530149221
1607029254.630489349
1607029254.730825663
1607029254.831163645
1607029254.931507349
1607029255.031847715
1607029255.132054567
1607029255.232394934
1607029255.332732677
1607029255.433071136
1607029255.533407927
1607029255.633747101
1607029255.734082937
1607029255.834423780
1607029255.934763908
1607029256.035122156
1607029256.135464191
1607029256.235803366
1607029256.336151123
1607029256.436475515
1607029256.536803961
1607029256.637150764
1607029256.737488747
1607029256.837826490
1607029256.938161850
1607029257.038502216
1607029257.138849735
1607029257.239182711
1607029257.339522362
1607029257.439864397
1607029257.540204048
1607029257.640552759
1607029257.740894794
1607029257.841099024
1607029257.941441298
1607029258.041781187
1607029258.142123461
1607029258.242439032
1607029258.342779875
1607029258.443119049
1607029258.543471336
1607029258.643813848
1607029258.744126558
1607029258.844467402
1607029258.944779158
1607029259.045121431
1607029259.145359278
1607029259.245692492
1607029259.346035957
1607029259.446372271
1607029259.546581745
1607029259.646921635
1607029259.747182131
1607029259.847528219
1607029259.947839737
1607029260.048157930
1607029260.148499727
1607029260.248836756
1607029260.349175930
1607029260.449411869
1607029260.549752235
1607029260.650096178
1607029260.750443220
1607029260.850791931
1607029260.951060772
1607029261.051244736
1607029261.151587725
1607029261.251934052
1607029261.352188349
1607029261.452439785
1607029261.552783012
1607029261.653125286
1607029261.753468990
1607029261.853818178
1607029261.954160452
1607029262.054501772
1607029262.154843807
1607029262.255180597
1607029262.355521679
1607029262.455858231
1607029262.556203365
1607029262.656526327
1607029262.756862402
1607029262.857200384
1607029262.957539797
1607029263.057877302
1607029263.158217430
1607029263.258558035
1607029263.358900547
1607029263.459253073
1607029263.559596777
1607029263.659936190
1607029263.760273457
1607029263.860612154
1607029263.960950136
1607029264.061289072
1607029264.161625862
1607029264.261965036
1607029264.362304449
1607029264.462645769
1607029264.562995672
1607029264.663338184
1607029264.763592482
1607029264.863935709
1607029264.964175940
1607029265.064519167
1607029265.164861917
1607029265.265208721
1607029265.365416288
1607029265.465756416
1607029265.566095591
1607029265.666433811
1607029265.766769886
1607029265.867117882
1607029265.967459679
1607029266.067799568
1607029266.168140411
1607029266.268485546
1607029266.368829012
1607029266.469166517
1607029266.569507122
1607029266.669848204
1607029266.770186663
1607029266.870526791
1607029266.970862150
1607029267.071200132
1607029267.171540737
1607029267.271883965
1607029267.372224331
1607029267.472548962
1607029267.572888374
1607029267.673225880
1607029267.773562431
1607029267.873900652
1607029267.973972321
1607029268.073965073
1607029268.173966885
1607029268.273966312
1607029268.373966455
1607029268.473967791
1607029268.573970795
1607029268.673965216
1607029268.773968697
1607029268.873965740
1607029268.973964453
1607029269.073967695
1607029269.173970222
1607029269.273965836
1607029269.373965025
1607029269.473838568
1607029269.573972464
1607029269.673971176
1607029269.773968220
1607029269.873969316
1607029269.973971605
1607029270.073863745
1607029270.173969984
1607029270.273968935
1607029270.373971462
1607029270.473969936
1607029270.573968649
1607029270.673966646
1607029270.773967028
1607029270.873965979
1607029270.973964691
1607029271.073967934
1607029271.173946142
1607029271.273965359
1607029271.373968840
1607029271.473965168
1607029271.573971510
1607029271.673974037
1607029271.773965836
1607029271.873966455
1607029271.973964691
1607029272.073973894
1607029272.173969746
1607029272.273970604
1607029272.373969078
1607029272.473966360
1607029272.573933601
1607029272.673965931
1607029272.773969412
1607029272.873969793
1607029272.973831177
1607029273.073966026
1607029273.173968077
1607029273.273966074
1607029273.373965025
1607029273.473968029
1607029273.573973894
1607029273.673972368
1607029273.773967981
1607029273.873834133
1607029273.973967791
1607029274.073966026
1607029274.173970938
1607029274.273967028
1607029274.373969316
1607029274.473968744
1607029274.573970556
1607029274.673971415
1607029274.773830414
1607029274.873968601
1607029274.973965406
1607029275.073966026
1607029275.173976898
1607029275.273970604
1607029275.373970509
1607029275.473967075
1607029275.573868036
1607029275.673830986
1607029275.773965120
1607029275.873969555
1607029275.973969460
1607029276.073832750
1607029276.173968077
1607029276.273930073
1607029276.373968601
1607029276.473970413
1607029276.573972464
1607029276.673966408
1607029276.773968697
1607029276.873965025
1607029276.973958492
1607029277.073966265
1607029277.173966169
1607029277.273951769
1607029277.373835325
1607029277.473883152
1607029277.573969126
1607029277.673969746
1607029277.773968220
1607029277.873973370
1607029277.973964691
1607029278.073865175
1607029278.173968554
1607029278.273968697
1607029278.373969555
1607029278.473968744
1607029278.573968172
1607029278.673965693
1607029278.773970127
1607029278.873968601
1607029278.973970652
1607029279.073968410
1607029279.173968315
1607029279.273966551
1607029279.373967648
1607029279.473967075
1607029279.573970556
1607029279.673963547
1607029279.773964882
1607029279.873966455
1607029279.973969936
1607029280.073968172
1607029280.173971176
1607029280.273967743
1607029280.373966932
1607029280.473866463
1607029280.573967934
1607029280.673965931
1607029280.773969889
1607029280.873971224
1607029280.973976374
1607029281.073966980
1607029281.173968554
1607029281.273972750
1607029281.373968363
1607029281.473971128
1607029281.573971510
1607029281.673970699
1607029281.773965836
1607029281.873966694
1607029281.973969221
1607029282.073863268
1607029282.173976421
1607029282.273968697
1607029282.373969078
1607029282.473966122
1607029282.573968887
1607029282.673970699
1607029282.773974180
1607029282.873970032
1607029282.973969221
1607029283.073971033
1607029283.173875332
1607029283.273967505
1607029283.373969316
1607029283.473972082
1607029283.573969126
1607029283.673969030
1607029283.773970842
1607029283.873976469
1607029283.973970652
1607029284.073827028
1607029284.173968554
1607029284.273973703
1607029284.373969316
1607029284.473975897
1607029284.573976517
1607029284.673969030
1607029284.773972034
1607029284.873974085
1607029284.973836422
1607029285.073969126
1607029285.173973799
1607029285.273969889
1607029285.373806953
1607029285.473974228
1607029285.573974848
1607029285.673972130
1607029285.773974895
1607029285.873969078
1607029285.973971367
1607029286.073972225
1607029286.173973799
1607029286.273866177
1607029286.373970509
1607029286.473965883
1607029286.573965073
1607029286.673835993
1607029286.773964405
1607029286.873966694
1607029286.973964691
1607029287.073965549
1607029287.173866272
1607029287.273966312
1607029287.373972416
1607029287.473972559
1607029287.573868513
1607029287.673965931
1607029287.773965836
1607029287.873967171
1607029287.973965168
1607029288.073966980
1607029288.173972130
1607029288.273972988
1607029288.373971462
1607029288.473869324
1607029288.573968887
1607029288.673974037
1607029288.773973942
1607029288.873975754
1607029288.973968267
1607029289.073971033
1607029289.173967838
1607029289.273974180
1607029289.373970032
1607029289.473971367
1607029289.573967934
1607029289.673972845
1607029289.773853302
1607029289.873970509
1607029289.973973751
1607029290.073970795
1607029290.173968315
1607029290.273970127
1607029290.373966932
1607029290.473969936
1607029290.573969364
1607029290.673876524
1607029290.773969650
1607029290.873970270
1607029290.973968744
1607029291.073973179
1607029291.173970938
1607029291.273972511
1607029291.373971939
1607029291.473973513
1607029291.573973656
1607029291.673972607
1607029291.773971081
1607029291.873970270
1607029291.973969936
1607029292.073970079
1607029292.173970699
1607029292.273972750
1607029292.373971939
1607029292.473972321
1607029292.573936939
1607029292.673951626
1607029292.773969173
1607029292.873970747
1607029292.973973036
1607029293.073969603
1607029293.173866987
1607029293.273970604
1607029293.373958588
1607029293.473942041
1607029293.573808670
1607029293.673976421
1607029293.773972511
1607029293.873974085
1607029293.973969936
1607029294.073971510
1607029294.173971653
1607029294.273981810
1607029294.373971701
1607029294.473974705
1607029294.573968887
1607029294.673878431
1607029294.773970842
1607029294.873975992
1607029294.973968506
1607029295.073970556
1607029295.173967838
1607029295.273970842
1607029295.373974085
1607029295.473971605
1607029295.573870897
1607029295.673972130
1607029295.773973227
1607029295.873973846
1607029295.973972082
1607029296.073970318
1607029296.173970222
1607029296.273971081
1607029296.373969793
1607029296.473863602
1607029296.573963881
1607029296.673966408
1607029296.773953199
1607029296.873864174
1607029296.973937035
1607029297.073967218
1607029297.173878908
1607029297.273967028
1607029297.373967409
1607029297.473970652
1607029297.573958158
1607029297.673943043
1607029297.773863792
1607029297.873966694
1607029297.973967552
1607029298.073971033
1607029298.173972607
1607029298.273970842
1607029298.373970032
1607029298.473969936
1607029298.573971510
1607029298.673969984
1607029298.773970842
1607029298.873971224
1607029298.973975897
1607029299.073971033
1607029299.173971176
1607029299.273973942
1607029299.373972178
1607029299.473976374
1607029299.573977232
1607029299.673972368
1607029299.773969412
1607029299.873972178
1607029299.973971367
1607029300.073969603
1607029300.173973799
1607029300.273971796
1607029300.373969793
1607029300.473974466
1607029300.573970795
1607029300.673973799
1607029300.773972750
1607029300.873972416
1607029300.973973989
1607029301.073968172
1607029301.173966169
1607029301.273971558
1607029301.373976469
1607029301.473967552
1607029301.573972464
1607029301.673977375
1607029301.773970842
1607029301.873972893
1607029301.973969460
1607029302.073968172
1607029302.173969746
1607029302.273972034
1607029302.373970032
1607029302.473968029
1607029302.573967218
1607029302.673965931
1607029302.773966789
1607029302.873967171
1607029302.973968267
1607029303.073973417
1607029303.173975468
1607029303.273972034
1607029303.373974323
1607029303.473973274
1607029303.573977947
1607029303.673877239
1607029303.773969412
1607029303.873973608
1607029303.973970890
1607029304.073973656
1607029304.173969746
1607029304.273976564
1607029304.373971224
1607029304.473967791
1607029304.573970795
1607029304.673973322
1607029304.773970366
1607029304.873977900
1607029304.973969698
1607029305.073969841
1607029305.173968315
1607029305.273967266
1607029305.373970270
1607029305.473971844
1607029305.573970556
1607029305.673972607
1607029305.773863077
1607029305.873969078
1607029305.973967552
1607029306.073971033
1607029306.173863411
1607029306.273870468
1607029306.373969316
1607029306.473969221
1607029306.573862314
1607029306.673863888
1607029306.773968935
1607029306.873970747
1607029306.973964453
1607029307.073864222
1607029307.173866749
1607029307.273966312
1607029307.373973608
1607029307.473969221
1607029307.573967695
1607029307.673972607
1607029307.773972273
1607029307.873971224
1607029307.973970652
1607029308.073972464
1607029308.173973083
1607029308.273972273
1607029308.373862028
1607029308.473965168
1607029308.573969364
1607029308.673968792
1607029308.773970842
1607029308.873966694
1607029308.973966837
1607029309.073828936
1607029309.173966646
1607029309.273967505
1607029309.373965979
1607029309.473967075
1607029309.573966980
1607029309.673958540
1607029309.773939610
1607029309.873814106
1607029309.973978281
1607029310.073975563
1607029310.173973322
1607029310.273972511
1607029310.373968840
1607029310.473970175
1607029310.573970795
1607029310.673972607
1607029310.773972034
1607029310.873978376
1607029310.973970652
1607029311.073973417
1607029311.173969984
1607029311.273972511
1607029311.373969316
1607029311.473969460
1607029311.573970318
1607029311.673969984
1607029311.773968697
1607029311.873972654
1607029311.973971844
1607029312.073972940
1607029312.173969269
1607029312.273978472
1607029312.373970032
1607029312.473828554
1607029312.573971748
1607029312.673968077
1607029312.773972750
1607029312.873974562
1607029312.973972321
1607029313.073976517
1607029313.173969984
1607029313.273969173
1607029313.373976469
1607029313.473971367
1607029313.573971033
1607029313.673977613
1607029313.773968935
1607029313.873970032
1607029313.973968744
1607029314.073971748
1607029314.173968077
1607029314.273974895
1607029314.373969793
1607029314.473970175
1607029314.573972225
1607029314.673971415
1607029314.773972273
1607029314.873970270
1607029314.973969221
1607029315.073969364
1607029315.173971653
1607029315.273973703
1607029315.373967648
1607029315.473864555
1607029315.573968887
1607029315.673969269
1607029315.773965597
1607029315.873966694
1607029315.973862648
1607029316.073967695
1607029316.173968077
1607029316.273967743
1607029316.373866320
1607029316.473967075
1607029316.573975086
1607029316.673978567
1607029316.773970842
1607029316.873970985
1607029316.973968744
1607029317.073976040
1607029317.173977613
1607029317.273969889
1607029317.373971939
1607029317.473970413
1607029317.573974133
1607029317.673969507
1607029317.773968935
1607029317.873970985
1607029317.973967314
1607029318.073971033
1607029318.173971176
1607029318.273971319
1607029318.373969078
1607029318.473971605
1607029318.573869467
1607029318.673966646
1607029318.773970842
1607029318.873974085
1607029318.973961830
1607029319.073876619
1607029319.173877239
1607029319.273972034
1607029319.373973370
1607029319.473836899
1607029319.573967934
1607029319.673970461
1607029319.773973703
1607029319.873972178
1607029319.973952532
1607029320.073970556
1607029320.173970222
1607029320.273973227
1607029320.373878241
1607029320.473970652
1607029320.573973417
1607029320.673969507
1607029320.773855209
1607029320.873973846
1607029320.973940134
1607029321.073974371
1607029321.173972130
1607029321.273876429
1607029321.373876333
1607029321.473971605
1607029321.573971033
1607029321.673879147
1607029321.773970604
1607029321.873971462
1607029321.973883629
1607029322.073971987
1607029322.173933744
1607029322.273969412
1607029322.373974323
1607029322.473969460
1607029322.573969126
1607029322.673954964
1607029322.773970604
1607029322.873971462
1607029322.973980427
1607029323.073972702
1607029323.173969269
1607029323.273967981
1607029323.373968840
1607029323.473971128
1607029323.573970795
1607029323.673970461
1607029323.773970604
1607029323.873970747
1607029323.973972321
1607029324.073951006
1607029324.173970938
1607029324.273970366
1607029324.373972416
1607029324.473970890
1607029324.573970556
1607029324.673969984
1607029324.773969173
1607029324.873970985
1607029324.973974228
1607029325.073983192
1607029325.173969030
1607029325.273972034
1607029325.373967648
1607029325.473973751
1607029325.573836565
1607029325.673968554
1607029325.773974419
1607029325.873970747
1607029325.973969221
1607029326.073876143
1607029326.173968792
1607029326.273972034
1607029326.373868227
1607029326.473837852
1607029326.573960781
1607029326.673942566
1607029326.773865938
1607029326.873843193
1607029326.973875046
1607029327.073971033
1607029327.173970222
1607029327.273972273
1607029327.373867512
1607029327.473957777
1607029327.573968649
1607029327.673971891
1607029327.773968935
1607029327.873969555
1607029327.973970413
1607029328.073976517
1607029328.173972607
1607029328.273877621
1607029328.373969793
1607029328.473971367
1607029328.573975086
1607029328.673869133
1607029328.773971796
1607029328.873970747
1607029328.973974228
1607029329.073974848
1607029329.173874855
1607029329.273973465
1607029329.373971462
1607029329.473972321
1607029329.573881388
1607029329.673972607
1607029329.773974180
1607029329.873970747
1607029329.973970890
1607029330.073970556
1607029330.173968315
1607029330.273969173
1607029330.373976469
1607029330.473969698
1607029330.573970079
1607029330.673969507
1607029330.773973227
1607029330.873967886
1607029330.973975420
1607029331.073971510
1607029331.173970461
1607029331.273977041
1607029331.373836756
1607029331.473974228
1607029331.573972225
1607029331.673970222
1607029331.773841143
1607029331.873969555
1607029331.973968267
1607029332.073976994
1607029332.173971891
1607029332.273875237
1607029332.373967648
1607029332.473968029
1607029332.573971987
1607029332.673866510
1607029332.773966789
1607029332.873967409
1607029332.973965168
1607029333.073970079
1607029333.173965931
1607029333.273967266
1607029333.373965979
1607029333.473969460
1607029333.573867559
1607029333.673966408
1607029333.773974180
1607029333.873968840
1607029333.973854780
1607029334.073975563
1607029334.173967838
1607029334.273974180
1607029334.373970032
1607029334.473876953
1607029334.573877573
1607029334.673967600
1607029334.773967743
1607029334.873973131
1607029334.973969460
1607029335.073969841
1607029335.173970222
1607029335.273883581
1607029335.373971462
1607029335.473970175
1607029335.573971510
1607029335.673828602
1607029335.773969412
1607029335.873970747
1607029335.973970652
1607029336.073976040
1607029336.173874855
1607029336.273894310
1607029336.373971224
1607029336.473868132
1607029336.573973417
1607029336.673969269
1607029336.773970604
1607029336.873865604
1607029336.973970652
1607029337.073877573
1607029337.173974752
1607029337.273946285
1607029337.373975039
1607029337.473873854
1607029337.573972464
1607029337.673986197
1607029337.773972511
1607029337.873968601
