1607029342.875885963
1607029342.976439714
1607029343.076887846
1607029343.177255630
1607029343.277701139
1607029343.378072500
1607029343.478518486
1607029343.578794479
1607029343.679105520
1607029343.779494524
1607029343.879856348
1607029343.980253935
1607029344.080751657
1607029344.181176186
1607029344.281691790
1607029344.382132292
1607029344.482579708
1607029344.583088160
1607029344.683606625
1607029344.784117937
1607029344.884559870
1607029344.984985590
1607029345.085507631
1607029345.186023951
1607029345.286543131
1607029345.386990786
1607029345.487514973
1607029345.587922573
1607029345.688443422
1607029345.788886547
1607029345.889397383
1607029345.989679337
1607029346.090090275
1607029346.190587521
1607029346.291120291
1607029346.391552687
1607029346.491997004
1607029346.592442513
1607029346.692966700
1607029346.793493509
1607029346.893818617
1607029346.994231462
1607029347.094645739
1607029347.195176363
1607029347.295496702
1607029347.395820856
1607029347.496305466
1607029347.596819401
1607029347.697346210
1607029347.797861814
1607029347.898305178
1607029347.998734713
1607029348.099271059
1607029348.199526310
1607029348.299943447
1607029348.400449276
1607029348.500887871
1607029348.601401329
1607029348.701831579
1607029348.802267075
1607029348.902683735
1607029349.003118277
1607029349.103532076
1607029349.203943491
1607029349.304362535
1607029349.404788017
1607029349.505117893
1607029349.605527401
1607029349.705945969
1607029349.806362867
1607029349.906767845
1607029350.007215261
1607029350.107735634
1607029350.208178043
1607029350.308516502
1607029350.408933163
1607029350.509371758
1607029350.609881401
1607029350.710305452
1607029350.810731649
1607029350.911173344
1607029351.011609793
1607029351.112049341
1607029351.212480068
1607029351.312912226
1607029351.413341522
1607029351.513856888
1607029351.614297628
1607029351.714818716
1607029351.815222502
1607029351.915545464
1607029352.016072273
1607029352.116509914
1607029352.216905355
1607029352.317321777
1607029352.417755365
1607029352.518269539
1607029352.618704557
1607029352.719146729
1607029352.819664955
1607029352.920090914
1607029353.020507336
1607029353.120810747
1607029353.221201181
1607029353.321592093
1607029353.421998262
1607029353.522422791
1607029353.622841358
1607029353.723283529
1607029353.823700428
1607029353.924118042
1607029354.024523973
1607029354.124787807
1607029354.225204229
1607029354.325647831
1607029354.426068544
1607029354.526331425
1607029354.626748085
1607029354.727133989
1607029354.827516317
1607029354.927769423
1607029355.028129339
1607029355.128408909
1607029355.228789330
1607029355.329168797
1607029355.429449081
1607029355.529824734
1607029355.630206585
1607029355.730587959
1607029355.830977678
1607029355.931368828
1607029356.031753063
1607029356.132136345
1607029356.232503414
1607029356.332886457
1607029356.433268070
1607029356.533652306
1607029356.634033918
1607029356.734417915
1607029356.834802151
1607029356.935183525
1607029357.035566568
1607029357.135949373
1607029357.236308813
1607029357.336682558
1607029357.437061787
1607029357.537264347
1607029357.637645483
1607029357.738028288
1607029357.838414907
1607029357.938793421
1607029358.039179564
1607029358.139463425
1607029358.239819527
1607029358.340210199
1607029358.440595627
1607029358.540967464
1607029358.641347885
1607029358.741734028
1607029358.842116594
1607029358.942479849
1607029359.042864799
1607029359.143256426
1607029359.243605614
1607029359.343987465
1607029359.444374323
1607029359.544759989
1607029359.645140409
1607029359.745522976
1607029359.845896482
1607029359.946280479
1607029360.046668291
1607029360.147054434
1607029360.247337580
1607029360.347687244
1607029360.448044062
1607029360.548429966
1607029360.648812771
1607029360.749200583
1607029360.849583626
1607029360.949972630
1607029361.050357819
1607029361.150632143
1607029361.251016140
1607029361.351407051
1607029361.451792002
1607029361.552177906
1607029361.652561665
1607029361.752937317
1607029361.853322983
1607029361.953675032
1607029362.054057837
1607029362.154445648
1607029362.254830599
1607029362.355212927
1607029362.455596209
1607029362.555981874
1607029362.656263590
1607029362.756652832
1607029362.857033253
1607029362.957418442
1607029363.057661295
1607029363.158045292
1607029363.258424997
1607029363.358809710
1607029363.459191799
1607029363.559576988
1607029363.659961462
1607029363.760342836
1607029363.860731363
1607029363.961114645
1607029364.061495781
1607029364.161881685
1607029364.262262344
1607029364.362648010
1607029364.463036060
1607029364.563415766
1607029364.663797617
1607029364.764085531
1607029364.864334106
1607029364.964705467
1607029365.065063000
1607029365.165447235
1607029365.265816689
1607029365.366197586
1607029365.466578722
1607029365.566972494
1607029365.667357683
1607029365.767705202
1607029365.868085384
1607029365.968470573
1607029366.068851948
1607029366.169113636
1607029366.269502163
1607029366.369887114
1607029366.470267773
1607029366.570648193
1607029366.671046972
1607029366.771436214
1607029366.871819258
1607029366.972203255
1607029367.072585821
1607029367.172968864
1607029367.273349047
1607029367.373729944
1607029367.474111080
1607029367.574493408
1607029367.674874067
1607029367.775207043
1607029367.875592709
1607029367.975948811
1607029368.076034307
1607029368.176006556
1607029368.276035309
1607029368.376010418
1607029368.476031303
1607029368.576005697
1607029368.676033258
1607029368.776008606
1607029368.876005411
1607029368.976005077
1607029369.076033115
1607029369.176003933
1607029369.276012659
1607029369.376007557
1607029369.476035118
1607029369.576008320
1607029369.675926208
1607029369.776008129
1607029369.876033545
1607029369.976006031
1607029370.076034307
1607029370.175927401
1607029370.276035309
1607029370.376007795
1607029370.476033211
1607029370.576006651
1607029370.676033258
1607029370.776006699
1607029370.876034260
1607029370.976005793
1607029371.076035500
1607029371.176005602
1607029371.276034355
1607029371.376011372
1607029371.476033449
1607029371.576010942
1607029371.676036358
1607029371.776008129
1607029371.876034975
1607029371.976009130
1607029372.076032400
1607029372.176012754
1607029372.276035547
1607029372.376009226
1607029372.476038456
1607029372.576008081
1607029372.676032305
1607029372.775927782
1607029372.876035213
1607029372.976008892
1607029373.076032639
1607029373.176008463
1607029373.276034594
1607029373.376007795
1607029373.476037979
1607029373.576008081
1607029373.676012993
1607029373.776011229
1607029373.876031160
1607029373.976007938
1607029374.076037169
1607029374.175940990
1607029374.276035547
1607029374.376015425
1607029374.476034164
1607029374.576006651
1607029374.676036119
1607029374.776010036
1607029374.876033068
1607029374.976010323
1607029375.076003075
1607029375.176013470
1607029375.276035547
1607029375.376010895
1607029375.476037502
1607029375.576009035
1607029375.676035166
1607029375.776017904
1607029375.876006126
1607029375.975943804
1607029376.076031208
1607029376.176022530
1607029376.276040554
1607029376.376023054
1607029376.476033926
1607029376.576010227
1607029376.676034927
1607029376.775931120
1607029376.876031876
1607029376.976008415
1607029377.076034307
1607029377.176006556
1607029377.276034355
1607029377.376007557
1607029377.476034164
1607029377.575998306
1607029377.676038980
1607029377.776000261
1607029377.876037598
1607029377.975902081
1607029378.076034546
1607029378.176026344
1607029378.276037216
1607029378.376014233
1607029378.476015091
1607029378.575930119
1607029378.676031113
1607029378.776006460
1607029378.876031160
1607029378.975931644
1607029379.076032639
1607029379.176017523
1607029379.276032448
1607029379.376014233
1607029379.476036310
1607029379.576009274
1607029379.676032305
1607029379.776019096
1607029379.876035452
1607029379.976018190
1607029380.076030970
1607029380.176020622
1607029380.276032448
1607029380.376022339
1607029380.476035357
1607029380.576021910
1607029380.676032305
1607029380.776019812
1607029380.876033783
1607029380.976019144
1607029381.076035976
1607029381.176007748
1607029381.276012897
1607029381.376017094
1607029381.476032019
1607029381.576016665
1607029381.676035643
1607029381.776020050
1607029381.876034260
1607029381.976017952
1607029382.076006651
1607029382.176012039
1607029382.276034355
1607029382.376018524
1607029382.476006508
1607029382.576020479
1607029382.676007748
1607029382.775930166
1607029382.876032114
1607029382.976022005
1607029383.076026917
1607029383.176019192
1607029383.276014090
1607029383.375998735
1607029383.475919008
1607029383.576046228
1607029383.676034451
1607029383.776018381
1607029383.875898838
1607029383.976010084
1607029384.076035976
1607029384.176021576
1607029384.276035070
1607029384.376011372
1607029384.476031780
1607029384.576023817
1607029384.676033258
1607029384.776025295
1607029384.876032829
1607029384.976022959
1607029385.076032639
1607029385.175925255
1607029385.276032209
1607029385.376025915
1607029385.476033926
1607029385.576022863
1607029385.676034689
1607029385.776025295
1607029385.876033068
1607029385.976021767
1607029386.076032162
1607029386.176023483
1607029386.276007652
1607029386.376022339
1607029386.476038218
1607029386.576021194
1607029386.676033735
1607029386.775928736
1607029386.876034498
1607029386.976022959
1607029387.076032639
1607029387.176022291
1607029387.276033878
1607029387.376024485
1607029387.476006746
1607029387.576024532
1607029387.676031828
1607029387.776023388
1607029387.876034737
1607029387.976026297
1607029388.076033831
1607029388.176032305
1607029388.276010275
1607029388.376027107
1607029388.476037025
1607029388.576027155
1607029388.676032782
1607029388.776026964
1607029388.875901222
1607029388.976025581
1607029389.076033354
1607029389.176025629
1607029389.276036501
1607029389.376025915
1607029389.476032972
1607029389.576025248
1607029389.676038027
1607029389.775887966
1607029389.876032829
1607029389.976029396
1607029390.076034546
1607029390.175891876
1607029390.276044130
1607029390.376026869
1607029390.476033688
1607029390.576009512
1607029390.676033735
1607029390.776010036
1607029390.876031876
1607029390.976026535
1607029391.075901031
1607029391.176004171
1607029391.276039600
1607029391.376027822
1607029391.475899935
1607029391.576026678
1607029391.676034451
1607029391.776029348
1607029391.876031160
1607029391.975885868
1607029392.076035500
1607029392.176031351
1607029392.276033640
1607029392.376027107
1607029392.476032734
1607029392.576029301
1607029392.675933599
1607029392.776031971
1607029392.875923634
1607029392.976027966
1607029393.076032162
1607029393.176029682
1607029393.275913000
1607029393.376029730
1607029393.476031780
1607029393.576028109
1607029393.676010609
1607029393.776029110
1607029393.876034260
1607029393.976028919
1607029394.076031208
1607029394.175908327
1607029394.276035547
1607029394.376032114
1607029394.476008892
1607029394.575900316
1607029394.676034451
1607029394.776007652
1607029394.876006842
1607029394.976032019
1607029395.075901031
1607029395.176009417
1607029395.276037455
1607029395.376010180
1607029395.476035595
1607029395.576030493
1607029395.676034927
1607029395.776030779
1607029395.876031876
1607029395.976032495
1607029396.076037884
1607029396.176035404
1607029396.276012659
1607029396.376033545
1607029396.476035833
1607029396.576038837
1607029396.676032066
1607029396.776008129
1607029396.876033783
1607029396.976032734
1607029397.076037169
1607029397.176030636
1607029397.276046753
1607029397.376031399
1607029397.476038694
1607029397.576006174
1607029397.676031828
1607029397.776030540
1607029397.876037359
1607029397.976037502
1607029398.076034307
1607029398.176040411
1607029398.276036024
1607029398.376011372
1607029398.476031780
1607029398.576036692
1607029398.676038504
1607029398.776007891
1607029398.876033068
1607029398.976033211
1607029399.076033831
1607029399.176035404
1607029399.276032686
1607029399.376030922
1607029399.476034164
1607029399.576034784
1607029399.676032543
1607029399.776036263
1607029399.876005173
1607029399.976035118
1607029400.076031923
1607029400.176034212
1607029400.276037931
1607029400.375905991
1607029400.476033449
1607029400.576033115
1607029400.676004648
1607029400.775904894
1607029400.876032114
1607029400.976031780
1607029401.076036692
1607029401.176034451
1607029401.275955439
1607029401.376008034
1607029401.476034164
1607029401.576034307
1607029401.675935507
1607029401.776006460
1607029401.876034021
1607029401.976033688
1607029402.076032162
1607029402.176009178
1607029402.276035786
1607029402.376042843
1607029402.476032495
1607029402.575901508
1607029402.676008701
1607029402.776034117
1607029402.876037121
1607029402.975901604
1607029403.076032162
1607029403.176035881
1607029403.276035786
1607029403.376034498
1607029403.475945950
1607029403.576007605
1607029403.676033497
1607029403.776033401
1607029403.875919580
1607029403.976008892
1607029404.075915337
1607029404.176054239
1607029404.276036739
1607029404.375903606
1607029404.475935221
1607029404.576034307
1607029404.676033974
1607029404.776038408
1607029404.876034975
1607029404.976037025
1607029405.076032162
1607029405.175940037
1607029405.275911808
1607029405.376035213
1607029405.476034403
1607029405.576034307
1607029405.675898790
1607029405.776005268
1607029405.876032352
1607029405.976033211
1607029406.076005697
1607029406.176036358
1607029406.276037455
1607029406.376034021
1607029406.476031542
1607029406.575901031
1607029406.676032066
1607029406.776012182
1607029406.876004219
1607029406.976034880
1607029407.076036692
1607029407.176034927
1607029407.276033401
1607029407.376039982
1607029407.475935698
1607029407.576009274
1607029407.676031828
1607029407.776033163
1607029407.875910521
1607029407.976034641
1607029408.076034307
1607029408.176042557
1607029408.276036263
1607029408.376008511
1607029408.476034880
1607029408.576033115
1607029408.676034927
1607029408.775904894
1607029408.876031876
1607029408.976030350
1607029409.076034784
1607029409.176007032
1607029409.276034355
1607029409.376039982
1607029409.476037502
1607029409.576035500
1607029409.676035881
1607029409.776032686
1607029409.876034498
1607029409.976005793
1607029410.076034069
1607029410.176034212
1607029410.276041508
1607029410.376034021
1607029410.476032734
1607029410.576034546
1607029410.676033974
1607029410.776005268
1607029410.876033545
1607029410.976022720
1607029411.076032162
1607029411.176019192
1607029411.276033401
1607029411.376032352
1607029411.476004839
1607029411.576033592
1607029411.676036358
1607029411.776041269
1607029411.875903845
1607029411.976024389
1607029412.076036692
1607029412.175902843
1607029412.275996923
1607029412.376039267
1607029412.476033211
1607029412.576033592
1607029412.676037312
1607029412.775904417
1607029412.876036644
1607029412.976012707
1607029413.076007843
1607029413.175901175
1607029413.276032209
1607029413.376034260
1607029413.476032257
1607029413.576035500
1607029413.675899982
1607029413.776007175
1607029413.876038074
1607029413.976001978
1607029414.075901508
1607029414.176005840
1607029414.276037455
1607029414.376038551
1607029414.476034403
1607029414.575944424
1607029414.676035166
1607029414.776032925
1607029414.876008987
1607029414.975908279
1607029415.076007366
1607029415.176005125
1607029415.276032925
1607029415.375946760
1607029415.476035595
1607029415.576032400
1607029415.676035881
1607029415.776033163
1607029415.875930071
1607029415.976041079
1607029416.076032877
1607029416.176008463
1607029416.276028872
1607029416.376039743
1607029416.476018667
1607029416.575940609
1607029416.676005125
1607029416.776036978
1607029416.875900030
1607029416.976037502
1607029417.076031923
1607029417.176032782
1607029417.276031971
1607029417.376035213
1607029417.476035357
1607029417.576036930
1607029417.676035881
1607029417.776035786
1607029417.876033306
1607029417.976036072
1607029418.076032400
1607029418.176034451
1607029418.276035547
1607029418.376032591
1607029418.476006269
1607029418.576035261
1607029418.676031828
1607029418.776035309
1607029418.876032114
1607029418.975931883
1607029419.076034307
1607029419.176031590
1607029419.276013136
1607029419.375910282
1607029419.476035595
1607029419.576040030
1607029419.676009178
1607029419.776033163
1607029419.875900269
1607029419.976006985
1607029420.076031685
1607029420.176015377
1607029420.275902510
1607029420.375887394
1607029420.476064205
1607029420.576036453
1607029420.676033020
1607029420.776007175
1607029420.876033545
1607029420.976031780
1607029421.076032877
1607029421.176006794
1607029421.276008606
1607029421.376034021
1607029421.476009607
1607029421.576006413
1607029421.676036835
1607029421.776034355
1607029421.876034021
1607029421.976032734
1607029422.075916290
1607029422.176039696
1607029422.276040316
1607029422.376005650
1607029422.476034164
1607029422.576036215
1607029422.676044226
1607029422.776035309
1607029422.876033545
1607029422.976033926
1607029423.076033831
1607029423.176036119
1607029423.276008129
1607029423.376033068
1607029423.476036787
1607029423.576035738
1607029423.676036119
1607029423.776033640
1607029423.875906229
1607029423.976036787
1607029424.076034069
1607029424.176035881
1607029424.276031494
1607029424.376012802
1607029424.476034403
1607029424.576032639
1607029424.676005125
1607029424.776042700
1607029424.876033545
1607029424.976033211
1607029425.076032639
1607029425.176032543
1607029425.276010275
1607029425.376038313
1607029425.476007700
1607029425.576032400
1607029425.675936937
1607029425.776033401
1607029425.876035452
1607029425.976033688
1607029426.076035261
1607029426.176036358
1607029426.276036978
1607029426.376046419
1607029426.476034164
1607029426.576033354
1607029426.676034689
1607029426.776036978
1607029426.876007080
1607029426.976032972
1607029427.076037884
1607029427.176033020
1607029427.276038647
1607029427.376033545
1607029427.476033211
1607029427.576036453
1607029427.676036835
1607029427.776008844
1607029427.876032591
1607029427.976036072
1607029428.076034307
1607029428.176035166
1607029428.275938511
1607029428.375935078
1607029428.476033449
1607029428.576006174
1607029428.675999880
1607029428.776038885
1607029428.876035452
1607029428.976032972
1607029429.076035976
1607029429.175900221
1607029429.276004553
1607029429.376039028
1607029429.476033688
1607029429.576032877
1607029429.676033974
1607029429.776038647
1607029429.876032352
1607029429.976033211
1607029430.076032639
1607029430.176040411
1607029430.276037216
1607029430.375927687
1607029430.476032972
1607029430.576032639
1607029430.676038265
1607029430.776037216
1607029430.876008749
1607029430.976032972
1607029431.076032877
1607029431.176034212
1607029431.276033640
1607029431.376035452
1607029431.476032972
1607029431.576032877
1607029431.676005363
1607029431.776034594
1607029431.876034975
1607029431.976007462
1607029432.076031923
1607029432.176000118
1607029432.275900841
1607029432.376008034
1607029432.476034403
1607029432.576033354
1607029432.675909042
1607029432.776042461
1607029432.876033068
1607029432.976036072
1607029433.076031923
1607029433.176009178
1607029433.276007175
1607029433.376034737
1607029433.476041317
1607029433.575950384
1607029433.676007509
1607029433.776032209
1607029433.876031876
1607029433.975902557
1607029434.076004505
1607029434.176036835
1607029434.276040554
1607029434.376007557
1607029434.475928545
1607029434.576033831
1607029434.676034451
1607029434.776035309
1607029434.875928640
1607029434.976006985
1607029435.076036692
1607029435.176034689
1607029435.276034594
1607029435.375926733
1607029435.476038218
1607029435.576033354
1607029435.676032543
1607029435.775928020
1607029435.876036644
1607029435.976037025
1607029436.076008320
1607029436.176016092
1607029436.276008368
1607029436.376008272
1607029436.476025343
1607029436.576013803
1607029436.675934553
1607029436.775938511
1607029436.876053095
1607029436.976035357
1607029437.075901270
1607029437.176009178
1607029437.276036024
1607029437.376033306
1607029437.476033926
1607029437.576032877
1607029437.676033258
1607029437.776011467
1607029437.876006603
1607029437.975901365
1607029438.076005697
1607029438.176012039
1607029438.276036024
1607029438.376033306
1607029438.476006508
1607029438.576034069
1607029438.676031828
1607029438.776035070
1607029438.875900030
1607029438.976004362
1607029439.076035976
1607029439.176033020
1607029439.276034594
1607029439.376007318
1607029439.476034403
1607029439.576035738
1607029439.676032305
1607029439.775917292
1607029439.876032352
1607029439.976041079
1607029440.076034307
1607029440.176012278
1607029440.276034832
1607029440.376035929
1607029440.476035118
1607029440.576039314
1607029440.675904274
1607029440.776037455
1607029440.876007557
1607029440.976004839
1607029441.076039076
1607029441.176033258
1607029441.276032925
1607029441.376033545
1607029441.476031780
1607029441.575911045
1607029441.676033974
1607029441.776034117
1607029441.876031399
1607029441.976035833
1607029442.076037645
1607029442.176008463
1607029442.276032925
1607029442.376038074
1607029442.476035357
1607029442.576036215
1607029442.676035166
1607029442.776033640
1607029442.876039028
