1607028817.866134405
1607028817.966339588
1607028818.066647053
1607028818.166970730
1607028818.267277718
1607028818.367485762
1607028818.467761755
1607028818.568067551
1607028818.668378115
1607028818.768733263
1607028818.869035006
1607028818.969352245
1607028819.069661856
1607028819.169969082
1607028819.270275831
1607028819.370582819
1607028819.470889568
1607028819.571159124
1607028819.671330929
1607028819.771637678
1607028819.871946096
1607028819.972256660
1607028820.072568655
1607028820.172878981
1607028820.273188591
1607028820.373497963
1607028820.473803997
1607028820.574111223
1607028820.674419165
1607028820.774729490
1607028820.875036955
1607028820.975350380
1607028821.075661421
1607028821.175940990
1607028821.276248693
1607028821.376557350
1607028821.476866245
1607028821.577174425
1607028821.677481413
1607028821.777791500
1607028821.878146648
1607028821.978457689
1607028822.078765392
1607028822.179074287
1607028822.279385328
1607028822.379698753
1607028822.479872704
1607028822.580180168
1607028822.680473089
1607028822.780773163
1607028822.881086588
1607028822.981398106
1607028823.081706762
1607028823.182021856
1607028823.282334089
1607028823.382644176
1607028823.482940674
1607028823.583269358
1607028823.683579683
1607028823.783893108
1607028823.884208918
1607028823.984522104
1607028824.084830046
1607028824.185139894
1607028824.285356760
1607028824.385663509
1607028824.485972643
1607028824.586280107
1607028824.686588287
1607028824.786896229
1607028824.887212992
1607028824.987526894
1607028825.087812424
1607028825.188092947
1607028825.288449287
1607028825.388732910
1607028825.489040613
1607028825.589213848
1607028825.689388514
1607028825.789701223
1607028825.890011787
1607028825.990216255
1607028826.090527296
1607028826.190837860
1607028826.291146755
1607028826.391438723
1607028826.491745949
1607028826.592054844
1607028826.692361832
1607028826.792666197
1607028826.892949104
1607028826.993255138
1607028827.093562841
1607028827.193871021
1607028827.294180393
1607028827.394485474
1607028827.494797230
1607028827.595107794
1607028827.695421934
1607028827.795639038
1607028827.895953417
1607028827.996261835
1607028828.096471310
1607028828.196770668
1607028828.297080040
1607028828.397388697
1607028828.497694731
1607028828.598001957
1607028828.698207617
1607028828.798515320
1607028828.898824215
1607028828.999130964
1607028829.099349737
1607028829.199626207
1607028829.299934149
1607028829.400224686
1607028829.500531673
1607028829.600840807
1607028829.701147556
1607028829.801454306
1607028829.901763201
1607028830.002071857
1607028830.102379322
1607028830.202683687
1607028830.302994013
1607028830.403294086
1607028830.503566027
1607028830.603839636
1607028830.703998804
1607028830.804224253
1607028830.904543877
1607028831.004853487
1607028831.105167866
1607028831.205472946
1607028831.305777788
1607028831.406084061
1607028831.506389856
1607028831.606699228
1607028831.706911325
1607028831.807227373
1607028831.907535076
1607028832.007841587
1607028832.108150005
1607028832.208465576
1607028832.308775902
1607028832.409082890
1607028832.509389162
1607028832.609684467
1607028832.709989309
1607028832.810298204
1607028832.910603523
1607028833.010915756
1607028833.111237764
1607028833.211545467
1607028833.311851978
1607028833.412164450
1607028833.512475491
1607028833.612773657
1607028833.713078976
1607028833.813386440
1607028833.913692713
1607028834.014001369
1607028834.114308596
1607028834.214621544
1607028834.314927101
1607028834.415163040
1607028834.515472651
1607028834.615685701
1607028834.715992451
1607028834.816298723
1607028834.916604757
1607028835.016914606
1607028835.117223024
1607028835.217530012
1607028835.317835093
1607028835.418141842
1607028835.518449545
1607028835.618752718
1607028835.719061375
1607028835.819370031
1607028835.919643402
1607028836.019950390
1607028836.120240688
1607028836.220552921
1607028836.320741892
1607028836.421049595
1607028836.521362543
1607028836.621672869
1607028836.721983194
1607028836.822291613
1607028836.922597647
1607028837.022905350
1607028837.123230934
1607028837.223403692
1607028837.323674440
1607028837.423980713
1607028837.524263859
1607028837.624434710
1607028837.724731445
1607028837.825033188
1607028837.925343037
1607028838.025557756
1607028838.125862598
1607028838.226170301
1607028838.326477766
1607028838.426783323
1607028838.527090549
1607028838.627396584
1607028838.727704763
1607028838.828011513
1607028838.928318024
1607028839.028611660
1607028839.128921032
1607028839.229231596
1607028839.329538345
1607028839.429749012
1607028839.530055046
1607028839.630362511
1607028839.730674505
1607028839.830994844
1607028839.931302309
1607028840.031516075
1607028840.131822109
1607028840.232131481
1607028840.332442999
1607028840.432754517
1607028840.533065319
1607028840.633371830
1607028840.733676672
1607028840.833981514
1607028840.934290171
1607028841.034597397
1607028841.134900570
1607028841.235224009
1607028841.335494757
1607028841.435707569
1607028841.535916805
1607028841.636221647
1607028841.736437082
1607028841.836731195
1607028841.937036991
1607028842.037344933
1607028842.137516260
1607028842.237821817
1607028842.338131189
1607028842.438436747
1607028842.538729906
1607028842.639035225
1607028842.739347696
1607028842.839658499
1607028842.939966202
1607028843.040272951
1607028843.140577078
1607028843.240882874
1607028843.341188431
1607028843.441495895
1607028843.541801214
1607028843.642110825
1607028843.742416620
1607028843.842718601
1607028843.943028927
1607028844.043339968
1607028844.143651724
1607028844.243962526
1607028844.344168663
1607028844.444458485
1607028844.544764280
1607028844.645072222
1607028844.745375633
1607028844.845684767
1607028844.945993423
1607028845.046301365
1607028845.146607399
1607028845.246918440
1607028845.347249031
1607028845.447556019
1607028845.547866106
1607028845.648173094
1607028845.748464108
1607028845.848761082
1607028845.949069023
1607028846.049374819
1607028846.149679661
1607028846.249987125
1607028846.350298882
1607028846.450610638
1607028846.550930023
1607028846.651251554
1607028846.751556158
1607028846.851863384
1607028846.952146769
1607028847.052453041
1607028847.152759075
1607028847.253064156
1607028847.353374481
1607028847.453686476
1607028847.553998232
1607028847.654308319
1607028847.754622221
1607028847.854930162
1607028847.955160618
1607028848.055471659
1607028848.155775785
1607028848.256080866
1607028848.356371164
1607028848.456682205
1607028848.556988001
1607028848.657293797
1607028848.757494688
1607028848.857802391
1607028848.958113194
1607028849.058419466
1607028849.158726692
1607028849.259035349
1607028849.359341383
1607028849.459647894
1607028849.559956551
1607028849.660264969
1607028849.760437250
1607028849.860744953
1607028849.961047888
1607028850.061353683
1607028850.161660194
1607028850.261962891
1607028850.362269163
1607028850.462575197
1607028850.562747717
1607028850.663067102
1607028850.763379335
1607028850.863688707
1607028850.963874340
1607028851.064180136
1607028851.164485693
1607028851.264791489
1607028851.365098715
1607028851.465404034
1607028851.565711021
1607028851.666016817
1607028851.766327620
1607028851.866382599
1607028851.966377974
1607028852.066379309
1607028852.166379690
1607028852.266376734
1607028852.366378307
1607028852.466378689
1607028852.566378117
1607028852.666382551
1607028852.766381502
1607028852.866380215
1607028852.966377497
1607028853.066385746
1607028853.166383028
1607028853.266377687
1607028853.366380215
1607028853.466379881
1607028853.566378593
1607028853.666378736
1607028853.766378403
1607028853.866379499
1607028853.966282606
1607028854.066381216
1607028854.166381836
1607028854.266383410
1607028854.366389751
1607028854.466383457
1607028854.566378117
1607028854.666379929
1607028854.766380310
1607028854.866378546
1607028854.966379642
1607028855.066378117
1607028855.166378260
1607028855.266378403
1607028855.366377354
1607028855.466375351
1607028855.566376448
1607028855.666374207
1607028855.766380787
1607028855.866375923
1607028855.966377735
1607028856.066382170
1607028856.166375637
1607028856.266377687
1607028856.366375923
1607028856.466282368
1607028856.566282988
1607028856.666210413
1607028856.766366959
1607028856.866384029
1607028856.966379881
1607028857.066383362
1607028857.166380167
1607028857.266381025
1607028857.366380453
1607028857.466379166
1607028857.566384554
1607028857.666378736
1607028857.766381025
1607028857.866380453
1607028857.966380835
1607028858.066386223
1607028858.166381121
1607028858.266380072
1607028858.366384029
1607028858.466378450
1607028858.566377878
1607028858.666380882
1607028858.766378880
1607028858.866379976
1607028858.966380596
1607028859.066378117
1607028859.166378975
1607028859.266391039
1607028859.366381645
1607028859.466380119
1607028859.566380501
1607028859.666384459
1607028859.766364336
1607028859.866382599
1607028859.966382980
1607028860.066379070
1607028860.166382551
1607028860.266382694
1607028860.366377592
1607028860.466379166
1607028860.566380978
1607028860.666250706
1607028860.766377449
1607028860.866379499
1607028860.966385365
1607028861.066379309
1607028861.166382074
1607028861.266387224
1607028861.366379499
1607028861.466379404
1607028861.566285849
1607028861.666378260
1607028861.766381264
1607028861.866382599
1607028861.966245174
1607028862.066376686
1607028862.166380405
1607028862.266385078
1607028862.366383076
1607028862.466379166
1607028862.566382170
1607028862.666376591
1607028862.766380310
1607028862.866358519
1607028862.966377497
1607028863.066380024
1607028863.166382074
1607028863.266387463
1607028863.366380453
1607028863.466379881
1607028863.566385984
1607028863.666378260
1607028863.766379356
1607028863.866382837
1607028863.966379881
1607028864.066378832
1607028864.166379690
1607028864.266379595
1607028864.366380215
1607028864.466382504
1607028864.566378593
1607028864.666377783
1607028864.766381741
1607028864.866385698
1607028864.966380596
1607028865.066375732
1607028865.166381359
1607028865.266376972
1607028865.366381168
1607028865.466246128
1607028865.566380978
1607028865.666377544
1607028865.766381741
1607028865.866378784
1607028865.966380596
1607028866.066376448
1607028866.166385651
1607028866.266284227
1607028866.366350889
1607028866.466352940
1607028866.566378832
1607028866.666297436
1607028866.766380072
1607028866.866377115
1607028866.966380358
1607028867.066381931
1607028867.166380405
1607028867.266378641
1607028867.366380215
1607028867.466383219
1607028867.566378832
1607028867.666378260
1607028867.766382456
1607028867.866380692
1607028867.966381311
1607028868.066379309
1607028868.166246414
1607028868.266381264
1607028868.366383791
1607028868.466378689
1607028868.566379786
1607028868.666377306
1607028868.766379595
1607028868.866379499
1607028868.966379404
1607028869.066247463
1607028869.166380167
1607028869.266378880
1607028869.366378546
1607028869.466274023
1607028869.566380024
1607028869.666383266
1607028869.766380072
1607028869.866379261
1607028869.966248274
1607028870.066377640
1607028870.166378736
1607028870.266376972
1607028870.366384983
1607028870.466379166
1607028870.566380739
1607028870.666378498
1607028870.766383410
1607028870.866380692
1607028870.966382504
1607028871.066384315
1607028871.166381359
1607028871.266379356
1607028871.366383076
1607028871.466381788
1607028871.566380262
1607028871.666244507
1607028871.766377926
1607028871.866380453
1607028871.966378689
1607028872.066379547
1607028872.166382313
1607028872.266382694
1607028872.366384029
1607028872.466380358
1607028872.566374779
1607028872.666377068
1607028872.766381502
1607028872.866378307
1607028872.966281414
1607028873.066282034
1607028873.166365862
1607028873.266283035
1607028873.366283655
1607028873.466243029
1607028873.566376448
1607028873.666375637
1607028873.766378164
1607028873.866381645
1607028873.966379642
1607028874.066379786
1607028874.166365385
1607028874.266356468
1607028874.366289377
1607028874.466379166
1607028874.566380739
1607028874.666378736
1607028874.766381741
1607028874.866384268
1607028874.966378689
1607028875.066382408
1607028875.166382551
1607028875.266349077
1607028875.366379738
1607028875.466382265
1607028875.566384554
1607028875.666269302
1607028875.766378880
1607028875.866380930
1607028875.966379642
1607028876.066383362
1607028876.166357279
1607028876.266378164
1607028876.366381407
1607028876.466382980
1607028876.566378117
1607028876.666373491
1607028876.766380310
1607028876.866385460
1607028876.966378689
1607028877.066286087
1607028877.166381598
1607028877.266377926
1607028877.366378546
1607028877.466379881
1607028877.566377640
1607028877.666367769
1607028877.766383886
1607028877.866378307
1607028877.966381073
1607028878.066381454
1607028878.166386366
1607028878.266376972
1607028878.366264820
1607028878.466382265
1607028878.566377878
1607028878.666375875
1607028878.766251564
1607028878.866381168
1607028878.966380835
1607028879.066381454
1607028879.166379213
1607028879.266247988
1607028879.366382360
1607028879.466386318
1607028879.566380024
1607028879.666259527
1607028879.766381264
1607028879.866379976
1607028879.966378927
1607028880.066380262
1607028880.166378260
1607028880.266381025
1607028880.366381645
1607028880.466378689
1607028880.566378355
1607028880.666209936
1607028880.766380787
1607028880.866379023
1607028880.966377497
1607028881.066382408
1607028881.166379213
1607028881.266380310
1607028881.366380692
1607028881.466262817
1607028881.566279650
1607028881.666384935
1607028881.766388178
1607028881.866378307
1607028881.966382027
1607028882.066380501
1607028882.166378975
1607028882.266378403
1607028882.366383553
1607028882.466379166
1607028882.566376448
1607028882.666381121
1607028882.766378641
1607028882.866381168
1607028882.966382027
1607028883.066379309
1607028883.166381598
1607028883.266287088
1607028883.366382360
1607028883.466378689
1607028883.566378117
1607028883.666384220
1607028883.766377211
1607028883.866377592
1607028883.966381550
1607028884.066376925
1607028884.166382074
1607028884.266383171
1607028884.366380215
1607028884.466380596
1607028884.566380978
1607028884.666376829
1607028884.766376019
1607028884.866377592
1607028884.966387510
1607028885.066378832
1607028885.166378021
1607028885.266381979
1607028885.366377592
1607028885.466380835
1607028885.566387892
1607028885.666380644
1607028885.766379356
1607028885.866384506
1607028885.966377974
1607028886.066380978
1607028886.166378975
1607028886.266282320
1607028886.366285563
1607028886.466385841
1607028886.566381693
1607028886.666378736
1607028886.766381502
1607028886.866378069
1607028886.966378450
1607028887.066378832
1607028887.166380167
1607028887.266379118
1607028887.366379499
1607028887.466362000
1607028887.566380501
1607028887.666379929
1607028887.766377926
1607028887.866379499
1607028887.966375351
1607028888.066376448
1607028888.166380882
1607028888.266378164
1607028888.366379499
1607028888.466377735
1607028888.566378593
1607028888.666377068
1607028888.766375065
1607028888.866356850
1607028888.966282129
1607028889.066281080
1607028889.166275740
1607028889.266209364
1607028889.366280317
1607028889.466376781
1607028889.566380024
1607028889.666383266
1607028889.766369104
1607028889.866378546
1607028889.966382980
1607028890.066379309
1607028890.166384459
1607028890.266376734
1607028890.366389275
1607028890.466382742
1607028890.566378355
1607028890.666244268
1607028890.766358137
1607028890.866379023
1607028890.966380596
1607028891.066379070
1607028891.166380167
1607028891.266379833
1607028891.366379499
1607028891.466386318
1607028891.566376686
1607028891.666378498
1607028891.766346693
1607028891.866378784
1607028891.966245413
1607028892.066379786
1607028892.166378975
1607028892.266381025
1607028892.366381407
1607028892.466243982
1607028892.566371441
1607028892.666379690
1607028892.766270161
1607028892.866355896
1607028892.966377735
1607028893.066384077
1607028893.166379690
1607028893.266380310
1607028893.366378784
1607028893.466377974
1607028893.566344261
1607028893.666382313
1607028893.766246080
1607028893.866381168
1607028893.966378450
1607028894.066380501
1607028894.166383505
1607028894.266379833
1607028894.366386652
1607028894.466378212
1607028894.566377640
1607028894.666357517
1607028894.766377687
1607028894.866381645
1607028894.966380596
1607028895.066379786
1607028895.166381121
1607028895.266378641
1607028895.366378784
1607028895.466382742
1607028895.566379309
1607028895.666383982
1607028895.766379595
1607028895.866380692
1607028895.966380835
1607028896.066379786
1607028896.166381598
1607028896.266382217
1607028896.366379499
1607028896.466286182
1607028896.566378117
1607028896.666381359
1607028896.766377926
1607028896.866380692
1607028896.966379166
1607028897.066378593
1607028897.166380882
1607028897.266379356
1607028897.366378546
1607028897.466381311
1607028897.566384077
1607028897.666384935
1607028897.766382933
1607028897.866380930
1607028897.966382027
1607028898.066378355
1607028898.166380405
1607028898.266378641
1607028898.366379261
1607028898.466380358
1607028898.566377878
1607028898.666296482
1607028898.766383171
1607028898.866379023
1607028898.966379642
1607028899.066379547
1607028899.166378260
1607028899.266379595
1607028899.366379023
1607028899.466380119
1607028899.566379547
1607028899.666379213
1607028899.766379118
1607028899.866379976
1607028899.966377735
1607028900.066384315
1607028900.166379213
1607028900.266378641
1607028900.366378069
1607028900.466378212
1607028900.566386938
1607028900.666382790
1607028900.766380310
1607028900.866379976
1607028900.966378927
1607028901.066379070
1607028901.166364193
1607028901.266379356
1607028901.366378546
1607028901.466382742
1607028901.566377640
1607028901.666378975
1607028901.766378880
1607028901.866383314
1607028901.966378450
1607028902.066378117
1607028902.166378975
1607028902.266378403
1607028902.366380453
1607028902.466382027
1607028902.566379547
1607028902.666383505
1607028902.766379595
1607028902.866379976
1607028902.966275930
1607028903.066379309
1607028903.166378021
1607028903.266379595
1607028903.366382360
1607028903.466378450
1607028903.566379309
1607028903.666378736
1607028903.766381741
1607028903.866285563
1607028903.966382980
1607028904.066380024
1607028904.166381121
1607028904.266245365
1607028904.366369963
1607028904.466377497
1607028904.566359043
1607028904.666379929
1607028904.766348839
1607028904.866375446
1607028904.966337681
1607028905.066349745
1607028905.166246414
1607028905.266379118
1607028905.366380215
1607028905.466378927
1607028905.566381693
1607028905.666378975
1607028905.766380548
1607028905.866379499
1607028905.966381311
1607028906.066381693
1607028906.166379452
1607028906.266378641
1607028906.366383553
1607028906.466381311
1607028906.566379070
1607028906.666386604
1607028906.766380787
1607028906.866380692
1607028906.966379642
1607028907.066389084
1607028907.166379213
1607028907.266381502
1607028907.366258144
1607028907.466379166
1607028907.566388369
1607028907.666383982
1607028907.766287088
1607028907.866282701
1607028907.966380119
1607028908.066380262
1607028908.166380644
1607028908.266283035
1607028908.366381645
1607028908.466380119
1607028908.566382885
1607028908.666382074
1607028908.766281605
1607028908.866379023
1607028908.966381550
1607028909.066383362
1607028909.166282415
1607028909.266381741
1607028909.366379261
1607028909.466379166
1607028909.566379547
1607028909.666377783
1607028909.766379595
1607028909.866381407
1607028909.966283321
1607028910.066282988
1607028910.166378975
1607028910.266379833
1607028910.366382360
1607028910.466281652
1607028910.566380024
1607028910.666378498
1607028910.766379595
1607028910.866380215
1607028910.966286421
1607028911.066381693
1607028911.166381836
1607028911.266379356
1607028911.366283178
1607028911.466379642
1607028911.566384792
1607028911.666379213
1607028911.766379118
1607028911.866385460
1607028911.966379642
1607028912.066380262
1607028912.166379929
1607028912.266378403
1607028912.366378546
1607028912.466381550
1607028912.566378832
1607028912.666378736
1607028912.766378880
1607028912.866379023
1607028912.966379881
1607028913.066387177
1607028913.166358232
1607028913.266383648
1607028913.366379976
1607028913.466379166
1607028913.566244602
1607028913.666378736
1607028913.766384840
1607028913.866378069
1607028913.966379881
1607028914.066380501
1607028914.166382074
1607028914.266377449
1607028914.366380215
1607028914.466383219
1607028914.566380262
1607028914.666381598
1607028914.766380072
1607028914.866379738
1607028914.966246843
1607028915.066382170
1607028915.166378975
1607028915.266380310
1607028915.366381407
1607028915.466378450
1607028915.566379309
1607028915.666382074
1607028915.766384602
1607028915.866378784
1607028915.966381073
1607028916.066380024
1607028916.166380405
1607028916.266381264
1607028916.366382122
1607028916.466380119
1607028916.566381931
1607028916.666377068
1607028916.766379833
1607028916.866378546
1607028916.966384649
1607028917.066383600
1607028917.166379452
1607028917.266387463
1607028917.366378784
1607028917.466377974
1607028917.566381931
1607028917.666382551
1607028917.766378880
1607028917.866381168
