1607028507.862446785
1607028507.962729216
1607028508.063063145
1607028508.163267136
1607028508.263466358
1607028508.363635540
1607028508.463915586
1607028508.564217806
1607028508.664523602
1607028508.764817953
1607028508.865123034
1607028508.965438843
1607028509.065736294
1607028509.166044712
1607028509.266350269
1607028509.366559029
1607028509.466865540
1607028509.567150831
1607028509.667310238
1607028509.767616034
1607028509.867923975
1607028509.968235254
1607028510.068529844
1607028510.168855667
1607028510.269158602
1607028510.369462729
1607028510.469661474
1607028510.569867611
1607028510.670200348
1607028510.770503283
1607028510.870805502
1607028510.971017122
1607028511.071210623
1607028511.171422958
1607028511.271700382
1607028511.371995449
1607028511.472208977
1607028511.572493553
1607028511.672847033
1607028511.773178577
1607028511.873368979
1607028511.973673344
1607028512.073978662
1607028512.174282312
1607028512.274431705
1607028512.374633074
1607028512.474940300
1607028512.575260401
1607028512.675564528
1607028512.775777817
1607028512.876058102
1607028512.976387262
1607028513.076690674
1607028513.176897049
1607028513.277212620
1607028513.377486229
1607028513.477790356
1607028513.578100204
1607028513.678404570
1607028513.778707266
1607028513.879007816
1607028513.979316235
1607028514.079518080
1607028514.179849625
1607028514.280151606
1607028514.380438089
1607028514.480735779
1607028514.581039667
1607028514.681341887
1607028514.781646013
1607028514.881978273
1607028514.982251406
1607028515.082556009
1607028515.182859182
1607028515.283071995
1607028515.383277655
1607028515.483486176
1607028515.583817244
1607028515.684123993
1607028515.784430265
1607028515.884738445
1607028515.985005617
1607028516.085297585
1607028516.185576439
1607028516.285880089
1607028516.386170149
1607028516.486474991
1607028516.586791277
1607028516.687097788
1607028516.787400961
1607028516.887705803
1607028516.988010645
1607028517.088310480
1607028517.188627243
1607028517.288930416
1607028517.389236212
1607028517.489546299
1607028517.589839458
1607028517.690146446
1607028517.790538549
1607028517.890844822
1607028517.991150856
1607028518.091480494
1607028518.191769838
1607028518.292073250
1607028518.392357349
1607028518.492660999
1607028518.592966557
1607028518.693275452
1607028518.793565750
1607028518.893887997
1607028518.994190693
1607028519.094495296
1607028519.194802046
1607028519.295106888
1607028519.395423889
1607028519.495752096
1607028519.596055508
1607028519.696362734
1607028519.796538353
1607028519.896852493
1607028519.997169971
1607028520.097472668
1607028520.197638512
1607028520.297941446
1607028520.398254156
1607028520.498557091
1607028520.598859787
1607028520.699151754
1607028520.799481153
1607028520.899786949
1607028521.000062943
1607028521.100369453
1607028521.200660706
1607028521.300967455
1607028521.401270866
1607028521.501567364
1607028521.601874828
1607028521.702177525
1607028521.802481651
1607028521.902786255
1607028522.003090620
1607028522.103375435
1607028522.203678608
1607028522.303983927
1607028522.404299974
1607028522.504605293
1607028522.604895353
1607028522.705107927
1607028522.805413723
1607028522.905719280
1607028523.006026268
1607028523.106329918
1607028523.206636906
1607028523.306939363
1607028523.407259226
1607028523.507590055
1607028523.607893229
1607028523.708186626
1607028523.808475494
1607028523.908779144
1607028524.009085178
1607028524.109390020
1607028524.209693193
1607028524.310020685
1607028524.410323143
1607028524.510628939
1607028524.610930443
1607028524.711245775
1607028524.811451912
1607028524.911754370
1607028525.012059689
1607028525.112354994
1607028525.212657452
1607028525.312971592
1607028525.413270473
1607028525.513576269
1607028525.613886356
1607028525.714187384
1607028525.814491034
1607028525.914828539
1607028526.015133142
1607028526.115353823
1607028526.215655804
1607028526.315959454
1607028526.416266680
1607028526.516570330
1607028526.616877079
1607028526.717206240
1607028526.817518234
1607028526.917824507
1607028527.018131971
1607028527.118436337
1607028527.218748331
1607028527.319056034
1607028527.419258595
1607028527.519554138
1607028527.619856834
1607028527.720144510
1607028527.820317507
1607028527.920621157
1607028528.020928621
1607028528.121230364
1607028528.221531630
1607028528.321854115
1607028528.422157049
1607028528.522459030
1607028528.622750521
1607028528.723053932
1607028528.823355436
1607028528.923660517
1607028529.023963213
1607028529.124261379
1607028529.224550009
1607028529.324857712
1607028529.425160646
1607028529.525468826
1607028529.625770569
1607028529.726042986
1607028529.826348305
1607028529.926678896
1607028530.026983500
1607028530.127298355
1607028530.227566481
1607028530.327868938
1607028530.428171396
1607028530.528475523
1607028530.628778219
1607028530.729116678
1607028530.829419613
1607028530.929724216
1607028531.030028343
1607028531.130331993
1607028531.230634689
1607028531.330938339
1607028531.431160212
1607028531.531494141
1607028531.631798029
1607028531.732035398
1607028531.832314968
1607028531.932617426
1607028532.032920837
1607028532.133222580
1607028532.233526707
1607028532.333741903
1607028532.434038401
1607028532.534343243
1607028532.634671450
1607028532.734983206
1607028532.835288286
1607028532.935484171
1607028533.035790443
1607028533.136070013
1607028533.236372948
1607028533.336701870
1607028533.437004328
1607028533.537221909
1607028533.637525797
1607028533.737826347
1607028533.838131428
1607028533.938431740
1607028534.038724661
1607028534.139032841
1607028534.239361286
1607028534.339665413
1607028534.439879179
1607028534.540067911
1607028534.640375137
1607028534.740692854
1607028534.840903044
1607028534.941205263
1607028535.041507006
1607028535.141817331
1607028535.242124319
1607028535.342428446
1607028535.442733049
1607028535.543062449
1607028535.643371105
1607028535.743677139
1607028535.843983650
1607028535.944285393
1607028536.044589996
1607028536.144907475
1607028536.245208979
1607028536.345516682
1607028536.445820332
1607028536.546123505
1607028536.646429539
1607028536.746707678
1607028536.847015142
1607028536.947351217
1607028537.047560215
1607028537.147730827
1607028537.248006344
1607028537.348308325
1607028537.448610783
1607028537.548942566
1607028537.649248362
1607028537.749552011
1607028537.849853039
1607028537.950167179
1607028538.050378084
1607028538.150682449
1607028538.250986576
1607028538.351270437
1607028538.451576710
1607028538.551851273
1607028538.652159214
1607028538.752469063
1607028538.852671862
1607028538.952971220
1607028539.053278208
1607028539.153606892
1607028539.253908396
1607028539.354123592
1607028539.454427481
1607028539.554730177
1607028539.655034542
1607028539.755337477
1607028539.855644703
1607028539.955944777
1607028540.056246996
1607028540.156545401
1607028540.256750107
1607028540.357048750
1607028540.457351446
1607028540.557653904
1607028540.657958508
1607028540.758241177
1607028540.858546019
1607028540.958824396
1607028541.059129953
1607028541.159289122
1607028541.259503841
1607028541.359720230
1607028541.459924698
1607028541.560129881
1607028541.660325050
1607028541.760498524
1607028541.860807180
1607028541.961110353
1607028542.061309099
1607028542.161609650
1607028542.261912346
1607028542.362214804
1607028542.462387085
1607028542.562580347
1607028542.662688732
1607028542.762688398
1607028542.862693548
1607028542.962594032
1607028543.062707901
1607028543.162696838
1607028543.262687922
1607028543.362594128
1607028543.462690830
1607028543.562689066
1607028543.662690639
1607028543.762692928
1607028543.862553120
1607028543.962687016
1607028544.062689304
1607028544.162586212
1607028544.262592793
1607028544.362689018
1607028544.462656260
1607028544.562688112
1607028544.662691116
1607028544.762658596
1607028544.862688780
1607028544.962690353
1607028545.062659025
1607028545.162592888
1607028545.262687922
1607028545.362688541
1607028545.462693930
1607028545.562560797
1607028545.662689209
1607028545.762680769
1607028545.862714291
1607028545.962697744
1607028546.062691927
1607028546.162688494
1607028546.262690544
1607028546.362687111
1607028546.462673426
1607028546.562690735
1607028546.662688732
1607028546.762693882
1607028546.862560511
1607028546.962688923
1607028547.062690258
1607028547.162690163
1607028547.262691021
1607028547.362692118
1607028547.462591410
1607028547.562690258
1607028547.662591457
1607028547.762690067
1607028547.862595558
1607028547.962695599
1607028548.062655687
1607028548.162685633
1607028548.262687445
1607028548.362694740
1607028548.462690592
1607028548.562717676
1607028548.662711143
1607028548.762685776
1607028548.862691164
1607028548.962689877
1607028549.062692404
1607028549.162561417
1607028549.262607098
1607028549.362692118
1607028549.462687254
1607028549.562559128
1607028549.662690401
1607028549.762690306
1607028549.862682104
1607028549.962691545
1607028550.062672853
1607028550.162685633
1607028550.262687445
1607028550.362650394
1607028550.462553024
1607028550.562684536
1607028550.662687063
1607028550.762687445
1607028550.862690210
1607028550.962699175
1607028551.062687635
1607028551.162593126
1607028551.262691498
1607028551.362697124
1607028551.462697983
1607028551.562669516
1607028551.662693262
1607028551.762687206
1607028551.862697601
1607028551.962591410
1607028552.062688589
1607028552.162682533
1607028552.262570381
1607028552.362694502
1607028552.462716341
1607028552.562702179
1607028552.662560701
1607028552.762618542
1607028552.862688065
1607028552.962690592
1607028553.062688351
1607028553.162672281
1607028553.262522459
1607028553.362553596
1607028553.462549448
1607028553.562695265
1607028553.662681818
1607028553.762692213
1607028553.862679005
1607028553.962688446
1607028554.062666655
1607028554.162687302
1607028554.262593985
1607028554.362672806
1607028554.462670326
1607028554.562693119
1607028554.662688255
1607028554.762591362
1607028554.862690210
1607028554.962682247
1607028555.062690020
1607028555.162690878
1607028555.262690544
1607028555.362690210
1607028555.462687492
1607028555.562696695
1607028555.662692308
1607028555.762689829
1607028555.862693310
1607028555.962687731
1607028556.062688589
1607028556.162676811
1607028556.262688398
1607028556.362690449
1607028556.462689638
1607028556.562725306
1607028556.662715435
1607028556.762682438
1607028556.862694979
1607028556.962690353
1607028557.062687874
1607028557.162691116
1607028557.262686968
1607028557.362654448
1607028557.462695599
1607028557.562687635
1607028557.662561655
1607028557.762671471
1607028557.862596750
1607028557.962532043
1607028558.062690973
1607028558.162689686
1607028558.262544155
1607028558.362689018
1607028558.462692499
1607028558.562663555
1607028558.662687540
1607028558.762687683
1607028558.862688303
1607028558.962690353
1607028559.062684536
1607028559.162665129
1607028559.262690067
1607028559.362689018
1607028559.462715387
1607028559.562700510
1607028559.662692547
1607028559.762680054
1607028559.862692118
1607028559.962692261
1607028560.062689066
1607028560.162687063
1607028560.262690067
1607028560.362684011
1607028560.462689638
1607028560.562689781
1607028560.662688732
1607028560.762657642
1607028560.862593651
1607028560.962593079
1607028561.062690973
1607028561.162686586
1607028561.262689829
1607028561.362556219
1607028561.462701559
1607028561.562591791
1607028561.662691355
1607028561.762699127
1607028561.862689018
1607028561.962689400
1607028562.062694311
1607028562.162672997
1607028562.262590885
1607028562.362705946
1607028562.462695360
1607028562.562695265
1607028562.662600517
1607028562.762687206
1607028562.862690210
1607028562.962690830
1607028563.062688589
1607028563.162595034
1607028563.262688398
1607028563.362691879
1607028563.462686777
1607028563.562567949
1607028563.662697077
1607028563.762691259
1607028563.862689257
1607028563.962687731
1607028564.062689304
1607028564.162689686
1607028564.262690544
1607028564.362691879
1607028564.462532759
1607028564.562687874
1607028564.662696123
1607028564.762662411
1607028564.862689257
1607028564.962690592
1607028565.062716007
1607028565.162712336
1607028565.262697220
1607028565.362688780
1607028565.462695360
1607028565.562593937
1607028565.662688255
1607028565.762688637
1607028565.862688780
1607028565.962694883
1607028566.062688589
1607028566.162688255
1607028566.262691498
1607028566.362688541
1607028566.462692499
1607028566.562692404
1607028566.662688971
1607028566.762689590
1607028566.862692595
1607028566.962679625
1607028567.062690020
1607028567.162688017
1607028567.262693644
1607028567.362688780
1607028567.462687731
1607028567.562692642
1607028567.662689447
1607028567.762692928
1607028567.862692118
1607028567.962618351
1607028568.062590837
1607028568.162690163
1607028568.262691975
1607028568.362688541
1607028568.462689877
1607028568.562694550
1607028568.662692785
1607028568.762658358
1607028568.862690449
1607028568.962688684
1607028569.062694788
1607028569.162689209
1607028569.262688160
1607028569.362691402
1607028569.462690592
1607028569.562592745
1607028569.662688732
1607028569.762689114
1607028569.862679243
1607028569.962689877
1607028570.062691450
1607028570.162689924
1607028570.262687922
1607028570.362581015
1607028570.462687016
1607028570.562689543
1607028570.662688017
1607028570.762717724
1607028570.862702847
1607028570.962691307
1607028571.062680006
1607028571.162691593
1607028571.262691021
1607028571.362688780
1607028571.462691307
1607028571.562689543
1607028571.662692547
1607028571.762694359
1607028571.862690687
1607028571.962687492
1607028572.062693119
1607028572.162607431
1607028572.262688875
1607028572.362589359
1607028572.462704182
1607028572.562688112
1607028572.662689209
1607028572.762587309
1607028572.862687349
1607028572.962691307
1607028573.062593937
1607028573.162687063
1607028573.262683630
1607028573.362591505
1607028573.462602615
1607028573.562719584
1607028573.662705660
1607028573.762696743
1607028573.862689734
1607028573.962690830
1607028574.062657118
1607028574.162686348
1607028574.262691736
1607028574.362688065
1607028574.462692022
1607028574.562687397
1607028574.662685633
1607028574.762691975
1607028574.862689495
1607028574.962688923
1607028575.062691689
1607028575.162687063
1607028575.262690306
1607028575.362690210
1607028575.462688684
1607028575.562558413
1607028575.662693262
1607028575.762697935
1607028575.862693071
1607028575.962688208
1607028576.062694073
1607028576.162688971
1607028576.262690306
1607028576.362719774
1607028576.462684155
1607028576.562681437
1607028576.662689686
1607028576.762659073
1607028576.862601042
1607028576.962661505
1607028577.062691689
1607028577.162591934
1607028577.262689352
1607028577.362690926
1607028577.462689161
1607028577.562655926
1607028577.662693739
1607028577.762582064
1607028577.862689018
1607028577.962691545
1607028578.062690973
1607028578.162686110
1607028578.262691021
1607028578.362689734
1607028578.462687731
1607028578.562695742
1607028578.662691355
1607028578.762689590
1607028578.862688541
1607028578.962691784
1607028579.062681198
1607028579.162710905
1607028579.262717009
1607028579.362696648
1607028579.462673426
1607028579.562687159
1607028579.662661076
1607028579.762689590
1607028579.862560749
1607028579.962691545
1607028580.062689781
1607028580.162687778
1607028580.262700081
1607028580.362671614
1607028580.462686539
1607028580.562691689
1607028580.662690163
1607028580.762578964
1607028580.862681627
1607028580.962690353
1607028581.062691927
1607028581.162689686
1607028581.262689829
1607028581.362690926
1607028581.462687016
1607028581.562693119
1607028581.662593842
1607028581.762690306
1607028581.862691402
1607028581.962570429
1607028582.062716722
1607028582.162699223
1607028582.262688875
1607028582.362690687
1607028582.462691307
1607028582.562692881
1607028582.662688255
1607028582.762689829
1607028582.862691641
1607028582.962692022
1607028583.062690496
1607028583.162689209
1607028583.262682438
1607028583.362691641
1607028583.462687254
1607028583.562687635
1607028583.662691832
1607028583.762691021
1607028583.862686396
1607028583.962688923
1607028584.062689066
1607028584.162693501
1607028584.262690783
1607028584.362687588
1607028584.462663889
1607028584.562688112
1607028584.662692070
1607028584.762659073
1607028584.862715006
1607028584.962706089
1607028585.062677383
1607028585.162690163
1607028585.262689352
1607028585.362689018
1607028585.462692976
1607028585.562693119
1607028585.662688494
1607028585.762690544
1607028585.862688780
1607028585.962690592
1607028586.062692404
1607028586.162664652
1607028586.262688875
1607028586.362693310
1607028586.462691545
1607028586.562688351
1607028586.662685394
1607028586.762692451
1607028586.862688780
1607028586.962688684
1607028587.062690973
1607028587.162687063
1607028587.262691736
1607028587.362691164
1607028587.462689638
1607028587.562690496
1607028587.662719965
1607028587.762709856
1607028587.862692356
1607028587.962688446
1607028588.062694073
1607028588.162688017
1607028588.262694359
1607028588.362689734
1607028588.462689400
1607028588.562689781
1607028588.662591457
1607028588.762661457
1607028588.862674475
1607028588.962592363
1607028589.062560320
1607028589.162687778
1607028589.262684584
1607028589.362590790
1607028589.462689161
1607028589.562689543
1607028589.662667274
1607028589.762687683
1607028589.862689972
1607028589.962690115
1607028590.062687874
1607028590.162686825
1607028590.262682199
1607028590.362691879
1607028590.462715149
1607028590.562714577
1607028590.662694216
1607028590.762663364
1607028590.862694502
1607028590.962689638
1607028591.062688828
1607028591.162689924
1607028591.262683868
1607028591.362591267
1607028591.462692976
1607028591.562591791
1607028591.662689686
1607028591.762688160
1607028591.862689495
1607028591.962592602
1607028592.062596083
1607028592.162675858
1607028592.262695551
1607028592.362664461
1607028592.462691545
1607028592.562656879
1607028592.662689209
1607028592.762659550
1607028592.862690926
1607028592.962691545
1607028593.062689304
1607028593.162683964
1607028593.262708902
1607028593.362710476
1607028593.462695599
1607028593.562690973
1607028593.662689924
1607028593.762690306
1607028593.862692118
1607028593.962688923
1607028594.062690496
1607028594.162690401
1607028594.262692213
1607028594.362665892
1607028594.462687731
1607028594.562692165
1607028594.662689209
1607028594.762694597
1607028594.862694502
1607028594.962688684
1607028595.062682390
1607028595.162690878
1607028595.262688398
1607028595.362694263
1607028595.462689877
1607028595.562689066
1607028595.662685394
1607028595.762685299
1607028595.862694502
1607028595.962687492
1607028596.062688589
1607028596.162716627
1607028596.262591839
1607028596.362688065
1607028596.462539196
1607028596.562687874
1607028596.662689924
1607028596.762659311
1607028596.862591028
1607028596.962685108
1607028597.062684774
1607028597.162692308
1607028597.262687445
1607028597.362687588
1607028597.462688208
1607028597.562681437
1607028597.662688017
1607028597.762688875
1607028597.862688780
1607028597.962687969
1607028598.062689543
1607028598.162590504
1607028598.262687445
1607028598.362691164
1607028598.462690115
1607028598.562688589
1607028598.662688971
1607028598.762682676
1607028598.862685204
1607028598.962717772
1607028599.062700748
1607028599.162703991
1607028599.262688637
1607028599.362608433
1607028599.462689400
1607028599.562685490
1607028599.662687302
1607028599.762691498
1607028599.862688065
1607028599.962520599
1607028600.062687397
1607028600.162684917
1607028600.262690544
1607028600.362695456
1607028600.462687254
1607028600.562591314
1607028600.662686825
1607028600.762588739
1607028600.862688065
1607028600.962686777
1607028601.062691689
1607028601.162582874
1607028601.262686491
1607028601.362686872
1607028601.462686062
1607028601.562694073
1607028601.662692308
1607028601.762520790
1607028601.862710953
1607028601.962693453
1607028602.062689304
1607028602.162688255
1607028602.262688398
1607028602.362658739
1607028602.462691545
1607028602.562685251
1607028602.662689447
1607028602.762688398
1607028602.862690449
1607028602.962692499
1607028603.062688112
1607028603.162690401
1607028603.262691021
1607028603.362689734
1607028603.462600946
1607028603.562685966
1607028603.662692547
1607028603.762687683
1607028603.862687349
1607028603.962688684
1607028604.062675953
1607028604.162689209
1607028604.262691021
1607028604.362686157
1607028604.462685823
1607028604.562597036
1607028604.662592173
1607028604.762525797
1607028604.862701654
1607028604.962692261
1607028605.062690258
1607028605.162688255
1607028605.262659073
1607028605.362688065
1607028605.462690830
1607028605.562704086
1607028605.662716627
1607028605.762699604
1607028605.862675905
1607028605.962690115
1607028606.062689066
1607028606.162689209
1607028606.262693644
1607028606.362687349
1607028606.462700844
1607028606.562689066
1607028606.662691832
1607028606.762693167
1607028606.862691641
1607028606.962688208
1607028607.062690496
1607028607.162683010
1607028607.262690544
1607028607.362689734
1607028607.462688208
1607028607.562692404
1607028607.662688255
1607028607.762668610
1607028607.862689972
