1607028607.962692022
1607028608.062694073
1607028608.162688017
1607028608.262688875
1607028608.362688780
1607028608.462692738
1607028608.562690735
1607028608.662690401
1607028608.762660503
1607028608.862693787
1607028608.962695122
1607028609.062667131
1607028609.162690878
1607028609.262691975
1607028609.362692595
1607028609.462692738
1607028609.562690973
1607028609.662670374
1607028609.762718439
1607028609.862715483
1607028609.962697506
1607028610.062695503
1607028610.162693977
1607028610.262684584
1607028610.362690926
1607028610.462596893
1607028610.562595129
1607028610.662693024
1607028610.762694836
1607028610.862689257
1607028610.962689638
1607028611.062693357
1607028611.162693024
1607028611.262691498
1607028611.362587214
1607028611.462693930
1607028611.562690735
1607028611.662689686
1607028611.762597799
1607028611.862691641
1607028611.962697744
1607028612.062691927
1607028612.162689686
1607028612.262690067
1607028612.362693548
1607028612.462692738
1607028612.562667370
1607028612.662586927
1607028612.762590170
1607028612.862691164
1607028612.962696552
1607028613.062691450
1607028613.162689924
1607028613.262693405
1607028613.362693548
1607028613.462690353
1607028613.562559605
1607028613.662585497
1607028613.762691259
1607028613.862695217
1607028613.962689638
1607028614.062695026
1607028614.162689924
1607028614.262693167
1607028614.362690926
1607028614.462547779
1607028614.562692165
1607028614.662693977
1607028614.762689829
1607028614.862545729
1607028614.962683916
1607028615.062698126
1607028615.162689924
1607028615.262690783
1607028615.362676859
1607028615.462714672
1607028615.562697411
1607028615.662697315
1607028615.762555122
1607028615.862693071
1607028615.962693214
1607028616.062690496
1607028616.162679434
1607028616.262691736
1607028616.362692833
1607028616.462690592
1607028616.562690258
1607028616.662694216
1607028616.762538433
1607028616.862696171
1607028616.962692261
1607028617.062561989
1607028617.162691593
1607028617.262674809
1607028617.362692356
1607028617.462691784
1607028617.562594414
1607028617.662692308
1607028617.762690544
1607028617.862672329
1607028617.962693691
1607028618.062692881
1607028618.162691116
1607028618.262717962
1607028618.362706423
1607028618.462678909
1607028618.562695980
1607028618.662691593
1607028618.762692928
1607028618.862692356
1607028618.962690592
1607028619.062691450
1607028619.162691355
1607028619.262694120
1607028619.362691879
1607028619.462691545
1607028619.562674284
1607028619.662690639
1607028619.762692451
1607028619.862693548
1607028619.962689877
1607028620.062700748
1607028620.162689686
1607028620.262698650
1607028620.362690687
1607028620.462690592
1607028620.562693834
1607028620.662595272
1607028620.762661457
1607028620.862697124
1607028620.962697744
1607028621.062719822
1607028621.162714243
1607028621.262675524
1607028621.362689734
1607028621.462674379
1607028621.562657833
1607028621.662557602
1607028621.762691975
1607028621.862685680
1607028621.962690592
1607028622.062691689
1607028622.162692070
1607028622.262690783
1607028622.362691879
1607028622.462692022
1607028622.562688589
1607028622.662669897
1607028622.762695074
1607028622.862569094
1607028622.962692976
1607028623.062694550
1607028623.162670374
1607028623.262689590
1607028623.362667561
1607028623.462671995
1607028623.562690735
1607028623.662692308
1607028623.762593031
1607028623.862689972
1607028623.962715864
1607028624.062695742
1607028624.162693024
1607028624.262689829
1607028624.362523556
1607028624.462691069
1607028624.562687397
1607028624.662605762
1607028624.762595415
1607028624.862691402
1607028624.962593079
1607028625.062693834
1607028625.162686825
1607028625.262689590
1607028625.362692356
1607028625.462691545
1607028625.562688589
1607028625.662687778
1607028625.762695312
1607028625.862689734
1607028625.962696314
1607028626.062691689
1607028626.162592411
1607028626.262693405
1607028626.362690687
1607028626.462689877
1607028626.562690020
1607028626.662692070
1607028626.762718201
1607028626.862698078
1607028626.962687492
1607028627.062695265
1607028627.162689447
1607028627.262691021
1607028627.362699270
1607028627.462686539
1607028627.562690496
1607028627.662692070
1607028627.762593985
1607028627.862678051
1607028627.962696314
1607028628.062690020
1607028628.162687302
1607028628.262689114
1607028628.362695456
1607028628.462688208
1607028628.562690973
1607028628.662594318
1607028628.762597322
1607028628.862691402
1607028628.962693930
1607028629.062690496
1607028629.162690639
1607028629.262682676
1607028629.362690449
1607028629.462689161
1607028629.562716246
1607028629.662707806
1607028629.762696505
1607028629.862620354
1607028629.962688684
1607028630.062686682
1607028630.162692547
1607028630.262692213
1607028630.362698555
1607028630.462523699
1607028630.562690020
1607028630.662689686
1607028630.762690067
1607028630.862688303
1607028630.962695122
1607028631.062594175
1607028631.162685871
1607028631.262683392
1607028631.362693787
1607028631.462674379
1607028631.562693834
1607028631.662570953
1607028631.762686968
1607028631.862554789
1607028631.962692022
1607028632.062688828
1607028632.162688255
1607028632.262523413
1607028632.362714052
1607028632.462709188
1607028632.562698841
1607028632.662689924
1607028632.762660742
1607028632.862686396
1607028632.962678671
1607028633.062688589
1607028633.162691593
1607028633.262692451
1607028633.362554550
1607028633.462686062
1607028633.562692404
1607028633.662689447
1607028633.762690783
1607028633.862690926
1607028633.962692499
1607028634.062691450
1607028634.162690163
1607028634.262680769
1607028634.362688303
1607028634.462692499
1607028634.562693357
1607028634.662591934
1607028634.762686491
1607028634.862693787
1607028634.962687969
1607028635.062690258
1607028635.162587166
1607028635.262717485
1607028635.362698793
1607028635.462692976
1607028635.562688589
1607028635.662657022
1607028635.762691498
1607028635.862692118
1607028635.962690592
1607028636.062690735
1607028636.162694693
1607028636.262691736
1607028636.362689972
1607028636.462690830
1607028636.562690258
1607028636.662649870
1607028636.762663126
1607028636.862689257
1607028636.962691069
1607028637.062691927
1607028637.162690878
1607028637.262595415
1607028637.362679720
1607028637.462663889
1607028637.562590122
1607028637.662703037
1607028637.762656689
1607028637.862691879
1607028637.962699652
1607028638.062718153
1607028638.162707567
1607028638.262690783
1607028638.362693310
1607028638.462691784
1607028638.562690020
1607028638.662601471
1607028638.762694836
1607028638.862669945
1607028638.962690353
1607028639.062692165
1607028639.162690639
1607028639.262692928
1607028639.362694025
1607028639.462666512
1607028639.562596321
1607028639.662693024
1607028639.762693882
1607028639.862691879
1607028639.962578535
1607028640.062672615
1607028640.162688017
1607028640.262691736
1607028640.362690687
1607028640.462691307
1607028640.562692642
1607028640.662678242
1607028640.762663364
1607028640.862719297
1607028640.962706804
1607028641.062696218
1607028641.162689686
1607028641.262680769
1607028641.362694979
1607028641.462690592
1607028641.562691927
1607028641.662692308
1607028641.762690783
1607028641.862663746
1607028641.962691545
1607028642.062691450
1607028642.162692785
1607028642.262692928
1607028642.362693548
1607028642.462556124
1607028642.562688351
1607028642.662694454
1607028642.762693882
1607028642.862690449
1607028642.962691784
1607028643.062691212
1607028643.162688017
1607028643.262693644
1607028643.362690926
1607028643.462688684
1607028643.562693119
1607028643.662719488
1607028643.762683153
1607028643.862690926
1607028643.962694407
1607028644.062691212
1607028644.162689209
1607028644.262690783
1607028644.362656832
1607028644.462691545
1607028644.562693596
1607028644.662690163
1607028644.762659788
1607028644.862657785
1607028644.962656975
1607028645.062690020
1607028645.162675858
1607028645.262692451
1607028645.362691879
1607028645.462691784
1607028645.562685490
1607028645.662689447
1607028645.762691736
1607028645.862694263
1607028645.962691784
1607028646.062694550
1607028646.162690639
1607028646.262693405
1607028646.362691164
1607028646.462716818
1607028646.562704325
1607028646.662702799
1607028646.762695789
1607028646.862692833
1607028646.962600470
1607028647.062693119
1607028647.162693977
1607028647.262666225
1607028647.362690926
1607028647.462691545
1607028647.562692881
1607028647.662691116
1607028647.762695789
1607028647.862662554
1607028647.962690353
1607028648.062691689
1607028648.162690878
1607028648.262691021
1607028648.362693787
1607028648.462694168
1607028648.562688828
1607028648.662594557
1607028648.762662411
1607028648.862693071
1607028648.962695122
1607028649.062695503
1607028649.162677765
1607028649.262690544
1607028649.362716198
1607028649.462698221
1607028649.562691212
1607028649.662670612
1607028649.762692690
1607028649.862693071
1607028649.962595224
1607028650.062692881
1607028650.162693262
1607028650.262690306
1607028650.362690926
1607028650.462693214
1607028650.562690496
1607028650.662696600
1607028650.762692928
1607028650.862682104
1607028650.962693453
1607028651.062694550
1607028651.162690639
1607028651.262594938
1607028651.362693548
1607028651.462693453
1607028651.562690735
1607028651.662690878
1607028651.762694597
1607028651.862691402
1607028651.962666273
1607028652.062717438
1607028652.162590742
1607028652.262706041
1607028652.362697124
1607028652.462691069
1607028652.562656879
1607028652.662692070
1607028652.762662649
1607028652.862694502
1607028652.962688446
1607028653.062694073
1607028653.162597179
1607028653.262690544
1607028653.362691164
1607028653.462689877
1607028653.562692165
1607028653.662692785
1607028653.762689114
1607028653.862685919
1607028653.962674141
1607028654.062664747
1607028654.162598133
1607028654.262559652
1607028654.362608194
1607028654.462689400
1607028654.562692404
1607028654.662692785
1607028654.762691259
1607028654.862693548
1607028654.962597847
1607028655.062708855
1607028655.162700176
1607028655.262693882
1607028655.362693548
1607028655.462690592
1607028655.562689543
1607028655.662694216
1607028655.762693405
1607028655.862691879
1607028655.962692499
1607028656.062688589
1607028656.162681341
1607028656.262692928
1607028656.362692595
1607028656.462690353
1607028656.562698841
1607028656.662692308
1607028656.762665749
1607028656.862691164
1607028656.962593555
1607028657.062593699
1607028657.162692308
1607028657.262692690
1607028657.362675428
1607028657.462594271
1607028657.562695265
1607028657.662691116
1607028657.762701988
1607028657.862699747
1607028657.962604761
1607028658.062680960
1607028658.162689686
1607028658.262694836
1607028658.362692833
1607028658.462692499
1607028658.562692165
1607028658.662686586
1607028658.762719154
1607028658.862716436
1607028658.962695122
1607028659.062692165
1607028659.162693262
1607028659.262600183
1607028659.362689972
1607028659.462690830
1607028659.562694550
1607028659.662690878
1607028659.762691259
1607028659.862691402
1607028659.962690115
1607028660.062594891
1607028660.162694216
1607028660.262692928
1607028660.362693310
1607028660.462651491
1607028660.562692642
1607028660.662691116
1607028660.762660742
1607028660.862695217
1607028660.962690830
1607028661.062606812
1607028661.162696123
1607028661.262691975
1607028661.362595081
1607028661.462681532
1607028661.562691689
1607028661.662666082
1607028661.762693882
1607028661.862596512
1607028661.962692022
1607028662.062690735
1607028662.162694931
1607028662.262690783
1607028662.362692356
1607028662.462692738
1607028662.562690973
1607028662.662693739
1607028662.762675524
1607028662.862689495
1607028662.962719679
1607028663.062709332
1607028663.162583828
1607028663.262691259
1607028663.362691402
1607028663.462680817
1607028663.562689781
1607028663.662599087
1607028663.762692928
1607028663.862691879
1607028663.962695599
1607028664.062563658
1607028664.162687778
1607028664.262689829
1607028664.362691164
1607028664.462694407
1607028664.562690735
1607028664.662582636
1607028664.762668371
1607028664.862692118
1607028664.962697268
1607028665.062691689
1607028665.162691355
1607028665.262660503
1607028665.362693310
1607028665.462691069
1607028665.562693596
1607028665.662692785
1607028665.762720108
1607028665.862570047
1607028665.962699413
1607028666.062695742
1607028666.162690639
1607028666.262598038
1607028666.362693548
1607028666.462667227
1607028666.562692881
1607028666.662695169
1607028666.762690067
1607028666.862692833
1607028666.962692976
1607028667.062587500
1607028667.162690163
1607028667.262690067
1607028667.362694263
1607028667.462692261
1607028667.562555790
1607028667.662657976
1607028667.762593985
1607028667.862694263
1607028667.962689161
1607028668.062692165
1607028668.162692547
1607028668.262657404
1607028668.362692118
1607028668.462547779
1607028668.562702417
1607028668.662720680
1607028668.762689114
1607028668.862667799
1607028668.962613106
1607028669.062690496
1607028669.162595510
1607028669.262695551
1607028669.362591743
1607028669.462586641
1607028669.562665701
1607028669.662693977
1607028669.762655020
1607028669.862690210
1607028669.962702036
1607028670.062674284
1607028670.162689686
1607028670.262603521
1607028670.362693310
1607028670.462694407
1607028670.562555790
1607028670.662682533
1607028670.762690783
1607028670.862697124
1607028670.962693453
1607028671.062690973
1607028671.162677050
1607028671.262695074
1607028671.362689495
1607028671.462713718
1607028671.562699080
1607028671.662669659
1607028671.762559175
1607028671.862689972
1607028671.962691307
1607028672.062693834
1607028672.162691116
1607028672.262658119
1607028672.362596035
1607028672.462691545
1607028672.562696218
1607028672.662692070
1607028672.762660742
1607028672.862682104
1607028672.962691307
1607028673.062691212
1607028673.162697554
1607028673.262595415
1607028673.362690449
1607028673.462692261
1607028673.562691212
1607028673.662694216
1607028673.762688637
1607028673.862699270
1607028673.962695122
1607028674.062675714
1607028674.162658691
1607028674.262718201
1607028674.362710953
1607028674.462701321
1607028674.562689781
1607028674.662682295
1607028674.762696028
1607028674.862692833
1607028674.962692499
1607028675.062691689
1607028675.162696600
1607028675.262692690
1607028675.362689495
1607028675.462695599
1607028675.562692404
1607028675.662696600
1607028675.762692213
1607028675.862692833
1607028675.962525368
1607028676.062695980
1607028676.162701845
1607028676.262692451
1607028676.362692356
1607028676.462707281
1607028676.562690496
1607028676.662692070
1607028676.762600422
1607028676.862692356
1607028676.962696075
1607028677.062719345
1607028677.162688494
1607028677.262697697
1607028677.362690926
1607028677.462691545
1607028677.562692881
1607028677.662688732
1607028677.762681723
1607028677.862692118
1607028677.962692738
1607028678.062695742
1607028678.162692070
1607028678.262692928
1607028678.362687588
1607028678.462688923
1607028678.562693596
1607028678.662696123
1607028678.762692690
1607028678.862693071
1607028678.962691307
1607028679.062692165
1607028679.162692547
1607028679.262692213
1607028679.362695456
1607028679.462692976
1607028679.562557936
1607028679.662691355
1607028679.762693882
1607028679.862717628
1607028679.962724447
1607028680.062700987
1607028680.162692547
1607028680.262679338
1607028680.362692595
1607028680.462690830
1607028680.562694073
1607028680.662695885
1607028680.762663126
1607028680.862686396
1607028680.962699413
1607028681.062692881
1607028681.162693977
1607028681.262689352
1607028681.362689018
1607028681.462688684
1607028681.562688112
1607028681.662691593
1607028681.762686729
1607028681.862689972
1607028681.962693691
1607028682.062597513
1607028682.162688732
1607028682.262688160
1607028682.362688780
1607028682.462692261
1607028682.562692642
1607028682.662681103
1607028682.762714148
1607028682.862701654
1607028682.962693930
1607028683.062623262
1607028683.162688017
1607028683.262679338
1607028683.362686157
1607028683.462554455
1607028683.562697411
1607028683.662690163
1607028683.762691498
1607028683.862673283
1607028683.962686539
1607028684.062691450
1607028684.162689447
1607028684.262590647
1607028684.362687826
1607028684.462688684
1607028684.562686682
1607028684.662690163
1607028684.762659788
1607028684.862691164
1607028684.962689638
1607028685.062691927
1607028685.162678242
1607028685.262692213
1607028685.362668991
1607028685.462690115
1607028685.562717915
1607028685.662701607
1607028685.762693167
1607028685.862691164
1607028685.962690115
1607028686.062692165
1607028686.162690878
1607028686.262522936
1607028686.362688780
1607028686.462690592
1607028686.562690020
1607028686.662691593
1607028686.762689590
1607028686.862593174
1607028686.962688208
1607028687.062686443
1607028687.162693739
1607028687.262689829
1607028687.362691164
1607028687.462696314
1607028687.562687397
1607028687.662689209
1607028687.762691021
1607028687.862687826
1607028687.962592840
1607028688.062687159
1607028688.162582874
1607028688.262574673
1607028688.362592459
1607028688.462707758
1607028688.562693119
1607028688.662554741
1607028688.762605190
1607028688.862575054
1607028688.962558031
1607028689.062693119
1607028689.162598133
1607028689.262692928
1607028689.362686872
1607028689.462694407
1607028689.562689304
1607028689.662688971
1607028689.762700081
1607028689.862523556
1607028689.962689161
1607028690.062688589
1607028690.162689447
1607028690.262692213
1607028690.362694025
1607028690.462573767
1607028690.562687397
1607028690.662687063
1607028690.762689829
1607028690.862556934
1607028690.962688923
1607028691.062563419
1607028691.162705898
1607028691.262708187
1607028691.362698317
1607028691.462692261
1607028691.562693834
1607028691.662612915
1607028691.762691975
1607028691.862693548
1607028691.962692499
1607028692.062699080
1607028692.162696362
1607028692.262662888
1607028692.362695932
1607028692.462688446
1607028692.562695026
1607028692.662692070
1607028692.762598038
1607028692.862681866
1607028692.962693453
1607028693.062530518
1607028693.162693977
1607028693.262692451
1607028693.362694979
1607028693.462526321
1607028693.562691212
1607028693.662684441
1607028693.762691975
1607028693.862698317
1607028693.962706566
1607028694.062719107
1607028694.162705898
1607028694.262696266
1607028694.362528086
1607028694.462692738
1607028694.562692165
1607028694.662673473
1607028694.762688398
1607028694.862693310
1607028694.962697029
1607028695.062692642
1607028695.162700415
1607028695.262692928
1607028695.362679720
1607028695.462692738
1607028695.562591314
1607028695.662658215
1607028695.762692690
1607028695.862679005
1607028695.962694407
1607028696.062596321
1607028696.162689447
1607028696.262695074
1607028696.362697840
1607028696.462683439
1607028696.562691927
1607028696.662558317
1607028696.762598753
1607028696.862723351
1607028696.962686539
1607028697.062696934
1607028697.162692070
1607028697.262695074
1607028697.362690449
1607028697.462690115
1607028697.562696934
1607028697.662688971
1607028697.762694836
1607028697.862691402
1607028697.962693214
1607028698.062697172
1607028698.162696362
1607028698.262676954
1607028698.362692356
1607028698.462691069
1607028698.562692404
1607028698.662689447
1607028698.762694359
1607028698.862703085
1607028698.962693453
1607028699.062694311
1607028699.162694454
1607028699.262692690
1607028699.362697601
1607028699.462696314
1607028699.562689543
1607028699.662721157
1607028699.762717724
1607028699.862702608
1607028699.962692976
1607028700.062693119
1607028700.162684679
1607028700.262695789
1607028700.362695456
1607028700.462694168
1607028700.562692404
1607028700.662698269
1607028700.762598991
1607028700.862689972
1607028700.962688923
1607028701.062693119
1607028701.162694931
1607028701.262693167
1607028701.362692833
1607028701.462678671
1607028701.562691927
1607028701.662691593
1607028701.762691259
1607028701.862691402
1607028701.962695599
1607028702.062678576
1607028702.162692308
1607028702.262690306
1607028702.362526655
1607028702.462717772
1607028702.562716007
1607028702.662699699
1607028702.762526512
1607028702.862696648
1607028702.962691545
1607028703.062694550
1607028703.162696362
1607028703.262663603
1607028703.362694502
1607028703.462693453
1607028703.562692404
1607028703.662538767
1607028703.762693167
1607028703.862683296
1607028703.962692499
1607028704.062689304
1607028704.162692308
1607028704.262695074
1607028704.362696409
1607028704.462524891
1607028704.562526226
1607028704.662694693
1607028704.762602091
1607028704.862690210
1607028704.962533236
1607028705.062676191
1607028705.162692547
1607028705.262718678
1607028705.362716198
1607028705.462595463
1607028705.562689781
1607028705.662686825
1607028705.762677908
1607028705.862550497
1607028705.962544918
1607028706.062698841
1607028706.162674189
1607028706.262688398
1607028706.362688065
1607028706.462690592
1607028706.562692404
1607028706.662691355
1607028706.762595177
1607028706.862688780
1607028706.962694883
1607028707.062692642
1607028707.162555456
1607028707.262695551
1607028707.362663269
1607028707.462688208
1607028707.562691927
1607028707.662594557
1607028707.762689829
1607028707.862693071
