1607029657.886281490
1607029657.989129782
1607029658.090753317
1607029658.192489147
1607029658.294245958
1607029658.395743608
1607029658.497505903
1607029658.599244595
1607029658.701009274
1607029658.802493572
1607029658.904045105
1607029659.005547047
1607029659.107118130
1607029659.208818913
1607029659.310362816
1607029659.412114382
1607029659.513888121
1607029659.615378618
1607029659.716796637
1607029659.818263531
1607029659.919995308
1607029660.021506548
1607029660.123064280
1607029660.224774599
1607029660.325847626
1607029660.427547216
1607029660.529071093
1607029660.630801439
1607029660.732592821
1607029660.834078312
1607029660.935621738
1607029661.037335396
1607029661.139127970
1607029661.240589857
1607029661.342361450
1607029661.443749905
1607029661.545290232
1607029661.647037983
1607029661.748759985
1607029661.850462675
1607029661.951992989
1607029662.053707838
1607029662.155283213
1607029662.256742239
1607029662.358511925
1607029662.460029125
1607029662.561804533
1607029662.662974834
1607029662.764709473
1607029662.866207123
1607029662.967757225
1607029663.069231510
1607029663.171031237
1607029663.272749662
1607029663.374526739
1607029663.476014137
1607029663.577797174
1607029663.679246664
1607029663.781011581
1607029663.882479429
1607029663.984277487
1607029664.085666656
1607029664.186144114
1607029664.285786390
1607029664.386144876
1607029664.486095428
1607029664.586142540
1607029664.686095953
1607029664.786143303
1607029664.886098146
1607029664.986043453
1607029665.086094141
1607029665.186145782
1607029665.286093473
1607029665.386016607
1607029665.486095905
1607029665.586143017
1607029665.686098099
1607029665.786143780
1607029665.886076689
1607029665.986141920
1607029666.086099148
1607029666.186146259
1607029666.285999775
1607029666.386147976
1607029666.486092806
1607029666.586141109
1607029666.686094761
1607029666.786137581
1607029666.886094093
1607029666.986163855
1607029667.086096525
1607029667.186152220
1607029667.285780668
1607029667.386142492
1607029667.486097097
1607029667.586146116
1607029667.686093330
1607029667.786136150
1607029667.885785341
1607029667.986104488
1607029668.086067438
1607029668.186244965
1607029668.286097288
1607029668.386140823
1607029668.486096144
1607029668.586142540
1607029668.686095953
1607029668.786144972
1607029668.886103153
1607029668.986144066
1607029669.086095333
1607029669.186141968
1607029669.286100388
1607029669.386141062
1607029669.486070156
1607029669.586140394
1607029669.686093807
1607029669.786147833
1607029669.886096716
1607029669.986144781
1607029670.086096764
1607029670.186146021
1607029670.286094904
1607029670.386145115
1607029670.486096621
1607029670.586140394
1607029670.686091185
1607029670.786142349
1607029670.886091232
1607029670.986143827
1607029671.086101055
1607029671.186140060
1607029671.286094904
1607029671.386145592
1607029671.486094952
1607029671.586142778
1607029671.686095476
1607029671.786140442
1607029671.886094093
1607029671.986143112
1607029672.086095333
1607029672.186141729
1607029672.286097050
1607029672.386142492
1607029672.486072063
1607029672.586144209
1607029672.686094046
1607029672.786143780
1607029672.886093855
1607029672.986143112
1607029673.086091518
1607029673.186142445
1607029673.286095381
1607029673.386141777
1607029673.486124277
1607029673.586140633
1607029673.686098099
1607029673.786138535
1607029673.886093378
1607029673.986148357
1607029674.086098671
1607029674.186131001
1607029674.286093950
1607029674.386147022
1607029674.486102343
1607029674.586065531
1607029674.686093330
1607029674.786148787
1607029674.886096716
1607029674.986143112
1607029675.086089611
1607029675.186139584
1607029675.286093473
1607029675.385797739
1607029675.486090899
1607029675.586143017
1607029675.686097860
1607029675.786144018
1607029675.886105061
1607029675.986144304
1607029676.086098671
1607029676.186142921
1607029676.286099195
1607029676.386126757
1607029676.486094475
1607029676.586140633
1607029676.686095715
1607029676.786140680
1607029676.886092424
1607029676.986140728
1607029677.086091757
1607029677.186113596
1607029677.286074162
1607029677.386145353
1607029677.486099958
1607029677.586149693
1607029677.686011314
1607029677.786145926
1607029677.886091471
1607029677.986140490
1607029678.086095572
1607029678.186147451
1607029678.286094666
1607029678.386145592
1607029678.486097813
1607029678.586142063
1607029678.686094284
1607029678.786146641
1607029678.886100292
1607029678.986143112
1607029679.086094379
1607029679.186142445
1607029679.286099195
1607029679.385799408
1607029679.486095190
1607029679.586140633
1607029679.686089754
1607029679.786142588
1607029679.886094332
1607029679.986145020
1607029680.086096764
1607029680.186144114
1607029680.286094666
1607029680.386132956
1607029680.486094475
1607029680.586143017
1607029680.686090469
1607029680.786067009
1607029680.886094093
1607029680.986145973
1607029681.086099148
1607029681.186142445
1607029681.286097050
1607029681.386144400
1607029681.486098528
1607029681.586142302
1607029681.686019897
1607029681.786142111
1607029681.886097431
1607029681.986139774
1607029682.086094141
1607029682.186123848
1607029682.286098719
1607029682.386149406
1607029682.486095190
1607029682.586145639
1607029682.685780287
1607029682.786146402
1607029682.886096478
1607029682.986140490
1607029683.086095572
1607029683.186150074
1607029683.286094904
1607029683.386140823
1607029683.486094713
1607029683.586145639
1607029683.686100006
1607029683.786145210
1607029683.886090279
1607029683.986141920
1607029684.086098671
1607029684.186142206
1607029684.285784721
1607029684.386147499
1607029684.486095428
1607029684.586139679
1607029684.685789347
1607029684.786140919
1607029684.885780573
1607029684.986133814
1607029685.086076021
1607029685.186114073
1607029685.286009789
1607029685.386222124
1607029685.486186028
1607029685.586123705
1607029685.686092138
1607029685.785794973
1607029685.886096716
1607029685.986148834
1607029686.086099148
1607029686.186145067
1607029686.286090136
1607029686.386143446
1607029686.486077547
1607029686.586144686
1607029686.686105490
1607029686.786143541
1607029686.886098146
1607029686.986145496
1607029687.086097240
1607029687.186140060
1607029687.286096334
1607029687.385800600
1607029687.486092329
1607029687.586143732
1607029687.686091185
1607029687.786141157
1607029687.886097431
1607029687.986140490
1607029688.086092472
1607029688.186142445
1607029688.286007166
1607029688.386136770
1607029688.486095667
1607029688.586146116
1607029688.685998440
1607029688.786145210
1607029688.886096001
1607029688.986143351
1607029689.086093426
1607029689.186120033
1607029689.286092997
1607029689.386144400
1607029689.486097097
1607029689.586137056
1607029689.686100006
1607029689.786142349
1607029689.886089325
1607029689.986142635
1607029690.086095810
1607029690.185827494
1607029690.286091328
1607029690.386148453
1607029690.486067295
1607029690.586147308
1607029690.686095476
1607029690.786144018
1607029690.886095047
1607029690.986147642
1607029691.086090803
1607029691.186140537
1607029691.286094189
1607029691.386143208
1607029691.486091375
1607029691.586147308
1607029691.686092377
1607029691.786140442
1607029691.886095762
1607029691.986142159
1607029692.086094379
1607029692.186142206
1607029692.286101103
1607029692.386143208
1607029692.486093998
1607029692.586048365
1607029692.686094284
1607029692.786144257
1607029692.886091948
1607029692.986159563
1607029693.086072683
1607029693.186141014
1607029693.286091089
1607029693.386145353
1607029693.486079693
1607029693.586140871
1607029693.686094284
1607029693.786143303
1607029693.886094809
1607029693.986145020
1607029694.086092949
1607029694.186141491
1607029694.286094427
1607029694.386125088
1607029694.486095667
1607029694.586145163
1607029694.686097145
1607029694.786062956
1607029694.886092424
1607029694.986143351
1607029695.086096525
1607029695.186136961
1607029695.286098719
1607029695.386128902
1607029695.486095667
1607029695.586114883
1607029695.686097622
1607029695.786127329
1607029695.886094570
1607029695.986180544
1607029696.086090803
1607029696.186194897
1607029696.286095619
1607029696.386147022
1607029696.486094952
1607029696.585796833
1607029696.686094999
1607029696.786142111
1607029696.886095285
1607029696.986149311
1607029697.086093903
1607029697.186144829
1607029697.286091566
1607029697.386143446
1607029697.486091614
1607029697.586140394
1607029697.686094522
1607029697.786144733
1607029697.885783195
1607029697.986141682
1607029698.086097002
1607029698.186147690
1607029698.286099911
1607029698.386142254
1607029698.486059904
1607029698.586143255
1607029698.686100483
1607029698.786144495
1607029698.886096001
1607029698.986150742
1607029699.086099386
1607029699.186148882
1607029699.286098003
1607029699.386144638
1607029699.486096621
1607029699.586149216
1607029699.686094999
1607029699.786147118
1607029699.886096716
1607029699.986143351
1607029700.086094618
1607029700.186140060
1607029700.286092520
1607029700.386147738
1607029700.486095190
1607029700.586042881
1607029700.686097860
1607029700.785800695
1607029700.886100054
1607029700.986143827
1607029701.086094856
1607029701.186141968
1607029701.286096096
1607029701.386144400
1607029701.486082077
1607029701.586139679
1607029701.686098576
1607029701.786142111
1607029701.885996342
1607029701.986135006
1607029702.086072922
1607029702.186113119
1607029702.285979271
1607029702.386116028
1607029702.486097336
1607029702.586146355
1607029702.686093807
1607029702.786040545
1607029702.886091709
1607029702.986143351
1607029703.086097717
1607029703.186143160
1607029703.286090612
1607029703.386145592
1607029703.486095428
1607029703.586144686
1607029703.686074495
1607029703.786143064
1607029703.886090040
1607029703.986143589
1607029704.086020708
1607029704.186143875
1607029704.286098719
1607029704.386142969
1607029704.486093998
1607029704.586141348
1607029704.686094999
1607029704.786143541
1607029704.886094093
1607029704.986148357
1607029705.086093903
1607029705.186145306
1607029705.286094904
1607029705.386149406
1607029705.486094952
1607029705.586147308
1607029705.686097383
1607029705.786140680
1607029705.886098146
1607029705.986143351
1607029706.086091518
1607029706.186145306
1607029706.286095619
1607029706.386143446
1607029706.486094952
1607029706.586151361
1607029706.686096907
1607029706.786125898
1607029706.886100054
1607029706.986143351
1607029707.086100578
1607029707.186064959
1607029707.286099672
1607029707.386141062
1607029707.486090899
1607029707.586138487
1607029707.686071396
1607029707.786141157
1607029707.886091709
1607029707.986146212
1607029708.085993528
1607029708.186146259
1607029708.286092758
1607029708.386146545
1607029708.486097097
1607029708.586059332
1607029708.686092854
1607029708.786139488
1607029708.886109591
1607029708.986041307
1607029709.086091757
1607029709.186144352
1607029709.286095858
1607029709.386143208
1607029709.486089706
1607029709.586145163
1607029709.686095715
1607029709.786145449
1607029709.886076212
1607029709.986143112
1607029710.086097479
1607029710.186147451
1607029710.286099434
1607029710.386144638
1607029710.486095190
1607029710.586143255
1607029710.686098099
1607029710.786146164
1607029710.886099100
1607029710.986146450
1607029711.086091042
1607029711.186148167
1607029711.286093235
1607029711.386143446
1607029711.486094475
1607029711.586148262
1607029711.686095715
1607029711.786139488
1607029711.886095285
1607029711.986152649
1607029712.086095572
1607029712.186148167
1607029712.286094427
1607029712.386147261
1607029712.486093521
1607029712.586144209
1607029712.686095238
1607029712.786147118
1607029712.886091232
1607029712.986142874
1607029713.086095333
1607029713.186144829
1607029713.286103010
1607029713.386144161
1607029713.486098289
1607029713.586142302
1607029713.686102390
1607029713.786141157
1607029713.886094809
1607029713.986144781
1607029714.086097479
1607029714.186142445
1607029714.286095381
1607029714.386143208
1607029714.486094952
1607029714.586148262
1607029714.686095953
1607029714.786142588
1607029714.886096239
1607029714.986150026
1607029715.086095095
1607029715.186141491
1607029715.285785675
1607029715.386146069
1607029715.486095428
1607029715.586141109
1607029715.686004877
1607029715.786149502
1607029715.886099577
1607029715.986143827
1607029716.086096525
1607029716.185801268
1607029716.286097765
1607029716.386143208
1607029716.486094952
1607029716.586140871
1607029716.686099052
1607029716.786145210
1607029716.885997057
1607029716.986144543
1607029717.086100578
1607029717.186112165
1607029717.286097765
1607029717.386150360
1607029717.486094236
1607029717.586146116
1607029717.686097383
1607029717.786126614
1607029717.886095524
1607029717.986143351
1607029718.086095095
1607029718.186105728
1607029718.286100864
1607029718.385807037
1607029718.486090660
1607029718.586141825
1607029718.686094999
1607029718.786145687
1607029718.886096001
1607029718.986137152
1607029719.086074829
1607029719.186109781
1607029719.286000490
1607029719.386247873
1607029719.486093760
1607029719.586141348
1607029719.686095953
1607029719.786112309
1607029719.886094332
1607029719.986138344
1607029720.086099148
1607029720.186143398
1607029720.286096334
1607029720.386141777
1607029720.486094475
1607029720.586139441
1607029720.686096191
1607029720.786139250
1607029720.886096239
1607029720.986143589
1607029721.086095810
1607029721.186148405
1607029721.286099195
1607029721.386150599
1607029721.486095190
1607029721.586142540
1607029721.686098337
1607029721.786146879
1607029721.886093378
1607029721.986139297
1607029722.086094141
1607029722.186143637
1607029722.286099434
1607029722.386146545
1607029722.486093044
1607029722.586147070
1607029722.686092377
1607029722.786143780
1607029722.886099339
1607029722.986146450
1607029723.086098909
1607029723.186144829
1607029723.286091089
1607029723.386143208
1607029723.486095905
1607029723.586142540
1607029723.686094761
1607029723.786145210
1607029723.886093855
1607029723.986041069
1607029724.086091995
1607029724.186137915
1607029724.286094666
1607029724.386043072
1607029724.486096621
1607029724.586144447
1607029724.686099291
1607029724.786144495
1607029724.886007071
1607029724.986143112
1607029725.086095333
1607029725.186151743
1607029725.286009550
1607029725.386145353
1607029725.486096144
1607029725.586148739
1607029725.686092377
1607029725.786059141
1607029725.886094570
1607029725.986143589
1607029726.086092472
1607029726.186048269
1607029726.286096096
1607029726.386149645
1607029726.486094236
1607029726.586143017
1607029726.686095715
1607029726.786144495
1607029726.886097908
1607029726.986140966
1607029727.085977554
1607029727.186146021
1607029727.286100626
1607029727.386141539
1607029727.485998631
1607029727.586147308
1607029727.686096907
1607029727.786146641
1607029727.886096954
1607029727.986121655
1607029728.086096525
1607029728.186150789
1607029728.286090136
1607029728.386130333
1607029728.486092091
1607029728.586152315
1607029728.686093569
1607029728.786145687
1607029728.886093378
1607029728.986145020
1607029729.085974216
1607029729.186182022
1607029729.286097050
1607029729.386145592
1607029729.486094236
1607029729.585800171
1607029729.686012745
1607029729.786142588
1607029729.886096716
1607029729.986147404
1607029730.086075783
1607029730.186140776
1607029730.286096334
1607029730.386147261
1607029730.486015081
1607029730.586141109
1607029730.686097860
1607029730.786143064
1607029730.886095524
1607029730.986142397
1607029731.086104155
1607029731.186142683
1607029731.286092520
1607029731.386129379
1607029731.486095905
1607029731.586143970
1607029731.686093807
1607029731.786144733
1607029731.885779858
1607029731.986145973
1607029732.086095810
1607029732.186143160
1607029732.286096096
1607029732.386151314
1607029732.486097097
1607029732.586148739
1607029732.686093092
1607029732.786143780
1607029732.886088610
1607029732.986142397
1607029733.086094379
1607029733.186148643
1607029733.286094904
1607029733.386145592
1607029733.486071110
1607029733.585804224
1607029733.686091900
1607029733.786141157
1607029733.886098385
1607029733.986143112
1607029734.086097717
1607029734.186144352
1607029734.286088943
1607029734.386142254
1607029734.485781670
1607029734.586142302
1607029734.686009169
1607029734.786144018
1607029734.886010170
1607029734.986145496
1607029735.086123228
1607029735.186146736
1607029735.286150932
1607029735.386139393
1607029735.486094236
1607029735.586142302
1607029735.686098099
1607029735.786149979
1607029735.886092901
1607029735.985804796
1607029736.086090326
1607029736.185801268
1607029736.286070347
1607029736.386041880
1607029736.486179590
1607029736.586241722
1607029736.686093569
1607029736.786146879
1607029736.886094093
1607029736.985798597
1607029737.086097240
1607029737.186143875
1607029737.286097050
1607029737.386152506
1607029737.486099958
1607029737.586142540
1607029737.686094284
1607029737.786145687
1607029737.886095047
1607029737.986142874
1607029738.086100817
1607029738.186143637
1607029738.286104918
1607029738.386146784
1607029738.486096144
1607029738.586142302
1607029738.686093092
1607029738.786141157
1607029738.886095047
1607029738.986141205
1607029739.086096525
1607029739.186141729
1607029739.286101580
1607029739.386148691
1607029739.486102343
1607029739.586153269
1607029739.686095476
1607029739.786142588
1607029739.886098385
1607029739.986151934
1607029740.086097240
1607029740.186145544
1607029740.286097050
1607029740.386148214
1607029740.486091852
1607029740.586149693
1607029740.686097622
1607029740.786146641
1607029740.886097193
1607029740.986142874
1607029741.086097002
1607029741.186153173
1607029741.286097527
1607029741.386147261
1607029741.486098289
1607029741.586145163
1607029741.686103582
1607029741.786145687
1607029741.886095762
1607029741.986147404
1607029742.086094141
1607029742.186145782
1607029742.286096334
1607029742.386147022
1607029742.485945463
1607029742.586149693
1607029742.686098576
1607029742.786146164
1607029742.886093616
1607029742.986144781
1607029743.086095810
1607029743.186146021
1607029743.286098719
1607029743.386146307
1607029743.486006021
1607029743.586146116
1607029743.686095953
1607029743.786149502
1607029743.886096716
1607029743.986142159
1607029744.086101770
1607029744.186149120
1607029744.286095858
1607029744.386064291
1607029744.486099005
1607029744.586144209
1607029744.686083794
1607029744.786109447
1607029744.886091471
1607029744.986141205
1607029745.086092710
1607029745.186138630
1607029745.286093950
1607029745.386142731
1607029745.486098766
1607029745.586143732
1607029745.686056137
1607029745.786142588
1607029745.886096001
1607029745.986142159
1607029746.086075306
1607029746.186143875
1607029746.286095619
1607029746.386149645
1607029746.486095428
1607029746.586141348
1607029746.686094999
1607029746.786142111
1607029746.886094809
1607029746.986139774
1607029747.086096525
1607029747.186148882
1607029747.286096811
1607029747.386142254
1607029747.486091614
1607029747.586147070
1607029747.686094761
1607029747.786145687
1607029747.886092186
1607029747.986151218
1607029748.086092949
1607029748.186145067
1607029748.285779476
1607029748.386148453
1607029748.486092806
1607029748.586147547
1607029748.686091185
1607029748.786159515
1607029748.886096239
1607029748.986141920
1607029749.086093426
1607029749.186144829
1607029749.286094666
1607029749.386142254
1607029749.486096382
1607029749.586146355
1607029749.686091900
1607029749.786144972
1607029749.886094570
1607029749.986147642
1607029750.086071014
1607029750.185841560
1607029750.286099195
1607029750.386148453
1607029750.486092806
1607029750.586141109
1607029750.686093569
1607029750.786146641
1607029750.886097908
1607029750.986144066
1607029751.085786819
1607029751.186144829
1607029751.286093950
1607029751.386141300
1607029751.486078978
1607029751.586141586
1607029751.686097622
1607029751.786143303
1607029751.886095285
1607029751.986143112
1607029752.086094141
1607029752.186143398
1607029752.286097288
1607029752.386143684
1607029752.486096859
1607029752.586146593
1607029752.686093807
1607029752.786144257
1607029752.886088133
1607029752.986146450
1607029753.086091518
1607029753.185800791
1607029753.286083698
1607029753.386121273
1607029753.486012459
1607029753.586220264
1607029753.686180353
1607029753.786140442
1607029753.886091709
1607029753.986142159
1607029754.086093664
1607029754.186146021
1607029754.286092758
1607029754.386144161
1607029754.486075163
1607029754.586122274
1607029754.686096668
1607029754.786139488
1607029754.886097431
1607029754.986142397
1607029755.086095810
1607029755.186142445
1607029755.286096573
1607029755.386145353
1607029755.486013889
1607029755.586141586
1607029755.686095476
1607029755.786143303
1607029755.886093616
1607029755.986144066
1607029756.086093187
1607029756.186146975
1607029756.286101341
1607029756.386144400
1607029756.486093521
1607029756.586127281
1607029756.686094761
1607029756.786148548
1607029756.886092901
1607029756.986143112
1607029757.086095572
1607029757.186143160
1607029757.286102057
1607029757.386142254
1607029757.486095190
1607029757.586014509
1607029757.686090708
1607029757.786148310
1607029757.886091709
