1607029767.892804623
1607029767.997341394
1607029768.100908279
1607029768.204396963
1607029768.306981564
1607029768.410480738
1607029768.513975382
1607029768.616574526
1607029768.718827486
1607029768.822346687
1607029768.924878836
1607029769.027742624
1607029769.130324125
1607029769.233824968
1607029769.336406946
1607029769.439892054
1607029769.543389320
1607029769.646014690
1607029769.749588013
1607029769.852157354
1607029769.955718756
1607029770.058598757
1607029770.162111521
1607029770.264692307
1607029770.368173361
1607029770.471667528
1607029770.573928833
1607029770.677501440
1607029770.779767752
1607029770.882288456
1607029770.985826015
1607029771.088625669
1607029771.191267967
1607029771.292496920
1607029771.392663479
1607029771.492515802
1607029771.592598677
1607029771.692590237
1607029771.792593479
1607029771.892592192
1607029771.992533207
1607029772.092595577
1607029772.192591190
1607029772.292458057
1607029772.392534733
1607029772.492590189
1607029772.592593670
1607029772.692591906
1607029772.792593718
1607029772.892508030
1607029772.992462397
1607029773.092590570
1607029773.192592859
1607029773.292522669
1607029773.392594576
1607029773.492590427
1607029773.592586279
1607029773.692587614
1607029773.792459965
1607029773.892587423
1607029773.992587805
1607029774.092587471
1607029774.192428589
1607029774.292471170
1607029774.392481565
1607029774.492591858
1607029774.592528820
1607029774.692469120
1607029774.792589903
1607029774.892595291
1607029774.992596865
1607029775.092422485
1607029775.192459583
1607029775.292582750
1607029775.392493963
1607029775.492594242
1607029775.592586994
1607029775.692585468
1607029775.792594194
1607029775.892587185
1607029775.992533684
1607029776.092586279
1607029776.192571640
1607029776.292164803
1607029776.392520666
1607029776.492589951
1607029776.592590809
1607029776.692595243
1607029776.792592525
1607029776.892418623
1607029776.992578983
1607029777.092594147
1607029777.192567587
1607029777.292162180
1607029777.392505169
1607029777.492591858
1607029777.592481613
1607029777.692511320
1607029777.792499065
1607029777.892592669
1607029777.992624283
1607029778.092597485
1607029778.192162275
1607029778.292452812
1607029778.392467737
1607029778.492593765
1607029778.592458725
1607029778.692469358
1607029778.792589664
1607029778.892593861
1607029778.992593050
1607029779.092594862
1607029779.192484379
1607029779.292590618
1607029779.392588139
1607029779.492594481
1607029779.592595816
1607029779.692588568
1607029779.792591810
1607029779.892587900
1607029779.992464781
1607029780.092593193
1607029780.192621946
1607029780.292592764
1607029780.392493725
1607029780.492587566
1607029780.592588663
1607029780.692590475
1607029780.792461395
1607029780.892590761
1607029780.992592335
1607029781.092586517
1607029781.192633390
1607029781.292592525
1607029781.392592430
1607029781.492587566
1607029781.592135668
1607029781.692589760
1607029781.792588711
1607029781.892596006
1607029781.992588758
1607029782.092155457
1607029782.192623854
1607029782.292589664
1607029782.392479897
1607029782.492132187
1607029782.592594862
1607029782.692594290
1607029782.792594433
1607029782.892588139
1607029782.992585659
1607029783.092591047
1607029783.192594767
1607029783.292595863
1607029783.392121553
1607029783.492594481
1607029783.592593431
1607029783.692596912
1607029783.792591095
1607029783.892460346
1607029783.992464781
1607029784.092591047
1607029784.192589521
1607029784.292591333
1607029784.392592192
1607029784.492589474
1607029784.592587471
1607029784.692295790
1607029784.792590618
1607029784.892588615
1607029784.992588758
1607029785.092588663
1607029785.192590237
1607029785.292587042
1607029785.392594099
1607029785.492595911
1607029785.592460871
1607029785.692593813
1607029785.792592049
1607029785.892591000
1607029785.992586613
1607029786.092587948
1607029786.192595005
1607029786.292587519
1607029786.392467499
1607029786.492458820
1607029786.592593193
1607029786.692593336
1607029786.792586088
1607029786.892586708
1607029786.992463589
1607029787.092591286
1607029787.192451477
1607029787.292486668
1607029787.392588615
1607029787.492485762
1607029787.592493534
1607029787.692589998
1607029787.792461634
1607029787.892528296
1607029787.992456436
1607029788.092468262
1607029788.192508936
1607029788.292491674
1607029788.392451048
1607029788.492532253
1607029788.592614889
1607029788.692594767
1607029788.792546988
1607029788.892465591
1607029788.992591619
1607029789.092589617
1607029789.192594051
1607029789.292462826
1607029789.392590284
1607029789.492593765
1607029789.592467070
1607029789.692368507
1607029789.792469740
1607029789.892597198
1607029789.992593050
1607029790.092514753
1607029790.192587852
1607029790.292587042
1607029790.392591000
1607029790.492455959
1607029790.592548609
1607029790.692468405
1607029790.792588472
1607029790.892451048
1607029790.992465973
1607029791.092462063
1607029791.192583799
1607029791.292587757
1607029791.392590284
1607029791.492595434
1607029791.592595816
1607029791.692585707
1607029791.792593956
1607029791.892592907
1607029791.992466927
1607029792.092591286
1607029792.192593098
1607029792.292600393
1607029792.392455101
1607029792.492468357
1607029792.592460155
1607029792.692591190
1607029792.792590380
1607029792.892588615
1607029792.992595434
1607029793.092594862
1607029793.192465067
1607029793.292590618
1607029793.392450571
1607029793.492511988
1607029793.592466831
1607029793.692543507
1607029793.792464018
1607029793.892590761
1607029793.992463112
1607029794.092496157
1607029794.192589283
1607029794.292590857
1607029794.392595053
1607029794.492455959
1607029794.592528582
1607029794.692596912
1607029794.792594671
1607029794.892598152
1607029794.992531538
1607029795.092590570
1607029795.192591429
1607029795.292597294
1607029795.392593384
1607029795.492503166
1607029795.592592716
1607029795.692594051
1607029795.792587996
1607029795.892525673
1607029795.992462158
1607029796.092592239
1607029796.192594290
1607029796.292467117
1607029796.392468452
1607029796.492591381
1607029796.592592239
1607029796.692587376
1607029796.792475224
1607029796.892467022
1607029796.992593765
1607029797.092587948
1607029797.192518711
1607029797.292466402
1607029797.392589808
1607029797.492591143
1607029797.592470646
1607029797.692595243
1607029797.792597055
1607029797.892589331
1607029797.992591143
1607029798.092592955
1607029798.192585945
1607029798.292590618
1607029798.392597675
1607029798.492589235
1607029798.592466116
1607029798.692598104
1607029798.792598486
1607029798.892591476
1607029798.992523670
1607029799.092469931
1607029799.192597151
1607029799.292591572
1607029799.392468691
1607029799.492590666
1607029799.592597008
1607029799.692589521
1607029799.792596340
1607029799.892592669
1607029799.992464066
1607029800.092589378
1607029800.192469120
1607029800.292598486
1607029800.392592907
1607029800.492588758
1607029800.592587709
1607029800.692594528
1607029800.792588949
1607029800.892596483
1607029800.992592573
1607029801.092590809
1607029801.192593575
1607029801.292589426
1607029801.392592430
1607029801.492596865
1607029801.592504501
1607029801.692591906
1607029801.792590141
1607029801.892595530
1607029801.992592335
1607029802.092594862
1607029802.192595482
1607029802.292596340
1607029802.392595053
1607029802.492470026
1607029802.592588902
1607029802.692595005
1607029802.792590380
1607029802.892592192
1607029802.992586136
1607029803.092590570
1607029803.192594051
1607029803.292489290
1607029803.392589569
1607029803.492590189
1607029803.592599869
1607029803.692591429
1607029803.792589426
1607029803.892593622
1607029803.992600679
1607029804.092588186
1607029804.192590714
1607029804.292593718
1607029804.392590046
1607029804.492589474
1607029804.592595100
1607029804.692464113
1607029804.792589188
1607029804.892587900
1607029804.992594957
1607029805.092597246
1607029805.192593575
1607029805.292489529
1607029805.392591000
1607029805.492591143
1607029805.592468262
1607029805.692581177
1607029805.792574644
1607029805.892558336
1607029805.992567778
1607029806.092654943
1607029806.192662477
1607029806.292592764
1607029806.392465353
1607029806.492596626
1607029806.592592955
1607029806.692592621
1607029806.792590857
1607029806.892589092
1607029806.992594004
1607029807.092592001
1607029807.192595482
1607029807.292587519
1607029807.392591238
1607029807.492588520
1607029807.592594385
1607029807.692588568
1607029807.792593718
1607029807.892589569
1607029807.992596388
1607029808.092595577
1607029808.192587614
1607029808.292591810
1607029808.392589569
1607029808.492591143
1607029808.592595816
1607029808.692460775
1607029808.792596102
1607029808.892589808
1607029808.992591381
1607029809.092590809
1607029809.192588329
1607029809.292596579
1607029809.392588854
1607029809.492488623
1607029809.592592955
1607029809.692597866
1607029809.792595387
1607029809.892592192
1607029809.992590427
1607029810.092595577
1607029810.192496777
1607029810.292592049
1607029810.392591000
1607029810.492591858
1607029810.592591763
1607029810.692591190
1607029810.792593718
1607029810.892593384
1607029810.992593288
1607029811.092593670
1607029811.192459583
1607029811.292591095
1607029811.392599106
1607029811.492591858
1607029811.592588902
1607029811.692589045
1607029811.792459011
1607029811.892590046
1607029811.992591143
1607029812.092593908
1607029812.192598581
1607029812.292590618
1607029812.392596960
1607029812.492590427
1607029812.592455864
1607029812.692589521
1607029812.792593956
1607029812.892595291
1607029812.992597103
1607029813.092586040
1607029813.192481995
1607029813.292464733
1607029813.392594576
1607029813.492595434
1607029813.592384815
1607029813.692472219
1607029813.792597771
1607029813.892597914
1607029813.992588758
1607029814.092492342
1607029814.192601204
1607029814.292454481
1607029814.392597675
1607029814.492339849
1607029814.592596292
1607029814.692455292
1607029814.792586327
1607029814.892453671
1607029814.992599249
1607029815.092456818
1607029815.192505360
1607029815.292148590
1607029815.392590761
1607029815.492460489
1607029815.592593193
1607029815.692162514
1607029815.792592049
1607029815.892454863
1607029815.992595196
1607029816.092452765
1607029816.192592859
1607029816.292514086
1607029816.392587185
1607029816.492408037
1607029816.592594147
1607029816.692416430
1607029816.792587280
1607029816.892503262
1607029816.992589951
1607029817.092621326
1607029817.192537546
1607029817.292625904
1607029817.392591715
1607029817.492165804
1607029817.592456341
1607029817.692592859
1607029817.792591810
1607029817.892596722
1607029817.992469311
1607029818.092595339
1607029818.192591190
1607029818.292594910
1607029818.392589569
1607029818.492591381
1607029818.592594147
1607029818.692595243
1607029818.792485952
1607029818.892586946
1607029818.992592573
1607029819.092592478
1607029819.192589045
1607029819.292594194
1607029819.392595291
1607029819.492594242
1607029819.592596054
1607029819.692591667
1607029819.792588234
1607029819.892591953
1607029819.992593765
1607029820.092586994
1607029820.192461729
1607029820.292459726
1607029820.392596483
1607029820.492595434
1607029820.592456579
1607029820.692455292
1607029820.792470455
1607029820.892595053
1607029820.992593527
1607029821.092468977
1607029821.192453861
1607029821.292459249
1607029821.392456293
1607029821.492130995
1607029821.592457294
1607029821.692455769
1607029821.792458534
1607029821.892517090
1607029821.992458105
1607029822.092456341
1607029822.192414522
1607029822.292415142
1607029822.392467737
1607029822.492444992
1607029822.592313766
1607029822.692636490
1607029822.792592764
1607029822.892650843
1607029822.992593050
1607029823.092592716
1607029823.192591429
1607029823.292166710
1607029823.392465591
1607029823.492589951
1607029823.592144251
1607029823.692529440
1607029823.792597055
1607029823.892592907
1607029823.992593527
1607029824.092592001
1607029824.192530632
1607029824.292593002
1607029824.392590284
1607029824.492503405
1607029824.592594624
1607029824.692594051
1607029824.792595863
1607029824.892589331
1607029824.992462635
1607029825.092584610
1607029825.192588329
1607029825.292156458
1607029825.392152309
1607029825.492589951
1607029825.592453480
1607029825.692584991
1607029825.792159081
1607029825.892588854
1607029825.992593765
1607029826.092598677
1607029826.192586660
1607029826.292458773
1607029826.392458916
1607029826.492594004
1607029826.592466116
1607029826.692380428
1607029826.792465925
1607029826.892587900
1607029826.992589951
1607029827.092593908
1607029827.192149639
1607029827.292591333
1607029827.392588615
1607029827.492499113
1607029827.592533827
1607029827.692589283
1607029827.792592764
1607029827.892586946
1607029827.992596149
1607029828.092411518
1607029828.192590237
1607029828.292593479
1607029828.392594337
1607029828.492162943
1607029828.592464685
1607029828.692588806
1607029828.792589664
1607029828.892467022
1607029828.992590427
1607029829.092593193
1607029829.192589521
1607029829.292460442
1607029829.392501116
1607029829.492590666
1607029829.592592478
1607029829.692462206
1607029829.792597294
1607029829.892589092
1607029829.992590666
1607029830.092591763
1607029830.192587376
1607029830.292383909
1607029830.392473698
1607029830.492588758
1607029830.592458725
1607029830.692586660
1607029830.792494535
1607029830.892598391
1607029830.992596865
1607029831.092591763
1607029831.192413807
1607029831.292593241
1607029831.392593622
1607029831.492451906
1607029831.592368126
1607029831.692471743
1607029831.792591333
1607029831.892548800
1607029831.992524385
1607029832.092591524
1607029832.192590952
1607029832.292590618
1607029832.392148256
1607029832.492160082
1607029832.592469454
1607029832.692585707
1607029832.792474985
1607029832.892588854
1607029832.992593765
1607029833.092590809
1607029833.192590952
1607029833.292590857
1607029833.392499685
1607029833.492589712
1607029833.592587233
1607029833.692597628
1607029833.792515039
1607029833.892591000
1607029833.992593527
1607029834.092586279
1607029834.192591429
1607029834.292448521
1607029834.392588854
1607029834.492588282
1607029834.592151403
1607029834.692590952
1607029834.792629719
1607029834.892589092
1607029834.992490053
1607029835.092462540
1607029835.192464113
1607029835.292588472
1607029835.392591715
1607029835.492160797
1607029835.592593670
1607029835.692589998
1607029835.792590141
1607029835.892491341
1607029835.992592812
1607029836.092508316
1607029836.192586184
1607029836.292588472
1607029836.392590284
1607029836.492590666
1607029836.592592955
1607029836.692598581
1607029836.792591572
1607029836.892596722
1607029836.992592812
1607029837.092590332
1607029837.192593098
1607029837.292596817
1607029837.392595053
1607029837.492589951
1607029837.592592239
1607029837.692587137
1607029837.792597532
1607029837.892589331
1607029837.992585421
1607029838.092594385
1607029838.192464590
1607029838.292591810
1607029838.392595530
1607029838.492463827
1607029838.592461586
1607029838.692592144
1607029838.792588234
1607029838.892591476
1607029838.992491722
1607029839.092475891
1607029839.192516088
1607029839.292586327
1607029839.392589569
1607029839.492444992
1607029839.592502356
1607029839.692503214
1607029839.792642832
1607029839.892245531
1607029839.992662430
1607029840.092487097
1607029840.192589760
1607029840.292587042
1607029840.392589092
1607029840.492463827
1607029840.592588425
1607029840.692591190
1607029840.792591333
1607029840.892157793
1607029840.992473125
1607029841.092587709
1607029841.192588329
1607029841.292515278
1607029841.392474890
1607029841.492597818
1607029841.592595816
1607029841.692597151
1607029841.792152643
1607029841.892589331
1607029841.992590904
1607029842.092586756
1607029842.192137003
1607029842.292595387
1607029842.392589808
1607029842.492593288
1607029842.592504740
1607029842.692412853
1607029842.792594194
1607029842.892591000
1607029842.992593050
1607029843.092590809
1607029843.192465067
1607029843.292597055
1607029843.392585278
1607029843.492591858
1607029843.592461348
1607029843.692598581
1607029843.792595148
1607029843.892589331
1607029843.992175817
1607029844.092497349
1607029844.192596912
1607029844.292591572
1607029844.392486572
1607029844.492593527
1607029844.592505455
1607029844.692505598
1607029844.792464972
1607029844.892593145
1607029844.992491484
1607029845.092592955
1607029845.192591906
1607029845.292592287
1607029845.392587423
1607029845.492590427
1607029845.592591524
1607029845.692485809
1607029845.792590857
1607029845.892592669
1607029845.992598295
1607029846.092589140
1607029846.192595959
1607029846.292592764
1607029846.392598152
1607029846.492587090
1607029846.592172146
1607029846.692476273
1607029846.792594194
1607029846.892590523
1607029846.992584944
1607029847.092597485
1607029847.192464352
1607029847.292594433
1607029847.392596245
1607029847.492522001
1607029847.592483282
1607029847.692574501
1607029847.792589426
1607029847.892586231
1607029847.992148161
1607029848.092592716
1607029848.192591190
1607029848.292588234
1607029848.392590284
1607029848.492592096
1607029848.592593670
1607029848.692513704
1607029848.792509794
1607029848.892588854
1607029848.992588282
1607029849.092591286
1607029849.192594528
1607029849.292507410
1607029849.392587423
1607029849.492589474
1607029849.592586756
1607029849.692622185
1607029849.792463303
1607029849.892588377
1607029849.992593765
1607029850.092592478
1607029850.192589045
1607029850.292593718
1607029850.392591000
1607029850.492594957
1607029850.592510223
1607029850.692589760
1607029850.792592525
1607029850.892587662
1607029850.992588043
1607029851.092586994
1607029851.192525625
1607029851.292595625
1607029851.392589808
1607029851.492578506
1607029851.592588425
1607029851.692590475
1607029851.792593241
1607029851.892593145
1607029851.992581844
1607029852.092353582
1607029852.192471266
1607029852.292283058
1607029852.392794371
1607029852.492926359
1607029852.592603207
1607029852.692642450
1607029852.792639256
1607029852.892657995
1607029852.992668390
1607029853.092513800
1607029853.192544699
1607029853.292654276
1607029853.392632008
1607029853.492644787
1607029853.592630148
1607029853.692507267
1607029853.792632818
1607029853.892509460
1607029853.992612839
1607029854.092615366
1607029854.192613840
1607029854.292609692
1607029854.392612934
1607029854.492297411
1607029854.592611313
1607029854.692632437
1607029854.792603970
1607029854.892610788
1607029854.992613554
1607029855.092644453
1607029855.192636490
1607029855.292662859
1607029855.392635345
1607029855.492636919
1607029855.592638731
1607029855.692637682
1607029855.792636395
1607029855.892518044
1607029855.992511034
1607029856.092632532
1607029856.192494631
1607029856.292525291
1607029856.392495632
1607029856.492542028
1607029856.592464447
1607029856.692436934
1607029856.792564392
1607029856.892691135
1607029856.992508650
1607029857.092620134
1607029857.192447424
1607029857.292614937
1607029857.392477036
1607029857.492608070
1607029857.592466593
1607029857.692651510
1607029857.792435646
1607029857.892643452
1607029857.992439747
1607029858.092636108
1607029858.192322731
1607029858.292638779
1607029858.392469883
1607029858.492455244
1607029858.592558384
1607029858.692531109
1607029858.792670012
1607029858.892771006
1607029858.992591381
1607029859.092669010
1607029859.192566156
1607029859.292613983
1607029859.392640591
1607029859.492490530
1607029859.592611790
1607029859.692615747
1607029859.792608976
1607029859.892610073
1607029859.992613077
1607029860.092591047
1607029860.192648649
1607029860.292640686
1607029860.392637491
1607029860.492636442
1607029860.592674732
1607029860.692635775
1607029860.792640924
1607029860.892640829
1607029860.992637634
1607029861.092656136
1607029861.192642689
1607029861.292634010
1607029861.392635345
1607029861.492522717
1607029861.592633009
1607029861.692461729
1607029861.792616844
1607029861.892224789
1607029861.992609978
1607029862.092611313
1607029862.192635298
1607029862.292517662
1607029862.392492771
1607029862.492612362
1607029862.592619419
1607029862.692607641
1607029862.792659521
1607029862.892615080
1607029862.992649555
1607029863.092487335
1607029863.192494154
1607029863.292518139
1607029863.392637014
1607029863.492640018
1607029863.592643261
1607029863.692630053
1607029863.792639017
1607029863.892645836
1607029863.992629528
1607029864.092514753
1607029864.192517757
1607029864.292623043
1607029864.392537117
1607029864.492649794
1607029864.592454433
1607029864.692493439
1607029864.792490482
1607029864.892611265
1607029864.992642879
1607029865.092837811
1607029865.192870617
1607029865.292612314
1607029865.392517090
1607029865.492624998
1607029865.592638254
1607029865.692453623
1607029865.792643070
1607029865.892637730
1607029865.992512226
1607029866.092638254
1607029866.192567825
1607029866.292634010
1607029866.392632961
1607029866.492632151
1607029866.592642307
1607029866.692629099
1607029866.792662621
1607029866.892626047
1607029866.992622852
1607029867.092610598
1607029867.192613602
1607029867.292616844
1607029867.392636776
1607029867.492607355
1607029867.592612267
1607029867.692612886
1607029867.792614222
1607029867.892619610
