1607028402.860766172
1607028402.961048126
1607028403.061224222
1607028403.161402702
1607028403.261554003
1607028403.361722469
1607028403.461942911
1607028403.562232494
1607028403.662407637
1607028403.762662649
1607028403.862848520
1607028403.963157654
1607028404.063394070
1607028404.163609982
1607028404.263775587
1607028404.363953114
1607028404.464212894
1607028404.564393044
1607028404.664544344
1607028404.764784575
1607028404.864998579
1607028404.965202332
1607028405.065384865
1607028405.165662289
1607028405.265884161
1607028405.366096973
1607028405.466320276
1607028405.566612959
1607028405.666777849
1607028405.766988277
1607028405.867207289
1607028405.967357397
1607028406.067582130
1607028406.167790890
1607028406.268022060
1607028406.368160725
1607028406.468326807
1607028406.568470955
1607028406.668783426
1607028406.768990278
1607028406.869199753
1607028406.969475985
1607028407.069615602
1607028407.169818163
1607028407.270120144
1607028407.370323420
1607028407.470496178
1607028407.570799112
1607028407.670977116
1607028407.771111965
1607028407.871298075
1607028407.971462488
1607028408.071703434
1607028408.171871424
1607028408.272042751
1607028408.372252226
1607028408.472462893
1607028408.572667837
1607028408.672872305
1607028408.773018837
1607028408.873219967
1607028408.973403931
1607028409.073550463
1607028409.173833370
1607028409.273976564
1607028409.374195576
1607028409.474419355
1607028409.574618816
1607028409.674787998
1607028409.775093794
1607028409.875280380
1607028409.975490332
1607028410.075632334
1607028410.175786734
1607028410.275949478
1607028410.376143932
1607028410.476301670
1607028410.576486826
1607028410.676684380
1607028410.776883364
1607028410.877104044
1607028410.977405548
1607028411.077715158
1607028411.177901506
1607028411.278110981
1607028411.378415346
1607028411.478748560
1607028411.579030752
1607028411.679167986
1607028411.779311419
1607028411.879522800
1607028411.979727030
1607028412.079934835
1607028412.180125713
1607028412.280261040
1607028412.380459309
1607028412.480669022
1607028412.580952644
1607028412.681122065
1607028412.781296253
1607028412.881506443
1607028412.981673002
1607028413.081881762
1607028413.182151079
1607028413.282356977
1607028413.382643223
1607028413.482834578
1607028413.583004951
1607028413.683169603
1607028413.783339262
1607028413.883541584
1607028413.983705997
1607028414.083879232
1607028414.184083700
1607028414.284275770
1607028414.384460211
1607028414.484753370
1607028414.585039854
1607028414.685343027
1607028414.785670757
1607028414.885874748
1607028414.986202002
1607028415.086508036
1607028415.186807871
1607028415.286973238
1607028415.387151718
1607028415.487452745
1607028415.587783337
1607028415.687991619
1607028415.788129568
1607028415.888338327
1607028415.988536119
1607028416.088738918
1607028416.188966036
1607028416.289153814
1607028416.389358044
1607028416.489500761
1607028416.589690924
1607028416.689923048
1607028416.790078640
1607028416.890282154
1607028416.990493536
1607028417.090703011
1607028417.190878868
1607028417.290985584
1607028417.391128540
1607028417.491404772
1607028417.591605186
1607028417.691810608
1607028417.792113543
1607028417.892325640
1607028417.992629766
1607028418.092937469
1607028418.193248272
1607028418.293454409
1607028418.393757105
1607028418.494092703
1607028418.594398975
1607028418.694701910
1607028418.794910192
1607028418.895228624
1607028418.995532274
1607028419.095808029
1607028419.196013451
1607028419.296295881
1607028419.396597862
1607028419.496901035
1607028419.597206116
1607028419.697476625
1607028419.797807217
1607028419.898101568
1607028419.998405933
1607028420.098709822
1607028420.199031353
1607028420.299334049
1607028420.399584532
1607028420.499864817
1607028420.600144386
1607028420.700481653
1607028420.800794363
1607028420.901103258
1607028421.001388073
1607028421.101692438
1607028421.201998711
1607028421.302304745
1607028421.402626038
1607028421.502913237
1607028421.603228569
1607028421.703531504
1607028421.803843975
1607028421.904148102
1607028422.004441738
1607028422.104747295
1607028422.205051899
1607028422.305359125
1607028422.405694962
1607028422.505994081
1607028422.606302500
1607028422.706606865
1607028422.806912184
1607028422.907233953
1607028423.007568359
1607028423.107872248
1607028423.208011389
1607028423.308340549
1607028423.408644438
1607028423.508949995
1607028423.609223127
1607028423.709525347
1607028423.809827805
1607028423.910131931
1607028424.010437489
1607028424.110631227
1607028424.210935831
1607028424.311161995
1607028424.411467791
1607028424.511648655
1607028424.611842632
1607028424.712125540
1607028424.812431097
1607028424.912736416
1607028425.012937784
1607028425.113239050
1607028425.213537216
1607028425.313837528
1607028425.414119959
1607028425.514391661
1607028425.614652157
1607028425.714979172
1607028425.815290689
1607028425.915560484
1607028426.015864611
1607028426.116171598
1607028426.216395140
1607028426.316702127
1607028426.417008400
1607028426.517311811
1607028426.617643595
1607028426.717950583
1607028426.818235874
1607028426.918539047
1607028427.018842697
1607028427.119147539
1607028427.219327688
1607028427.319532633
1607028427.419836044
1607028427.520073414
1607028427.620359659
1607028427.720659256
1607028427.820948601
1607028427.921252012
1607028428.021552324
1607028428.121764421
1607028428.222049475
1607028428.322278500
1607028428.422544956
1607028428.522686005
1607028428.623003721
1607028428.723182917
1607028428.823318720
1607028428.923623800
1607028429.023835659
1607028429.124139071
1607028429.224443913
1607028429.324751854
1607028429.425029755
1607028429.525323629
1607028429.625627756
1607028429.725933552
1607028429.826248169
1607028429.926500559
1607028430.026805162
1607028430.127110243
1607028430.227417707
1607028430.327555418
1607028430.427780867
1607028430.528099298
1607028430.628382683
1607028430.728587151
1607028430.828917027
1607028430.929220676
1607028431.029528379
1607028431.129833937
1607028431.230130196
1607028431.330460310
1607028431.430769920
1607028431.531056166
1607028431.631360292
1607028431.731663227
1607028431.831968546
1607028431.932272196
1607028432.032475471
1607028432.132767200
1607028432.233071566
1607028432.333383799
1607028432.433712006
1607028432.533998251
1607028432.634303570
1607028432.734614372
1607028432.834926844
1607028432.935154915
1607028433.035465002
1607028433.135771036
1607028433.236078262
1607028433.336367846
1607028433.436674118
1607028433.536976337
1607028433.637274742
1607028433.737577915
1607028433.837880373
1607028433.938185453
1607028434.038488865
1607028434.138787985
1607028434.239100933
1607028434.339409590
1607028434.439720154
1607028434.539997578
1607028434.640168428
1607028434.740489960
1607028434.840780973
1607028434.941084862
1607028435.041391134
1607028435.141559601
1607028435.241862059
1607028435.342163563
1607028435.442467451
1607028435.542655230
1607028435.642971516
1607028435.743157864
1607028435.843463898
1607028435.943769932
1607028436.044049978
1607028436.144350290
1607028436.244652987
1607028436.344919443
1607028436.445249557
1607028436.545557022
1607028436.645859957
1607028436.746162415
1607028436.846465826
1607028436.946769953
1607028437.047099590
1607028437.147405386
1607028437.247709513
1607028437.347919464
1607028437.448083639
1607028437.548283815
1607028437.648416996
1607028437.748617649
1607028437.848943710
1607028437.949233055
1607028438.049382925
1607028438.149698973
1607028438.249881268
1607028438.350083351
1607028438.450356960
1607028438.550575018
1607028438.650772095
1607028438.751084566
1607028438.851226807
1607028438.951443434
1607028439.051652431
1607028439.151824951
1607028439.252033710
1607028439.352319479
1607028439.452488661
1607028439.552628517
1607028439.652817011
1607028439.752983570
1607028439.853147507
1607028439.953310966
1607028440.053511858
1607028440.153801680
1607028440.254014015
1607028440.354278088
1607028440.454579592
1607028440.554859161
1607028440.655162096
1607028440.755314827
1607028440.855510950
1607028440.955813646
1607028441.055984020
1607028441.156312943
1607028441.256475687
1607028441.356782913
1607028441.457110643
1607028441.557411671
1607028441.657602549
1607028441.757905960
1607028441.858206511
1607028441.958512306
1607028442.058816195
1607028442.159020901
1607028442.259324789
1607028442.359594584
1607028442.459899426
1607028442.560106039
1607028442.660375595
1607028442.760677338
1607028442.860982656
1607028442.961009264
1607028443.061007023
1607028443.161002874
1607028443.261012077
1607028443.361008406
1607028443.461012840
1607028443.561007261
1607028443.661009312
1607028443.761002541
1607028443.860984325
1607028443.961008787
1607028444.061011076
1607028444.161012888
1607028444.261001110
1607028444.361009359
1607028444.461015701
1607028444.561007977
1607028444.661005259
1607028444.760913134
1607028444.861025572
1607028444.961026669
1607028445.060997486
1607028445.160984755
1607028445.260923147
1607028445.360993862
1607028445.461008310
1607028445.561009407
1607028445.660874605
1607028445.761012077
1607028445.861008883
1607028445.960974455
1607028446.061011791
1607028446.161002159
1607028446.261011839
1607028446.361009359
1607028446.461008310
1607028446.560980558
1607028446.661012888
1607028446.761007071
1607028446.861009598
1607028446.961004972
1607028447.061011314
1607028447.161001444
1607028447.261008501
1607028447.361011744
1607028447.461008072
1607028447.561010599
1607028447.660976410
1607028447.761020184
1607028447.861016750
1607028447.961011410
1607028448.061008692
1607028448.161008596
1607028448.261010408
1607028448.360874653
1607028448.460976839
1607028448.561007500
1607028448.661011457
1607028448.760974407
1607028448.861009598
1607028448.960995197
1607028449.061019182
1607028449.161010265
1607028449.260982513
1607028449.361008644
1607028449.460993528
1607028449.561008930
1607028449.661010742
1607028449.761008263
1607028449.861011028
1607028449.961011410
1607028450.060976744
1607028450.160999298
1607028450.261009455
1607028450.361007929
1607028450.461018085
1607028450.561018229
1607028450.661015272
1607028450.761008024
1607028450.861006260
1607028450.961010218
1607028451.061009645
1607028451.160973787
1607028451.260973930
1607028451.361008883
1607028451.461008549
1607028451.561033010
1607028451.661018372
1607028451.761009932
1607028451.860976934
1607028451.961011887
1607028452.061010838
1607028452.161007404
1607028452.261009693
1607028452.361008167
1607028452.460989237
1607028452.561010599
1607028452.660980463
1607028452.760974407
1607028452.861008644
1607028452.960993290
1607028453.060974360
1607028453.161007404
1607028453.261001348
1607028453.361008406
1607028453.461009026
1607028453.560905933
1607028453.660982132
1607028453.761010647
1607028453.861009598
1607028453.960873604
1607028454.061002016
1607028454.161007881
1607028454.260988474
1607028454.361008644
1607028454.460905075
1607028454.561010361
1607028454.661008358
1607028454.761004925
1607028454.860889912
1607028454.961008787
1607028455.061009169
1607028455.161015034
1607028455.261015892
1607028455.360875845
1607028455.461004019
1607028455.561007261
1607028455.661034822
1607028455.760914803
1607028455.861016035
1607028455.960984230
1607028456.061005116
1607028456.161011934
1607028456.261004448
1607028456.361015320
1607028456.461014271
1607028456.561001778
1607028456.660978556
1607028456.760974169
1607028456.861007929
1607028456.961005211
1607028457.061006308
1607028457.160980463
1607028457.261007786
1607028457.361014128
1607028457.461008549
1607028457.560882568
1607028457.661009073
1607028457.761008978
1607028457.861006737
1607028457.960984468
1607028458.061011553
1607028458.161008120
1607028458.260992289
1607028458.361005545
1607028458.460875750
1607028458.561034679
1607028458.661014795
1607028458.761011600
1607028458.860980034
1607028458.961008549
1607028459.061008215
1607028459.161009312
1607028459.261011600
1607028459.361008883
1607028459.461008072
1607028459.561006069
1607028459.661010504
1607028459.761008263
1607028459.861009598
1607028459.961007833
1607028460.061015844
1607028460.161005259
1607028460.261013031
1607028460.361007929
1607028460.461008072
1607028460.561011553
1607028460.661004782
1607028460.760973454
1607028460.861008167
1607028460.961007833
1607028461.060992718
1607028461.160977840
1607028461.260882378
1607028461.361023426
1607028461.461011887
1607028461.561008453
1607028461.661007881
1607028461.761011839
1607028461.861007452
1607028461.960912943
1607028462.061001301
1607028462.161008596
1607028462.261007786
1607028462.361007690
1607028462.460975885
1607028462.560988665
1607028462.661003828
1607028462.761009932
1607028462.861011744
1607028462.961013079
1607028463.061007738
1607028463.160909891
1607028463.261005402
1607028463.360874891
1607028463.461007357
1607028463.561010361
1607028463.661007404
1607028463.761008739
1607028463.861004114
1607028463.961010218
1607028464.061003685
1607028464.161033392
1607028464.261024475
1607028464.361013651
1607028464.460995913
1607028464.561004639
1607028464.661006212
1607028464.760973454
1607028464.861010075
1607028464.961007595
1607028465.061003208
1607028465.161010504
1607028465.261000156
1607028465.361008406
1607028465.461010933
1607028465.560999870
1607028465.661020517
1607028465.761011124
1607028465.861010551
1607028465.960915089
1607028466.060975552
1607028466.161009550
1607028466.261007547
1607028466.361004114
1607028466.461011648
1607028466.561010122
1607028466.660904408
1607028466.760905266
1607028466.861011505
1607028466.961034298
1607028467.061026335
1607028467.160911798
1607028467.261010647
1607028467.361008883
1607028467.461008072
1607028467.561006546
1607028467.660906315
1607028467.761009932
1607028467.861009836
1607028467.960991859
1607028468.061011076
1607028468.161006451
1607028468.261006832
1607028468.361010075
1607028468.461008072
1607028468.560999155
1607028468.661010027
1607028468.760973215
1607028468.861017942
1607028468.960906029
1607028469.061016083
1607028469.161002874
1607028469.261008024
1607028469.361010313
1607028469.461004496
1607028469.561008215
1607028469.661009312
1607028469.761038065
1607028469.861033916
1607028469.961014748
1607028470.061008930
1607028470.161012411
1607028470.260988951
1607028470.361013174
1607028470.461007357
1607028470.561008453
1607028470.661010265
1607028470.761010885
1607028470.861002922
1607028470.961009264
1607028471.061007977
1607028471.161007404
1607028471.261007786
1607028471.361008406
1607028471.460985422
1607028471.561009407
1607028471.661012888
1607028471.761008739
1607028471.861008167
1607028471.961009264
1607028472.061004162
1607028472.161004066
1607028472.261009693
1607028472.361009836
1607028472.461014032
1607028472.561003208
1607028472.661028147
1607028472.761001348
1607028472.861009836
1607028472.961012840
1607028473.061013937
1607028473.161013842
1607028473.260998964
1607028473.361003876
1607028473.461007833
1607028473.561009169
1607028473.661002398
1607028473.761013269
1607028473.861008406
1607028473.960891962
1607028474.061011553
1607028474.160999775
1607028474.261012077
1607028474.360891581
1607028474.461004496
1607028474.561012030
1607028474.660976887
1607028474.761006355
1607028474.860913754
1607028474.961008787
1607028475.061007023
1607028475.161002636
1607028475.260911465
1607028475.360917807
1607028475.461033583
1607028475.561022997
1607028475.660913229
1607028475.761002779
1607028475.860999584
1607028475.961009502
1607028476.060991049
1607028476.160985947
1607028476.260975838
1607028476.361012697
1607028476.461014032
1607028476.561002970
1607028476.661003113
1607028476.760971785
1607028476.861004591
1607028476.961004734
1607028477.060910225
1607028477.160904408
1607028477.260839939
1607028477.360911131
1607028477.461010456
1607028477.561008692
1607028477.660910368
1607028477.761009693
1607028477.861010313
1607028477.961009264
1607028478.061008453
1607028478.161011934
1607028478.261027575
1607028478.361013174
1607028478.461014509
1607028478.561003685
1607028478.661004543
1607028478.760986567
1607028478.861002684
1607028478.961014271
1607028479.061009645
1607028479.160996675
1607028479.261001110
1607028479.361010313
1607028479.461010933
1607028479.561012030
1607028479.661011696
1607028479.760982990
1607028479.861010551
1607028479.961010933
1607028480.061009169
1607028480.161004066
1607028480.261014938
1607028480.360882044
1607028480.461014509
1607028480.560979366
1607028480.661002874
1607028480.760969877
1607028480.861011982
1607028480.961008310
1607028481.061028242
1607028481.161028147
1607028481.261021614
1607028481.361007452
1607028481.460923910
1607028481.561005354
1607028481.660987377
1607028481.761009216
1607028481.860983133
1607028481.961012840
1607028482.061010838
1607028482.161014080
1607028482.260993242
1607028482.360878229
1607028482.461001158
1607028482.561010361
1607028482.661002636
1607028482.760874271
1607028482.860997915
1607028482.961007118
1607028483.061008930
1607028483.161008835
1607028483.260875463
1607028483.361001253
1607028483.461011887
1607028483.561008930
1607028483.660876989
1607028483.761010885
1607028483.861042261
1607028483.961034536
1607028484.061016083
1607028484.161009550
1607028484.261007547
1607028484.361008167
1607028484.461008072
1607028484.560978651
1607028484.661004782
1607028484.760975122
1607028484.861009121
1607028484.960889816
1607028485.060975313
1607028485.161002636
1607028485.261012793
1607028485.361008406
1607028485.460980415
1607028485.561002731
1607028485.661013365
1607028485.761007786
1607028485.860906839
1607028485.961009741
1607028486.061010838
1607028486.161007166
1607028486.260914087
1607028486.360868216
1607028486.461007595
1607028486.561008453
1607028486.661007881
1607028486.760891199
1607028486.861006498
1607028486.961013079
1607028487.061015129
1607028487.161007643
1607028487.260913849
1607028487.361010790
1607028487.460979223
1607028487.561009407
1607028487.660979509
1607028487.761007786
1607028487.861008883
1607028487.961007357
1607028488.060883999
1607028488.161007881
1607028488.261007547
1607028488.361009598
1607028488.461009741
1607028488.560978413
1607028488.661008835
1607028488.760967970
1607028488.861009598
1607028488.960979223
1607028489.061008215
1607028489.161004543
1607028489.260999441
1607028489.361011028
1607028489.460907221
1607028489.561039686
1607028489.661021709
1607028489.761012316
1607028489.860878229
1607028489.961010456
1607028490.061009645
1607028490.161010742
1607028490.261003733
1607028490.360976934
1607028490.461009026
1607028490.561004639
1607028490.661013365
1607028490.761008024
1607028490.861011982
1607028490.961013556
1607028491.061007977
1607028491.161003351
1607028491.261010885
1607028491.361006975
1607028491.461011648
1607028491.561005354
1607028491.661014557
1607028491.760995150
1607028491.861008167
1607028491.961004019
1607028492.061017752
1607028492.161007166
1607028492.261013269
1607028492.360981464
1607028492.461027145
1607028492.560874462
1607028492.661004782
1607028492.760975122
1607028492.861006737
1607028492.960906029
1607028493.061005354
1607028493.160998344
1607028493.260905504
1607028493.360915899
1607028493.461010933
1607028493.561008453
1607028493.661004543
1607028493.761008739
1607028493.860980988
1607028493.961006641
1607028494.061008930
1607028494.161009789
1607028494.261005878
1607028494.361008406
1607028494.461008310
1607028494.561009169
1607028494.661008358
1607028494.761011362
1607028494.860991716
1607028494.961009264
1607028495.060905695
1607028495.161037445
1607028495.261020660
1607028495.360890627
1607028495.461008549
1607028495.561018705
1607028495.661003828
1607028495.761008263
1607028495.861010075
1607028495.960901499
1607028496.061011314
1607028496.161007166
1607028496.261008024
1607028496.361011744
1607028496.460905313
1607028496.561007023
1607028496.661009789
1607028496.760973454
1607028496.860907793
1607028496.961009026
1607028497.060995102
1607028497.160973787
1607028497.260978699
1607028497.361004591
1607028497.461014509
1607028497.561001062
1607028497.660974503
1607028497.760908604
1607028497.861007690
1607028497.961016417
1607028498.061033964
1607028498.161013126
1607028498.261010647
1607028498.361010313
1607028498.461008310
1607028498.560990810
1607028498.660905838
1607028498.761004925
1607028498.860940218
1607028498.961007357
1607028499.060893297
1607028499.161009073
1607028499.261008501
1607028499.361007690
1607028499.460975647
1607028499.560882568
1607028499.661010027
1607028499.761010170
1607028499.861007690
1607028499.961011410
1607028500.060990334
1607028500.161007166
1607028500.261009932
1607028500.361010551
1607028500.460915804
1607028500.560894728
1607028500.660998106
1607028500.760975361
1607028500.860894918
1607028500.961021185
1607028501.061008930
1607028501.161009312
1607028501.261001587
1607028501.361011028
1607028501.461009502
1607028501.561023474
1607028501.661010742
1607028501.761003733
1607028501.860920191
1607028501.961008787
1607028502.060891151
1607028502.161003113
1607028502.261008024
1607028502.361007690
1607028502.461008310
1607028502.560904264
1607028502.661005020
1607028502.761008978
1607028502.861005068
