1607028297.959162235
1607028298.059201002
1607028298.159182072
1607028298.259166479
1607028298.359177828
1607028298.459228277
1607028298.559344053
1607028298.659330845
1607028298.759209871
1607028298.859344482
1607028298.959346056
1607028299.059341908
1607028299.159343243
1607028299.259342670
1607028299.359174967
1607028299.459337473
1607028299.559341192
1607028299.659209967
1607028299.759343863
1607028299.859343052
1607028299.959347963
1607028300.059179068
1607028300.159176826
1607028300.259172678
1607028300.359332561
1607028300.459184170
1607028300.559237719
1607028300.659349680
1607028300.759211302
1607028300.859175205
1607028300.959346056
1607028301.059202194
1607028301.159172058
1607028301.259217978
1607028301.359169245
1607028301.459333420
1607028301.559344053
1607028301.659367800
1607028301.759239197
1607028301.859244347
1607028301.959176540
1607028302.059173107
1607028302.159215212
1607028302.259224892
1607028302.359170914
1607028302.459231138
1607028302.559185743
1607028302.659178972
1607028302.759178400
1607028302.859176874
1607028302.959176779
1607028303.059153318
1607028303.159183979
1607028303.259182215
1607028303.359202147
1607028303.459175348
1607028303.559198856
1607028303.659180164
1607028303.759180307
1607028303.859185696
1607028303.959182024
1607028304.059179068
1607028304.159208298
1607028304.259204865
1607028304.359173059
1607028304.459258080
1607028304.559205055
1607028304.659218073
1607028304.759232521
1607028304.859177351
1607028304.959245682
1607028305.059201956
1607028305.159197569
1607028305.259196281
1607028305.359169006
1607028305.459171295
1607028305.559200764
1607028305.659159184
1607028305.759175777
1607028305.859171391
1607028305.959181547
1607028306.059238911
1607028306.159180164
1607028306.259160995
1607028306.359184027
1607028306.459189892
1607028306.559228420
1607028306.659180641
1607028306.759178638
1607028306.859189987
1607028306.959179163
1607028307.059201956
1607028307.159346581
1607028307.259368896
1607028307.359152079
1607028307.459351301
1607028307.559193373
1607028307.659343243
1607028307.759186506
1607028307.859343052
1607028307.959344149
1607028308.059345722
1607028308.159324169
1607028308.259211302
1607028308.359176159
1607028308.459153652
1607028308.559341192
1607028308.659207344
1607028308.759174109
1607028308.859154224
1607028308.959178209
1607028309.059178829
1607028309.159343958
1607028309.259342670
1607028309.359341621
1607028309.459177732
1607028309.559157848
1607028309.659341574
1607028309.759172440
1607028309.859175205
1607028309.959172249
1607028310.059340477
1607028310.159178257
1607028310.259171486
1607028310.359174728
1607028310.459180593
1607028310.559251785
1607028310.659196377
1607028310.759186029
1607028310.859174252
1607028310.959253073
1607028311.059196234
1607028311.159248352
1607028311.259188652
1607028311.359168053
1607028311.459201574
1607028311.559178352
1607028311.659242868
1607028311.759257317
1607028311.859177828
1607028311.959173918
1607028312.059173107
1607028312.159173727
1607028312.259239674
1607028312.359340906
1607028312.459201097
1607028312.559203863
1607028312.659176350
1607028312.759234905
1607028312.859342337
1607028312.959177494
1607028313.059171200
1607028313.159173250
1607028313.259176970
1607028313.359174967
1607028313.459200144
1607028313.559177876
1607028313.659180403
1607028313.759176016
1607028313.859173536
1607028313.959178925
1607028314.059321404
1607028314.159312487
1607028314.259346247
1607028314.359170675
1607028314.459171772
1607028314.559191465
1607028314.659178257
1607028314.759181261
1607028314.859179735
1607028314.959326267
1607028315.059329987
1607028315.159250975
1607028315.259173632
1607028315.359172106
1607028315.459155321
1607028315.559174061
1607028315.659253836
1607028315.759181738
1607028315.859246731
1607028315.959174156
1607028316.059265137
1607028316.159171343
1607028316.259329796
1607028316.359214783
1607028316.459172487
1607028316.559178114
1607028316.659178019
1607028316.759175062
1607028316.859174252
1607028316.959179163
1607028317.059173584
1607028317.159340620
1607028317.259217501
1607028317.359168768
1607028317.459175110
1607028317.559173822
1607028317.659346104
1607028317.759322882
1607028317.859156370
1607028317.959342718
1607028318.059341669
1607028318.159341097
1607028318.259342194
1607028318.359208345
1607028318.459346533
1607028318.559368610
1607028318.659365892
1607028318.759353638
1607028318.859344482
1607028318.959316730
1607028319.059341908
1607028319.159207821
1607028319.259342670
1607028319.359173775
1607028319.459342718
1607028319.559176683
1607028319.659193039
1607028319.759345770
1607028319.859341383
1607028319.959340572
1607028320.059236765
1607028320.159313202
1607028320.259350061
1607028320.359169960
1607028320.459328890
1607028320.559189081
1607028320.659342289
1607028320.759230137
1607028320.859178782
1607028320.959341526
1607028321.059345484
1607028321.159347057
1607028321.259342909
1607028321.359323740
1607028321.459210157
1607028321.559156418
1607028321.659341335
1607028321.759188414
1607028321.859236240
1607028321.959343672
1607028322.059347868
1607028322.159211636
1607028322.259238958
1607028322.359177351
1607028322.459333420
1607028322.559353590
1607028322.659331799
1607028322.759346724
1607028322.859343529
1607028322.959231853
1607028323.059256554
1607028323.159346581
1607028323.259342909
1607028323.359177589
1607028323.459197044
1607028323.559175014
1607028323.659304857
1607028323.759185076
1607028323.859347343
1607028323.959246635
1607028324.059341908
1607028324.159199476
1607028324.259362936
1607028324.359199047
1607028324.459345579
1607028324.559200048
1607028324.659342051
1607028324.759236813
1607028324.859330177
1607028324.959346294
1607028325.059344053
1607028325.159199238
1607028325.259343624
1607028325.359168291
1607028325.459347725
1607028325.559347153
1607028325.659341574
1607028325.759346008
1607028325.859347820
1607028325.959308386
1607028326.059342861
1607028326.159209013
1607028326.259342432
1607028326.359169722
1607028326.459341526
1607028326.559178829
1607028326.659340620
1607028326.759346724
1607028326.859344482
1607028326.959174633
1607028327.059201717
1607028327.159238577
1607028327.259178877
1607028327.359346628
1607028327.459262371
1607028327.559342384
1607028327.659344435
1607028327.759309530
1607028327.859256029
1607028327.959342003
1607028328.059345484
1607028328.159341335
1607028328.259178638
1607028328.359175920
1607028328.459153414
1607028328.559344769
1607028328.659158468
1607028328.759163141
1607028328.859341383
1607028328.959339142
1607028329.059344053
1607028329.159202337
1607028329.259154558
1607028329.359169960
1607028329.459339857
1607028329.559172869
1607028329.659178257
1607028329.759175062
1607028329.859369993
1607028329.959250927
1607028330.059157133
1607028330.159174204
1607028330.259175062
1607028330.359204531
1607028330.459340811
1607028330.559340000
1607028330.659344196
1607028330.759174109
1607028330.859178305
1607028330.959155798
1607028331.059205770
1607028331.159343004
1607028331.259343863
1607028331.359169483
1607028331.459156036
1607028331.559158325
1607028331.659342527
1607028331.759338856
1607028331.859198332
1607028331.959161282
1607028332.059155226
1607028332.159340858
1607028332.259341717
1607028332.359169483
1607028332.459187031
1607028332.559172869
1607028332.659170628
1607028332.759170294
1607028332.859175920
1607028332.959351063
1607028333.059236288
1607028333.159254313
1607028333.259235859
1607028333.359352112
1607028333.459345341
1607028333.559234381
1607028333.659340382
1607028333.759341955
1607028333.859342575
1607028333.959174633
1607028334.059160709
1607028334.159178257
1607028334.259347439
1607028334.359169483
1607028334.459341288
1607028334.559174538
1607028334.659158707
1607028334.759178400
1607028334.859346628
1607028334.959198713
1607028335.059206963
1607028335.159344912
1607028335.259178162
1607028335.359201193
1607028335.459197760
1607028335.559370279
1607028335.659347534
1607028335.759175062
1607028335.859186411
1607028335.959157944
1607028336.059343815
1607028336.159345150
1607028336.259211302
1607028336.359246731
1607028336.459344625
1607028336.559342146
1607028336.659229517
1607028336.759176731
1607028336.859182358
1607028336.959311485
1607028337.059249878
1607028337.159188986
1607028337.259171486
1607028337.359167576
1607028337.459213257
1607028337.559176207
1607028337.659172058
1607028337.759174585
1607028337.859171391
1607028337.959153891
1607028338.059177876
1607028338.159170866
1607028338.259172678
1607028338.359170437
1607028338.459172010
1607028338.559171200
1607028338.659204245
1607028338.759158134
1607028338.859209299
1607028338.959179163
1607028339.059173107
1607028339.159177780
1607028339.259174347
1607028339.359184742
1607028339.459175587
1607028339.559178352
1607028339.659189939
1607028339.759155035
1607028339.859173536
1607028339.959174156
1607028340.059177160
1607028340.159175158
1607028340.259177208
1607028340.359194994
1607028340.459176064
1607028340.559174538
1607028340.659207344
1607028340.759175301
1607028340.859176874
1607028340.959177494
1607028341.059176922
1607028341.159163713
1607028341.259177923
1607028341.359170437
1607028341.459170818
1607028341.559179783
1607028341.659198999
1607028341.759176493
1607028341.859181166
1607028341.959177256
1607028342.059189558
1607028342.159171104
1607028342.259172916
1607028342.359172106
1607028342.459222555
1607028342.559174538
1607028342.659176588
1607028342.759175062
1607028342.859171152
1607028342.959242582
1607028343.059174299
1607028343.159179449
1607028343.259191990
1607028343.359216928
1607028343.459182501
1607028343.559348583
1607028343.659179688
1607028343.759207249
1607028343.859321833
1607028343.959368706
1607028344.059247255
1607028344.159234524
1607028344.259343863
1607028344.359168768
1607028344.459249973
1607028344.559226751
1607028344.659342766
1607028344.759236336
1607028344.859179974
1607028344.959232807
1607028345.059341431
1607028345.159338236
1607028345.259343386
1607028345.359342575
1607028345.459238529
1607028345.559171915
1607028345.659180164
1607028345.759193897
1607028345.859343767
1607028345.959180593
1607028346.059175014
1607028346.159176826
1607028346.259203196
1607028346.359169722
1607028346.459182739
1607028346.559181452
1607028346.659183264
1607028346.759208679
1607028346.859205008
1607028346.959182024
1607028347.059217691
1607028347.159248352
1607028347.259341240
1607028347.359191179
1607028347.459342241
1607028347.559306145
1607028347.659344673
1607028347.759340286
1607028347.859342575
1607028347.959228516
1607028348.059198141
1607028348.159233093
1607028348.259173632
1607028348.359345913
1607028348.459344625
1607028348.559340954
1607028348.659342527
1607028348.759223461
1607028348.859207869
1607028348.959343910
1607028349.059341669
1607028349.159340620
1607028349.259346485
1607028349.359169722
1607028349.459342957
1607028349.559163809
1607028349.659348965
1607028349.759192228
1607028349.859175682
1607028349.959208488
1607028350.059191704
1607028350.159210205
1607028350.259179354
1607028350.359175444
1607028350.459177971
1607028350.559180021
1607028350.659181356
1607028350.759179115
1607028350.859282970
1607028350.959344864
1607028351.059346914
1607028351.159346342
1607028351.259344816
1607028351.359345675
1607028351.459345102
1607028351.559347153
1607028351.659175396
1607028351.759202003
1607028351.859231710
1607028351.959346533
1607028352.059350252
1607028352.159344435
1607028352.259200335
1607028352.359168768
1607028352.459346056
1607028352.559343815
1607028352.659175634
1607028352.759174347
1607028352.859172344
1607028352.959236383
1607028353.059174061
1607028353.159179211
1607028353.259225607
1607028353.359239340
1607028353.459228277
1607028353.559176207
1607028353.659165621
1607028353.759174824
1607028353.859178543
1607028353.959154844
1607028354.059178114
1607028354.159346819
1607028354.259229422
1607028354.359326124
1607028354.459330320
1607028354.559342384
1607028354.659334898
1607028354.759260178
1607028354.859331608
1607028354.959184647
1607028355.059177876
1607028355.159344435
1607028355.259342909
1607028355.359212637
1607028355.459321022
1607028355.559349537
1607028355.659343481
1607028355.759197712
1607028355.859342337
1607028355.959344864
1607028356.059178352
1607028356.159341812
1607028356.259345293
1607028356.359275818
1607028356.459309340
1607028356.559161901
1607028356.659344435
1607028356.759225607
1607028356.859343290
1607028356.959153652
1607028357.059343815
1607028357.159343243
1607028357.259343863
1607028357.359331131
1607028357.459355354
1607028357.559242249
1607028357.659364939
1607028357.759332180
1607028357.859325886
1607028357.959342241
1607028358.059315681
1607028358.159341335
1607028358.259255409
1607028358.359210491
1607028358.459308624
1607028358.559344769
1607028358.659345150
1607028358.759342909
1607028358.859235048
1607028358.959344625
1607028359.059167147
1607028359.159255028
1607028359.259342432
1607028359.359162092
1607028359.459172964
1607028359.559161663
1607028359.659226418
1607028359.759173393
1607028359.859173775
1607028359.959174633
1607028360.059174299
1607028360.159173489
1607028360.259196758
1607028360.359174013
1607028360.459173203
1607028360.559246302
1607028360.659171104
1607028360.759174347
1607028360.859175682
1607028360.959200859
1607028361.059178114
1607028361.159179926
1607028361.259173870
1607028361.359171391
1607028361.459180355
1607028361.559184074
1607028361.659177303
1607028361.759171963
1607028361.859173536
1607028361.959177256
1607028362.059236050
1607028362.159176588
1607028362.259173393
1607028362.359174728
1607028362.459218502
1607028362.559175491
1607028362.659160137
1607028362.759208679
1607028362.859206438
1607028362.959207296
1607028363.059245348
1607028363.159206629
1607028363.259238720
1607028363.359206676
1607028363.459344387
1607028363.559267521
1607028363.659251690
1607028363.759198189
1607028363.859188080
1607028363.959247828
1607028364.059245586
1607028364.159174204
1607028364.259211779
1607028364.359209061
1607028364.459215879
1607028364.559205055
1607028364.659210920
1607028364.759177446
1607028364.859253168
1607028364.959172726
1607028365.059173107
1607028365.159183979
1607028365.259228468
1607028365.359174252
1607028365.459173679
1607028365.559177876
1607028365.659199953
1607028365.759213686
1607028365.859259605
1607028365.959196091
1607028366.059180021
1607028366.159358978
1607028366.259204388
1607028366.359272242
1607028366.459339619
1607028366.559247732
1607028366.659250498
1607028366.759316921
1607028366.859194994
1607028366.959175587
1607028367.059216261
1607028367.159177780
1607028367.259247541
1607028367.359173775
1607028367.459334612
1607028367.559346676
1607028367.659257174
1607028367.759347200
1607028367.859344959
1607028367.959251642
1607028368.059343100
1607028368.159175634
1607028368.259216547
1607028368.359344482
1607028368.459343672
1607028368.559209585
1607028368.659174442
1607028368.759175539
1607028368.859173775
1607028368.959203005
1607028369.059201479
1607028369.159176826
1607028369.259174824
1607028369.359204054
1607028369.459209442
1607028369.559181213
1607028369.659158945
1607028369.759177208
1607028369.859341383
1607028369.959342957
1607028370.059344053
1607028370.159341812
1607028370.259255171
1607028370.359203815
1607028370.459345818
1607028370.559345484
1607028370.659180164
1607028370.759345770
1607028370.859341383
1607028370.959251404
1607028371.059181452
1607028371.159180164
1607028371.259207726
1607028371.359172344
1607028371.459161758
1607028371.559173822
1607028371.659154654
1607028371.759177923
1607028371.859172344
1607028371.959173679
1607028372.059176445
1607028372.159178972
1607028372.259195805
1607028372.359173536
1607028372.459193945
1607028372.559330702
1607028372.659181833
1607028372.759173393
1607028372.859173536
1607028372.959174871
1607028373.059172630
1607028373.159173012
1607028373.259239674
1607028373.359173775
1607028373.459205866
1607028373.559250116
1607028373.659205198
1607028373.759246349
1607028373.859174728
1607028373.959172964
1607028374.059172153
1607028374.159173489
1607028374.259177446
1607028374.359173775
1607028374.459175348
1607028374.559156179
1607028374.659176588
1607028374.759174109
1607028374.859175205
1607028374.959162474
1607028375.059200764
1607028375.159183025
1607028375.259177208
1607028375.359169006
1607028375.459154129
1607028375.559237003
1607028375.659178019
1607028375.759155512
1607028375.859204769
1607028375.959204435
1607028376.059199572
1607028376.159171581
1607028376.259172916
1607028376.359175205
1607028376.459178448
1607028376.559246778
1607028376.659172773
1607028376.759173870
1607028376.859205484
1607028376.959173918
1607028377.059227467
1607028377.159173012
1607028377.259249449
1607028377.359178066
1607028377.459178925
1607028377.559194803
1607028377.659172535
1607028377.759176493
1607028377.859236717
1607028377.959251881
1607028378.059177637
1607028378.159204721
1607028378.259185791
1607028378.359214306
1607028378.459342957
1607028378.559237003
1607028378.659342527
1607028378.759257317
1607028378.859260321
1607028378.959179401
1607028379.059342861
1607028379.159345388
1607028379.259208679
1607028379.359213829
1607028379.459254026
1607028379.559346199
1607028379.659343719
1607028379.759209156
1607028379.859215260
1607028379.959343195
1607028380.059311867
1607028380.159183502
1607028380.259166718
1607028380.359344482
1607028380.459260702
1607028380.559182644
1607028380.659211636
1607028380.759243965
1607028380.859219074
1607028380.959181070
1607028381.059185028
1607028381.159339428
1607028381.259178400
1607028381.359344006
1607028381.459234953
1607028381.559176445
1607028381.659348249
1607028381.759343147
1607028381.859206915
1607028381.959344387
1607028382.059344292
1607028382.159342527
1607028382.259211302
1607028382.359209538
1607028382.459153414
1607028382.559344053
1607028382.659218073
1607028382.759175539
1607028382.859246016
1607028382.959196806
1607028383.059177399
1607028383.159175873
1607028383.259176254
1607028383.359174967
1607028383.459341049
1607028383.559191704
1607028383.659175158
1607028383.759159088
1607028383.859244585
1607028383.959209204
1607028384.059175730
1607028384.159182310
1607028384.259233475
1607028384.359189987
1607028384.459180355
1607028384.559185266
1607028384.659175634
1607028384.759241104
1607028384.859238148
1607028384.959313631
1607028385.059246302
1607028385.159322500
1607028385.259311199
1607028385.359245300
1607028385.459352493
1607028385.559212685
1607028385.659178257
1607028385.759154081
1607028385.859364748
1607028385.959173679
1607028386.059155226
1607028386.159186125
1607028386.259199619
1607028386.359210253
1607028386.459172964
1607028386.559179783
1607028386.659257174
1607028386.759172678
1607028386.859174490
1607028386.959208012
1607028387.059205294
1607028387.159341335
1607028387.259212971
1607028387.359203577
1607028387.459345579
1607028387.559343815
1607028387.659175158
1607028387.759176493
1607028387.859244823
1607028387.959247351
1607028388.059206724
1607028388.159340620
1607028388.259207487
1607028388.359213829
1607028388.459341526
1607028388.559258461
1607028388.659366131
1607028388.759172440
1607028388.859343290
1607028388.959250689
1607028389.059248447
1607028389.159341335
1607028389.259344101
1607028389.359255314
1607028389.459251881
1607028389.559316158
1607028389.659225941
1607028389.759342909
1607028389.859343529
1607028389.959344864
1607028390.059342623
1607028390.159323454
1607028390.259346008
1607028390.359342813
1607028390.459342480
1607028390.559206724
1607028390.659344673
1607028390.759316206
1607028390.859211206
1607028390.959342480
1607028391.059341192
1607028391.159174681
1607028391.259173393
1607028391.359175205
1607028391.459246874
1607028391.559257746
1607028391.659195662
1607028391.759206533
1607028391.859256268
1607028391.959249020
1607028392.059179068
1607028392.159174442
1607028392.259209156
1607028392.359210491
1607028392.459264278
1607028392.559179306
1607028392.659246206
1607028392.759174109
1607028392.859345675
1607028392.959177971
1607028393.059158087
1607028393.159160137
1607028393.259151936
1607028393.359162092
1607028393.459174871
1607028393.559178829
1607028393.659153938
1607028393.759342909
1607028393.859204531
1607028393.959234238
1607028394.059174299
1607028394.159178019
1607028394.259174585
1607028394.359238148
1607028394.459346294
1607028394.559211731
1607028394.659348011
1607028394.759215832
1607028394.859347820
1607028394.959171295
1607028395.059344053
1607028395.159255505
1607028395.259178400
1607028395.359158039
1607028395.459156513
1607028395.559172392
1607028395.659174204
1607028395.759208679
1607028395.859345436
1607028395.959342957
1607028396.059160233
1607028396.159207582
1607028396.259205341
1607028396.359333992
1607028396.459347486
1607028396.559211016
1607028396.659211397
1607028396.759218454
1607028396.859243155
1607028396.959253073
1607028397.059155941
1607028397.159363270
1607028397.259351730
1607028397.359346867
1607028397.459247351
1607028397.559257030
1607028397.659343719
1607028397.759345770
1607028397.859213591
