1607029132.871768475
1607029132.972116709
1607029133.072434902
1607029133.172752857
1607029133.273074865
1607029133.373453140
1607029133.473772526
1607029133.574093819
1607029133.674416542
1607029133.774731398
1607029133.875053644
1607029133.975374222
1607029134.075749874
1607029134.176038027
1607029134.276357174
1607029134.376678944
1607029134.476999998
1607029134.577378273
1607029134.677700996
1607029134.778023958
1607029134.878343582
1607029134.978719473
1607029135.079042196
1607029135.179362535
1607029135.279687643
1607029135.380011082
1607029135.480311394
1607029135.580618143
1607029135.680918217
1607029135.781299114
1607029135.881618500
1607029135.981942177
1607029136.082263947
1607029136.182586670
1607029136.282800913
1607029136.383176804
1607029136.483504772
1607029136.583824635
1607029136.684144735
1607029136.784471035
1607029136.884848595
1607029136.985169172
1607029137.085489273
1607029137.185812235
1607029137.286132097
1607029137.386452913
1607029137.486777544
1607029137.587163448
1607029137.687483549
1607029137.787670374
1607029137.887829304
1607029137.988047600
1607029138.088368416
1607029138.188595533
1607029138.288917065
1607029138.389146090
1607029138.489473581
1607029138.589790821
1607029138.690168858
1607029138.790491819
1607029138.890814066
1607029138.991086960
1607029139.091415167
1607029139.191704988
1607029139.292025566
1607029139.392331362
1607029139.492652178
1607029139.592972040
1607029139.693353415
1607029139.793678522
1607029139.894003630
1607029139.994212627
1607029140.094532728
1607029140.194856882
1607029140.295183182
1607029140.395474911
1607029140.495828152
1607029140.596153975
1607029140.696373224
1607029140.796696663
1607029140.897018194
1607029140.997341394
1607029141.097716808
1607029141.198045015
1607029141.298243523
1607029141.398568630
1607029141.498891115
1607029141.599287748
1607029141.699476480
1607029141.799771309
1607029141.900097609
1607029142.000422955
1607029142.100748539
1607029142.201073647
1607029142.301456451
1607029142.401783943
1607029142.502106428
1607029142.602430820
1607029142.702810526
1607029142.803135157
1607029142.903457880
1607029143.003781796
1607029143.104100466
1607029143.204426289
1607029143.304746628
1607029143.405066967
1607029143.505387068
1607029143.605708361
1607029143.706029177
1607029143.806353807
1607029143.906675339
1607029144.006999731
1607029144.107318401
1607029144.207642317
1607029144.307960272
1607029144.408261538
1607029144.508578777
1607029144.608902693
1607029144.709221601
1607029144.809444427
1607029144.909764528
1607029145.010087729
1607029145.110406876
1607029145.210728168
1607029145.310938597
1607029145.411176682
1607029145.511496782
1607029145.611816406
1607029145.712134123
1607029145.812458038
1607029145.912769318
1607029146.013092041
1607029146.113412619
1607029146.213738203
1607029146.314066410
1607029146.414386988
1607029146.514704943
1607029146.615027905
1607029146.715347290
1607029146.815670967
1607029146.915992737
1607029147.016320705
1607029147.116624594
1607029147.216948032
1607029147.317265987
1607029147.417587757
1607029147.517904758
1607029147.618233204
1607029147.718550444
1607029147.818871737
1607029147.919167280
1607029148.019491196
1607029148.119810820
1607029148.220130682
1607029148.320451021
1607029148.420665264
1607029148.520848989
1607029148.621174097
1607029148.721493483
1607029148.821819782
1607029148.922139406
1607029149.022465467
1607029149.122792006
1607029149.223114729
1607029149.323433161
1607029149.423722506
1607029149.524044275
1607029149.624364614
1607029149.724682570
1607029149.824975729
1607029149.925293684
1607029150.025580406
1607029150.125899076
1607029150.226194859
1607029150.326518536
1607029150.426840782
1607029150.527159929
1607029150.627482653
1607029150.727800846
1607029150.828121185
1607029150.928438425
1607029151.028747320
1607029151.129046202
1607029151.229367971
1607029151.329690695
1607029151.430011511
1607029151.530327559
1607029151.630631208
1607029151.730946541
1607029151.831174612
1607029151.931495667
1607029152.031822443
1607029152.132143021
1607029152.232465267
1607029152.332778215
1607029152.433103323
1607029152.533423901
1607029152.633744240
1607029152.734065056
1607029152.834387541
1607029152.934706926
1607029153.035039902
1607029153.135358572
1607029153.235679150
1607029153.335903645
1607029153.436136007
1607029153.536454439
1607029153.636777163
1607029153.737098217
1607029153.837416649
1607029153.937738180
1607029154.038058281
1607029154.138381720
1607029154.238703251
1607029154.339020252
1607029154.439340591
1607029154.539662361
1607029154.639983416
1607029154.740301609
1607029154.840622663
1607029154.940944433
1607029155.041267157
1607029155.141585350
1607029155.241908312
1607029155.342226744
1607029155.442552567
1607029155.542872190
1607029155.643169403
1607029155.743493319
1607029155.843816996
1607029155.944135904
1607029156.044462919
1607029156.144781351
1607029156.245107651
1607029156.345426083
1607029156.445746183
1607029156.546072245
1607029156.646392345
1607029156.746719360
1607029156.847045898
1607029156.947367907
1607029157.047578573
1607029157.147868872
1607029157.248191595
1607029157.348511219
1607029157.448741436
1607029157.549067974
1607029157.649389744
1607029157.749710083
1607029157.849927902
1607029157.950247765
1607029158.050567150
1607029158.150898457
1607029158.251167059
1607029158.351375818
1607029158.451661348
1607029158.551986694
1607029158.652308941
1607029158.752495050
1607029158.852817059
1607029158.953137398
1607029159.053458214
1607029159.153777838
1607029159.254093885
1607029159.354416609
1607029159.454734087
1607029159.555065155
1607029159.655256510
1607029159.755471230
1607029159.855699539
1607029159.955927849
1607029160.056158543
1607029160.156388760
1607029160.256699324
1607029160.357012033
1607029160.457334042
1607029160.557653189
1607029160.657971144
1607029160.758201122
1607029160.858514309
1607029160.958827734
1607029161.059151173
1607029161.159307957
1607029161.259531975
1607029161.359754801
1607029161.459978580
1607029161.560197115
1607029161.660345793
1607029161.760594368
1607029161.860888958
1607029161.961216688
1607029162.061539412
1607029162.161855221
1607029162.262175798
1607029162.362392664
1607029162.462707520
1607029162.563026667
1607029162.663347483
1607029162.763663769
1607029162.863978624
1607029162.964295387
1607029163.064610958
1607029163.164927006
1607029163.265241623
1607029163.365468740
1607029163.465788364
1607029163.566109896
1607029163.666425943
1607029163.766742468
1607029163.867068291
1607029163.967386484
1607029164.067705631
1607029164.167994499
1607029164.268309355
1607029164.368626118
1607029164.468942881
1607029164.569264412
1607029164.669581890
1607029164.769907236
1607029164.870222092
1607029164.970536232
1607029165.070725679
1607029165.171055317
1607029165.271268606
1607029165.371490955
1607029165.471812487
1607029165.571879148
1607029165.671985865
1607029165.772011757
1607029165.871987820
1607029165.971908569
1607029166.071986198
1607029166.172009230
1607029166.272016287
1607029166.372010946
1607029166.471987486
1607029166.572015047
1607029166.672014952
1607029166.772007942
1607029166.871880293
1607029166.971981525
1607029167.072014809
1607029167.172007799
1607029167.271910906
1607029167.372010469
1607029167.472022295
1607029167.572011709
1607029167.672013760
1607029167.771877050
1607029167.871985435
1607029167.972014666
1607029168.072022438
1607029168.171878338
1607029168.272014141
1607029168.372013807
1607029168.472016573
1607029168.572013378
1607029168.671880484
1607029168.771987677
1607029168.872019053
1607029168.972011328
1607029169.071882486
1607029169.171984434
1607029169.271991491
1607029169.371927261
1607029169.472017527
1607029169.571988344
1607029169.672016382
1607029169.772009134
1607029169.872015715
1607029169.972011805
1607029170.072015285
1607029170.172010899
1607029170.272015095
1607029170.371984720
1607029170.471987724
1607029170.572012424
1607029170.672014475
1607029170.772007465
1607029170.871989727
1607029170.971984625
1607029171.072016716
1607029171.171985626
1607029171.272014618
1607029171.372009754
1607029171.472016573
1607029171.572014570
1607029171.672016144
1607029171.772009373
1607029171.872019291
1607029171.972009897
1607029172.072015285
1607029172.172014475
1607029172.272021294
1607029172.372013092
1607029172.472016811
1607029172.572017431
1607029172.672023773
1607029172.772015333
1607029172.872014761
1607029172.972011089
1607029173.072015285
1607029173.172009230
1607029173.271987438
1607029173.372008801
1607029173.471992016
1607029173.572012901
1607029173.672015667
1607029173.772009373
1607029173.872015238
1607029173.972016811
1607029174.072018862
1607029174.172008514
1607029174.271993637
1607029174.372014046
1607029174.472016811
1607029174.572012424
1607029174.672017097
1607029174.772015333
1607029174.872015476
1607029174.972010136
1607029175.072015762
1607029175.172009230
1607029175.272020340
1607029175.372015476
1607029175.472022533
1607029175.572019577
1607029175.672016621
1607029175.772009134
1607029175.871924639
1607029175.972010612
1607029176.071923733
1607029176.172010183
1607029176.271924973
1607029176.372014523
1607029176.471923828
1607029176.571990728
1607029176.671922445
1607029176.772014141
1607029176.871924877
1607029176.972016096
1607029177.071923018
1607029177.172008991
1607029177.271920204
1607029177.371981621
1607029177.471919298
1607029177.572014570
1607029177.671918154
1607029177.772008419
1607029177.871913671
1607029177.972010612
1607029178.071926594
1607029178.172008991
1607029178.272014141
1607029178.372013330
1607029178.472012043
1607029178.572007656
1607029178.672011614
1607029178.772008657
1607029178.872009993
1607029178.972008944
1607029179.072009325
1607029179.172014952
1607029179.272008419
1607029179.371993065
1607029179.471980810
1607029179.571887970
1607029179.671983242
1607029179.772012711
1607029179.872020245
1607029179.972009420
1607029180.072009802
1607029180.171875715
1607029180.272015572
1607029180.371916533
1607029180.471919537
1607029180.572017431
1607029180.672011614
1607029180.772013903
1607029180.872010231
1607029180.971918821
1607029181.072010756
1607029181.172013044
1607029181.272016764
1607029181.372016907
1607029181.472014427
1607029181.572013617
1607029181.672011614
1607029181.772009850
1607029181.872009039
1607029181.971914768
1607029182.072014570
1607029182.172009945
1607029182.272014380
1607029182.371879578
1607029182.472015142
1607029182.572018862
1607029182.672013998
1607029182.771922827
1607029182.872013092
1607029182.972013712
1607029183.072014332
1607029183.172010899
1607029183.271880627
1607029183.372011900
1607029183.472013474
1607029183.571990013
1607029183.671876431
1607029183.772009373
1607029183.872010469
1607029183.972016573
1607029184.072011948
1607029184.171910763
1607029184.271984816
1607029184.371987343
1607029184.472011089
1607029184.572013378
1607029184.672012806
1607029184.772018433
1607029184.872003317
1607029184.972013712
1607029185.072010040
1607029185.172008753
1607029185.271919727
1607029185.372013807
1607029185.472015858
1607029185.572015524
1607029185.672015429
1607029185.772009134
1607029185.871987820
1607029185.972011089
1607029186.072013378
1607029186.172009706
1607029186.271918297
1607029186.372012854
1607029186.471989870
1607029186.572015762
1607029186.671985626
1607029186.772011280
1607029186.871981621
1607029186.972011328
1607029187.072014093
1607029187.172017813
1607029187.272017717
1607029187.372010231
1607029187.471924305
1607029187.571877003
1607029187.671981812
1607029187.772011042
1607029187.871916533
1607029187.971906424
1607029188.071910620
1607029188.172011852
1607029188.272016764
1607029188.372015476
1607029188.471914768
1607029188.572015762
1607029188.672009706
1607029188.772013664
1607029188.872020721
1607029188.971920013
1607029189.072014093
1607029189.172015190
1607029189.271919489
1607029189.371919632
1607029189.472012997
1607029189.572011709
1607029189.672009945
1607029189.771981478
1607029189.872015953
1607029189.972013712
1607029190.072010279
1607029190.172008753
1607029190.272013903
1607029190.372013092
1607029190.472011328
1607029190.572008848
1607029190.672013521
1607029190.772008419
1607029190.872011423
1607029190.972008467
1607029191.072012901
1607029191.172008038
1607029191.272015333
1607029191.372012377
1607029191.472014427
1607029191.572012424
1607029191.672010899
1607029191.772015095
1607029191.871982813
1607029191.972012520
1607029192.071988344
1607029192.172009468
1607029192.272010326
1607029192.372015953
1607029192.472013950
1607029192.571985006
1607029192.672012091
1607029192.772017241
1607029192.871926308
1607029192.971858740
1607029193.072015047
1607029193.172014475
1607029193.271924019
1607029193.372018099
1607029193.472022295
1607029193.572017908
1607029193.672014952
1607029193.772018194
1607029193.872016430
1607029193.972010612
1607029194.071985960
1607029194.171988726
1607029194.272023916
1607029194.371851444
1607029194.472014427
1607029194.572015762
1607029194.672020197
1607029194.772019863
1607029194.872012854
1607029194.971992493
1607029195.072017193
1607029195.171922922
1607029195.272015810
1607029195.372016191
1607029195.472005129
1607029195.571988583
1607029195.671882153
1607029195.772025585
1607029195.872014046
1607029195.971990585
1607029196.072011709
1607029196.172008991
1607029196.272009850
1607029196.372015238
1607029196.472015619
1607029196.572016716
1607029196.672009945
1607029196.772013664
1607029196.872010946
1607029196.972013950
1607029197.072010040
1607029197.172009230
1607029197.271920443
1607029197.372010708
1607029197.472014904
1607029197.572012186
1607029197.671984673
1607029197.772013426
1607029197.872009277
1607029197.972013950
1607029198.071984529
1607029198.172013283
1607029198.271987200
1607029198.372015238
1607029198.471987009
1607029198.572014809
1607029198.672010660
1607029198.772009611
1607029198.872011185
1607029198.972009182
1607029199.071906567
1607029199.172013998
1607029199.272015572
1607029199.372009754
1607029199.472010612
1607029199.572013378
1607029199.672015429
1607029199.772017002
1607029199.872015238
1607029199.971990824
1607029200.072010756
1607029200.172009706
1607029200.272011757
1607029200.372015476
1607029200.471907377
1607029200.572014570
1607029200.672009230
1607029200.772013187
1607029200.871908188
1607029200.972016096
1607029201.072011948
1607029201.172013998
1607029201.271987438
1607029201.371982098
1607029201.472014427
1607029201.572012186
1607029201.671992779
1607029201.771984100
1607029201.872009039
1607029201.972012997
1607029202.071984768
1607029202.171910524
1607029202.272014141
1607029202.372015238
1607029202.472012281
1607029202.572016716
1607029202.672015905
1607029202.772008657
1607029202.872009754
1607029202.972010136
1607029203.072010279
1607029203.172011614
1607029203.272015095
1607029203.372014523
1607029203.472011089
1607029203.572011948
1607029203.672012091
1607029203.772011280
1607029203.872012615
1607029203.972013712
1607029204.072017193
1607029204.172010660
1607029204.272009850
1607029204.372011423
1607029204.471990585
1607029204.572012663
1607029204.672015905
1607029204.772014141
1607029204.872010946
1607029204.972009659
1607029205.072010279
1607029205.172010422
1607029205.271985531
1607029205.372015238
1607029205.472018003
1607029205.572010040
1607029205.672009945
1607029205.772011280
1607029205.872009516
1607029205.972011566
1607029206.071984529
1607029206.172009468
1607029206.272017241
1607029206.372011423
1607029206.472011566
1607029206.572009087
1607029206.671907187
1607029206.772010565
1607029206.872012138
1607029206.972008944
1607029207.072011471
1607029207.172009468
1607029207.272015810
1607029207.372009039
1607029207.471988678
1607029207.571982384
1607029207.672010899
1607029207.772008657
1607029207.872012615
1607029207.971986294
1607029208.072012186
1607029208.172012806
1607029208.272012949
1607029208.371985912
1607029208.471983671
1607029208.572013378
1607029208.672014952
1607029208.772016048
1607029208.872014523
1607029208.972009659
1607029209.072010756
1607029209.171981573
1607029209.271994591
1607029209.372013330
1607029209.472018242
1607029209.572013378
1607029209.672021627
1607029209.772008657
1607029209.872010946
1607029209.972011089
1607029210.072009087
1607029210.172009230
1607029210.272013664
1607029210.372012615
1607029210.472010612
1607029210.572013855
1607029210.671982765
1607029210.772015572
1607029210.872015953
1607029210.972009659
1607029211.071907043
1607029211.172008514
1607029211.272012711
1607029211.372012138
1607029211.471987247
1607029211.572005510
1607029211.671992064
1607029211.771978140
1607029211.871853352
1607029211.972012281
1607029212.072009802
1607029212.172011614
1607029212.272013187
1607029212.371983767
1607029212.471984625
1607029212.572009325
1607029212.672011137
1607029212.772020578
1607029212.871944427
1607029212.972021580
1607029213.072021246
1607029213.172018528
1607029213.271990538
1607029213.371989489
1607029213.472013474
1607029213.572016478
1607029213.672016382
1607029213.771923065
1607029213.872015476
1607029213.972013950
1607029214.072018623
1607029214.171922445
1607029214.271920681
1607029214.372015715
1607029214.472011328
1607029214.571988821
1607029214.672013044
1607029214.772011280
1607029214.871983051
1607029214.972010374
1607029215.072017670
1607029215.172009230
1607029215.272012711
1607029215.371923685
1607029215.471925497
1607029215.572016239
1607029215.672013521
1607029215.772018909
1607029215.872016191
1607029215.972016335
1607029216.072017670
1607029216.172014713
1607029216.272018194
1607029216.371925831
1607029216.471924543
1607029216.572000980
1607029216.672014236
1607029216.771992683
1607029216.871922731
1607029216.971978664
1607029217.072017193
1607029217.171993732
1607029217.271992445
1607029217.372016191
1607029217.471925259
1607029217.572013617
1607029217.671923637
1607029217.772017241
1607029217.872015238
1607029217.972010851
1607029218.072016001
1607029218.172019243
1607029218.272017956
1607029218.372013569
1607029218.472018242
1607029218.571923733
1607029218.671926498
1607029218.772013664
1607029218.871911526
1607029218.972015858
1607029219.071922779
1607029219.171926975
1607029219.272017002
1607029219.372015476
1607029219.471926451
1607029219.571922541
1607029219.671986818
1607029219.772015095
1607029219.872023344
1607029219.971992731
1607029220.072012663
1607029220.172009468
1607029220.272011995
1607029220.372020960
1607029220.471987963
1607029220.572009325
1607029220.672010899
1607029220.771989107
1607029220.872011423
1607029220.972009659
1607029221.072011948
1607029221.172011137
1607029221.272011280
1607029221.372013330
1607029221.472012281
1607029221.572013140
1607029221.672013044
1607029221.772013187
1607029221.872011423
1607029221.972012520
1607029222.071983576
1607029222.172012091
1607029222.272017002
1607029222.372015953
1607029222.472015619
1607029222.572012186
1607029222.671987772
1607029222.772011995
1607029222.871982098
1607029222.972011089
1607029223.071917295
1607029223.171987534
1607029223.272016525
1607029223.372009277
1607029223.472010851
1607029223.572013140
1607029223.672011614
1607029223.772014856
1607029223.871987581
1607029223.971989393
1607029224.072009325
1607029224.172011614
1607029224.272011518
1607029224.372014284
1607029224.471989155
1607029224.572014570
1607029224.671983957
1607029224.771881342
1607029224.872015238
1607029224.972011566
1607029225.072010756
1607029225.172016144
1607029225.271877289
1607029225.371989727
1607029225.472011328
1607029225.572020292
1607029225.671877146
1607029225.771983624
1607029225.872014761
1607029225.971987486
1607029226.072010040
1607029226.171983242
1607029226.272015333
1607029226.372016191
1607029226.472016811
1607029226.572021246
1607029226.672013760
1607029226.772013187
1607029226.871988535
1607029226.971923590
1607029227.072017908
1607029227.172017336
1607029227.272015572
1607029227.371990919
1607029227.471857786
1607029227.572019577
1607029227.671989441
1607029227.771918535
1607029227.872015476
1607029227.971992016
1607029228.071983099
1607029228.171878099
1607029228.272031784
1607029228.371853828
1607029228.471987009
1607029228.572014332
1607029228.672009945
1607029228.771918774
1607029228.872010946
1607029228.972009182
1607029229.072012186
1607029229.172010422
1607029229.271912575
1607029229.372012854
1607029229.472013235
1607029229.572018147
1607029229.671914816
1607029229.772013426
1607029229.872011185
1607029229.972011805
1607029230.071984291
1607029230.172015667
1607029230.272016287
1607029230.372015238
1607029230.472020864
1607029230.571878910
1607029230.672010422
1607029230.772011042
1607029230.871983528
1607029230.971908331
1607029231.072012424
1607029231.172012329
1607029231.272013903
1607029231.372009754
1607029231.471908092
1607029231.571985006
1607029231.672014475
1607029231.771985531
1607029231.871877193
1607029231.972013474
1607029232.072013855
1607029232.172014475
1607029232.271909714
1607029232.371983290
1607029232.471990824
1607029232.572013378
1607029232.672011137
1607029232.771880388
1607029232.872018576
