1607028712.864307404
1607028712.964647532
1607028713.064953804
1607028713.165189028
1607028713.265496731
1607028713.365639210
1607028713.465945959
1607028713.566255569
1607028713.666464806
1607028713.766768217
1607028713.867074966
1607028713.967382908
1607028714.067689180
1607028714.167858601
1607028714.268070698
1607028714.368376255
1607028714.468562365
1607028714.568868399
1607028714.669082642
1607028714.769376278
1607028714.869685411
1607028714.969989300
1607028715.070295572
1607028715.170603752
1607028715.270777225
1607028715.371083736
1607028715.471388817
1607028715.571533203
1607028715.671750307
1607028715.772061825
1607028715.872369051
1607028715.972533941
1607028716.072839499
1607028716.173149109
1607028716.273458481
1607028716.373661995
1607028716.473967314
1607028716.574274540
1607028716.674576283
1607028716.774909258
1607028716.875094414
1607028716.975399971
1607028717.075727940
1607028717.176033497
1607028717.276234150
1607028717.376531601
1607028717.476798058
1607028717.577106476
1607028717.677417517
1607028717.777626514
1607028717.877932310
1607028717.978243351
1607028718.078539610
1607028718.178760767
1607028718.279073954
1607028718.379291058
1607028718.479596853
1607028718.579904079
1607028718.680212498
1607028718.780518770
1607028718.880825520
1607028718.981158733
1607028719.081471920
1607028719.181746244
1607028719.282096148
1607028719.382399321
1607028719.482612848
1607028719.582917452
1607028719.683238506
1607028719.783572912
1607028719.883889437
1607028719.984201193
1607028720.084495544
1607028720.184801817
1607028720.285114288
1607028720.385445356
1607028720.485754251
1607028720.586062193
1607028720.686372757
1607028720.786571980
1607028720.886887312
1607028720.987160921
1607028721.087469339
1607028721.187679291
1607028721.287893295
1607028721.388180256
1607028721.488491535
1607028721.588799477
1607028721.689107418
1607028721.789441586
1607028721.889715433
1607028721.990022898
1607028722.090335608
1607028722.190477848
1607028722.290785313
1607028722.391070366
1607028722.491378307
1607028722.591686726
1607028722.691897869
1607028722.792207003
1607028722.892517567
1607028722.992818594
1607028723.093027592
1607028723.193238497
1607028723.293547869
1607028723.393854141
1607028723.494163990
1607028723.594383955
1607028723.694688082
1607028723.794996977
1607028723.895168543
1607028723.995480061
1607028724.095791578
1607028724.196102142
1607028724.296339989
1607028724.396647930
1607028724.496984959
1607028724.597277403
1607028724.697583914
1607028724.797886133
1607028724.898195028
1607028724.998502731
1607028725.098841906
1607028725.199017286
1607028725.299164295
1607028725.399432659
1607028725.499745846
1607028725.600052357
1607028725.700260639
1607028725.800565004
1607028725.900870562
1607028726.001201868
1607028726.101512909
1607028726.201827765
1607028726.302136183
1607028726.402441978
1607028726.502748966
1607028726.603061199
1607028726.703389645
1607028726.803673983
1607028726.903979540
1607028727.004285336
1607028727.104595900
1607028727.204901218
1607028727.305234432
1607028727.405441999
1607028727.505777597
1607028727.606082439
1607028727.706393003
1607028727.806697130
1607028727.907003641
1607028728.007312059
1607028728.107655764
1607028728.207961559
1607028728.308250904
1607028728.408551455
1607028728.508872509
1607028728.609182835
1607028728.709495068
1607028728.809799433
1607028728.910105944
1607028729.010438204
1607028729.110756874
1607028729.211063623
1607028729.311372995
1607028729.411646843
1607028729.511925459
1607028729.612209082
1607028729.712420702
1607028729.812728405
1607028729.913031816
1607028730.013338566
1607028730.113646507
1607028730.213945866
1607028730.314232349
1607028730.414515972
1607028730.514729977
1607028730.614899635
1607028730.715090513
1607028730.815402508
1607028730.915707827
1607028731.016039610
1607028731.116246939
1607028731.216545582
1607028731.316853285
1607028731.417153597
1607028731.517363548
1607028731.617667913
1607028731.717972279
1607028731.818279028
1607028731.918585777
1607028732.018866062
1607028732.119174004
1607028732.219515324
1607028732.319794416
1607028732.420014381
1607028732.520298719
1607028732.620591640
1607028732.720901489
1607028732.821102381
1607028732.921407700
1607028733.021715879
1607028733.122025728
1607028733.222332001
1607028733.322645903
1607028733.422981024
1607028733.523289919
1607028733.623596430
1607028733.723791122
1607028733.824029207
1607028733.924343348
1607028734.024675608
1607028734.124987602
1607028734.225199461
1607028734.325408936
1607028734.425739050
1607028734.526049614
1607028734.626267195
1607028734.726569414
1607028734.826874971
1607028734.927191496
1607028735.027498007
1607028735.127707958
1607028735.228013754
1607028735.328325510
1607028735.428664207
1607028735.528877020
1607028735.629177809
1607028735.729493856
1607028735.829804897
1607028735.930107832
1607028736.030396223
1607028736.130702496
1607028736.231036663
1607028736.331342697
1607028736.431649208
1607028736.531930447
1607028736.632236958
1607028736.732542753
1607028736.832849503
1607028736.933154345
1607028737.033489466
1607028737.133796453
1607028737.234103203
1607028737.334409714
1607028737.434716702
1607028737.535063505
1607028737.635375977
1607028737.735562563
1607028737.835785627
1607028737.936102867
1607028738.036420107
1607028738.136592627
1607028738.236918211
1607028738.337110758
1607028738.437438250
1607028738.537625551
1607028738.637819529
1607028738.738129854
1607028738.838448048
1607028738.938678980
1607028739.039004087
1607028739.139226913
1607028739.239545345
1607028739.339780331
1607028739.440073967
1607028739.540255070
1607028739.640569687
1607028739.740785599
1607028739.841107607
1607028739.941335201
1607028740.041657686
1607028740.141818047
1607028740.241988897
1607028740.342173100
1607028740.442481995
1607028740.542652369
1607028740.642826557
1607028740.743095398
1607028740.843236208
1607028740.943435669
1607028741.043600798
1607028741.143872023
1607028741.244040012
1607028741.344207525
1607028741.444410801
1607028741.544604540
1607028741.644900084
1607028741.745105982
1607028741.845309973
1607028741.945512772
1607028742.045812607
1607028742.146090269
1607028742.246392250
1607028742.346527815
1607028742.446837187
1607028742.547055721
1607028742.647220850
1607028742.747449636
1607028742.847656012
1607028742.947868824
1607028743.048074007
1607028743.148280382
1607028743.248585463
1607028743.348750591
1607028743.449061871
1607028743.549235106
1607028743.649436951
1607028743.749646425
1607028743.849950790
1607028743.950122356
1607028744.050286770
1607028744.150424004
1607028744.250594139
1607028744.350799799
1607028744.451009035
1607028744.551134348
1607028744.651300669
1607028744.751508951
1607028744.851678848
1607028744.951884031
1607028745.052095652
1607028745.152260780
1607028745.252576351
1607028745.352852345
1607028745.453058243
1607028745.553329706
1607028745.653499126
1607028745.753771544
1607028745.854073286
1607028745.954348564
1607028746.054651260
1607028746.154926538
1607028746.255162954
1607028746.355330467
1607028746.455541372
1607028746.555745840
1607028746.655964375
1607028746.756237030
1607028746.856406450
1607028746.956683874
1607028747.056848288
1607028747.157058001
1607028747.257260323
1607028747.357433081
1607028747.457737684
1607028747.558007479
1607028747.658211470
1607028747.758420706
1607028747.858724833
1607028747.958893061
1607028748.059236526
1607028748.159399986
1607028748.259612560
1607028748.359786034
1607028748.460092068
1607028748.560363293
1607028748.660668850
1607028748.760937214
1607028748.861242294
1607028748.961540222
1607028749.061842442
1607028749.162134886
1607028749.262437105
1607028749.362706423
1607028749.463016987
1607028749.563156128
1607028749.663312674
1607028749.763588905
1607028749.863796949
1607028749.963960648
1607028750.064266920
1607028750.164380312
1607028750.264407396
1607028750.364380598
1607028750.464402199
1607028750.564532995
1607028750.664452553
1607028750.764538288
1607028750.864415169
1607028750.964550495
1607028751.064548492
1607028751.164453745
1607028751.264459610
1607028751.364531994
1607028751.464487791
1607028751.564549685
1607028751.664534569
1607028751.764551163
1607028751.864550352
1607028751.964559078
1607028752.064553976
1607028752.164535761
1607028752.264550447
1607028752.364550114
1607028752.464551449
1607028752.564552546
1607028752.664551258
1607028752.764534473
1607028752.864550352
1607028752.964539051
1607028753.064534187
1607028753.164551497
1607028753.264553785
1607028753.364550352
1607028753.464388371
1607028753.564534664
1607028753.664549589
1607028753.764539480
1607028753.864417553
1607028753.964551210
1607028754.064551353
1607028754.164548874
1607028754.264552116
1607028754.364436150
1607028754.464540005
1607028754.564553738
1607028754.664549589
1607028754.764522314
1607028754.864536047
1607028754.964551449
1607028755.064540148
1607028755.164553165
1607028755.264536858
1607028755.364551783
1607028755.464555264
1607028755.564551830
1607028755.664463282
1607028755.764540195
1607028755.864554644
1607028755.964549780
1607028756.064416170
1607028756.164534092
1607028756.264551163
1607028756.364552498
1607028756.464552641
1607028756.564554930
1607028756.664552927
1607028756.764535904
1607028756.864552259
1607028756.964464426
1607028757.064540625
1607028757.164555311
1607028757.264550924
1607028757.364552021
1607028757.464551926
1607028757.564550638
1607028757.664552212
1607028757.764554739
1607028757.864551067
1607028757.964551926
1607028758.064552546
1607028758.164552450
1607028758.264548540
1607028758.364541054
1607028758.464560032
1607028758.564550161
1607028758.664551497
1607028758.764551640
1607028758.864549637
1607028758.964538813
1607028759.064534187
1607028759.164518118
1607028759.264535427
1607028759.364548445
1607028759.464533806
1607028759.564522505
1607028759.664453268
1607028759.764559507
1607028759.864550114
1607028759.964537859
1607028760.064537048
1607028760.164538860
1607028760.264554739
1607028760.364553452
1607028760.464549541
1607028760.564537764
1607028760.664550066
1607028760.764535427
1607028760.864549637
1607028760.964458227
1607028761.064555883
1607028761.164550781
1607028761.264537096
1607028761.364552021
1607028761.464538097
1607028761.564553738
1607028761.664553642
1607028761.764550686
1607028761.864549875
1607028761.964549541
1607028762.064536810
1607028762.164551497
1607028762.264534235
1607028762.364536285
1607028762.464549780
1607028762.564549685
1607028762.664556980
1607028762.764452457
1607028762.864556551
1607028762.964554071
1607028763.064535856
1607028763.164552450
1607028763.264550447
1607028763.364553213
1607028763.464550018
1607028763.564552307
1607028763.664538860
1607028763.764551878
1607028763.864552736
1607028763.964465141
1607028764.064540625
1607028764.164549351
1607028764.264554024
1607028764.364550829
1607028764.464550495
1607028764.564536095
1607028764.664535761
1607028764.764534235
1607028764.864551544
1607028764.964453936
1607028765.064542055
1607028765.164549589
1607028765.264552832
1607028765.364416122
1607028765.464540005
1607028765.564550161
1607028765.664551735
1607028765.764554977
1607028765.864456177
1607028765.964554310
1607028766.064550877
1607028766.164550781
1607028766.264448166
1607028766.364534378
1607028766.464550257
1607028766.564552307
1607028766.664549828
1607028766.764453411
1607028766.864549875
1607028766.964550257
1607028767.064539433
1607028767.164453745
1607028767.264553308
1607028767.364550352
1607028767.464550495
1607028767.564550400
1607028767.664535761
1607028767.764554501
1607028767.864552498
1607028767.964550018
1607028768.064519644
1607028768.164555788
1607028768.264563322
1607028768.364553213
1607028768.464539528
1607028768.564550161
1607028768.664552927
1607028768.764534473
1607028768.864453554
1607028768.964418411
1607028769.064553499
1607028769.164553165
1607028769.264539480
1607028769.364417791
1607028769.464550734
1607028769.564557552
1607028769.664551020
1607028769.764552832
1607028769.864454985
1607028769.964537621
1607028770.064552069
1607028770.164550781
1607028770.264531374
1607028770.364533663
1607028770.464553595
1607028770.564549208
1607028770.664550066
1607028770.764539719
1607028770.864552259
1607028770.964553833
1607028771.064453840
1607028771.164535284
1607028771.264549971
1607028771.364552975
1607028771.464551449
1607028771.564457178
1607028771.664536715
1607028771.764553785
1607028771.864528418
1607028771.964552164
1607028772.064538479
1607028772.164550543
1607028772.264551163
1607028772.364551306
1607028772.464420557
1607028772.564535618
1607028772.664556265
1607028772.764534235
1607028772.864452839
1607028772.964453459
1607028773.064553738
1607028773.164550543
1607028773.264550924
1607028773.364550591
1607028773.464536905
1607028773.564553738
1607028773.664546967
1607028773.764550686
1607028773.864537239
1607028773.964552879
1607028774.064552784
1607028774.164549828
1607028774.264534712
1607028774.364554167
1607028774.464551926
1607028774.564551592
1607028774.664537907
1607028774.764551640
1607028774.864552259
1607028774.964550734
1607028775.064538002
1607028775.164538383
1607028775.264552593
1607028775.364552259
1607028775.464551210
1607028775.564539671
1607028775.664527893
1607028775.764415741
1607028775.864510298
1607028775.964551926
1607028776.064537525
1607028776.164565086
1607028776.264551163
1607028776.364549875
1607028776.464419365
1607028776.564551592
1607028776.664518118
1607028776.764535666
1607028776.864550591
1607028776.964538097
1607028777.064550638
1607028777.164551497
1607028777.264551640
1607028777.364548683
1607028777.464528799
1607028777.564551592
1607028777.664561510
1607028777.764538765
1607028777.864552736
1607028777.964558601
1607028778.064550638
1607028778.164550066
1607028778.264551640
1607028778.364553690
1607028778.464552164
1607028778.564534903
1607028778.664550781
1607028778.764551163
1607028778.864549637
1607028778.964550495
1607028779.064551353
1607028779.164416313
1607028779.264558792
1607028779.364550114
1607028779.464551210
1607028779.564415455
1607028779.664550066
1607028779.764556170
1607028779.864552736
1607028779.964551210
1607028780.064538240
1607028780.164550066
1607028780.264535189
1607028780.364551306
1607028780.464432001
1607028780.564535141
1607028780.664550543
1607028780.764550447
1607028780.864416122
1607028780.964536667
1607028781.064556122
1607028781.164552689
1607028781.264550686
1607028781.364551306
1607028781.464534521
1607028781.564549446
1607028781.664538622
1607028781.764552832
1607028781.864552498
1607028781.964550495
1607028782.064550638
1607028782.164555550
1607028782.264416933
1607028782.364553928
1607028782.464552402
1607028782.564550638
1607028782.664554119
1607028782.764550686
1607028782.864550352
1607028782.964550972
1607028783.064539433
1607028783.164552689
1607028783.264550447
1607028783.364555597
1607028783.464453936
1607028783.564534187
1607028783.664551973
1607028783.764553070
1607028783.864554644
1607028783.964540005
1607028784.064551115
1607028784.164552212
1607028784.264550447
1607028784.364452839
1607028784.464552879
1607028784.564551353
1607028784.664549828
1607028784.764534712
1607028784.864549875
1607028784.964553833
1607028785.064552307
1607028785.164549828
1607028785.264466286
1607028785.364535809
1607028785.464536190
1607028785.564551115
1607028785.664447308
1607028785.764535189
1607028785.864554882
1607028785.964551926
1607028786.064555645
1607028786.164433241
1607028786.264538050
1607028786.364553690
1607028786.464550972
1607028786.564550638
1607028786.664551020
1607028786.764556646
1607028786.864554882
1607028786.964553595
1607028787.064551115
1607028787.164551735
1607028787.264552355
1607028787.364553452
1607028787.464550018
1607028787.564548731
1607028787.664553881
1607028787.764552116
1607028787.864535809
1607028787.964551210
1607028788.064551592
1607028788.164551258
1607028788.264552355
1607028788.364550114
1607028788.464520216
1607028788.564552069
1607028788.664451122
1607028788.764549255
1607028788.864525795
1607028788.964553833
1607028789.064518213
1607028789.164539576
1607028789.264556885
1607028789.364448309
1607028789.464526415
1607028789.564451456
1607028789.664550781
1607028789.764551640
1607028789.864552259
1607028789.964557409
1607028790.064539194
1607028790.164552689
1607028790.264552116
1607028790.364551544
1607028790.464550972
1607028790.564549685
1607028790.664550066
1607028790.764553308
1607028790.864552259
1607028790.964418888
1607028791.064552784
1607028791.164552689
1607028791.264557123
1607028791.364447594
1607028791.464544296
1607028791.564536333
1607028791.664550066
1607028791.764452219
1607028791.864453793
1607028791.964519739
1607028792.064417124
1607028792.164552212
1607028792.264542103
1607028792.364535570
1607028792.464455366
1607028792.564534903
1607028792.664549351
1607028792.764539957
1607028792.864553690
1607028792.964550734
1607028793.064552784
1607028793.164552450
1607028793.264550924
1607028793.364551783
1607028793.464552641
1607028793.564535856
1607028793.664551020
1607028793.764553308
1607028793.864551067
1607028793.964553833
1607028794.064540386
1607028794.164554596
1607028794.264551401
1607028794.364553690
1607028794.464550495
1607028794.564537048
1607028794.664554596
1607028794.764552832
1607028794.864538193
1607028794.964551687
1607028795.064553261
1607028795.164550304
1607028795.264549971
1607028795.364550114
1607028795.464553356
1607028795.564492464
1607028795.664535046
1607028795.764453411
1607028795.864550114
1607028795.964553118
1607028796.064553261
1607028796.164561272
1607028796.264538288
1607028796.364550591
1607028796.464550972
1607028796.564456940
1607028796.664416552
1607028796.764555216
1607028796.864551306
1607028796.964551926
1607028797.064551115
1607028797.164459944
1607028797.264552832
1607028797.364548922
1607028797.464551687
1607028797.564552546
1607028797.664553404
1607028797.764521360
1607028797.864550114
1607028797.964534521
1607028798.064555168
1607028798.164550066
1607028798.264552832
1607028798.364454985
1607028798.464418173
1607028798.564553022
1607028798.664554358
1607028798.764539719
1607028798.864552736
1607028798.964552641
1607028799.064550400
1607028799.164550543
1607028799.264540911
1607028799.364416122
1607028799.464556456
1607028799.564548731
1607028799.664551497
1607028799.764550447
1607028799.864552975
1607028799.964555025
1607028800.064550877
1607028800.164552689
1607028800.264519453
1607028800.364549160
1607028800.464550734
1607028800.564552069
1607028800.664561033
1607028800.764549494
1607028800.864550829
1607028800.964551449
1607028801.064538240
1607028801.164553404
1607028801.264555931
1607028801.364550591
1607028801.464536428
1607028801.564553022
1607028801.664551258
1607028801.764551163
1607028801.864536047
1607028801.964556217
1607028802.064550877
1607028802.164551020
1607028802.264552116
1607028802.364552975
1607028802.464416265
1607028802.564549446
1607028802.664550543
1607028802.764554024
1607028802.864418745
1607028802.964552641
1607028803.064550400
1607028803.164556980
1607028803.264455080
1607028803.364457130
1607028803.464550018
1607028803.564552307
1607028803.664549828
1607028803.764416933
1607028803.864554644
1607028803.964550018
1607028804.064550638
1607028804.164537430
1607028804.264549971
1607028804.364551067
1607028804.464550972
1607028804.564551592
1607028804.664420366
1607028804.764537811
1607028804.864553690
1607028804.964540720
1607028805.064421415
1607028805.164558887
1607028805.264550686
1607028805.364551067
1607028805.464553356
1607028805.564455986
1607028805.664537668
1607028805.764552116
1607028805.864556789
1607028805.964473009
1607028806.064538717
1607028806.164552927
1607028806.264551640
1607028806.364555359
1607028806.464528799
1607028806.564549923
1607028806.664551020
1607028806.764552832
1607028806.864550591
1607028806.964551687
1607028807.064552069
1607028807.164557695
1607028807.264540195
1607028807.364550352
1607028807.464416742
1607028807.564548731
1607028807.664549589
1607028807.764550924
1607028807.864537239
1607028807.964551210
1607028808.064538717
1607028808.164526701
1607028808.264514923
1607028808.364418268
1607028808.464556932
1607028808.564549446
1607028808.664531231
1607028808.764540672
1607028808.864550352
1607028808.964550495
1607028809.064550638
1607028809.164552450
1607028809.264551878
1607028809.364553928
1607028809.464549541
1607028809.564539194
1607028809.664453983
1607028809.764552832
1607028809.864551067
1607028809.964549303
1607028810.064553022
1607028810.164550543
1607028810.264550209
1607028810.364517927
1607028810.464537382
1607028810.564447880
1607028810.664552927
1607028810.764550924
1607028810.864534616
1607028810.964537144
1607028811.064551353
1607028811.164550543
1607028811.264416218
1607028811.364553928
1607028811.464536667
1607028811.564551115
1607028811.664551497
1607028811.764461994
1607028811.864538193
1607028811.964553356
1607028812.064549685
1607028812.164463997
1607028812.264537096
1607028812.364552259
1607028812.464552164
1607028812.564551592
1607028812.664539337
1607028812.764549494
1607028812.864551067
