1607001355.345676661
1607001355.445688725
1607001355.545680046
1607001355.645704746
1607001355.745674372
1607001355.845673084
1607001355.945675135
1607001356.045671225
1607001356.145673990
1607001356.245664835
1607001356.345662832
1607001356.445662975
1607001356.545686960
1607001356.645675421
1607001356.745684385
1607001356.845680952
1607001356.945672989
1607001357.045664072
1607001357.145671606
1607001357.245746851
1607001357.345662594
1607001357.445662260
1607001357.545663118
1607001357.645671368
1607001357.745682716
1607001357.845679522
1607001357.945677757
1607001358.045674086
1607001358.145678520
1607001358.245678425
1607001358.345676184
1607001358.445677519
1607001358.545674324
1607001358.645668268
1607001358.745678186
1607001358.845678329
1607001358.945681810
1607001359.045677900
1607001359.145677567
1607001359.245694876
1607001359.345664501
1607001359.445677757
1607001359.545676470
1607001359.645676136
1607001359.745670557
1607001359.845667362
1607001359.945662975
1607001360.045669556
1607001360.145671844
1607001360.245674372
1607001360.345677137
1607001360.445688963
1607001360.545676947
1607001360.645663977
1607001360.745672464
1607001360.845681667
1607001360.945679188
1607001361.045664072
1607001361.145671129
1607001361.245678663
1607001361.345677137
1607001361.445682526
1607001361.545683146
1607001361.645679235
1607001361.745684147
1607001361.845711470
1607001361.945691824
1607001362.045679331
1607001362.145676851
1607001362.245677948
1607001362.345679045
1607001362.445678234
1607001362.545675755
1607001362.645669460
1607001362.745671749
1607001362.845664501
1607001362.945667028
1607001363.045680046
1607001363.145680666
1607001363.245651245
1607001363.345676422
1607001363.445664406
1607001363.545661688
1607001363.645664692
1607001363.745678425
1607001363.845678806
1607001363.945677519
1607001364.045669079
1607001364.145673037
1607001364.245663643
1607001364.345663309
1607001364.445665121
1607001364.545692921
1607001364.645664454
1607001364.745678663
1607001364.845687389
1607001364.945832491
1607001365.045675993
1607001365.145676851
1607001365.245666027
1607001365.345663309
1607001365.445662975
1607001365.545661926
1607001365.645666361
1607001365.745672703
1607001365.845663548
1607001365.945662498
1607001366.045662880
1607001366.145672560
1607001366.245667219
1607001366.345676184
1607001366.445678949
1607001366.545676470
1607001366.645674706
1607001366.745670795
1607001366.845670462
1607001366.945669413
1607001367.045675993
1607001367.145678043
1607001367.245702744
1607001367.345690966
1607001367.445680141
1607001367.545681477
1607001367.645678282
1607001367.745678425
1607001367.845665455
1607001367.945662022
1607001368.045665741
1607001368.145672560
1607001368.245678186
1607001368.345662355
1607001368.445644140
1607001368.545694828
1607001368.645684719
1607001368.745682478
1607001368.845680714
1607001368.945677280
1607001369.045664072
1607001369.145673275
1607001369.245676041
1607001369.345677614
1607001369.445676088
1607001369.545664072
1607001369.645661592
1607001369.745678663
1607001369.845677614
1607001369.945702076
1607001370.045687914
1607001370.145678997
1607001370.245680094
1607001370.345676422
1607001370.445676565
1607001370.545663357
1607001370.645679474
1607001370.745681286
1607001370.845677137
1607001370.945663214
1607001371.045675278
1607001371.145675898
1607001371.245684385
1607001371.345679522
1607001371.445679426
1607001371.545684099
1607001371.645685673
1607001371.745678902
1607001371.845678806
1607001371.945679426
1607001372.045678616
1607001372.145683050
1607001372.245768309
1607001372.345681667
1607001372.445677519
1607001372.545678616
1607001372.645691633
1607001372.745673895
1607001372.845678806
1607001372.945677042
1607001373.045676947
1607001373.145678282
1607001373.245676279
1607001373.345666170
1607001373.445666075
1607001373.545671701
1607001373.645679235
1607001373.745666265
1607001373.845664740
1607001373.945665121
1607001374.045664072
1607001374.145670414
1607001374.245667219
1607001374.345666170
1607001374.445670605
1607001374.545665741
1607001374.645663738
1607001374.745668173
1607001374.845666170
1607001374.945663691
1607001375.045665741
1607001375.145670891
1607001375.245677233
1607001375.345671177
1607001375.445666313
1607001375.545667410
1607001375.645823002
1607001375.745683432
1607001375.845676184
1607001375.945677280
1607001376.045676708
1607001376.145682573
1607001376.245671034
1607001376.345671892
1607001376.445672989
1607001376.545670986
1607001376.645670414
1607001376.745675325
1607001376.845670700
1607001376.945669889
1607001377.045669556
1607001377.145670652
1607001377.245674610
1607001377.345668554
1607001377.445665121
1607001377.545666218
1607001377.645665169
1607001377.745669365
1607001377.845667362
1607001377.945688486
1607001378.045666933
1607001378.145666361
1607001378.245671034
1607001378.345666409
1607001378.445666552
1607001378.545672894
1607001378.645667553
1607001378.745669603
1607001378.845680475
1607001378.945677996
1607001379.045678377
1607001379.145677805
1607001379.245675325
1607001379.345668077
1607001379.445668221
1607001379.545667410
1607001379.645671606
1607001379.745686769
1607001379.845677137
1607001379.945671558
1607001380.045675516
1607001380.145679474
1607001380.245678425
1607001380.345687151
1607001380.445671797
1607001380.545675755
1607001380.645691156
1607001380.745667934
1607001380.845668077
1607001380.945676088
1607001381.045678854
1607001381.145676136
1607001381.245675087
1607001381.345668793
1607001381.445670366
1607001381.545682907
1607001381.645667315
1607001381.745668411
1607001381.845668554
1607001381.945668221
1607001382.045686722
1607001382.145676374
1607001382.245675087
1607001382.345667601
1607001382.445676804
1607001382.545674801
1607001382.645726681
1607001382.745678663
1607001382.845682621
1607001382.945677042
1607001383.045664787
1607001383.145662069
1607001383.245661974
1607001383.345694065
1607001383.445662737
1607001383.545661926
1607001383.645661592
1607001383.745674610
1607001383.845662355
1607001383.945666075
1607001384.045662165
1607001384.145661831
1607001384.245661736
1607001384.345671892
1607001384.445663691
1607001384.545674801
1607001384.645663261
1607001384.745671988
1607001384.845664978
1607001384.945662737
1607001385.045662403
1607001385.145665407
1607001385.245662689
1607001385.345672846
1607001385.445662975
1607001385.545662403
1607001385.645662308
1607001385.745676041
1607001385.845669508
1607001385.945662737
1607001386.045665979
1607001386.145662069
1607001386.245661736
1607001386.345675707
1607001386.445663691
1607001386.545662880
1607001386.645662546
1607001386.745672464
1607001386.845663786
1607001386.945666075
1607001387.045662642
1607001387.145662308
1607001387.245662212
1607001387.345672131
1607001387.445663452
1607001387.545668840
1607001387.645663500
1607001387.745671272
1607001387.845664501
1607001387.945662737
1607001388.045662642
1607001388.145665169
1607001388.245662451
1607001388.345671654
1607001388.445663691
1607001388.545661926
1607001388.645661592
1607001388.745680332
1607001388.845669031
1607001388.945662260
1607001389.045661449
1607001389.145662069
1607001389.245662212
1607001389.345674992
1607001389.445662498
1607001389.545661688
1607001389.645661831
1607001389.745671272
1607001389.845661879
1607001389.945669413
1607001390.045661926
1607001390.145661354
1607001390.245662212
1607001390.345670223
1607001390.445662498
1607001390.545672655
1607001390.645662069
1607001390.745670557
1607001390.845663548
1607001390.945662498
1607001391.045661926
1607001391.145666122
1607001391.245674610
1607001391.345681429
1607001391.445663214
1607001391.545669079
1607001391.645663261
1607001391.745674849
1607001391.845662832
1607001391.945667267
1607001392.045663834
1607001392.145663023
1607001392.245662212
1607001392.345699787
1607001392.445671082
1607001392.545677423
1607001392.645663977
1607001392.745679379
1607001392.845679045
1607001392.945679665
1607001393.045676708
1607001393.145677090
1607001393.245677948
1607001393.345676899
1607001393.445681095
1607001393.545679092
1607001393.645677328
1607001393.745673418
1607001393.845673084
1607001393.945678711
1607001394.045678854
1607001394.145676136
1607001394.245677233
1607001394.345677376
1607001394.445680141
1607001394.545678139
1607001394.645677805
1607001394.745677471
1607001394.845680714
1607001394.945684671
1607001395.045677900
1607001395.145689726
1607001395.245682716
1607001395.345690966
1607001395.445679188
1607001395.545678139
1607001395.645678282
1607001395.745679617
1607001395.845678568
1607001395.945677280
1607001396.045687914
1607001396.145677090
1607001396.245677233
1607001396.345702648
1607001396.445678711
1607001396.545678854
1607001396.645683765
1607001396.745678425
1607001396.845678806
1607001396.945680380
1607001397.045677185
1607001397.145677567
1607001397.245677948
1607001397.345677137
1607001397.445815086
1607001397.545677185
1607001397.645677567
1607001397.745678186
1607001397.845677137
1607001397.945685625
1607001398.045687914
1607001398.145681620
1607001398.245683670
1607001398.345678806
1607001398.445684433
1607001398.545678616
1607001398.645678759
1607001398.745678425
1607001398.845688820
1607001398.945687771
1607001399.045714617
1607001399.145686865
1607001399.245685339
1607001399.345685959
1607001399.445680618
1607001399.545680761
1607001399.645685196
1607001399.745677233
1607001399.845677376
1607001399.945671082
1607001400.045662880
1607001400.145662069
1607001400.245665073
1607001400.345669031
1607001400.445662260
1607001400.545660734
1607001400.645661354
1607001400.745661736
1607001400.845661640
1607001400.945664644
1607001401.045661926
1607001401.145662069
1607001401.245661497
1607001401.345661640
1607001401.445661306
1607001401.545663118
1607001401.645662069
1607001401.745664835
1607001401.845662355
1607001401.945660353
1607001402.045661926
1607001402.145661592
1607001402.245662451
1607001402.345661879
1607001402.445661783
1607001402.545665503
1607001402.645661354
1607001402.745661259
1607001402.845661879
1607001402.945661068
1607001403.045661688
1607001403.145661116
1607001403.245661020
1607001403.345661879
1607001403.445661545
1607001403.545661449
1607001403.645661354
1607001403.745660305
1607001403.845661640
1607001403.945662498
1607001404.045661926
1607001404.145661592
1607001404.245661259
1607001404.345666647
1607001404.445668221
1607001404.545661211
1607001404.645672798
1607001404.745661974
1607001404.845661640
1607001404.945661545
1607001405.045661211
1607001405.145661354
1607001405.245661497
1607001405.345660925
1607001405.445660353
1607001405.545660734
1607001405.645661116
1607001405.745661736
1607001405.845661640
1607001405.945661306
1607001406.045661688
1607001406.145661116
1607001406.245660543
1607001406.345661402
1607001406.445676327
1607001406.545661926
1607001406.645661354
1607001406.745661497
1607001406.845662355
1607001406.945660591
1607001407.045667887
1607001407.145663500
1607001407.245661259
1607001407.345660925
1607001407.445661783
1607001407.545661449
1607001407.645661592
1607001407.745660543
1607001407.845661163
1607001407.945661306
1607001408.045661688
1607001408.145661592
1607001408.245661259
1607001408.345661879
1607001408.445661545
1607001408.545665264
1607001408.645661354
1607001408.745661259
1607001408.845661402
1607001408.945661306
1607001409.045661688
1607001409.145661592
1607001409.245661259
1607001409.345677853
1607001409.445679903
1607001409.545676708
1607001409.645663023
1607001409.745662689
1607001409.845682144
1607001409.945679426
1607001410.045673609
1607001410.145663023
1607001410.245661259
1607001410.345661640
1607001410.445678473
1607001410.545678854
1607001410.645706177
1607001410.745678425
1607001410.845679283
1607001410.945677280
1607001411.045676231
1607001411.145663500
1607001411.245661974
1607001411.345661402
1607001411.445661306
1607001411.545675755
1607001411.645685434
1607001411.745673895
1607001411.845680714
1607001411.945687771
1607001412.045688629
1607001412.145678997
1607001412.245676517
1607001412.345678329
1607001412.445705175
1607001412.545678139
1607001412.645679235
1607001412.745677471
1607001412.845677376
1607001412.945665121
1607001413.045664072
1607001413.145668745
1607001413.245663881
1607001413.345665216
1607001413.445661545
1607001413.545661926
1607001413.645662546
1607001413.745661736
1607001413.845664024
1607001413.945662022
1607001414.045661688
1607001414.145661831
1607001414.245661736
1607001414.345661640
1607001414.445662022
1607001414.545665264
1607001414.645661592
1607001414.745661497
1607001414.845661879
1607001414.945661545
1607001415.045661449
1607001415.145662069
1607001415.245661736
1607001415.345661879
1607001415.445661306
1607001415.545662165
1607001415.645661831
1607001415.745661974
1607001415.845662117
1607001415.945659637
1607001416.045662642
1607001416.145661831
1607001416.245661497
1607001416.345661402
1607001416.445660830
1607001416.545661449
1607001416.645669460
1607001416.745674849
1607001416.845678568
1607001416.945674181
1607001417.045668125
1607001417.145661592
1607001417.245661497
1607001417.345661402
1607001417.445661068
1607001417.545660973
1607001417.645661354
1607001417.745698214
1607001417.845708609
1607001417.945680380
1607001418.045676947
1607001418.145683765
1607001418.245676041
1607001418.345673800
1607001418.445676565
1607001418.545674801
1607001418.645685434
1607001418.745686054
1607001418.845687628
1607001418.945677757
1607001419.045665741
1607001419.145672560
1607001419.245677710
1607001419.345666409
1607001419.445662260
1607001419.545661926
1607001419.645662546
1607001419.745661974
1607001419.845673323
1607001419.945677996
1607001420.045672894
1607001420.145664454
1607001420.245662212
1607001420.345661402
1607001420.445680380
1607001420.545664310
1607001420.645660877
1607001420.745661497
1607001420.845661640
1607001420.945662260
1607001421.045662642
1607001421.145660877
1607001421.245661259
1607001421.345660925
1607001421.445661545
1607001421.545670986
1607001421.645662546
1607001421.745661497
1607001421.845660686
1607001421.945661545
1607001422.045661449
1607001422.145663977
1607001422.245661497
1607001422.345662117
1607001422.445661306
1607001422.545661449
1607001422.645660639
1607001422.745661497
1607001422.845661402
1607001422.945661783
1607001423.045661449
1607001423.145663500
1607001423.245661736
1607001423.345661402
1607001423.445660830
1607001423.545661211
1607001423.645660400
1607001423.745661020
1607001423.845661640
1607001423.945660830
1607001424.045661211
1607001424.145661354
1607001424.245661020
1607001424.345661163
1607001424.445662260
1607001424.545661688
1607001424.645661116
1607001424.745661497
1607001424.845660686
1607001424.945662737
1607001425.045661211
1607001425.145663261
1607001425.245661497
1607001425.345661163
1607001425.445660591
1607001425.545659542
1607001425.645659685
1607001425.745661497
1607001425.845662117
1607001425.945812464
1607001426.045661926
1607001426.145661354
1607001426.245661259
1607001426.345661402
1607001426.445661306
1607001426.545665503
1607001426.645662069
1607001426.745661020
1607001426.845660448
1607001426.945661306
1607001427.045661211
1607001427.145661116
1607001427.245661020
1607001427.345661640
1607001427.445660830
1607001427.545661449
1607001427.645661116
1607001427.745661259
1607001427.845661163
1607001427.945661068
1607001428.045661449
1607001428.145661354
1607001428.245663166
1607001428.345663071
1607001428.445662022
1607001428.545664787
1607001428.645661116
1607001428.745671511
1607001428.845686436
1607001428.945677042
1607001429.045663834
1607001429.145661592
1607001429.245661736
1607001429.345661640
1607001429.445661545
1607001429.545661449
1607001429.645661354
1607001429.745661497
1607001429.845662117
1607001429.945662260
1607001430.045661211
1607001430.145661354
1607001430.245661259
1607001430.345682383
1607001430.445677757
1607001430.545683622
1607001430.645661831
1607001430.745661736
1607001430.845691919
1607001430.945681810
1607001431.045700073
1607001431.145704508
1607001431.245682478
1607001431.345661879
1607001431.445661545
1607001431.545661688
1607001431.645670891
1607001431.745662928
1607001431.845661640
1607001431.945661783
1607001432.045662880
1607001432.145663261
1607001432.245662212
1607001432.345661163
1607001432.445661306
1607001432.545666218
1607001432.645661831
1607001432.745662212
1607001432.845661879
1607001432.945661545
1607001433.045661688
1607001433.145667315
1607001433.245662689
1607001433.345661879
1607001433.445661783
1607001433.545661449
1607001433.645661592
1607001433.745661736
1607001433.845662355
1607001433.945662498
1607001434.045661449
1607001434.145679951
1607001434.245682001
1607001434.345679522
1607001434.445678711
1607001434.545678616
1607001434.645674944
1607001434.745665073
1607001434.845662594
1607001434.945662022
1607001435.045661688
1607001435.145664930
1607001435.245661974
1607001435.345661640
1607001435.445662022
1607001435.545662165
1607001435.645662785
1607001435.745661974
1607001435.845661879
1607001435.945661545
1607001436.045661688
1607001436.145662308
1607001436.245661259
1607001436.345661879
1607001436.445661545
1607001436.545661688
1607001436.645661354
1607001436.745661259
1607001436.845661640
1607001436.945723057
1607001437.045662403
1607001437.145661354
1607001437.245661974
1607001437.345664978
1607001437.445679188
1607001437.545670986
1607001437.645663261
1607001437.745661974
1607001437.845661879
1607001437.945663929
1607001438.045661926
1607001438.145661592
1607001438.245661497
1607001438.345661640
1607001438.445678234
1607001438.545679331
1607001438.645677567
1607001438.745663643
1607001438.845661640
1607001438.945661783
1607001439.045676231
1607001439.145890713
1607001439.245699167
1607001439.345663309
1607001439.445662260
1607001439.545662403
1607001439.645676851
1607001439.745677471
1607001439.845676899
1607001439.945754528
1607001440.045676470
1607001440.145672798
1607001440.245673656
1607001440.345668077
1607001440.445667028
1607001440.545664549
1607001440.645675182
1607001440.745674610
1607001440.845675468
1607001440.945663691
1607001441.045662165
1607001441.145673275
1607001441.245667219
1607001441.345667839
1607001441.445672512
1607001441.545676708
1607001441.645676374
1607001441.745664358
1607001441.845661879
1607001441.945662498
1607001442.045662403
1607001442.145660639
1607001442.245661974
1607001442.345661879
1607001442.445676804
1607001442.545662642
1607001442.645661831
1607001442.745662212
1607001442.845661879
1607001442.945662260
1607001443.045663357
1607001443.145662069
1607001443.245661974
1607001443.345661879
1607001443.445664167
1607001443.545666933
1607001443.645676136
1607001443.745677233
1607001443.845675468
1607001443.945676088
1607001444.045670033
1607001444.145675182
1607001444.245676517
1607001444.345677137
1607001444.445677042
1607001444.545677423
1607001444.645678759
1607001444.745671749
1607001444.845669985
1607001444.945676565
1607001445.045672894
1607001445.145663500
1607001445.245676517
1607001445.345676422
1607001445.445673466
1607001445.545664787
1607001445.645660639
1607001445.745686054
1607001445.845679283
1607001445.945678234
1607001446.045684099
1607001446.145689487
1607001446.245720863
1607001446.345710993
1607001446.445678949
1607001446.545664310
1607001446.645679951
1607001446.745677233
1607001446.845664740
1607001446.945687771
1607001447.045681715
1607001447.145677328
1607001447.245675325
1607001447.345689297
1607001447.445678234
1607001447.545675755
1607001447.645672321
1607001447.745674133
1607001447.845664740
1607001447.945661545
1607001448.045685053
1607001448.145690203
1607001448.245680809
1607001448.345681429
1607001448.445679903
1607001448.545676708
1607001448.645663261
1607001448.745670080
1607001448.845678091
1607001448.945677757
1607001449.045668125
1607001449.145671129
1607001449.245675802
1607001449.345671892
1607001449.445673466
1607001449.545698881
1607001449.645693779
1607001449.745679379
1607001449.845665216
1607001449.945664406
1607001450.045663357
1607001450.145664930
1607001450.245674133
1607001450.345663309
1607001450.445662737
1607001450.545674086
1607001450.645676136
1607001450.745670319
1607001450.845664263
1607001450.945663214
1607001451.045663118
1607001451.145663023
1607001451.245683908
1607001451.345680475
1607001451.445683956
1607001451.545691967
1607001451.645685196
1607001451.745679617
1607001451.845665693
1607001451.945665121
1607001452.045679092
1607001452.145677805
1607001452.245702505
1607001452.345672131
1607001452.445674658
1607001452.545667171
1607001452.645673037
1607001452.745671988
1607001452.845663071
1607001452.945679665
1607001453.045678139
1607001453.145679951
1607001453.245676756
1607001453.345664740
1607001453.445664883
1607001453.545663357
1607001453.645675182
1607001453.745667696
1607001453.845664263
1607001453.945663214
1607001454.045674086
1607001454.145664454
1607001454.245662451
1607001454.345663309
1607001454.445663691
1607001454.545662403
1607001454.645672560
1607001454.745662928
1607001454.845662355
1607001454.945665359
1607001455.045678854
1607001455.145664454
1607001455.245661736
