1607002300.267231226
1607002300.368620634
1607002300.469541550
1607002300.570358276
1607002300.671179295
1607002300.771715164
1607002300.872343540
1607002300.973137617
1607002301.073985815
1607002301.174827337
1607002301.275434971
1607002301.376066208
1607002301.476697206
1607002301.577451944
1607002301.678051710
1607002301.778891563
1607002301.879729748
1607002301.980538130
1607002302.081143856
1607002302.181688070
1607002302.282525778
1607002302.383184195
1607002302.483804464
1607002302.584609509
1607002302.685219765
1607002302.785803318
1607002302.886614561
1607002302.987223625
1607002303.088053942
1607002303.188637733
1607002303.289254427
1607002303.390033960
1607002303.490641832
1607002303.591235399
1607002303.692061663
1607002303.792666912
1607002303.893519163
1607002303.994402885
1607002304.095241308
1607002304.195853233
1607002304.296687365
1607002304.397320271
1607002304.498139620
1607002304.598988056
1607002304.699573040
1607002304.800184488
1607002304.901009083
1607002305.001631975
1607002305.102189541
1607002305.202833652
1607002305.303657532
1607002305.404484034
1607002305.505315304
1607002305.605924368
1607002305.706694365
1607002305.807267904
1607002305.907872438
1607002306.008678436
1607002306.109518051
1607002306.210339785
1607002306.310969830
1607002306.411600113
1607002306.512420416
1607002306.613246918
1607002306.713847160
1607002306.814478159
1607002306.915275574
1607002307.016189098
1607002307.117027998
1607002307.217848539
1607002307.318438292
1607002307.419058084
1607002307.519627094
1607002307.620450020
1607002307.721057653
1607002307.822061777
1607002307.922908783
1607002308.023511648
1607002308.124283791
1607002308.224853516
1607002308.325692177
1607002308.426326036
1607002308.526954412
1607002308.627773046
1607002308.728542805
1607002308.829126120
1607002308.929950714
1607002309.030521631
1607002309.131345272
1607002309.232158422
1607002309.332736969
1607002309.433577299
1607002309.534451962
1607002309.635067463
1607002309.735882521
1607002309.836465120
1607002309.937389851
1607002310.037993193
1607002310.138841391
1607002310.239354372
1607002310.339983940
1607002310.440569878
1607002310.541040182
1607002310.641549587
1607002310.742105722
1607002310.842645168
1607002310.943148613
1607002311.043691158
1607002311.144177198
1607002311.244675398
1607002311.345186710
1607002311.445717335
1607002311.546233416
1607002311.646752357
1607002311.747227907
1607002311.847754002
1607002311.948300123
1607002312.048807383
1607002312.149338484
1607002312.250076056
1607002312.350556612
1607002312.451041937
1607002312.551588297
1607002312.652090549
1607002312.752616167
1607002312.853139400
1607002312.953611851
1607002313.054142475
1607002313.154659748
1607002313.255175829
1607002313.355720282
1607002313.456221819
1607002313.556687355
1607002313.657189131
1607002313.757701874
1607002313.858229399
1607002313.958733559
1607002314.059261084
1607002314.159745216
1607002314.260273695
1607002314.360789776
1607002314.461312532
1607002314.561820745
1607002314.662341356
1607002314.762814760
1607002314.863328457
1607002314.963863850
1607002315.064366102
1607002315.164875507
1607002315.265375137
1607002315.365866899
1607002315.466401815
1607002315.566919088
1607002315.666944504
1607002315.766949177
1607002315.866933107
1607002315.966933727
1607002316.066973686
1607002316.166980505
1607002316.266961813
1607002316.366979599
1607002316.466958046
1607002316.566940069
1607002316.666955948
1607002316.766946077
1607002316.866933823
1607002316.966950417
1607002317.066936255
1607002317.166917324
1607002317.266936779
1607002317.366948843
1607002317.466934681
1607002317.566961050
1607002317.666932821
1607002317.766914606
1607002317.866932154
1607002317.966953993
1607002318.066935062
1607002318.166948795
1607002318.266927004
1607002318.366917133
1607002318.466989756
1607002318.566983461
1607002318.666958809
1607002318.766984701
1607002318.866958618
1607002318.966950893
1607002319.066973686
1607002319.166980028
1607002319.266940117
1607002319.366947412
1607002319.466930151
1607002319.566913128
1607002319.666949034
1607002319.766951084
1607002319.866929531
1607002319.966957569
1607002320.066923618
1607002320.166919470
1607002320.266932487
1607002320.366948128
1607002320.466902733
1607002320.567075014
1607002320.666933298
1607002320.766911745
1607002320.866927862
1607002320.966949940
1607002321.066963434
1607002321.166976213
1607002321.266958237
1607002321.366979599
1607002321.466964245
1607002321.567225456
1607002321.666959524
1607002321.766979694
1607002321.866935968
1607002321.966920137
1607002322.066945314
1607002322.166940928
1607002322.266934872
1607002322.366952419
1607002322.466938496
1607002322.566914558
1607002322.666939259
1607002322.766955853
1607002322.866927862
1607002322.966947556
1607002323.066935301
1607002323.166916370
1607002323.266938686
1607002323.366949081
1607002323.466934443
1607002323.566949606
1607002323.666976213
1607002323.766939640
1607002323.866964579
1607002323.966984272
1607002324.066964149
1607002324.166977406
1607002324.267043352
1607002324.366945267
1607002324.466934919
1607002324.566955328
1607002324.666931152
1607002324.766945601
1607002324.866937399
1607002324.966918945
1607002325.066938877
1607002325.166947603
1607002325.266937494
1607002325.366948605
1607002325.466932297
1607002325.566928864
1607002325.666939974
1607002325.766950130
1607002325.866927624
1607002325.966948509
1607002326.066931963
1607002326.166923046
1607002326.266958237
1607002326.366976261
1607002326.466958761
1607002326.566986799
1607002326.666963339
1607002326.766940355
1607002326.867075205
1607002326.966968775
1607002327.066936493
1607002327.166946888
1607002327.266934395
1607002327.366919994
1607002327.466933250
1607002327.566952229
1607002327.666947126
1607002327.766947031
1607002327.866928577
1607002327.966915607
1607002328.066942930
1607002328.166952610
1607002328.266926765
1607002328.366941214
1607002328.466933966
1607002328.566914558
1607002328.666903019
1607002328.766981602
1607002328.866960764
1607002328.966983557
1607002329.066966057
1607002329.166949034
1607002329.266964197
1607002329.366980314
1607002329.466958523
1607002329.566967487
1607002329.666959763
1607002329.766912460
1607002329.866928577
1607002329.966945410
1607002330.066944838
1607002330.166949511
1607002330.266929626
1607002330.366919756
1607002330.466903210
1607002330.566961527
1607002330.666936398
1607002330.766983747
1607002330.866927862
1607002330.966918468
1607002331.066944838
1607002331.166957140
1607002331.266928673
1607002331.366977453
1607002331.466959953
1607002331.566944122
1607002331.667006493
1607002331.766982079
1607002331.866959333
1607002331.966977596
1607002332.066968679
1607002332.166922569
1607002332.267161846
1607002332.366954327
1607002332.466940880
1607002332.566957951
1607002332.666931391
1607002332.766911507
1607002332.866925478
1607002332.966951847
1607002333.066959143
1607002333.166945219
1607002333.266932487
1607002333.366913557
1607002333.466934681
1607002333.566956043
1607002333.666926146
1607002333.766952991
1607002333.866959095
1607002333.966917276
1607002334.066970825
1607002334.166985989
1607002334.266967058
1607002334.366978407
1607002334.466956854
1607002334.566939592
1607002334.666972637
1607002334.766951561
1607002334.866930962
1607002334.966951609
1607002335.066934109
1607002335.166919470
1607002335.266932964
1607002335.366950750
1607002335.466935158
1607002335.566952467
1607002335.666947365
1607002335.766914845
1607002335.866954088
1607002335.966953278
1607002336.066933870
1607002336.166950703
1607002336.266933441
1607002336.366919994
1607002336.466934919
1607002336.566980362
1607002336.666957855
1607002336.766977787
1607002336.866958618
1607002336.966947556
1607002337.066974163
1607002337.166978598
1607002337.266960621
1607002337.366945982
1607002337.466933489
1607002337.566916227
1607002337.666940212
1607002337.766945601
1607002337.866933346
1607002337.966949224
1607002338.066933870
1607002338.166917562
1607002338.266934395
1607002338.366945744
1607002338.466931581
1607002338.566951513
1607002338.666937113
1607002338.766941786
1607002338.866932392
1607002338.966950178
1607002339.066931009
1607002339.166972399
1607002339.266958237
1607002339.366948366
1607002339.466968536
1607002339.567110538
1607002339.666973829
1607002339.766979218
1607002339.866953611
1607002339.966919899
1607002340.066950798
1607002340.166950703
1607002340.266942024
1607002340.366955519
1607002340.466934919
1607002340.566914558
1607002340.666944981
1607002340.766952038
1607002340.866925478
1607002340.966948509
1607002341.066939116
1607002341.166920662
1607002341.266934156
1607002341.366955996
1607002341.466928482
1607002341.566963673
1607002341.666921616
1607002341.766920328
1607002341.866942167
1607002341.966967583
1607002342.066950798
1607002342.166958809
1607002342.266941071
1607002342.366930246
1607002342.466938019
1607002342.566953182
1607002342.666931391
1607002342.766981602
1607002342.866953135
1607002342.966946840
1607002343.066972494
1607002343.166973352
1607002343.266963720
1607002343.366986990
1607002343.466949940
1607002343.566915751
1607002343.666947603
1607002343.766947746
1607002343.866924524
1607002343.966953278
1607002344.066930532
1607002344.166917086
1607002344.266934633
1607002344.366950512
1607002344.466930389
1607002344.566953182
1607002344.666925907
1607002344.766910076
1607002344.866924286
1607002344.966953278
1607002345.066930532
1607002345.166956425
1607002345.266952276
1607002345.366917849
1607002345.466930151
1607002345.566957951
1607002345.666938305
1607002345.766955853
1607002345.866927385
1607002345.967211246
1607002346.066943645
1607002346.166952133
1607002346.266946793
1607002346.366951227
1607002346.466926336
1607002346.566914082
1607002346.666967869
1607002346.766981125
1607002346.866962194
1607002346.966978312
1607002347.066962957
1607002347.166950703
1607002347.266970634
1607002347.366953135
1607002347.466933727
1607002347.566954136
1607002347.666943789
1607002347.766909122
1607002347.866927385
1607002347.966954708
1607002348.066935778
1607002348.166950464
1607002348.266930819
1607002348.366920233
1607002348.466902733
1607002348.566961288
1607002348.666931868
1607002348.766957521
1607002348.866929531
1607002348.966917276
1607002349.066942453
1607002349.166977167
1607002349.266961098
1607002349.366987467
1607002349.466958761
1607002349.566940069
1607002349.666975021
1607002349.766979218
1607002349.866952896
1607002349.966952085
1607002350.066950083
1607002350.166919947
1607002350.266937733
1607002350.366950035
1607002350.466927767
1607002350.566951990
1607002350.666933537
1607002350.766912937
1607002350.866930485
1607002350.966955185
1607002351.066937447
1607002351.166956425
1607002351.266930342
1607002351.366918802
1607002351.466933012
1607002351.566955566
1607002351.666951180
1607002351.766982079
1607002351.866953611
1607002351.966945648
1607002352.066969395
1607002352.166978121
1607002352.266961336
1607002352.366979599
1607002352.466956615
1607002352.566915512
1607002352.666943789
1607002352.766948223
1607002352.866930008
1607002352.966950178
1607002353.066926956
1607002353.166918755
1607002353.266941071
1607002353.366947651
1607002353.466929197
1607002353.566950798
1607002353.666931391
1607002353.766914368
1607002353.866929770
1607002353.966949463
1607002354.066933393
1607002354.166947603
1607002354.266928196
1607002354.366945744
1607002354.466960669
1607002354.566987753
1607002354.666960478
1607002354.766970873
1607002354.866967678
1607002354.966948748
1607002355.066963434
1607002355.166949511
1607002355.266932487
1607002355.366954565
1607002355.466928244
1607002355.566917658
1607002355.666952372
1607002355.766946316
1607002355.866931200
1607002355.966944218
1607002356.066982508
1607002356.166919231
1607002356.266937017
1607002356.366946220
1607002356.466929197
1607002356.566952229
1607002356.666927576
1607002356.766914845
1607002356.866924286
1607002356.966974974
1607002357.066965103
1607002357.166971684
1607002357.266980886
1607002357.366945505
1607002357.466964245
1607002357.566981077
1607002357.666941166
1607002357.766943693
1607002357.866929293
1607002357.966920853
1607002358.066940308
1607002358.166948318
1607002358.266929865
1607002358.366949797
1607002358.466946363
1607002358.566911459
1607002358.666940212
1607002358.766985893
1607002358.866933107
1607002358.967056036
1607002359.066934586
1607002359.166920424
1607002359.266933918
1607002359.366948605
1607002359.466934204
1607002359.566980839
1607002359.666978598
1607002359.766941309
1607002359.866962433
1607002359.966978073
1607002360.066972256
1607002360.166974545
1607002360.266939402
1607002360.366919518
1607002360.466903448
1607002360.566957474
1607002360.666936636
1607002360.766949415
1607002360.866930008
1607002360.966920853
1607002361.066942692
1607002361.166945934
1607002361.266933918
1607002361.366947889
1607002361.466943264
1607002361.566914082
1607002361.666940928
1607002361.766949177
1607002361.866926908
1607002361.966947556
1607002362.066961527
1607002362.166945934
1607002362.266965628
1607002362.366978407
1607002362.466960907
1607002362.566980600
1607002362.666960716
1607002362.766942024
1607002362.866933107
1607002362.966947794
1607002363.066937923
1607002363.166948795
1607002363.266933680
1607002363.366919518
1607002363.466933727
1607002363.566957712
1607002363.666944981
1607002363.766952753
1607002363.866932869
1607002363.966920376
1607002364.066990137
1607002364.166945934
1607002364.266932249
1607002364.366947651
1607002364.466927290
1607002364.566913366
1607002364.666970491
1607002364.766971111
1607002364.866961479
1607002364.966976881
1607002365.066966295
1607002365.166946650
1607002365.266970634
1607002365.366971016
1607002365.466938019
1607002365.567109346
1607002365.666939020
1607002365.766911983
1607002365.866929770
1607002365.966943741
1607002366.066938877
1607002366.166949272
1607002366.266932964
1607002366.366919518
1607002366.466931820
1607002366.566954136
1607002366.666927099
1607002366.766947269
1607002366.866930246
1607002366.966918468
1607002367.066946745
1607002367.166942358
1607002367.266956568
1607002367.366974354
1607002367.466972589
1607002367.566976309
1607002367.666977644
1607002367.766975880
1607002367.866963625
1607002367.966971397
1607002368.066934824
1607002368.166918755
1607002368.266930819
1607002368.366950750
1607002368.466933489
1607002368.566947699
1607002368.666930676
1607002368.766909122
1607002368.866935015
1607002368.966951609
1607002369.066936255
1607002369.166952133
1607002369.266931295
1607002369.366919994
1607002369.466939926
1607002369.566952467
1607002369.666930437
1607002369.766937733
1607002369.866957664
1607002369.966946840
1607002370.066977024
1607002370.166973352
1607002370.266962528
1607002370.366980314
1607002370.466958046
1607002370.566933393
1607002370.666944742
1607002370.766954899
1607002370.866937876
1607002370.966949701
1607002371.066940308
1607002371.166908741
1607002371.266934156
1607002371.366947174
1607002371.466932535
1607002371.566949368
1607002371.666946173
1607002371.766914129
1607002371.866966963
1607002371.966949463
1607002372.066937685
1607002372.166947603
1607002372.266929865
1607002372.366916656
1607002372.466902494
1607002372.566987276
1607002372.666962862
1607002372.766979694
1607002372.866963148
1607002372.966951370
1607002373.066976070
1607002373.166966200
1607002373.266933203
1607002373.366975546
1607002373.466925621
1607002373.566912413
1607002373.666939735
1607002373.766941071
1607002373.866929770
1607002373.966954947
1607002374.066935778
1607002374.166917801
1607002374.266933441
1607002374.366951704
1607002374.466931820
1607002374.566951036
1607002374.666930199
1607002374.766914368
1607002374.866931200
1607002374.966966629
1607002375.066967249
1607002375.166981697
1607002375.266960382
1607002375.366949081
1607002375.466965914
1607002375.566977262
1607002375.666978836
1607002375.766963243
1607002375.866935015
1607002375.966919661
1607002376.066949606
1607002376.166945457
1607002376.266930103
1607002376.366984844
1607002376.466931343
1607002376.566909313
1607002376.666941166
1607002376.766947985
1607002376.866938114
1607002376.966951609
1607002377.066934109
1607002377.166919947
1607002377.266933203
1607002377.366943836
1607002377.466935873
1607002377.567014217
1607002377.666975498
1607002377.766942739
1607002377.866958618
1607002377.967001438
1607002378.067004204
1607002378.166988850
1607002378.266961575
1607002378.366935968
1607002378.466938734
1607002378.566952467
1607002378.666931629
1607002378.766948938
1607002378.866931915
1607002378.967059135
1607002379.066941261
1607002379.166950703
1607002379.266930580
1607002379.366954803
1607002379.466929197
1607002379.566913128
1607002379.666933537
1607002379.766947031
1607002379.866932392
1607002379.966948748
1607002380.066919327
1607002380.166915417
1607002380.266967297
1607002380.366975784
1607002380.466935158
1607002380.566970587
1607002380.666974306
1607002380.766944885
1607002380.866959572
1607002380.966962099
1607002381.066937447
1607002381.166949272
1607002381.266932726
1607002381.366918087
1607002381.466937065
1607002381.566957474
1607002381.666933537
1607002381.766951799
1607002381.866929770
1607002381.966917992
1607002382.066948891
1607002382.166955471
1607002382.266939640
1607002382.366955757
1607002382.466962337
1607002382.566915274
1607002382.666944742
1607002382.766979218
1607002382.866988659
1607002382.966983080
1607002383.066966772
1607002383.166948080
1607002383.266970396
1607002383.366978645
1607002383.466967583
1607002383.566965103
1607002383.666949511
1607002383.766913414
1607002383.866935968
1607002383.966951609
1607002384.066978693
1607002384.166949034
1607002384.266941071
1607002384.366919756
1607002384.466902256
1607002384.566962004
1607002384.666937351
1607002384.766953468
1607002384.866949558
1607002384.966918230
1607002385.066947222
1607002385.166949272
1607002385.266931295
1607002385.366981983
1607002385.466963530
1607002385.566940784
1607002385.666975498
1607002385.766986609
1607002385.866967201
1607002385.966983795
1607002386.066965818
1607002386.166927576
1607002386.266940117
1607002386.366975546
1607002386.466930628
1607002386.566937685
1607002386.666935921
1607002386.766909838
1607002386.866931915
1607002386.966955185
1607002387.066935778
1607002387.166951418
1607002387.266930342
1607002387.366914988
1607002387.466937065
1607002387.566952944
1607002387.666950226
1607002387.766957283
1607002387.866931677
1607002387.966974735
1607002388.066976309
1607002388.166981459
1607002388.266962767
1607002388.366983414
1607002388.466959715
1607002388.566941500
1607002388.666980982
1607002388.766960144
1607002388.866933823
1607002388.966948032
1607002389.066936255
1607002389.166915894
1607002389.266935110
1607002389.366954327
1607002389.466930628
1607002389.566950321
1607002389.666930914
1607002389.766913652
1607002389.866937160
1607002389.966953993
1607002390.066943884
1607002390.166952610
1607002390.266932964
1607002390.366917372
1607002390.466939688
1607002390.566976309
1607002390.666948795
1607002390.766988993
1607002390.866938353
1607002390.966927528
1607002391.066953182
1607002391.166960239
1607002391.266941071
1607002391.366950274
1607002391.466932297
1607002391.566920042
1607002391.666983604
1607002391.766983271
1607002391.866967201
1607002391.966983318
1607002392.066970587
1607002392.166945934
1607002392.266961575
1607002392.366969585
1607002392.466932774
1607002392.566962004
1607002392.666932344
1607002392.766915798
1607002392.866975307
1607002392.966954708
1607002393.066939116
1607002393.166950703
1607002393.266933441
1607002393.366915464
1607002393.466935396
1607002393.566958666
1607002393.666962862
1607002393.766950130
1607002393.866936684
1607002393.966915846
1607002394.066947937
1607002394.166948318
1607002394.266935110
1607002394.366953850
1607002394.466959953
1607002394.566919327
1607002394.666943312
1607002394.766947269
1607002394.866942167
1607002394.966951370
1607002395.066940784
1607002395.166918039
1607002395.266963720
1607002395.366983652
1607002395.466961861
1607002395.566985846
1607002395.666982412
1607002395.766944170
1607002395.866966248
1607002395.966980219
1607002396.066966295
1607002396.166971445
1607002396.266934395
1607002396.366919041
1607002396.466902018
1607002396.566956758
1607002396.666936636
1607002396.766954184
1607002396.866957188
1607002396.966917992
1607002397.066944122
1607002397.166948318
1607002397.266933441
1607002397.366981030
1607002397.466934681
1607002397.566915989
1607002397.666940928
1607002397.766955137
1607002397.866938114
1607002397.966978788
1607002398.066966772
1607002398.166943789
1607002398.266969681
1607002398.366979122
1607002398.466959000
1607002398.566977024
1607002398.666964531
1607002398.766930342
1607002398.866931915
1607002398.966951609
1607002399.066941500
1607002399.166951180
1607002399.266932487
1607002399.366918087
1607002399.466936588
1607002399.566960096
1607002399.666948795
1607002399.766949177
1607002399.866935968
1607002399.966921806
1607002400.066955566
1607002400.166944981
1607002400.266932726
