1607001150.250747681
1607001150.350852966
1607001150.450968504
1607001150.551066637
1607001150.651169062
1607001150.751267672
1607001150.851370573
1607001150.951464415
1607001151.051553965
1607001151.151693344
1607001151.251781702
1607001151.351875305
1607001151.451972961
1607001151.552065611
1607001151.652156591
1607001151.752248287
1607001151.852339745
1607001151.952432394
1607001152.052528620
1607001152.152621984
1607001152.252713203
1607001152.352804661
1607001152.452898979
1607001152.552997828
1607001152.653096676
1607001152.753188372
1607001152.853279352
1607001152.953370333
1607001153.053461075
1607001153.153553009
1607001153.253648758
1607001153.353740931
1607001153.453831434
1607001153.553921700
1607001153.654011488
1607001153.754119158
1607001153.854215622
1607001153.954312563
1607001154.054563761
1607001154.154655218
1607001154.254745960
1607001154.354838610
1607001154.454933643
1607001154.555025816
1607001154.655116558
1607001154.755206823
1607001154.855297565
1607001154.955390453
1607001155.055485964
1607001155.155578136
1607001155.255669117
1607001155.355891705
1607001155.455982685
1607001155.556081533
1607001155.656189680
1607001155.756283522
1607001155.856375694
1607001155.956466675
1607001156.056580544
1607001156.156674385
1607001156.256770611
1607001156.356864929
1607001156.456955671
1607001156.557063341
1607001156.657157183
1607001156.757248163
1607001156.857338667
1607001156.957428932
1607001157.057519436
1607001157.157609701
1607001157.257699728
1607001157.357790947
1607001157.457881689
1607001157.557971716
1607001157.658061266
1607001157.758151293
1607001157.858247757
1607001157.958336830
1607001158.058426142
1607001158.158517122
1607001158.258607149
1607001158.358696461
1607001158.458785534
1607001158.558876038
1607001158.658970118
1607001158.759060383
1607001158.859151125
1607001158.959242105
1607001159.059332371
1607001159.159421921
1607001159.259511232
1607001159.359600306
1607001159.459689379
1607001159.559780836
1607001159.659871817
1607001159.759962559
1607001159.860053062
1607001159.960142136
1607001160.060230732
1607001160.160319567
1607001160.260408640
1607001160.360496998
1607001160.460623264
1607001160.560745955
1607001160.660835743
1607001160.760924578
1607001160.861013651
1607001160.961102009
1607001161.061190367
1607001161.161278963
1607001161.261367559
1607001161.361457825
1607001161.461546659
1607001161.561637878
1607001161.661731243
1607001161.761820555
1607001161.861910343
1607001161.961998224
1607001162.062086344
1607001162.162176132
1607001162.262251377
1607001162.362400532
1607001162.462488174
1607001162.562579632
1607001162.662673950
1607001162.762763739
1607001162.862854242
1607001162.962944031
1607001163.063033342
1607001163.163174152
1607001163.263262749
1607001163.363352060
1607001163.463440895
1607001163.563530445
1607001163.663619518
1607001163.763710260
1607001163.863800049
1607001163.963889122
1607001164.063978195
1607001164.164067984
1607001164.264157772
1607001164.364247084
1607001164.464335918
1607001164.564425945
1607001164.664518833
1607001164.764726877
1607001164.864816904
1607001164.964905977
1607001165.064995527
1607001165.165084600
1607001165.265174150
1607001165.365264416
1607001165.465353727
1607001165.565442801
1607001165.665530920
1607001165.765619040
1607001165.865708590
1607001165.965797901
1607001166.065886974
1607001166.165977001
1607001166.266066790
1607001166.366156340
1607001166.466248989
1607001166.566338062
1607001166.666427612
1607001166.766517162
1607001166.866606712
1607001166.966696739
1607001167.066786766
1607001167.166876078
1607001167.266964912
1607001167.367054224
1607001167.467143059
1607001167.567232609
1607001167.667324066
1607001167.767418623
1607001167.867508888
1607001167.967597723
1607001168.067686796
1607001168.167776346
1607001168.267865419
1607001168.367954731
1607001168.468043804
1607001168.568138123
1607001168.668234825
1607001168.768325090
1607001168.868415356
1607001168.968504667
1607001169.068593264
1607001169.168682337
1607001169.268771410
1607001169.368861675
1607001169.468950987
1607001169.569183588
1607001169.669273138
1607001169.769361973
1607001169.869451761
1607001169.969541550
1607001170.069631100
1607001170.169721127
1607001170.269810677
1607001170.369899988
1607001170.469988108
1607001170.570076704
1607001170.670167685
1607001170.770251989
1607001170.870341778
1607001170.970431566
1607001171.070521355
1607001171.170610428
1607001171.270698786
1607001171.370787144
1607001171.470875740
1607001171.570965528
1607001171.671055079
1607001171.771143913
1607001171.871231556
1607001171.971317053
1607001172.071404219
1607001172.171494007
1607001172.271583557
1607001172.371672630
1607001172.471775770
1607001172.571896791
1607001172.671987057
1607001172.772076130
1607001172.872164965
1607001172.972254276
1607001173.072343111
1607001173.172432661
1607001173.272521496
1607001173.372610092
1607001173.472698450
1607001173.572787523
1607001173.672888279
1607001173.772982121
1607001173.873070717
1607001173.973156452
1607001174.073243856
1607001174.173333406
1607001174.273422480
1607001174.373511791
1607001174.473601341
1607001174.573693514
1607001174.673788786
1607001174.773878336
1607001174.873968363
1607001174.974057674
1607001175.074146986
1607001175.174235582
1607001175.274330139
1607001175.374419212
1607001175.474508762
1607001175.574761868
1607001175.674851656
1607001175.774940968
1607001175.875030279
1607001175.975118876
1607001176.075208187
1607001176.175297976
1607001176.275387526
1607001176.375476360
1607001176.475565434
1607001176.575655222
1607001176.675745010
1607001176.775836706
1607001176.875929832
1607001176.976019144
1607001177.076108217
1607001177.176197290
1607001177.276286840
1607001177.376375675
1607001177.476464748
1607001177.576553822
1607001177.676642895
1607001177.776731968
1607001177.876821518
1607001177.976910591
1607001178.076999664
1607001178.177089214
1607001178.277178764
1607001178.377267838
1607001178.477356911
1607001178.577445507
1607001178.677534342
1607001178.777622700
1607001178.877712011
1607001178.977801561
1607001179.077891350
1607001179.177980423
1607001179.278069496
1607001179.378158331
1607001179.478249788
1607001179.578339338
1607001179.678430080
1607001179.778523445
1607001179.878613234
1607001179.978702784
1607001180.078796864
1607001180.178897142
1607001180.278988123
1607001180.379077435
1607001180.479181290
1607001180.579309225
1607001180.679412842
1607001180.779504061
1607001180.879593849
1607001180.979683161
1607001181.079771757
1607001181.179860592
1607001181.279948950
1607001181.380038977
1607001181.480127811
1607001181.580216885
1607001181.680305481
1607001181.780394316
1607001181.880483627
1607001181.980572939
1607001182.080662489
1607001182.180752516
1607001182.280842066
1607001182.380930901
1607001182.481019735
1607001182.581108332
1607001182.681197643
1607001182.781290054
1607001182.881393671
1607001182.981483459
1607001183.081573248
1607001183.181662560
1607001183.281751156
1607001183.381838560
1607001183.481926203
1607001183.582015038
1607001183.682104349
1607001183.782193422
1607001183.882251740
1607001183.982340097
1607001184.082428694
1607001184.182517290
1607001184.282606602
1607001184.382695436
1607001184.482798815
1607001184.582922459
1607001184.683013201
1607001184.783102512
1607001184.883191824
1607001184.983280659
1607001185.083369255
1607001185.183458328
1607001185.283547640
1607001185.383637190
1607001185.483725786
1607001185.583815813
1607001185.683904648
1607001185.783994198
1607001185.884085178
1607001185.984179020
1607001186.084268808
1607001186.184358835
1607001186.284448147
1607001186.384536982
1607001186.484626055
1607001186.584776878
1607001186.685037136
1607001186.785125971
1607001186.885215759
1607001186.985305548
1607001187.085394859
1607001187.185483694
1607001187.285572290
1607001187.385661364
1607001187.485750198
1607001187.585839033
1607001187.685928345
1607001187.786017418
1607001187.886106730
1607001187.986196041
1607001188.086251497
1607001188.186495066
1607001188.286583900
1607001188.386672974
1607001188.486762047
1607001188.586851358
1607001188.686940432
1607001188.787030458
1607001188.887126684
1607001188.987225533
1607001189.087314129
1607001189.187402725
1607001189.287582874
1607001189.387672186
1607001189.487760544
1607001189.587849379
1607001189.687938452
1607001189.788027763
1607001189.888116837
1607001189.988205671
1607001190.088294744
1607001190.188384771
1607001190.288474083
1607001190.388562918
1607001190.488651752
1607001190.588741064
1607001190.688829660
1607001190.788918018
1607001190.889007568
1607001190.989097357
1607001191.089186668
1607001191.189275265
1607001191.289364338
1607001191.389453411
1607001191.489542723
1607001191.589631796
1607001191.689720869
1607001191.789809942
1607001191.889901161
1607001191.989996195
1607001192.090085506
1607001192.190174580
1607001192.290251493
1607001192.390340090
1607001192.490429401
1607001192.590521336
1607001192.690617323
1607001192.790706873
1607001192.890796423
1607001192.990884781
1607001193.090973139
1607001193.191061497
1607001193.291150570
1607001193.391240120
1607001193.491328955
1607001193.591417789
1607001193.691506386
1607001193.791678905
1607001193.891768456
1607001193.991857290
1607001194.091946602
1607001194.192036390
1607001194.292125702
1607001194.392214537
1607001194.492303371
1607001194.592391968
1607001194.692480564
1607001194.792569160
1607001194.892658472
1607001194.992749691
1607001195.092841864
1607001195.192931175
1607001195.293020248
1607001195.393108845
1607001195.493196964
1607001195.593286514
1607001195.693375349
1607001195.793464422
1607001195.893554211
1607001195.993642807
1607001196.093731642
1607001196.193819284
1607001196.293907166
1607001196.394009829
1607001196.494127512
1607001196.594233036
1607001196.694326639
1607001196.794415236
1607001196.894504070
1607001196.994592667
1607001197.094681978
1607001197.194770813
1607001197.294859409
1607001197.394948959
1607001197.495038271
1607001197.595190287
1607001197.695277929
1607001197.795366287
1607001197.895454884
1607001197.995544672
1607001198.095636845
1607001198.195726156
1607001198.295814753
1607001198.395901918
1607001198.495990038
1607001198.596082211
1607001198.696177483
1607001198.796266794
1607001198.896356106
1607001198.996445656
1607001199.096534491
1607001199.196622610
1607001199.296710730
1607001199.396798372
1607001199.496885777
1607001199.596974611
1607001199.697062492
1607001199.797151327
1607001199.897240639
1607001199.997328758
1607001200.097416878
1607001200.197507381
1607001200.297596455
1607001200.397685528
1607001200.497774363
1607001200.597862959
1607001200.697950125
1607001200.798036814
1607001200.898124695
1607001200.998215914
1607001201.098313570
1607001201.198401690
1607001201.298489571
1607001201.398577690
1607001201.498665333
1607001201.598753452
1607001201.698842764
1607001201.798931837
1607001201.899021387
1607001201.999109268
1607001202.099197149
1607001202.199286222
1607001202.299375772
1607001202.399465084
1607001202.499553919
1607001202.599643230
1607001202.699732542
1607001202.799821377
1607001202.899910212
1607001202.999997854
1607001203.100085974
1607001203.200173855
1607001203.300262451
1607001203.400352001
1607001203.500441074
1607001203.600529909
1607001203.700618267
1607001203.800707102
1607001203.900796413
1607001204.000886202
1607001204.100978851
1607001204.201068640
1607001204.301157475
1607001204.401245594
1607001204.501333475
1607001204.601423264
1607001204.701516390
1607001204.801605225
1607001204.901695013
1607001205.001784325
1607001205.101873398
1607001205.201961279
1607001205.302049160
1607001205.402137041
1607001205.502224684
1607001205.602316141
1607001205.702405930
1607001205.802494764
1607001205.902583361
1607001206.002671003
1607001206.102759123
1607001206.202847242
1607001206.302935123
1607001206.403022766
1607001206.503111362
1607001206.603199959
1607001206.703288555
1607001206.803377390
1607001206.903466940
1607001207.003556490
1607001207.103647709
1607001207.203741312
1607001207.303831100
1607001207.403920412
1607001207.504008770
1607001207.604098082
1607001207.704187632
1607001207.804277182
1607001207.904413462
1607001208.004503012
1607001208.104592800
1607001208.204681635
1607001208.304770708
1607001208.404875755
1607001208.504997969
1607001208.605089188
1607001208.705216169
1607001208.805305958
1607001208.905395031
1607001209.005484581
1607001209.105574131
1607001209.205663443
1607001209.305753231
1607001209.405842781
1607001209.505932331
1607001209.606020927
1607001209.706109762
1607001209.806198597
1607001209.906250238
1607001210.006339788
1607001210.106433868
1607001210.206524372
1607001210.306613922
1607001210.406703711
1607001210.506793499
1607001210.606883526
1607001210.706974745
1607001210.807195663
1607001210.907285452
1607001211.007375002
1607001211.107464075
1607001211.207553387
1607001211.307642460
1607001211.407732248
1607001211.507821798
1607001211.607910633
1607001211.708000183
1607001211.808090210
1607001211.908179522
1607001212.008268833
1607001212.108359814
1607001212.208449602
1607001212.308539152
1607001212.408628464
1607001212.508718252
1607001212.608807325
1607001212.708896399
1607001212.808984280
1607001212.909073830
1607001213.009163380
1607001213.109254599
1607001213.209348679
1607001213.309438467
1607001213.409528017
1607001213.509647131
1607001213.609735727
1607001213.709824800
1607001213.809914112
1607001213.910003901
1607001214.010092735
1607001214.110182047
1607001214.210251570
1607001214.310340166
1607001214.410429239
1607001214.510518789
1607001214.610608339
1607001214.710697412
1607001214.810786486
1607001214.910875797
1607001215.010993242
1607001215.111082792
1607001215.211171865
1607001215.311261654
1607001215.411350965
1607001215.511440277
1607001215.611528873
1607001215.711617947
1607001215.811723709
1607001215.911819696
1607001216.011908770
1607001216.111998320
1607001216.212089539
1607001216.312183857
1607001216.412272930
1607001216.512362957
1607001216.612527609
1607001216.712616444
1607001216.812705278
1607001216.912794590
1607001217.012884140
1607001217.112973690
1607001217.213062525
1607001217.313151598
1607001217.413240671
1607001217.513329268
1607001217.613418579
1607001217.713507652
1607001217.813596964
1607001217.913686514
1607001218.013775826
1607001218.113869429
1607001218.213959217
1607001218.314048529
1607001218.414138079
1607001218.514227390
1607001218.614319563
1607001218.714511871
1607001218.814601183
1607001218.914689779
1607001219.014779329
1607001219.114877224
1607001219.214969873
1607001219.315059662
1607001219.415148973
1607001219.515238047
1607001219.615327597
1607001219.715416908
1607001219.815506458
1607001219.915596008
1607001220.015686035
1607001220.115775585
1607001220.215865374
1607001220.315954208
1607001220.416043520
1607001220.516133785
1607001220.616224051
1607001220.716313839
1607001220.816402912
1607001220.916492701
1607001221.016582727
1607001221.116672277
1607001221.216761827
1607001221.316851616
1607001221.416940928
1607001221.517030001
1607001221.617118597
1607001221.717208147
1607001221.817297935
1607001221.917387486
1607001222.017476797
1607001222.117566347
1607001222.217657328
1607001222.317750931
1607001222.417840481
1607001222.517929316
1607001222.618018627
1607001222.718107700
1607001222.818196535
1607001222.918252945
1607001223.018341064
1607001223.118430614
1607001223.218519449
1607001223.318608761
1607001223.418698549
1607001223.518787861
1607001223.618876934
1607001223.718966007
1607001223.819054365
1607001223.919143677
1607001224.019232512
1607001224.119322062
1607001224.219488382
1607001224.319576979
1607001224.419666290
1607001224.519755125
1607001224.619843721
1607001224.719933033
1607001224.820023060
1607001224.920112371
1607001225.020201683
1607001225.120290518
1607001225.220382452
1607001225.320476294
1607001225.420566082
1607001225.520655632
1607001225.620744705
1607001225.720834255
1607001225.820923805
1607001225.921013355
1607001226.021102905
1607001226.121192217
1607001226.221281767
1607001226.321371317
1607001226.421460867
1607001226.521550417
1607001226.621639967
1607001226.721729517
1607001226.821818829
1607001226.921907663
1607001227.021996975
1607001227.122086763
1607001227.222176075
1607001227.322251320
1607001227.422340870
1607001227.522429943
1607001227.622519016
1607001227.722608089
1607001227.822697163
1607001227.922786713
1607001228.022876024
1607001228.122965336
1607001228.223056555
1607001228.323148966
1607001228.423240423
1607001228.523329496
1607001228.623418570
1607001228.723508358
1607001228.823598385
1607001228.923687458
1607001229.023777008
1607001229.123866320
1607001229.223955870
1607001229.324044704
1607001229.424134493
1607001229.524224281
1607001229.624313354
1607001229.724402189
1607001229.824491024
1607001229.924580812
1607001230.024670362
1607001230.124760628
1607001230.224850178
1607001230.324939966
1607001230.425029993
1607001230.525277853
1607001230.625366449
1607001230.725455523
1607001230.825544834
1607001230.925633907
1607001231.025722980
1607001231.125812531
1607001231.225902319
1607001231.325992823
1607001231.426084995
1607001231.526175022
1607001231.626251698
1607001231.726340771
1607001231.826432467
1607001231.926523447
1607001232.026704311
1607001232.126793861
1607001232.226883888
1607001232.326973677
1607001232.427063227
1607001232.527152061
1607001232.627241135
1607001232.727330685
1607001232.827420235
1607001232.927509546
1607001233.027598619
1607001233.127688169
1607001233.227777481
1607001233.327866554
1607001233.427956104
1607001233.528045654
1607001233.628134251
1607001233.728223562
1607001233.828312397
1607001233.928401947
1607001234.028491259
1607001234.128580332
1607001234.228670120
1607001234.328761339
1607001234.428854465
1607001234.528943777
1607001234.629033327
1607001234.729122877
1607001234.829212427
1607001234.929301500
1607001235.029391050
1607001235.129480600
1607001235.229678631
1607001235.329767942
1607001235.429857254
1607001235.529946804
1607001235.630036354
1607001235.730125189
1607001235.830214024
1607001235.930308104
1607001236.030397415
1607001236.130486727
1607001236.230575800
1607001236.330665588
1607001236.430755138
1607001236.530844450
1607001236.630933046
1607001236.731022358
1607001236.831111908
1607001236.931204557
1607001237.031293869
1607001237.131383181
1607001237.231472492
1607001237.331573248
1607001237.431665897
1607001237.531756163
1607001237.631844997
1607001237.731933832
1607001237.832022429
1607001237.932111979
1607001238.032201290
1607001238.132290840
1607001238.232380629
1607001238.332469940
1607001238.432559729
1607001238.532791853
1607001238.632881403
1607001238.732970476
1607001238.833059311
1607001238.933148623
1607001239.033237934
1607001239.133327484
1607001239.233436584
1607001239.333526373
1607001239.433616400
1607001239.533705950
1607001239.633794546
1607001239.733883619
1607001239.833972454
1607001239.934062719
1607001240.034158230
1607001240.134252548
1607001240.234343529
1607001240.334434271
1607001240.434527397
1607001240.534630537
1607001240.634755135
1607001240.734849453
1607001240.834939957
1607001240.935029507
1607001241.035118103
1607001241.135208130
1607001241.235297680
1607001241.335386515
1607001241.435476303
1607001241.535566092
1607001241.635655880
1607001241.735744953
1607001241.835833788
1607001241.935923815
1607001242.036012888
1607001242.136102438
1607001242.236191988
1607001242.336281538
1607001242.436370850
1607001242.536459923
1607001242.636548519
1607001242.736638069
1607001242.836727381
1607001242.936816692
1607001243.036906004
1607001243.136995316
1607001243.237084627
1607001243.337173700
1607001243.437265158
1607001243.537359238
1607001243.637449026
1607001243.737539053
1607001243.837628841
1607001243.937718868
1607001244.037808180
1607001244.137897491
1607001244.237987041
1607001244.338076591
1607001244.438165903
1607001244.538251400
1607001244.638340950
1607001244.738430262
1607001244.838519335
1607001244.938608646
1607001245.038697481
1607001245.138787746
1607001245.238877058
1607001245.338980436
1607001245.439069748
1607001245.539159060
1607001245.639247417
1607001245.739336491
1607001245.839425325
1607001245.939514637
1607001246.039604425
1607001246.139693499
1607001246.239783287
1607001246.339872599
1607001246.439962626
1607001246.540057898
1607001246.640157938
1607001246.740248919
1607001246.840338707
1607001246.940428734
1607001247.040518522
1607001247.140608072
1607001247.240697145
1607001247.340786457
1607001247.440876245
1607001247.540965557
1607001247.641055107
1607001247.741144419
1607001247.841233253
1607001247.941323042
1607001248.041413307
1607001248.141503096
1607001248.241592884
1607001248.341682673
1607001248.441771984
1607001248.541861057
1607001248.641989946
1607001248.742116690
1607001248.842211246
1607001248.942306757
1607001249.042397499
1607001249.142487526
1607001249.242577314
1607001249.342667580
1607001249.442759752
1607001249.542854309
1607001249.642950296
1607001249.743040085
1607001249.843129873
1607001249.943219900
1607001250.043310165
1607001250.143399715
1607001250.243575335
