1607002090.261311531
1607002090.361716270
1607002090.462001562
1607002090.562301159
1607002090.662727356
1607002090.762937069
1607002090.863228798
1607002090.963430643
1607002091.063666344
1607002091.163951635
1607002091.264250040
1607002091.364461899
1607002091.464643717
1607002091.564915895
1607002091.665121317
1607002091.765416384
1607002091.865721226
1607002091.966028929
1607002092.066228151
1607002092.166512489
1607002092.266974926
1607002092.367399693
1607002092.467584372
1607002092.567789078
1607002092.667990685
1607002092.768297195
1607002092.868503571
1607002092.968773842
1607002093.068961382
1607002093.169254541
1607002093.269555569
1607002093.369759321
1607002093.469992161
1607002093.570170164
1607002093.670433760
1607002093.770708561
1607002093.871010065
1607002093.971212149
1607002094.071501255
1607002094.171706676
1607002094.271916389
1607002094.372103930
1607002094.472383976
1607002094.572653532
1607002094.672854424
1607002094.773092508
1607002094.873382807
1607002094.973567247
1607002095.073748112
1607002095.174027920
1607002095.274303675
1607002095.374565840
1607002095.474750280
1607002095.575008392
1607002095.675290346
1607002095.775497913
1607002095.875708818
1607002095.975970507
1607002096.076177597
1607002096.176380157
1607002096.276674509
1607002096.376972437
1607002096.477176189
1607002096.577433825
1607002096.677632570
1607002096.777909040
1607002096.878123045
1607002096.978307486
1607002097.078603029
1607002097.178878069
1607002097.279088020
1607002097.379297972
1607002097.479475498
1607002097.579742432
1607002097.679964781
1607002097.780242205
1607002097.880543709
1607002097.980748892
1607002098.081034184
1607002098.181243658
1607002098.281533241
1607002098.381704807
1607002098.481883049
1607002098.582184076
1607002098.682466507
1607002098.782739878
1607002098.883193731
1607002098.983376265
1607002099.083555222
1607002099.183829069
1607002099.284041643
1607002099.384314775
1607002099.484585285
1607002099.584774971
1607002099.685028315
1607002099.785234451
1607002099.885528803
1607002099.985734463
1607002100.086014271
1607002100.186257124
1607002100.286467075
1607002100.386727333
1607002100.487181902
1607002100.587365389
1607002100.687551975
1607002100.787742376
1607002100.887936115
1607002100.988103151
1607002101.088265896
1607002101.188460588
1607002101.288820982
1607002101.389328241
1607002101.489494085
1607002101.589658976
1607002101.689824820
1607002101.790018320
1607002101.890215635
1607002101.990390062
1607002102.090555668
1607002102.190769911
1607002102.290964603
1607002102.391159296
1607002102.491374731
1607002102.591598034
1607002102.691788197
1607002102.792020798
1607002102.892561436
1607002102.992780924
1607002103.092977524
1607002103.193197489
1607002103.293409824
1607002103.393625259
1607002103.493849039
1607002103.594039440
1607002103.694253683
1607002103.794466496
1607002103.894674063
1607002103.994861364
1607002104.095051289
1607002104.195267677
1607002104.295485973
1607002104.395684958
1607002104.495876789
1607002104.596090317
1607002104.696302891
1607002104.796516657
1607002104.896734476
1607002104.996974945
1607002105.097185612
1607002105.197406054
1607002105.297622681
1607002105.397853851
1607002105.498071909
1607002105.598323822
1607002105.698747873
1607002105.798941851
1607002105.899177074
1607002105.999397516
1607002106.099617004
1607002106.199820280
1607002106.300017118
1607002106.400177002
1607002106.500396967
1607002106.600724220
1607002106.700946569
1607002106.801200390
1607002106.901451588
1607002107.001690626
1607002107.101945400
1607002107.202231884
1607002107.302471161
1607002107.402691841
1607002107.502909660
1607002107.603159666
1607002107.703396320
1607002107.803627491
1607002107.903859854
1607002108.004102945
1607002108.104357481
1607002108.204592943
1607002108.304817915
1607002108.405015945
1607002108.505208254
1607002108.605426311
1607002108.705632210
1607002108.805876970
1607002108.906113148
1607002109.006294966
1607002109.106464148
1607002109.206622839
1607002109.306830883
1607002109.407065630
1607002109.507348776
1607002109.607611895
1607002109.707834482
1607002109.808049917
1607002109.908269644
1607002110.008510828
1607002110.108725309
1607002110.208911180
1607002110.309070587
1607002110.409253359
1607002110.509445190
1607002110.609662056
1607002110.709891558
1607002110.810100794
1607002110.910296202
1607002111.010496855
1607002111.110717773
1607002111.210913658
1607002111.311077118
1607002111.411264896
1607002111.511506557
1607002111.611723661
1607002111.711938381
1607002111.812356472
1607002111.912683249
1607002112.012859106
1607002112.113058329
1607002112.213267803
1607002112.313459158
1607002112.413672686
1607002112.513875246
1607002112.614089489
1607002112.714282990
1607002112.814464092
1607002112.914644957
1607002113.014832258
1607002113.115041018
1607002113.215234756
1607002113.315402269
1607002113.415585995
1607002113.515792608
1607002113.616001844
1607002113.716177225
1607002113.816351175
1607002113.916522264
1607002114.016704798
1607002114.116907835
1607002114.217101097
1607002114.317274570
1607002114.417469025
1607002114.517688274
1607002114.617895126
1607002114.718077183
1607002114.818256855
1607002114.918424129
1607002115.018588781
1607002115.118780613
1607002115.218988180
1607002115.319171190
1607002115.419339657
1607002115.519531727
1607002115.619729519
1607002115.719900608
1607002115.820084333
1607002115.920266390
1607002116.020462036
1607002116.120671034
1607002116.220864296
1607002116.321028233
1607002116.421212435
1607002116.521418571
1607002116.621628523
1607002116.721807957
1607002116.821998119
1607002116.922208786
1607002117.022438765
1607002117.122659206
1607002117.222883463
1607002117.323051929
1607002117.423221111
1607002117.523418427
1607002117.623660326
1607002117.723876715
1607002117.824085474
1607002117.924277544
1607002118.024518967
1607002118.124744654
1607002118.224960327
1607002118.325176954
1607002118.425389767
1607002118.525605917
1607002118.625864029
1607002118.726088285
1607002118.826310396
1607002118.926527500
1607002119.026758194
1607002119.126986027
1607002119.227229118
1607002119.327440739
1607002119.427651405
1607002119.527871132
1607002119.628111601
1607002119.728326082
1607002119.828542471
1607002119.928785324
1607002120.029001474
1607002120.129218102
1607002120.229442835
1607002120.329693794
1607002120.429913998
1607002120.530131102
1607002120.630343437
1607002120.730564356
1607002120.830794334
1607002120.931015968
1607002121.031250238
1607002121.131459713
1607002121.231673241
1607002121.331886530
1607002121.432115793
1607002121.532358885
1607002121.632620811
1607002121.733042717
1607002121.833452940
1607002121.933677435
1607002122.033899546
1607002122.134120464
1607002122.234376907
1607002122.334593058
1607002122.434810400
1607002122.535026789
1607002122.635245085
1607002122.735466957
1607002122.835683346
1607002122.935924053
1607002123.036138773
1607002123.136358976
1607002123.236576557
1607002123.336786509
1607002123.437246323
1607002123.537497997
1607002123.637710571
1607002123.737910509
1607002123.838117838
1607002123.938309193
1607002124.038505793
1607002124.138711691
1607002124.238935471
1607002124.339173555
1607002124.439401150
1607002124.539621353
1607002124.639836311
1607002124.740040064
1607002124.840270758
1607002124.940472126
1607002125.040668726
1607002125.140887260
1607002125.241108894
1607002125.341309071
1607002125.441506386
1607002125.541716576
1607002125.641948223
1607002125.742151260
1607002125.842482328
1607002125.942731142
1607002126.042948008
1607002126.143172979
1607002126.243398666
1607002126.343599319
1607002126.443804264
1607002126.544027328
1607002126.644258261
1607002126.744458914
1607002126.844654799
1607002126.944850206
1607002127.045076132
1607002127.145322323
1607002127.245556355
1607002127.345798492
1607002127.446003914
1607002127.546243668
1607002127.646473408
1607002127.746681452
1607002127.846881151
1607002127.947093010
1607002128.047341824
1607002128.147556782
1607002128.247772455
1607002128.348050356
1607002128.448282003
1607002128.548502684
1607002128.648752451
1607002128.748972416
1607002128.849367857
1607002128.949590683
1607002129.049803972
1607002129.150019407
1607002129.250226259
1607002129.350459099
1607002129.450666904
1607002129.550879717
1607002129.651117086
1607002129.751335382
1607002129.851554394
1607002129.951769352
1607002130.052007437
1607002130.152206421
1607002130.252381563
1607002130.352540493
1607002130.452731371
1607002130.553033829
1607002130.653359413
1607002130.753519297
1607002130.853677988
1607002130.953834534
1607002131.053989172
1607002131.154164076
1607002131.254351854
1607002131.354793072
1607002131.455218315
1607002131.555441141
1607002131.655660391
1607002131.755866289
1607002131.856073380
1607002131.956285954
1607002132.056534052
1607002132.156748056
1607002132.256962299
1607002132.357157469
1607002132.457334995
1607002132.557533741
1607002132.657723427
1607002132.757931948
1607002132.858148098
1607002132.958314657
1607002133.058526993
1607002133.158720970
1607002133.258879423
1607002133.359034538
1607002133.459186077
1607002133.559417009
1607002133.659638405
1607002133.759846210
1607002133.860053062
1607002133.960291147
1607002134.060512304
1607002134.160734177
1607002134.260978937
1607002134.361196756
1607002134.461335897
1607002134.561491013
1607002134.661313772
1607002134.761310339
1607002134.861315966
1607002134.961308002
1607002135.061304808
1607002135.161305904
1607002135.261304140
1607002135.361303568
1607002135.461303949
1607002135.561320066
1607002135.661315441
1607002135.761328459
1607002135.861337185
1607002135.961334944
1607002136.061338425
1607002136.161334991
1607002136.261333704
1607002136.361347675
1607002136.461334944
1607002136.561333179
1607002136.661315203
1607002136.761317253
1607002136.861312628
1607002136.961306095
1607002137.061302900
1607002137.161323547
1607002137.261310816
1607002137.361307859
1607002137.461336136
1607002137.561340094
1607002137.661313534
1607002137.761309385
1607002137.861305952
1607002137.961303711
1607002138.061615944
1607002138.161304235
1607002138.261302233
1607002138.361304045
1607002138.461365700
1607002138.561328173
1607002138.661310196
1607002138.761308908
1607002138.861335516
1607002138.961334229
1607002139.061315775
1607002139.161308289
1607002139.261304855
1607002139.361304760
1607002139.461304188
1607002139.561316490
1607002139.661308765
1607002139.761311531
1607002139.861330509
1607002139.961341619
1607002140.061345577
1607002140.161336899
1607002140.261512756
1607002140.361342669
1607002140.461341143
1607002140.561349630
1607002140.661342859
1607002140.761333227
1607002140.861319065
1607002140.961310148
1607002141.061366320
1607002141.161360264
1607002141.261343241
1607002141.361370325
1607002141.461341381
1607002141.561335325
1607002141.661341429
1607002141.761338711
1607002141.861343861
1607002141.961336613
1607002142.061369419
1607002142.161329031
1607002142.261340857
1607002142.361334562
1607002142.461353540
1607002142.561335802
1607002142.661343813
1607002142.761336565
1607002142.861337900
1607002142.961333513
1607002143.061331987
1607002143.161337614
1607002143.261344194
1607002143.361339808
1607002143.461341381
1607002143.561483383
1607002143.661379814
1607002143.761362076
1607002143.861390114
1607002143.961342096
1607002144.061340570
1607002144.161335945
1607002144.261340618
1607002144.361335516
1607002144.461340189
1607002144.561319590
1607002144.661306143
1607002144.761329412
1607002144.861311913
1607002144.961304903
1607002145.061305761
1607002145.161306858
1607002145.261339903
1607002145.361340284
1607002145.461341858
1607002145.561338663
1607002145.661339760
1607002145.761330843
1607002145.861311197
1607002145.961310863
1607002146.061337471
1607002146.161336899
1607002146.261333704
1607002146.361313581
1607002146.461306810
1607002146.561352730
1607002146.661313534
1607002146.761323690
1607002146.861310244
1607002146.961304903
1607002147.061303616
1607002147.161303759
1607002147.261302471
1607002147.361331463
1607002147.461336136
1607002147.561313152
1607002147.661305189
1607002147.761305094
1607002147.861318827
1607002147.961308718
1607002148.061306715
1607002148.161305428
1607002148.261304140
1607002148.361303568
1607002148.461303711
1607002148.561303377
1607002148.661303759
1607002148.761310339
1607002148.861319304
1607002148.961310387
1607002149.061305523
1607002149.161304951
1607002149.261327744
1607002149.361490011
1607002149.461309433
1607002149.561306477
1607002149.661302328
1607002149.761307716
1607002149.861317396
1607002149.961309671
1607002150.061311483
1607002150.161306620
1607002150.261303186
1607002150.361330271
1607002150.461336851
1607002150.561335087
1607002150.661311865
1607002150.761310339
1607002150.861337662
1607002150.961314678
1607002151.061338425
1607002151.161335707
1607002151.261341572
1607002151.361330032
1607002151.461338043
1607002151.561335087
1607002151.661319017
1607002151.761311054
1607002151.861305475
1607002151.961345434
1607002152.061312675
1607002152.161303759
1607002152.261309862
1607002152.361325264
1607002152.461316109
1607002152.561339140
1607002152.661341429
1607002152.761337519
1607002152.861340046
1607002152.961337566
1607002153.061338663
1607002153.161650896
1607002153.261335850
1607002153.361331463
1607002153.461312771
1607002153.561306000
1607002153.661304712
1607002153.761315584
1607002153.861307859
1607002153.961479187
1607002154.061310768
1607002154.161305428
1607002154.261303663
1607002154.361334324
1607002154.461342335
1607002154.561364412
1607002154.661370516
1607002154.761460304
1607002154.861340761
1607002154.961339951
1607002155.061339378
1607002155.161337852
1607002155.261336088
1607002155.361331701
1607002155.461333275
1607002155.561338425
1607002155.661338806
1607002155.761348724
1607002155.861340523
1607002155.961338520
1607002156.061340332
1607002156.161335468
1607002156.261330128
1607002156.361336470
1607002156.461338997
1607002156.561338663
1607002156.661338091
1607002156.761502504
1607002156.861315489
1607002156.961308241
1607002157.061318159
1607002157.161341906
1607002157.261347294
1607002157.361346245
1607002157.461345673
1607002157.561337948
1607002157.661334276
1607002157.761316776
1607002157.861317635
1607002157.961319923
1607002158.061340332
1607002158.161338091
1607002158.261379480
1607002158.361371279
1607002158.461363554
1607002158.561336756
1607002158.661341429
1607002158.761336327
1607002158.861340761
1607002158.961338043
1607002159.061344147
1607002159.161338329
1607002159.261341572
1607002159.361353159
1607002159.461340189
1607002159.561341524
1607002159.661341429
1607002159.761339426
1607002159.861499786
1607002159.961338997
1607002160.061339855
1607002160.161319971
1607002160.261317730
1607002160.361325979
1607002160.461313963
1607002160.561318159
1607002160.661336660
1607002160.761334896
1607002160.861335754
1607002160.961335182
1607002161.061340570
1607002161.161330938
1607002161.261326790
1607002161.361336946
1607002161.461337328
1607002161.561324120
1607002161.661316156
1607002161.761314154
1607002161.861307383
1607002161.961306810
1607002162.061347246
1607002162.161336422
1607002162.261321306
1607002162.361364841
1607002162.461414576
1607002162.561336994
1607002162.661318302
1607002162.761333704
1607002162.861336231
1607002162.961332560
1607002163.061338902
1607002163.161336184
1607002163.261339903
1607002163.361336946
1607002163.461338282
1607002163.561336994
1607002163.661342621
1607002163.761340380
1607002163.861340523
1607002163.961335421
1607002164.061342239
1607002164.161345720
1607002164.261340618
1607002164.361315012
1607002164.461322308
1607002164.561333895
1607002164.661315680
1607002164.761343002
1607002164.861337423
1607002164.961330891
1607002165.061361551
1607002165.161367655
1607002165.261341572
1607002165.361337900
1607002165.461343050
1607002165.561320782
1607002165.661313057
1607002165.761335611
1607002165.861339808
1607002165.961315632
1607002166.061352253
1607002166.161339521
1607002166.261334419
1607002166.361332893
1607002166.461322308
1607002166.561314583
1607002166.661330223
1607002166.761351109
1607002166.861342907
1607002166.961334229
1607002167.061336994
1607002167.161336422
1607002167.261336565
1607002167.361341715
1607002167.461339474
1607002167.561334372
1607002167.661319017
1607002167.761361599
1607002167.861365318
1607002167.961339951
1607002168.061336517
1607002168.161338568
1607002168.261316776
1607002168.361337900
1607002168.461337805
1607002168.561336994
1607002168.661317110
1607002168.761336803
1607002168.861318827
1607002168.961314201
1607002169.061331749
1607002169.161336899
1607002169.261317253
1607002169.361311674
1607002169.461309433
1607002169.561315536
1607002169.661327600
1607002169.761335611
1607002169.861317158
1607002169.961314678
1607002170.061321735
1607002170.161495447
1607002170.261329412
1607002170.361317635
1607002170.461316109
1607002170.561359644
1607002170.661320925
1607002170.761332512
1607002170.861333609
1607002170.961316109
1607002171.061311722
1607002171.161335468
1607002171.261315584
1607002171.361311197
1607002171.461327314
1607002171.561318159
1607002171.661311150
1607002171.761334658
1607002171.861318111
1607002171.961311817
1607002172.061332703
1607002172.161337852
1607002172.261324644
1607002172.361314058
1607002172.461350918
1607002172.561332941
1607002172.661330938
1607002172.761337757
1607002172.861319780
1607002172.961318016
1607002173.061311960
1607002173.161363602
1607002173.261358976
1607002173.361323833
1607002173.461310625
1607002173.561310291
1607002173.661328793
1607002173.761332750
1607002173.861331224
1607002173.961316824
1607002174.061311245
1607002174.161333799
1607002174.261315584
1607002174.361310005
1607002174.461340427
1607002174.561319351
1607002174.661314964
1607002174.761334419
1607002174.861316442
1607002174.961311340
1607002175.061327934
1607002175.161335230
1607002175.261318684
1607002175.361312151
1607002175.461310625
1607002175.561313391
1607002175.661328793
1607002175.761335611
1607002175.861331940
1607002175.961338520
1607002176.061316252
1607002176.161334753
1607002176.261329651
1607002176.361315966
1607002176.461309910
1607002176.561332703
1607002176.661333084
1607002176.761332035
1607002176.861339331
1607002176.961318970
1607002177.061311245
1607002177.161333561
1607002177.261315346
1607002177.361449480
1607002177.461323023
1607002177.561316013
1607002177.661313057
1607002177.761334896
1607002177.861315489
1607002177.961310625
1607002178.061326742
1607002178.161333561
1607002178.261315584
1607002178.361310005
1607002178.461312294
1607002178.561312675
1607002178.661350727
1607002178.761341810
1607002178.861315966
1607002178.961308718
1607002179.061308384
1607002179.161333323
1607002179.261332512
1607002179.361316681
1607002179.461313248
1607002179.561311960
1607002179.661330223
1607002179.761333227
1607002179.861332178
1607002179.961315870
1607002180.061319113
1607002180.161335945
1607002180.261317253
1607002180.361312389
1607002180.461325884
1607002180.561318159
1607002180.661310911
1607002180.761334419
1607002180.861317635
1607002180.961313248
1607002181.061324358
1607002181.161335707
1607002181.261330366
1607002181.361336708
1607002181.461317062
1607002181.561311007
1607002181.661326408
1607002181.761335373
1607002181.861315250
1607002181.961310148
1607002182.061309338
1607002182.161330938
1607002182.261326551
1607002182.361315489
1607002182.461311579
1607002182.561315536
1607002182.661329508
1607002182.761331797
1607002182.861490488
1607002182.961317539
1607002183.061311722
1607002183.161333084
1607002183.261317253
1607002183.361322641
1607002183.461328030
1607002183.561316729
1607002183.661308765
1607002183.761332512
1607002183.861315727
1607002183.961310387
1607002184.061355591
1607002184.161347628
1607002184.261316538
1607002184.361311197
1607002184.461308479
1607002184.561310291
1607002184.661325216
1607002184.761335135
1607002184.861315489
1607002184.961313486
1607002185.061309576
1607002185.161332130
1607002185.261490583
1607002185.361317158
1607002185.461310387
1607002185.561312199
1607002185.661309958
1607002185.761331797
1607002185.861330986
1607002185.961317062
1607002186.061310768
1607002186.161334515
1607002186.261317253
1607002186.361311674
1607002186.461340189
1607002186.561330318
1607002186.661312342
1607002186.761361122
1607002186.861325979
1607002186.961309195
1607002187.061325312
1607002187.161335468
1607002187.261317492
1607002187.361313105
1607002187.461310625
1607002187.561310291
1607002187.661327362
1607002187.761333466
1607002187.861317873
1607002187.961311102
1607002188.061309814
1607002188.161333799
1607002188.261330366
1607002188.361315727
1607002188.461311340
1607002188.561329603
1607002188.661334515
1607002188.761332989
1607002188.861333609
1607002188.961320877
1607002189.061311007
1607002189.161333561
1607002189.261314869
1607002189.361311197
1607002189.461352348
1607002189.561647415
1607002189.661312580
1607002189.761333942
1607002189.861315012
1607002189.961311102
1607002190.061332703
1607002190.161335707
1607002190.261315584
