1607001460.247634888
1607001460.347747803
1607001460.447885990
1607001460.548014164
1607001460.648120880
1607001460.748313665
1607001460.848409653
1607001460.948504925
1607001461.048610449
1607001461.148728371
1607001461.248838902
1607001461.349003077
1607001461.449145555
1607001461.549280167
1607001461.649409533
1607001461.749553680
1607001461.849696875
1607001461.949839592
1607001462.049982786
1607001462.150111675
1607001462.250216007
1607001462.350340366
1607001462.450615883
1607001462.550898790
1607001462.651040554
1607001462.751205921
1607001462.851337194
1607001462.951465607
1607001463.051593065
1607001463.151695490
1607001463.251835585
1607001463.351978064
1607001463.452107430
1607001463.552211523
1607001463.652321339
1607001463.752432585
1607001463.852604628
1607001463.952755451
1607001464.052894592
1607001464.153016090
1607001464.253114939
1607001464.353225470
1607001464.453365803
1607001464.553507805
1607001464.653646231
1607001464.753775597
1607001464.853931189
1607001464.954060793
1607001465.054168701
1607001465.154253244
1607001465.254348040
1607001465.354441881
1607001465.454545259
1607001465.554677963
1607001465.654786348
1607001465.754898310
1607001465.855018139
1607001465.955145597
1607001466.055246592
1607001466.155342102
1607001466.255439758
1607001466.355547428
1607001466.455672979
1607001466.555795193
1607001466.655892849
1607001466.755986452
1607001466.856095552
1607001466.956222296
1607001467.056320429
1607001467.156414986
1607001467.256507874
1607001467.356611252
1607001467.456720829
1607001467.556906462
1607001467.657030106
1607001467.757128000
1607001467.857245445
1607001467.957365751
1607001468.057464600
1607001468.157574892
1607001468.257691145
1607001468.357787132
1607001468.457922459
1607001468.558065414
1607001468.658205032
1607001468.758344889
1607001468.858486414
1607001468.958652020
1607001469.058785200
1607001469.158898115
1607001469.259021282
1607001469.359213352
1607001469.459372044
1607001469.559516907
1607001469.659657478
1607001469.759779215
1607001469.859903574
1607001469.960064411
1607001470.060175896
1607001470.160282850
1607001470.260377884
1607001470.360470533
1607001470.460573673
1607001470.560691833
1607001470.660824776
1607001470.760944128
1607001470.861066580
1607001470.961369276
1607001471.061506987
1607001471.161636353
1607001471.261737347
1607001471.361853361
1607001471.461994648
1607001471.562137127
1607001471.662258625
1607001471.762366056
1607001471.862491369
1607001471.962621689
1607001472.062731504
1607001472.162837267
1607001472.262954712
1607001472.363048315
1607001472.463152647
1607001472.563273191
1607001472.663378477
1607001472.763483524
1607001472.863595247
1607001472.963711023
1607001473.063806772
1607001473.163902044
1607001473.263998032
1607001473.364097357
1607001473.464225531
1607001473.564338684
1607001473.664432049
1607001473.764530182
1607001473.864645481
1607001473.964768887
1607001474.064872742
1607001474.164978504
1607001474.265071630
1607001474.365163088
1607001474.465268850
1607001474.565398932
1607001474.665512323
1607001474.765605450
1607001474.865707636
1607001474.965849876
1607001475.065943956
1607001475.166039228
1607001475.266130924
1607001475.366224766
1607001475.466333389
1607001475.566445112
1607001475.666541338
1607001475.766641617
1607001475.866743088
1607001475.966854811
1607001476.066946983
1607001476.167039394
1607001476.267133713
1607001476.367228746
1607001476.467329979
1607001476.567443848
1607001476.667557240
1607001476.767677546
1607001476.867815971
1607001476.967970610
1607001477.068068027
1607001477.168162346
1607001477.268256664
1607001477.368349791
1607001477.468455791
1607001477.568578482
1607001477.668675661
1607001477.768768787
1607001477.868872881
1607001477.968988180
1607001478.069085360
1607001478.169183493
1607001478.269277096
1607001478.369369507
1607001478.469474077
1607001478.569619417
1607001478.669715881
1607001478.769814491
1607001478.869918585
1607001478.970034599
1607001479.070130348
1607001479.170225382
1607001479.270325422
1607001479.370424747
1607001479.470528126
1607001479.570657253
1607001479.670785189
1607001479.770884037
1607001479.870990515
1607001479.971114397
1607001480.071220636
1607001480.171332359
1607001480.271426201
1607001480.371523857
1607001480.471636772
1607001480.571765661
1607001480.671875954
1607001480.771968603
1607001480.872071266
1607001480.972184658
1607001481.072301149
1607001481.172406197
1607001481.272498369
1607001481.372589827
1607001481.472697258
1607001481.572823048
1607001481.672920227
1607001481.773018599
1607001481.873120546
1607001481.973234892
1607001482.073328257
1607001482.173420429
1607001482.273514509
1607001482.373634100
1607001482.473735809
1607001482.573849678
1607001482.673940659
1607001482.774039507
1607001482.874157429
1607001482.974253654
1607001483.074346542
1607001483.174438238
1607001483.274529457
1607001483.374619246
1607001483.474721432
1607001483.574841738
1607001483.674933434
1607001483.775024891
1607001483.875127554
1607001483.975243807
1607001484.075338840
1607001484.175436974
1607001484.275529385
1607001484.375627279
1607001484.475733280
1607001484.575858593
1607001484.675954342
1607001484.776051998
1607001484.876154184
1607001484.976266623
1607001485.076364756
1607001485.176455975
1607001485.276551247
1607001485.376650095
1607001485.476751328
1607001485.576871395
1607001485.676977158
1607001485.777073145
1607001485.877187014
1607001485.977306604
1607001486.077398539
1607001486.177490711
1607001486.277581930
1607001486.377673388
1607001486.477778435
1607001486.577907324
1607001486.678017616
1607001486.778109312
1607001486.878243685
1607001486.978361607
1607001487.078455210
1607001487.178550482
1607001487.278641939
1607001487.378731728
1607001487.478832722
1607001487.578998089
1607001487.679100037
1607001487.779196978
1607001487.879297495
1607001487.979410887
1607001488.079504251
1607001488.179596186
1607001488.279698372
1607001488.379794359
1607001488.479900122
1607001488.580021620
1607001488.680127382
1607001488.780249357
1607001488.880358934
1607001488.980482817
1607001489.080579996
1607001489.180671453
1607001489.280761957
1607001489.380852938
1607001489.480956793
1607001489.581078053
1607001489.681177855
1607001489.781269312
1607001489.881371021
1607001489.981497526
1607001490.081608295
1607001490.181707144
1607001490.281798601
1607001490.381890297
1607001490.481990337
1607001490.582102776
1607001490.682196140
1607001490.782253265
1607001490.882354021
1607001490.982467175
1607001491.082559109
1607001491.182757139
1607001491.282860994
1607001491.382959604
1607001491.483061075
1607001491.583174706
1607001491.683267593
1607001491.783359766
1607001491.883465767
1607001491.983614683
1607001492.083706379
1607001492.183799505
1607001492.283894539
1607001492.384144545
1607001492.484249115
1607001492.584378242
1607001492.684486628
1607001492.784579754
1607001492.884682178
1607001492.984797478
1607001493.084911108
1607001493.185006142
1607001493.285097599
1607001493.385187387
1607001493.485286474
1607001493.585399389
1607001493.685494900
1607001493.785593510
1607001493.885695696
1607001493.985805988
1607001494.085899591
1607001494.185992002
1607001494.286086321
1607001494.386180878
1607001494.486261129
1607001494.586372614
1607001494.686466217
1607001494.786557674
1607001494.886664152
1607001494.986787081
1607001495.086881638
1607001495.186979532
1607001495.287070751
1607001495.387161016
1607001495.487264156
1607001495.587383509
1607001495.687474966
1607001495.787566662
1607001495.887668133
1607001495.987781763
1607001496.087876797
1607001496.187971830
1607001496.288063765
1607001496.388154507
1607001496.488297224
1607001496.588422060
1607001496.688517570
1607001496.788614273
1607001496.888718843
1607001496.988837719
1607001497.088931322
1607001497.189023256
1607001497.289117098
1607001497.389213324
1607001497.489314079
1607001497.589428663
1607001497.689522028
1607001497.789613008
1607001497.889717817
1607001497.989840984
1607001498.089933395
1607001498.190024614
1607001498.290116072
1607001498.390210867
1607001498.490331411
1607001498.590461731
1607001498.690572739
1607001498.790665150
1607001498.890766859
1607001498.990881443
1607001499.090995789
1607001499.191090584
1607001499.291181326
1607001499.391271353
1607001499.491371393
1607001499.591484308
1607001499.691580534
1607001499.791678190
1607001499.891787291
1607001499.991902828
1607001500.092000723
1607001500.192093372
1607001500.292188406
1607001500.392281294
1607001500.492381334
1607001500.592495918
1607001500.692590237
1607001500.792684793
1607001500.892791033
1607001500.992911577
1607001501.093018055
1607001501.193275213
1607001501.293365240
1607001501.393458128
1607001501.493562222
1607001501.593675375
1607001501.693766832
1607001501.793858528
1607001501.893958569
1607001501.994072199
1607001502.094187498
1607001502.194253683
1607001502.294344425
1607001502.394434690
1607001502.494534254
1607001502.594712257
1607001502.694811106
1607001502.794903517
1607001502.895003557
1607001502.995115280
1607001503.095207214
1607001503.195301771
1607001503.295399189
1607001503.395650625
1607001503.495748997
1607001503.595862389
1607001503.695958138
1607001503.796054363
1607001503.896163702
1607001503.996284962
1607001504.096379042
1607001504.196469784
1607001504.296561003
1607001504.396654367
1607001504.496760607
1607001504.596910000
1607001504.697023869
1607001504.797118425
1607001504.897219181
1607001504.997336149
1607001505.097435713
1607001505.197535753
1607001505.297626734
1607001505.397718430
1607001505.497819185
1607001505.597937584
1607001505.698039055
1607001505.798132420
1607001505.898259163
1607001505.998373747
1607001506.098466635
1607001506.198559284
1607001506.298655033
1607001506.398750782
1607001506.498851538
1607001506.598971128
1607001506.699065685
1607001506.799161673
1607001506.899268866
1607001506.999389410
1607001507.099494934
1607001507.199588060
1607001507.299679756
1607001507.399772644
1607001507.499875784
1607001507.599989653
1607001507.700082064
1607001507.800173521
1607001507.900274515
1607001508.000390768
1607001508.100491524
1607001508.200584173
1607001508.300674915
1607001508.400781393
1607001508.501033068
1607001508.601305008
1607001508.701404572
1607001508.801497459
1607001508.901598454
1607001509.001734495
1607001509.101827621
1607001509.201923132
1607001509.302018642
1607001509.402107239
1607001509.502206326
1607001509.602327108
1607001509.702419519
1607001509.802513838
1607001509.902631521
1607001510.002898455
1607001510.102999926
1607001510.203127146
1607001510.303219795
1607001510.403315306
1607001510.503421545
1607001510.603543758
1607001510.703651905
1607001510.803745270
1607001510.903845310
1607001511.003960371
1607001511.104058981
1607001511.204151392
1607001511.304242849
1607001511.404333830
1607001511.504442692
1607001511.604557753
1607001511.704657555
1607001511.804778576
1607001511.905046225
1607001512.005173206
1607001512.105265856
1607001512.205360413
1607001512.305462360
1607001512.405558586
1607001512.505662680
1607001512.605762959
1607001512.705853939
1607001512.805948019
1607001512.906056404
1607001513.006176472
1607001513.106253147
1607001513.206344366
1607001513.306435347
1607001513.406528234
1607001513.506631613
1607001513.606745005
1607001513.706836462
1607001513.806927919
1607001513.907029390
1607001514.007145882
1607001514.107244968
1607001514.207337141
1607001514.307428122
1607001514.407519579
1607001514.507619619
1607001514.607760668
1607001514.707861423
1607001514.807953119
1607001514.908215284
1607001515.008329630
1607001515.108433962
1607001515.208528519
1607001515.308627129
1607001515.408719063
1607001515.508819580
1607001515.608932018
1607001515.709029913
1607001515.809122086
1607001515.909226894
1607001516.009340763
1607001516.109438896
1607001516.209539413
1607001516.309630871
1607001516.409723997
1607001516.509831429
1607001516.609954357
1607001516.710062027
1607001516.810158253
1607001516.910261393
1607001517.010383606
1607001517.110483885
1607001517.210576773
1607001517.310667276
1607001517.410758257
1607001517.510859966
1607001517.610979080
1607001517.711210728
1607001517.811321259
1607001517.911461353
1607001518.011611462
1607001518.111773968
1607001518.211925983
1607001518.312051296
1607001518.412161350
1607001518.512303591
1607001518.612439871
1607001518.712605953
1607001518.812747240
1607001518.912888765
1607001519.013028383
1607001519.113170862
1607001519.213324308
1607001519.313419580
1607001519.413513660
1607001519.513623238
1607001519.613766193
1607001519.713948727
1607001519.814105272
1607001519.914250851
1607001520.014394283
1607001520.114538193
1607001520.214675903
1607001520.314816475
1607001520.414957762
1607001520.515100479
1607001520.615245342
1607001520.715389490
1607001520.815533400
1607001520.915675879
1607001521.015805006
1607001521.115907907
1607001521.216038227
1607001521.316224337
1607001521.416374922
1607001521.516520977
1607001521.616651058
1607001521.716783285
1607001521.816894770
1607001521.917020082
1607001522.017172813
1607001522.117317438
1607001522.217449427
1607001522.317578793
1607001522.417673111
1607001522.517775774
1607001522.617900848
1607001522.718026876
1607001522.818167686
1607001522.918321609
1607001523.018461943
1607001523.118615150
1607001523.218758106
1607001523.318908691
1607001523.419070482
1607001523.519225359
1607001523.619376183
1607001523.719520330
1607001523.819669724
1607001523.919819355
1607001524.019964933
1607001524.120102167
1607001524.220268726
1607001524.320412159
1607001524.420553207
1607001524.520689964
1607001524.620826006
1607001524.720984936
1607001524.821123600
1607001524.921259403
1607001525.021382809
1607001525.121484995
1607001525.221598387
1607001525.321742773
1607001525.421888351
1607001525.522026062
1607001525.622151852
1607001525.722262383
1607001525.822385788
1607001525.922486067
1607001526.022585630
1607001526.122678757
1607001526.222770214
1607001526.323004007
1607001526.423293829
1607001526.523431063
1607001526.623567104
1607001526.723704576
1607001526.823825836
1607001526.923918486
1607001527.024011374
1607001527.124108553
1607001527.224224091
1607001527.324358463
1607001527.424525023
1607001527.524663210
1607001527.624800444
1607001527.724938869
1607001527.825076818
1607001527.925235987
1607001528.025376081
1607001528.125520229
1607001528.225647211
1607001528.325768948
1607001528.425931931
1607001528.526071787
1607001528.626216650
1607001528.726368427
1607001528.826507807
1607001528.926670074
1607001529.026804447
1607001529.127097130
1607001529.227231741
1607001529.327355146
1607001529.427483082
1607001529.527581215
1607001529.627693176
1607001529.727816820
1607001529.827955484
1607001529.928103924
1607001530.028354883
1607001530.128463268
1607001530.228599072
1607001530.328737020
1607001530.428875685
1607001530.529015303
1607001530.629156828
1607001530.729300261
1607001530.829440117
1607001530.929580450
1607001531.029718399
1607001531.129854441
1607001531.229984045
1607001531.330109119
1607001531.430268288
1607001531.530403614
1607001531.630545616
1607001531.730686903
1607001531.830816507
1607001531.930930614
1607001532.031065702
1607001532.131173849
1607001532.231285334
1607001532.331393957
1607001532.431530237
1607001532.531658888
1607001532.631751060
1607001532.731855631
1607001532.831977129
1607001532.932071924
1607001533.032169104
1607001533.132263899
1607001533.232356548
1607001533.332472563
1607001533.432628155
1607001533.532777071
1607001533.632928848
1607001533.733081341
1607001533.833227158
1607001533.933367014
1607001534.033505678
1607001534.133677006
1607001534.233826637
1607001534.333974123
1607001534.434118032
1607001534.534253597
1607001534.634405136
1607001534.734554768
1607001534.834700346
1607001534.934837341
1607001535.034964561
1607001535.135113955
1607001535.235246181
1607001535.335383177
1607001535.435539722
1607001535.535685301
1607001535.635863543
1607001535.736066341
1607001535.836221218
1607001535.936371803
1607001536.036518574
1607001536.136686087
1607001536.236831188
1607001536.336978912
1607001536.437129021
1607001536.537302971
1607001536.637446165
1607001536.737626791
1607001536.837767839
1607001536.937898636
1607001537.038055182
1607001537.138203859
1607001537.238358736
1607001537.338506460
1607001537.438652039
1607001537.538801670
1607001537.638953209
1607001537.739110470
1607001537.839251995
1607001537.939393520
1607001538.039561272
1607001538.139702082
1607001538.239847422
1607001538.340004921
1607001538.440151453
1607001538.540323019
1607001538.640480518
1607001538.740638971
1607001538.840793133
1607001538.940958977
1607001539.041108131
1607001539.141258478
1607001539.241390228
1607001539.341496468
1607001539.441615105
1607001539.541786909
1607001539.641926527
1607001539.742067337
1607001539.842214108
1607001539.942379951
1607001540.042523146
1607001540.142649412
1607001540.242749214
1607001540.342852592
1607001540.442975760
1607001540.543107986
1607001540.643250942
1607001540.743383884
1607001540.843484163
1607001540.943596601
1607001541.043732643
1607001541.143846273
1607001541.243947506
1607001541.344043016
1607001541.444137096
1607001541.544240713
1607001541.644359827
1607001541.744467020
1607001541.844570875
1607001541.944678545
1607001542.044799805
1607001542.144897938
1607001542.244992018
1607001542.345100641
1607001542.445200205
1607001542.545303106
1607001542.645491123
1607001542.745750904
1607001542.845845222
1607001542.945953131
1607001543.046095610
1607001543.146194458
1607001543.246253252
1607001543.346352577
1607001543.446457624
1607001543.546565771
1607001543.646691084
1607001543.746789217
1607001543.846900702
1607001543.947043419
1607001544.047207117
1607001544.147350788
1607001544.247490883
1607001544.347625017
1607001544.447708368
1607001544.547716856
1607001544.647707939
1607001544.747731209
1607001544.847709656
1607001544.947695732
1607001545.047703505
1607001545.147707224
1607001545.247711420
1607001545.347707748
1607001545.447704315
1607001545.547693014
1607001545.647709846
1607001545.747706890
1607001545.847699404
1607001545.947707891
1607001546.047706604
1607001546.147706747
1607001546.247705221
1607001546.347693443
1607001546.447711945
1607001546.547710657
1607001546.647708178
1607001546.747708082
1607001546.847705126
1607001546.947714329
1607001547.047706842
1607001547.147711039
1607001547.247709036
1607001547.347708702
1607001547.447734118
1607001547.547709227
1607001547.647706032
1607001547.747694016
1607001547.847715139
1607001547.947743893
1607001548.047704220
1607001548.147708654
1607001548.247712135
1607001548.347705364
1607001548.447695494
1607001548.547712088
1607001548.647707224
1607001548.747734785
1607001548.847709179
1607001548.947709799
1607001549.047713518
1607001549.147707462
1607001549.247708082
1607001549.347705603
1607001549.447697639
1607001549.547706127
1607001549.647696257
1607001549.747703075
1607001549.847711325
1607001549.947738886
1607001550.047705173
1607001550.147715092
1607001550.247776985
1607001550.347693682
1607001550.447694540
1607001550.547692299
1607001550.647691965
1607001550.747692347
1607001550.847701311
1607001550.947697163
1607001551.047697306
1607001551.147692919
1607001551.247700691
1607001551.347692728
1607001551.447692394
1607001551.547692060
1607001551.647695780
1607001551.747693539
1607001551.847701073
1607001551.947692633
1607001552.047691822
1607001552.147692442
1607001552.247702837
1607001552.347692490
1607001552.447697639
1607001552.547700405
1607001552.647693157
1607001552.747692585
1607001552.847726822
1607001552.947694302
1607001553.047691584
1607001553.147691727
1607001553.247699976
1607001553.347693205
1607001553.447694778
1607001553.547693491
1607001553.647691250
1607001553.747692108
1607001553.847710609
1607001553.947705030
1607001554.047704220
1607001554.147694826
1607001554.247692347
1607001554.347697258
1607001554.447704792
1607001554.547711611
1607001554.647720098
1607001554.747703075
1607001554.847705841
1607001554.947692871
1607001555.047700644
1607001555.147707701
1607001555.247705698
1607001555.347710371
1607001555.447732925
1607001555.547726631
1607001555.647707701
1607001555.747706175
1607001555.847710609
1607001555.947700739
1607001556.047719479
1607001556.147709608
1607001556.247694969
1607001556.347698927
1607001556.447707653
1607001556.547708273
1607001556.647696733
1607001556.747709513
1607001556.847709894
1607001556.947694540
1607001557.047694445
1607001557.147707939
1607001557.247696161
1607001557.347696781
1607001557.447692633
1607001557.547692299
1607001557.647691965
1607001557.747702360
1607001557.847696304
1607001557.947696209
1607001558.047692776
1607001558.147726059
1607001558.247704506
1607001558.347692966
1607001558.447692871
1607001558.547707558
1607001558.647693396
1607001558.747701883
1607001558.847695827
1607001558.947693110
1607001559.047692537
1607001559.147706509
1607001559.247694016
1607001559.347693443
1607001559.447691917
1607001559.547692299
1607001559.647692204
1607001559.747706652
1607001559.847694635
1607001559.947693586
1607001560.047694206
1607001560.147702456
1607001560.247693777
