1607001880.256604910
1607001880.356787682
1607001880.456947327
1607001880.557120323
1607001880.657234430
1607001880.757342815
1607001880.857449532
1607001880.957659483
1607001881.057937622
1607001881.158054590
1607001881.258167982
1607001881.358259916
1607001881.458428383
1607001881.558537006
1607001881.658648968
1607001881.758767128
1607001881.858876705
1607001881.959044695
1607001882.059152365
1607001882.159277201
1607001882.259434938
1607001882.359592915
1607001882.459734917
1607001882.559965372
1607001882.660277605
1607001882.760457754
1607001882.860650301
1607001882.960817814
1607001883.061036825
1607001883.161158323
1607001883.261272669
1607001883.361398220
1607001883.461544514
1607001883.561683416
1607001883.661800861
1607001883.761989832
1607001883.862156153
1607001883.962280512
1607001884.062447548
1607001884.162614584
1607001884.262801647
1607001884.362966061
1607001884.463200569
1607001884.563364983
1607001884.663538694
1607001884.763719559
1607001884.863886595
1607001884.964035749
1607001885.064221859
1607001885.164356232
1607001885.264523745
1607001885.364675760
1607001885.464821339
1607001885.564940214
1607001885.665146351
1607001885.765275002
1607001885.865413904
1607001885.965537071
1607001886.065662622
1607001886.165866852
1607001886.266009092
1607001886.366133213
1607001886.466262341
1607001886.566382170
1607001886.666504145
1607001886.766630411
1607001886.866859436
1607001886.966972828
1607001887.067082882
1607001887.167209625
1607001887.267353773
1607001887.367534161
1607001887.467644453
1607001887.567754507
1607001887.667893410
1607001887.768031836
1607001887.868176699
1607001887.968291759
1607001888.068400860
1607001888.168603182
1607001888.268740177
1607001888.368861675
1607001888.468983173
1607001888.569102049
1607001888.669307470
1607001888.769437075
1607001888.869576931
1607001888.969698429
1607001889.069816828
1607001889.169941425
1607001889.270075798
1607001889.370260000
1607001889.470371246
1607001889.570486546
1607001889.670621395
1607001889.770754814
1607001889.870892525
1607001889.971073627
1607001890.071191549
1607001890.171329498
1607001890.271489143
1607001890.371668577
1607001890.471798420
1607001890.571941614
1607001890.672075272
1607001890.772201538
1607001890.872340202
1607001890.972451925
1607001891.072558165
1607001891.172677040
1607001891.272810459
1607001891.372927189
1607001891.473045111
1607001891.573154449
1607001891.673261404
1607001891.773380280
1607001891.873518944
1607001891.973651171
1607001892.073773146
1607001892.173894405
1607001892.274028540
1607001892.374166489
1607001892.474285364
1607001892.574441195
1607001892.674594402
1607001892.774745941
1607001892.874925375
1607001892.975081444
1607001893.075227022
1607001893.175361633
1607001893.275501013
1607001893.375615835
1607001893.475721836
1607001893.575828791
1607001893.675935030
1607001893.776059628
1607001893.876196861
1607001893.976308107
1607001894.076414347
1607001894.176532984
1607001894.276665688
1607001894.376782656
1607001894.476900578
1607001894.577014923
1607001894.677131414
1607001894.777255058
1607001894.877392054
1607001894.977508068
1607001895.077624559
1607001895.177746773
1607001895.277879000
1607001895.377989292
1607001895.478096247
1607001895.578210592
1607001895.678332329
1607001895.778474331
1607001895.878607512
1607001895.978719473
1607001896.078977346
1607001896.179264784
1607001896.279401064
1607001896.379509211
1607001896.479614973
1607001896.579725027
1607001896.679849863
1607001896.779992819
1607001896.880141497
1607001896.980264425
1607001897.080375671
1607001897.180496693
1607001897.280630112
1607001897.380745173
1607001897.480860710
1607001897.580979347
1607001897.681090117
1607001897.781217337
1607001897.881357431
1607001897.981501818
1607001898.081647635
1607001898.181773424
1607001898.281922340
1607001898.382036448
1607001898.482143402
1607001898.582260132
1607001898.682377815
1607001898.782503366
1607001898.882663727
1607001898.982773304
1607001899.082880974
1607001899.183009863
1607001899.283308268
1607001899.383417368
1607001899.483524084
1607001899.583652020
1607001899.683795452
1607001899.783933640
1607001899.884100437
1607001899.984216213
1607001900.084341526
1607001900.184487343
1607001900.284623146
1607001900.384742737
1607001900.484861851
1607001900.584985256
1607001900.685122490
1607001900.785257339
1607001900.885419846
1607001900.985552311
1607001901.085672379
1607001901.185794830
1607001901.285929441
1607001901.386040211
1607001901.486147404
1607001901.586308956
1607001901.686428308
1607001901.786549807
1607001901.886681795
1607001901.986812830
1607001902.086921215
1607001902.187045097
1607001902.287183046
1607001902.387293339
1607001902.487421274
1607001902.587564945
1607001902.687678337
1607001902.787804842
1607001902.887945414
1607001902.988055229
1607001903.088160753
1607001903.188297510
1607001903.288432837
1607001903.388548613
1607001903.488664865
1607001903.588773966
1607001903.688898325
1607001903.789016724
1607001903.889147758
1607001903.989265919
1607001904.089386225
1607001904.189507961
1607001904.289642096
1607001904.389752865
1607001904.489860058
1607001904.589970350
1607001904.690087080
1607001904.790210009
1607001904.890379429
1607001904.990490675
1607001905.090597153
1607001905.190721512
1607001905.290861607
1607001905.390993595
1607001905.491100311
1607001905.591207027
1607001905.691313982
1607001905.791438103
1607001905.891577482
1607001905.991689205
1607001906.091795921
1607001906.191915274
1607001906.292045593
1607001906.392160177
1607001906.492281437
1607001906.592397928
1607001906.692507744
1607001906.792628050
1607001906.892759800
1607001906.992882729
1607001907.093013287
1607001907.193136692
1607001907.293272495
1607001907.393383026
1607001907.493490696
1607001907.593602896
1607001907.693720579
1607001907.793840647
1607001907.893975496
1607001907.994084835
1607001908.094191551
1607001908.194274426
1607001908.294506073
1607001908.394800425
1607001908.494948149
1607001908.595087767
1607001908.695250511
1607001908.795384645
1607001908.895523787
1607001908.995634794
1607001909.095890045
1607001909.196008682
1607001909.296146870
1607001909.396265507
1607001909.496373415
1607001909.596481085
1607001909.696586847
1607001909.796705723
1607001909.896841764
1607001909.996974707
1607001910.097107887
1607001910.197254896
1607001910.297391891
1607001910.397502184
1607001910.497614861
1607001910.597731352
1607001910.697841406
1607001910.797968149
1607001910.898102999
1607001910.998213530
1607001911.098330021
1607001911.198461056
1607001911.298596859
1607001911.398738384
1607001911.498844624
1607001911.598951101
1607001911.699063540
1607001911.799192429
1607001911.899350882
1607001911.999460459
1607001912.099566221
1607001912.199687481
1607001912.299829960
1607001912.399953604
1607001912.500063181
1607001912.600177050
1607001912.700303555
1607001912.800431013
1607001912.900572300
1607001913.000700712
1607001913.100851059
1607001913.200971603
1607001913.301104546
1607001913.401212454
1607001913.501330376
1607001913.601450682
1607001913.701558590
1607001913.801679134
1607001913.901813269
1607001914.001922369
1607001914.102034569
1607001914.202162981
1607001914.302262783
1607001914.402372360
1607001914.502478838
1607001914.602584839
1607001914.702697039
1607001914.802839279
1607001914.902974606
1607001915.003199577
1607001915.103305101
1607001915.203424454
1607001915.303560019
1607001915.403680086
1607001915.503791094
1607001915.603898287
1607001915.704003334
1607001915.804122686
1607001915.904259205
1607001916.004389763
1607001916.104516983
1607001916.204641342
1607001916.304775476
1607001916.404885530
1607001916.505011082
1607001916.605126381
1607001916.705236197
1607001916.805357695
1607001916.905492544
1607001917.005621672
1607001917.105735779
1607001917.205868483
1607001917.306003094
1607001917.406112194
1607001917.506217480
1607001917.606327295
1607001917.706439495
1607001917.806595802
1607001917.906731844
1607001918.006839752
1607001918.106946230
1607001918.207065105
1607001918.307202339
1607001918.407323360
1607001918.507432461
1607001918.607547283
1607001918.707673550
1607001918.807795763
1607001918.907932281
1607001919.008051634
1607001919.108170033
1607001919.208330870
1607001919.308467150
1607001919.408578873
1607001919.508690119
1607001919.608808994
1607001919.708916903
1607001919.809039593
1607001919.909174681
1607001920.009289026
1607001920.109406948
1607001920.209540844
1607001920.309677601
1607001920.409812212
1607001920.509919167
1607001920.610025406
1607001920.710137844
1607001920.810271025
1607001920.910425186
1607001921.010535955
1607001921.110642910
1607001921.210761786
1607001921.310898304
1607001921.411016464
1607001921.511122704
1607001921.611228943
1607001921.711333990
1607001921.811453104
1607001921.911588669
1607001922.011709690
1607001922.111827612
1607001922.211962700
1607001922.312098265
1607001922.412228823
1607001922.512375832
1607001922.612519026
1607001922.712629557
1607001922.812749624
1607001922.913023472
1607001923.013292551
1607001923.113405466
1607001923.213533640
1607001923.313668728
1607001923.413779974
1607001923.513921261
1607001923.614121914
1607001923.714308262
1607001923.814477682
1607001923.914647579
1607001924.014849663
1607001924.115017176
1607001924.215183258
1607001924.315347910
1607001924.415516615
1607001924.515688419
1607001924.615861654
1607001924.716039658
1607001924.816235781
1607001924.916400433
1607001925.016553879
1607001925.116702080
1607001925.216853380
1607001925.316986084
1607001925.417095900
1607001925.517212152
1607001925.617335081
1607001925.717446089
1607001925.817578793
1607001925.917753220
1607001926.017882586
1607001926.118043423
1607001926.218201160
1607001926.318367481
1607001926.418478012
1607001926.518712997
1607001926.618820667
1607001926.718934774
1607001926.819092751
1607001926.919227123
1607001927.019352913
1607001927.119509697
1607001927.219674349
1607001927.319839001
1607001927.420004129
1607001927.520182133
1607001927.620372772
1607001927.720547438
1607001927.820720911
1607001927.920870781
1607001928.020997286
1607001928.121111393
1607001928.221237183
1607001928.321378708
1607001928.421489954
1607001928.521603584
1607001928.621725082
1607001928.721837044
1607001928.821985245
1607001928.922132730
1607001929.022248507
1607001929.122364998
1607001929.222499847
1607001929.322634935
1607001929.422745943
1607001929.522852421
1607001929.622961044
1607001929.723074198
1607001929.823204041
1607001929.923364162
1607001930.023481131
1607001930.123605728
1607001930.223733902
1607001930.323875189
1607001930.423997164
1607001930.524116993
1607001930.624245167
1607001930.724356651
1607001930.824476480
1607001930.924612761
1607001931.024734497
1607001931.124852657
1607001931.224988937
1607001931.325124264
1607001931.425234795
1607001931.525347710
1607001931.625493765
1607001931.725608826
1607001931.825731039
1607001931.925867081
1607001932.025977850
1607001932.126092672
1607001932.226222754
1607001932.326363802
1607001932.426473618
1607001932.526579618
1607001932.626687765
1607001932.726806164
1607001932.826940298
1607001932.927075148
1607001933.027183771
1607001933.127289295
1607001933.227405787
1607001933.327569008
1607001933.427687645
1607001933.527799129
1607001933.627912998
1607001933.728023052
1607001933.828169823
1607001933.928307772
1607001934.028432131
1607001934.128548384
1607001934.228675365
1607001934.328815460
1607001934.428968430
1607001934.529113770
1607001934.629229546
1607001934.729339123
1607001934.829465151
1607001934.929603815
1607001935.029714108
1607001935.129829884
1607001935.229960680
1607001935.330095768
1607001935.430208445
1607001935.530319691
1607001935.630428314
1607001935.730558157
1607001935.830711603
1607001935.931014061
1607001936.031289101
1607001936.131397009
1607001936.231517792
1607001936.331671953
1607001936.431843519
1607001936.531970263
1607001936.632101774
1607001936.732215166
1607001936.832335472
1607001936.932473183
1607001937.032595634
1607001937.132707119
1607001937.232825756
1607001937.332967281
1607001937.433095694
1607001937.533224344
1607001937.633346558
1607001937.733456135
1607001937.833577633
1607001937.933713436
1607001938.033824444
1607001938.133940935
1607001938.234075546
1607001938.334204912
1607001938.434320211
1607001938.534424782
1607001938.634548426
1607001938.734673977
1607001938.834815979
1607001938.934935331
1607001939.035043001
1607001939.135164499
1607001939.235291243
1607001939.335414886
1607001939.435533047
1607001939.535641193
1607001939.635749102
1607001939.735862970
1607001939.835989714
1607001939.936116457
1607001940.036237478
1607001940.136357307
1607001940.236491919
1607001940.336650372
1607001940.436815739
1607001940.537090778
1607001940.637209177
1607001940.737325191
1607001940.837454319
1607001940.937572241
1607001941.037679195
1607001941.137801886
1607001941.237941027
1607001941.338086605
1607001941.438196182
1607001941.538260221
1607001941.638365746
1607001941.738488197
1607001941.838627338
1607001941.938773632
1607001942.038880348
1607001942.138993502
1607001942.239116907
1607001942.339241982
1607001942.439369202
1607001942.539488792
1607001942.639615059
1607001942.739740610
1607001942.839894533
1607001942.940066576
1607001943.040204525
1607001943.140335560
1607001943.240475416
1607001943.340599537
1607001943.440725565
1607001943.540843487
1607001943.640963316
1607001943.741084099
1607001943.841217279
1607001943.941332579
1607001944.041441917
1607001944.141583204
1607001944.241724491
1607001944.341839790
1607001944.441946268
1607001944.542051077
1607001944.642177582
1607001944.742278814
1607001944.842422485
1607001944.942537785
1607001945.042644978
1607001945.142761707
1607001945.242893219
1607001945.343010426
1607001945.443129301
1607001945.543240547
1607001945.643346786
1607001945.743462563
1607001945.843590498
1607001945.943706989
1607001946.043828487
1607001946.143949509
1607001946.244080782
1607001946.344202757
1607001946.444370508
1607001946.544521809
1607001946.644648314
1607001946.744771004
1607001946.844907999
1607001946.945017815
1607001947.045124054
1607001947.145248890
1607001947.245389223
1607001947.345500231
1607001947.445606947
1607001947.545713186
1607001947.645820618
1607001947.745944738
1607001947.846083403
1607001947.946192741
1607001948.046258926
1607001948.146375179
1607001948.246503592
1607001948.346625566
1607001948.446744919
1607001948.546864033
1607001948.646991253
1607001948.747112036
1607001948.847250938
1607001948.947375059
1607001949.047493696
1607001949.147615194
1607001949.247775316
1607001949.347894430
1607001949.448018074
1607001949.548134089
1607001949.648253918
1607001949.748381853
1607001949.848521948
1607001949.948633194
1607001950.048804045
1607001950.149117470
1607001950.249257326
1607001950.349369526
1607001950.449477196
1607001950.549583673
1607001950.649689913
1607001950.749814034
1607001950.849954605
1607001950.950066090
1607001951.050174952
1607001951.150279999
1607001951.250415802
1607001951.350673437
1607001951.450946808
1607001951.551054478
1607001951.651160955
1607001951.751278877
1607001951.851408243
1607001951.951526403
1607001952.051649332
1607001952.151769876
1607001952.251903057
1607001952.352042913
1607001952.452161551
1607001952.552289248
1607001952.652410269
1607001952.752537012
1607001952.852676392
1607001952.952787638
1607001953.052895069
1607001953.153025627
1607001953.253175497
1607001953.353288174
1607001953.453407288
1607001953.553513288
1607001953.653619766
1607001953.753744364
1607001953.853886366
1607001953.954049349
1607001954.054209709
1607001954.154357195
1607001954.254473209
1607001954.354588509
1607001954.454697847
1607001954.554837227
1607001954.654985905
1607001954.755124331
1607001954.855238199
1607001954.955359459
1607001955.055502653
1607001955.155644655
1607001955.255767822
1607001955.355875492
1607001955.455989361
1607001955.556113005
1607001955.656253815
1607001955.756394863
1607001955.856517792
1607001955.956628084
1607001956.056673527
1607001956.156664610
1607001956.256661177
1607001956.356666565
1607001956.456662416
1607001956.556661606
1607001956.656696558
1607001956.756665230
1607001956.856663227
1607001956.956672668
1607001957.056675196
1607001957.156665564
1607001957.256661892
1607001957.356660843
1607001957.456661463
1607001957.556685925
1607001957.656676531
1607001957.756675005
1607001957.856662035
1607001957.956661463
1607001958.056673765
1607001958.156671524
1607001958.256664515
1607001958.356817484
1607001958.456678629
1607001958.556665897
1607001958.656675577
1607001958.756673574
1607001958.856665134
1607001958.956664324
1607001959.056673765
1607001959.156665564
1607001959.256662607
1607001959.356693029
1607001959.456662416
1607001959.556672096
1607001959.656677246
1607001959.756666899
1607001959.856661797
1607001959.956671953
1607001960.056679726
1607001960.156665564
1607001960.256661654
1607001960.356663704
1607001960.456687927
1607001960.556682348
1607001960.656675100
1607001960.756665945
1607001960.856662035
1607001960.956660509
1607001961.056671619
1607001961.156670570
1607001961.256663561
1607001961.356662035
1607001961.456671953
1607001961.556665182
1607001961.656673431
1607001961.756680727
1607001961.856665134
1607001961.956663609
1607001962.056698084
1607001962.156664371
1607001962.256661415
1607001962.356668711
1607001962.456663609
1607001962.556663752
1607001962.656670570
1607001962.756665230
1607001962.856662035
1607001962.956670523
1607001963.056672573
1607001963.156665325
1607001963.256660938
1607001963.356662035
1607001963.456662416
1607001963.556673288
1607001963.656672478
1607001963.756665230
1607001963.856662273
1607001963.956668139
1607001964.056668520
1607001964.156671286
1607001964.256662369
1607001964.356660843
1607001964.456661224
1607001964.556673765
1607001964.656671524
1607001964.756696463
1607001964.856662273
1607001964.956665039
1607001965.056671143
1607001965.156664610
1607001965.256661415
1607001965.356668949
1607001965.456663370
1607001965.556803465
1607001965.656669140
1607001965.756664991
1607001965.856662035
1607001965.956678867
1607001966.056670427
1607001966.156662941
1607001966.256661177
1607001966.356661558
1607001966.456661701
1607001966.556681395
1607001966.656680107
1607001966.756668329
1607001966.856664419
1607001966.956672668
1607001967.056669474
1607001967.156668663
1607001967.256663561
1607001967.356660843
1607001967.456673622
1607001967.556673527
1607001967.656670094
1607001967.756671906
1607001967.856664896
1607001967.956668139
1607001968.056668758
1607001968.156664133
1607001968.256660223
1607001968.356666803
1607001968.456662893
1607001968.556686163
1607001968.656810999
1607001968.756667376
1607001968.856662035
1607001968.956677914
1607001969.056668520
1607001969.156663179
1607001969.256661892
1607001969.356661558
1607001969.456660271
1607001969.556676865
1607001969.656669140
1607001969.756665230
1607001969.856661320
1607001969.956671000
1607001970.056669474
1607001970.156669140
1607001970.256663322
1607001970.356660604
1607001970.456680536
1607001970.556679964
1607001970.656673908
1607001970.756672382
1607001970.856663465
1607001970.956669807
1607001971.056668043
1607001971.156663895
1607001971.256661177
1607001971.356668711
1607001971.456662893
1607001971.556668520
1607001971.656669378
1607001971.756663799
1607001971.856661081
1607001971.956676483
1607001972.056668043
1607001972.156662226
1607001972.256663084
1607001972.356662989
1607001972.456706047
1607001972.556694508
1607001972.656672001
1607001972.756672144
1607001972.856664181
1607001972.956681013
1607001973.056679249
1607001973.156681776
1607001973.256665230
1607001973.356662035
1607001973.456679106
1607001973.556669712
1607001973.656676531
1607001973.756679535
1607001973.856664181
1607001973.956671000
1607001974.056671619
1607001974.156664133
1607001974.256671429
1607001974.356680393
1607001974.456682205
1607001974.556668043
1607001974.656666040
1607001974.756684542
1607001974.856680632
1607001974.956683159
1607001975.056682587
1607001975.156665564
1607001975.256670237
1607001975.356661797
1607001975.456685781
1607001975.556683779
1607001975.656674147
1607001975.756680012
1607001975.856687069
1607001975.956678391
1607001976.056686163
1607001976.156681299
1607001976.256683350
1607001976.356680870
1607001976.456681252
1607001976.556679249
1607001976.656673908
1607001976.756681681
1607001976.856680393
1607001976.956685543
1607001977.056677341
1607001977.156687737
1607001977.256679773
1607001977.356686831
1607001977.456681490
1607001977.556665421
1607001977.656661987
1607001977.756662130
1607001977.856706381
1607001977.956705332
1607001978.056682825
1607001978.156682491
1607001978.256665468
1607001978.356671572
1607001978.456676483
1607001978.556678534
1607001978.656665087
1607001978.756683588
1607001978.856679678
1607001978.956688166
1607001979.056679010
1607001979.156682730
1607001979.256679535
1607001979.356683731
1607001979.456678391
1607001979.556665421
1607001979.656680822
1607001979.756681919
1607001979.856664658
1607001979.956682444
1607001980.056679487
1607001980.156694651
1607001980.256681681
