1607002195.264078856
1607002195.364869356
1607002195.465312243
1607002195.565775394
1607002195.666141272
1607002195.766611099
1607002195.866908073
1607002195.967381239
1607002196.067711115
1607002196.168189049
1607002196.268644094
1607002196.369027615
1607002196.469478846
1607002196.569968224
1607002196.670326233
1607002196.770797968
1607002196.871289492
1607002196.971622705
1607002197.071909666
1607002197.172260046
1607002197.272722483
1607002197.373087168
1607002197.473547459
1607002197.574028969
1607002197.674540520
1607002197.774883032
1607002197.875248671
1607002197.975711346
1607002198.076080561
1607002198.176413536
1607002198.276900291
1607002198.377236366
1607002198.477718830
1607002198.578187704
1607002198.678560257
1607002198.779034138
1607002198.879393101
1607002198.979861975
1607002199.080333471
1607002199.180652618
1607002199.281002998
1607002199.381498575
1607002199.481949091
1607002199.582391262
1607002199.682872534
1607002199.783661366
1607002199.884112835
1607002199.984465122
1607002200.084802151
1607002200.185309649
1607002200.285654545
1607002200.386014223
1607002200.486473322
1607002200.586832523
1607002200.687310934
1607002200.787797689
1607002200.888132095
1607002200.988468885
1607002201.088795424
1607002201.189406157
1607002201.289903879
1607002201.390255690
1607002201.490757465
1607002201.591225386
1607002201.691594839
1607002201.792084694
1607002201.892608166
1607002201.993072748
1607002202.093433142
1607002202.193770885
1607002202.294134378
1607002202.394617081
1607002202.494953632
1607002202.595405102
1607002202.695884228
1607002202.796226740
1607002202.896566629
1607002202.997036934
1607002203.097370863
1607002203.197838545
1607002203.298197269
1607002203.398832560
1607002203.499303341
1607002203.599764824
1607002203.700225115
1607002203.800588608
1607002203.900914907
1607002204.001404047
1607002204.101865768
1607002204.202217102
1607002204.302560568
1607002204.403040409
1607002204.503499031
1607002204.603861094
1607002204.704222679
1607002204.804756403
1607002204.905090094
1607002205.005468130
1607002205.105796576
1607002205.206299543
1607002205.306601524
1607002205.407094002
1607002205.507397890
1607002205.607700586
1607002205.708060980
1607002205.808389425
1607002205.908726454
1607002206.009061337
1607002206.109380007
1607002206.209713459
1607002206.310026169
1607002206.410356522
1607002206.510669231
1607002206.611043692
1607002206.711400747
1607002206.811723232
1607002206.912041664
1607002207.012382269
1607002207.112697840
1607002207.213018417
1607002207.313368797
1607002207.413680553
1607002207.513985395
1607002207.614315510
1607002207.714675903
1607002207.815077066
1607002207.915411949
1607002208.015744448
1607002208.116047621
1607002208.216339111
1607002208.316641092
1607002208.416954994
1607002208.517276049
1607002208.617617130
1607002208.717927933
1607002208.818291187
1607002208.918629885
1607002209.018980265
1607002209.119289637
1607002209.219603062
1607002209.319889545
1607002209.420168638
1607002209.520457745
1607002209.620796919
1607002209.721112251
1607002209.821458817
1607002209.921782255
1607002210.022099018
1607002210.122448206
1607002210.222779751
1607002210.323121071
1607002210.423433065
1607002210.523785353
1607002210.624100447
1607002210.724410534
1607002210.824892998
1607002210.925215483
1607002211.025530815
1607002211.125846624
1607002211.226168156
1607002211.326478243
1607002211.426789999
1607002211.527092218
1607002211.627401114
1607002211.727696657
1607002211.827993393
1607002211.928296566
1607002212.028616667
1607002212.128928423
1607002212.229230165
1607002212.329542398
1607002212.429855108
1607002212.530180454
1607002212.630481243
1607002212.730784893
1607002212.831110716
1607002212.931406975
1607002213.031740189
1607002213.132030249
1607002213.232325315
1607002213.332626820
1607002213.432927608
1607002213.533221245
1607002213.633647203
1607002213.733934402
1607002213.834215403
1607002213.934516430
1607002214.034830809
1607002214.135153294
1607002214.235441446
1607002214.335767508
1607002214.436067820
1607002214.536370039
1607002214.636693954
1607002214.736982584
1607002214.837296247
1607002214.937599897
1607002215.037904501
1607002215.138209581
1607002215.238505125
1607002215.338809490
1607002215.439126015
1607002215.539421797
1607002215.639757395
1607002215.740069866
1607002215.840382099
1607002215.940710545
1607002216.041030169
1607002216.141357899
1607002216.241655350
1607002216.341967344
1607002216.442293167
1607002216.542612553
1607002216.642898560
1607002216.743183136
1607002216.843977928
1607002216.944289446
1607002217.044620991
1607002217.144914627
1607002217.245229721
1607002217.345533133
1607002217.445849419
1607002217.546147346
1607002217.646445990
1607002217.746732950
1607002217.847039461
1607002217.947342634
1607002218.047676563
1607002218.147989988
1607002218.248299360
1607002218.348632574
1607002218.448927879
1607002218.549268007
1607002218.649588346
1607002218.749904156
1607002218.850243092
1607002218.950561047
1607002219.050906658
1607002219.151220560
1607002219.251529455
1607002219.351867914
1607002219.452196121
1607002219.552537441
1607002219.652853489
1607002219.753157377
1607002219.853481531
1607002219.953794956
1607002220.054111958
1607002220.154409409
1607002220.254737139
1607002220.355074644
1607002220.455390453
1607002220.555707932
1607002220.655998945
1607002220.756299973
1607002220.856646299
1607002220.956981182
1607002221.057319641
1607002221.157656908
1607002221.257977962
1607002221.358367920
1607002221.458734274
1607002221.559046984
1607002221.659354210
1607002221.759657860
1607002221.859964132
1607002221.960272074
1607002222.060609341
1607002222.160990000
1607002222.261384249
1607002222.361695528
1607002222.462037325
1607002222.562351465
1607002222.662657738
1607002222.762992620
1607002222.863371849
1607002222.963747978
1607002223.063971519
1607002223.163958073
1607002223.263957500
1607002223.363970995
1607002223.463953495
1607002223.563968897
1607002223.663962841
1607002223.764023781
1607002223.863959074
1607002223.963968277
1607002224.063958406
1607002224.164087772
1607002224.263991117
1607002224.363991976
1607002224.463995934
1607002224.563982010
1607002224.663990736
1607002224.763954163
1607002224.863959312
1607002224.963961124
1607002225.064002275
1607002225.163952827
1607002225.263960600
1607002225.363958597
1607002225.463957071
1607002225.563956022
1607002225.663959026
1607002225.763952971
1607002225.863970757
1607002225.963979244
1607002226.063968420
1607002226.163952112
1607002226.263957500
1607002226.363945723
1607002226.463978052
1607002226.563952446
1607002226.663968086
1607002226.763954878
1607002226.863968849
1607002226.963979244
1607002227.063995123
1607002227.163986921
1607002227.263986111
1607002227.363971949
1607002227.463952065
1607002227.563959122
1607002227.663968563
1607002227.763952494
1607002227.863960743
1607002227.963956118
1607002228.063974619
1607002228.163959026
1607002228.263958931
1607002228.363965273
1607002228.463959932
1607002228.563952684
1607002228.663994074
1607002228.763961315
1607002228.864063740
1607002228.963958979
1607002229.063973427
1607002229.163964987
1607002229.263986349
1607002229.363953114
1607002229.463963032
1607002229.564022303
1607002229.663986683
1607002229.763992786
1607002229.863996983
1607002229.964008093
1607002230.063976288
1607002230.163961649
1607002230.263962746
1607002230.363964081
1607002230.463959932
1607002230.563962936
1607002230.663958788
1607002230.763955832
1607002230.863960743
1607002230.963963270
1607002231.063960075
1607002231.164088964
1607002231.263957024
1607002231.363958597
1607002231.463970423
1607002231.563955784
1607002231.663990736
1607002231.763966084
1607002231.863987923
1607002231.963961840
1607002232.063971996
1607002232.163960695
1607002232.263965845
1607002232.363994837
1607002232.463980913
1607002232.563989878
1607002232.664026499
1607002232.763983250
1607002232.863956451
1607002232.963963270
1607002233.063967943
1607002233.163964033
1607002233.263964653
1607002233.363984346
1607002233.463967323
1607002233.563972473
1607002233.663961172
1607002233.763962269
1607002233.863955259
1607002233.963957071
1607002234.063960791
1607002234.164005280
1607002234.264091730
1607002234.364062309
1607002234.463960409
1607002234.563961267
1607002234.663957357
1607002234.764036179
1607002234.864005566
1607002234.964025974
1607002235.064030170
1607002235.164065361
1607002235.264006376
1607002235.364009142
1607002235.464013577
1607002235.563992262
1607002235.663963318
1607002235.764000654
1607002235.863983870
1607002235.964056015
1607002236.063973427
1607002236.164097786
1607002236.264043570
1607002236.363984108
1607002236.463961124
1607002236.564038754
1607002236.663959265
1607002236.763975859
1607002236.863983631
1607002236.963953257
1607002237.064370632
1607002237.163936853
1607002237.263964891
1607002237.363963604
1607002237.463973045
1607002237.563961506
1607002237.663970709
1607002237.763957739
1607002237.863985300
1607002237.963982105
1607002238.063982964
1607002238.164026976
1607002238.263976097
1607002238.364029169
1607002238.463971376
1607002238.563981533
1607002238.663978815
1607002238.763958931
1607002238.864138365
1607002238.964063644
1607002239.063966990
1607002239.163959503
1607002239.263964653
1607002239.363964081
1607002239.463960886
1607002239.563959122
1607002239.664383411
1607002239.763961077
1607002239.864020109
1607002239.963971376
1607002240.064033985
1607002240.164031744
1607002240.263961792
1607002240.363955498
1607002240.463982344
1607002240.564000607
1607002240.664002895
1607002240.763995886
1607002240.863982916
1607002240.963954926
1607002241.063958406
1607002241.163967848
1607002241.263945103
1607002241.363944292
1607002241.463962078
1607002241.563965797
1607002241.663957357
1607002241.763954878
1607002241.863960028
1607002241.963957071
1607002242.063946009
1607002242.163945675
1607002242.263926983
1607002242.363926888
1607002242.463923454
1607002242.563959360
1607002242.664073944
1607002242.763960600
1607002242.863937855
1607002242.963945866
1607002243.063952446
1607002243.163956404
1607002243.263991594
1607002243.363988400
1607002243.464062929
1607002243.564049006
1607002243.663969994
1607002243.763952971
1607002243.863980055
1607002243.963953495
1607002244.063963175
1607002244.163955212
1607002244.263955116
1607002244.363957405
1607002244.464056015
1607002244.563946247
1607002244.663962126
1607002244.763964891
1607002244.863955975
1607002244.963964462
1607002245.063989162
1607002245.163955450
1607002245.263953686
1607002245.363953352
1607002245.463953733
1607002245.563952446
1607002245.663985968
1607002245.763954639
1607002245.863958836
1607002245.963999271
1607002246.063982248
1607002246.163959742
1607002246.263949394
1607002246.363959312
1607002246.463963032
1607002246.563965797
1607002246.663952827
1607002246.763950825
1607002246.863968134
1607002246.963966608
1607002247.063961029
1607002247.163966179
1607002247.263965607
1607002247.363968849
1607002247.463958025
1607002247.563975573
1607002247.663969278
1607002247.763954401
1607002247.864009380
1607002247.963959455
1607002248.063954115
1607002248.163954020
1607002248.263956070
1607002248.364094257
1607002248.463946581
1607002248.563961267
1607002248.663983583
1607002248.764033079
1607002248.864247561
1607002248.963986397
1607002249.063959837
1607002249.163954020
1607002249.263955593
1607002249.363954544
1607002249.464002609
1607002249.563962221
1607002249.663958073
1607002249.764456034
1607002249.863955021
1607002249.963953257
1607002250.063983202
1607002250.163964510
1607002250.263956547
1607002250.363977432
1607002250.463962793
1607002250.563949823
1607002250.663962603
1607002250.763955832
1607002250.863967896
1607002250.963953972
1607002251.063992500
1607002251.163959026
1607002251.264123201
1607002251.363969088
1607002251.463966608
1607002251.563983202
1607002251.663976431
1607002251.763957977
1607002251.863960028
1607002251.963956356
1607002252.063960552
1607002252.163981438
1607002252.263955832
1607002252.363970041
1607002252.463976383
1607002252.563973904
1607002252.663991213
1607002252.763978720
1607002252.863957644
1607002252.963943005
1607002253.063957691
1607002253.163961172
1607002253.263954163
1607002253.363960743
1607002253.463954926
1607002253.563964128
1607002253.663967133
1607002253.763987541
1607002253.863964319
1607002253.963957071
1607002254.063974142
1607002254.163970470
1607002254.263948917
1607002254.363956690
1607002254.463943481
1607002254.563959837
1607002254.663934231
1607002254.763955832
1607002254.863929272
1607002254.963956833
1607002255.063937902
1607002255.163930416
1607002255.263938904
1607002255.363962650
1607002255.463939190
1607002255.563956738
1607002255.663954735
1607002255.763961077
1607002255.863963366
1607002255.963953733
1607002256.063954353
1607002256.163988352
1607002256.263942480
1607002256.363931894
1607002256.464004755
1607002256.563988686
1607002256.663990974
1607002256.763978958
1607002256.863962412
1607002256.963957548
1607002257.063967705
1607002257.163958073
1607002257.263959408
1607002257.363960743
1607002257.463939667
1607002257.563946724
1607002257.663960218
1607002257.763949633
1607002257.863927126
1607002257.963933468
1607002258.064012766
1607002258.163921356
1607002258.263959169
1607002258.363950968
1607002258.463957548
1607002258.563951015
1607002258.663931847
1607002258.763941050
1607002258.863959074
1607002258.963965893
1607002259.063939810
1607002259.163938761
1607002259.263956785
1607002259.363953590
1607002259.463984489
1607002259.563952684
1607002259.663965464
1607002259.763963223
1607002259.863950729
1607002259.963929892
1607002260.063958406
1607002260.163952589
1607002260.263946295
1607002260.363930702
1607002260.463929176
1607002260.563963175
1607002260.663963318
1607002260.763951778
1607002260.863937140
1607002260.963933706
1607002261.063954115
1607002261.163978100
1607002261.263958216
1607002261.363952637
1607002261.463963985
1607002261.563961267
1607002261.663957357
1607002261.763970375
1607002261.863991022
1607002261.963984013
1607002262.063988447
1607002262.163981438
1607002262.263956547
1607002262.363963366
1607002262.463964462
1607002262.564074278
1607002262.663955927
1607002262.763955355
1607002262.863962412
1607002262.964056730
1607002263.063958883
1607002263.163959503
1607002263.263955593
1607002263.363936663
1607002263.463929415
1607002263.563942909
1607002263.663958549
1607002263.763935328
1607002263.864388466
1607002263.963969469
1607002264.064337969
1607002264.163966894
1607002264.263957739
1607002264.363962412
1607002264.463957548
1607002264.563974857
1607002264.663990736
1607002264.763987541
1607002264.863986015
1607002264.963943481
1607002265.063966036
1607002265.163955450
1607002265.263954639
1607002265.363933563
1607002265.463932037
1607002265.563949585
1607002265.663939714
1607002265.763971567
1607002265.863949537
1607002265.963947296
1607002266.063958883
1607002266.163954735
1607002266.263970613
1607002266.363953590
1607002266.463958263
1607002266.563953876
1607002266.663956165
1607002266.763952255
1607002266.863966227
1607002266.963952780
1607002267.063941956
1607002267.163936615
1607002267.263988733
1607002267.363988876
1607002267.463997841
1607002267.563992739
1607002267.663964510
1607002267.763937950
1607002267.863921642
1607002267.963924170
1607002268.063931704
1607002268.163931370
1607002268.263967514
1607002268.363943100
1607002268.463928461
1607002268.563932180
1607002268.663936853
1607002268.763963938
1607002268.863959551
1607002268.963949680
1607002269.063940048
1607002269.163928032
1607002269.263922691
1607002269.363921404
1607002269.463973284
1607002269.563957691
1607002269.663935184
1607002269.763959885
1607002269.863960981
1607002269.963937283
1607002270.063971043
1607002270.163981676
1607002270.263960361
1607002270.363929033
1607002270.463957310
1607002270.563965082
1607002270.663933516
1607002270.763959646
1607002270.863933802
1607002270.963954687
1607002271.063955545
1607002271.163942099
1607002271.263928890
1607002271.363917828
1607002271.463923454
1607002271.563953876
1607002271.663961411
1607002271.763943195
1607002271.863930225
1607002271.963962317
1607002272.063939571
1607002272.163955450
1607002272.263956308
1607002272.363934517
1607002272.463916540
1607002272.563935995
1607002272.663936377
1607002272.763983250
1607002272.863960743
1607002272.963963032
1607002273.063932896
1607002273.163924456
1607002273.263920069
1607002273.363957167
1607002273.463941336
1607002273.563961029
1607002273.663933754
1607002273.763926029
1607002273.863915443
1607002273.963957310
1607002274.064043999
1607002274.163929701
1607002274.263923407
1607002274.363921404
1607002274.463921309
1607002274.563956499
1607002274.663942337
1607002274.763925314
1607002274.863912582
1607002274.963925838
1607002275.063924313
1607002275.163957119
1607002275.263936758
1607002275.363926649
1607002275.463949919
1607002275.564002275
1607002275.663973570
1607002275.763962030
1607002275.863935709
1607002275.963932991
1607002276.063925982
1607002276.163924217
1607002276.263919830
1607002276.363962173
1607002276.463937521
1607002276.563939810
1607002276.663961649
1607002276.763939142
1607002276.863927841
1607002276.963954449
1607002277.063944817
1607002277.163928747
1607002277.263924599
1607002277.363925457
1607002277.463921547
1607002277.563954115
1607002277.663942814
1607002277.763932228
1607002277.863916636
1607002277.963923931
1607002278.063921213
1607002278.163986921
1607002278.263964891
1607002278.363955259
1607002278.463927269
1607002278.563959599
1607002278.663937330
1607002278.763951540
1607002278.863934994
1607002278.963924408
1607002279.063921452
1607002279.163922071
1607002279.263923645
1607002279.363958597
1607002279.463936806
1607002279.563934088
1607002279.664048195
1607002279.763943195
1607002279.863924026
1607002279.963957310
1607002280.063959599
1607002280.163932085
1607002280.263922453
1607002280.363922358
1607002280.463926077
1607002280.563955307
1607002280.663939476
1607002280.763927221
1607002280.863951683
1607002280.963955402
1607002281.063959599
1607002281.163968563
1607002281.263931751
1607002281.363927841
1607002281.463917494
1607002281.563930511
1607002281.663924456
1607002281.763951540
1607002281.864012241
1607002281.963925600
1607002282.063923597
1607002282.163922787
1607002282.263915539
1607002282.363957167
1607002282.463937998
1607002282.563937187
1607002282.663959980
1607002282.763934374
1607002282.863922596
1607002282.963957310
1607002283.063943148
1607002283.163932323
1607002283.263924599
1607002283.363925457
1607002283.463921070
1607002283.563982725
1607002283.663988352
1607002283.763967514
1607002283.863934040
1607002283.963923216
1607002284.063943386
1607002284.163956165
1607002284.263935089
1607002284.363926888
1607002284.463919640
1607002284.563956022
1607002284.663933039
1607002284.763952971
1607002284.863934517
1607002284.963933229
1607002285.063930273
1607002285.163926601
1607002285.263990641
1607002285.363955975
1607002285.463941336
1607002285.563940763
1607002285.663962364
1607002285.763939619
1607002285.863923073
1607002285.963954926
1607002286.063944340
1607002286.163933277
1607002286.263943672
1607002286.363953590
1607002286.463948965
1607002286.563972712
1607002286.663941860
1607002286.763932228
1607002286.863919497
1607002286.963929653
1607002287.063935995
1607002287.163958311
1607002287.263937950
1607002287.363931894
1607002287.463927031
1607002287.563931227
1607002287.663950443
1607002287.763951778
1607002287.863938093
1607002287.963925838
1607002288.063923597
1607002288.163923025
1607002288.263918877
1607002288.363957167
1607002288.463959455
1607002288.563951254
1607002288.663929939
1607002288.763963461
1607002288.863941908
1607002288.963983536
1607002289.063980579
1607002289.163961887
1607002289.263936043
1607002289.363929749
1607002289.463921547
1607002289.563957214
1607002289.663945198
1607002289.763939619
1607002289.863920212
1607002289.963996649
1607002290.063941479
1607002290.163958311
1607002290.263935804
1607002290.363923550
1607002290.463917971
1607002290.563961983
1607002290.663934231
1607002290.764039993
1607002290.863934040
1607002290.963936806
1607002291.063928843
1607002291.163928270
1607002291.263916254
1607002291.363959074
1607002291.463963509
1607002291.564032078
1607002291.663971901
1607002291.763963699
1607002291.863962173
1607002291.963956356
1607002292.063945293
1607002292.163931608
1607002292.263939381
1607002292.363990545
1607002292.463925600
1607002292.563955545
1607002292.663949013
1607002292.763929605
1607002292.863919258
1607002292.963925362
1607002293.063930273
1607002293.163956642
1607002293.263938189
1607002293.363925457
1607002293.463925123
1607002293.563933134
1607002293.663923025
1607002293.763952494
1607002293.863936663
1607002293.963931561
1607002294.063926220
1607002294.163944721
1607002294.263950109
1607002294.363982916
1607002294.463939428
1607002294.563940763
1607002294.663934231
1607002294.763958931
1607002294.863938093
1607002294.963954210
1607002295.063951015
1607002295.163937807
1607002295.263919592
