0.000212193
0.000221014
0.000247717
0.000309467
0.000212669
0.000217676
0.000310183
0.000309706
0.000259638
0.000309706
0.000308514
0.000309706
0.000307798
0.000310183
0.000213623
0.000272274
0.000313520
0.000304699
0.000250578
0.000311375
0.000305653
0.000309944
0.000310183
0.000312805
0.000307322
0.000309467
0.000212669
0.000211716
0.000304699
0.000272989
0.000273943
0.000305414
0.000215530
0.000306845
0.000212193
0.000304699
0.000306368
0.000309944
0.000306606
0.000349045
0.000218868
0.000309229
0.000243425
0.000270128
0.000212431
0.000215530
0.000306845
0.000274181
0.000309229
0.000213861
0.000311375
0.000311136
0.000213146
0.000311613
0.000216246
0.000272989
0.000324249
0.000306606
0.000311136
0.000307083
0.000303984
0.000311136
0.000215292
0.000214815
0.000308990
0.000312805
0.000213385
0.000213385
0.000307322
0.000321150
0.000213385
0.000322104
0.000310183
0.000354290
0.000215530
0.000309229
0.000214338
0.000220776
0.000306845
0.000307798
0.000220299
0.000217915
0.000306129
0.000312328
0.000218391
0.000305176
0.000211477
0.000307322
0.000213623
0.000309467
0.000213861
0.000274420
0.000304461
0.000304222
0.000213385
0.000309467
0.000277281
0.000310183
0.000214577
0.000270367
0.000308514
0.000305414
0.000205994
0.000312805
0.000214100
0.000305414
0.000214815
0.000309229
0.000216007
0.000308514
0.000218153
0.000306368
0.000220299
0.000306845
0.000215769
0.000306368
0.000213623
0.000211954
0.000307083
0.000309467
0.000302315
0.000212908
0.000304699
0.000281811
0.000215292
0.000305891
0.000304699
0.000302076
0.000207186
0.000284433
0.000235796
0.000253439
0.000219345
0.000264883
0.000211239
0.000304699
0.000211716
0.000219107
0.000312567
0.000211954
0.000305891
0.000306845
0.000306845
0.000213861
0.000305414
0.000304222
0.000310183
0.000310183
0.000305653
0.000306368
0.000306129
0.000307322
0.000212431
0.000308275
0.000305176
0.000310183
0.000209093
0.000311136
0.000212669
0.000310898
0.000304937
0.000212669
0.000274181
0.000271797
0.000218391
0.000308752
0.000309467
0.000304222
0.000213623
0.000306606
0.000213146
0.000308990
0.000212193
0.000307083
0.000307322
0.000314951
0.000216246
0.000313282
0.000272036
0.000211954
0.000307322
0.000307798
0.000305891
0.000215292
0.000245333
0.000309229
0.000213623
0.000308752
0.000311136
0.000309229
0.000306845
0.000311375
0.000212193
0.000227451
0.000308275
0.000306606
0.000211477
0.000226736
0.000269890
0.000306606
0.000305653
0.000210285
0.000306606
0.000305414
0.000213146
0.000288248
0.000213385
0.000306606
0.000211477
0.000306129
0.000269413
0.000307083
0.000209808
0.000308275
0.000215054
0.000306368
0.000306129
0.000275612
0.000216007
0.000214100
0.000310421
0.000306368
0.000308990
0.000305891
0.000213861
0.000309706
0.000306845
0.000270367
0.000212431
0.000306845
0.000306845
0.000304937
0.000225306
0.000215769
0.000306606
0.000303984
0.000211477
0.000213623
0.000211716
0.000308037
0.000303984
0.000311375
0.000218868
0.000306368
0.000301838
0.000304699
0.000211239
0.000211239
0.000290155
0.000310183
0.000212669
0.000213146
0.000308275
0.000309229
0.000211239
0.000305414
0.000303268
0.000308514
0.000306368
0.000212669
0.000211716
0.000308514
0.000303268
0.000313759
0.000313997
0.000306606
0.000214577
0.000271797
0.000305176
0.000303268
0.000302553
0.000312805
0.000212669
0.000308752
0.000212193
0.000303030
0.000212431
0.000213146
0.000305653
0.000302553
0.000214577
0.000211239
0.000307083
0.000302315
0.000216484
0.000306606
0.000225544
0.000308037
0.000303507
0.000268698
0.000211954
0.000307083
0.000214338
0.000308037
0.000215530
0.000216246
0.000308990
0.000306845
0.000273228
0.000220060
0.000222445
0.000308990
0.000304699
0.000306606
0.000308990
0.000302315
0.000308752
0.000303984
0.000304222
0.000308514
0.000303268
0.000307798
0.000185251
0.000306368
0.000307560
0.000310183
0.000268698
0.000306368
0.000262260
0.000307798
0.000214577
0.000304699
0.000303030
0.000310898
0.000215530
0.000215054
0.000232697
0.000309467
0.000306129
0.000215530
0.000222683
0.000311613
0.000211716
0.000305176
0.000303268
0.000307083
0.000212669
0.000308514
0.000272036
0.000309229
0.000306845
0.000305653
0.000308037
0.000305176
0.000306845
0.000308275
0.000212431
0.000303268
0.000303507
0.000309706
0.000304699
0.000211239
0.000308275
0.000268459
0.000301838
0.000312328
0.000213146
0.000270605
0.000311613
0.000308990
0.000246525
0.000304699
0.000308037
0.000219822
0.000212193
0.000221014
0.000303268
0.000307798
0.000310421
0.000213146
0.000310659
0.000308990
0.000272036
0.000310183
0.000304699
0.000302076
0.000212431
0.000308037
0.000212193
0.000303030
0.000306606
0.000309467
0.000211716
0.000309229
0.000208855
0.000298023
0.000208616
0.000206470
0.000248909
0.000270844
0.000256777
0.000214577
0.000268698
0.000301600
0.000211000
0.000308990
0.000210524
0.000311852
0.000308037
0.000307322
0.000210047
0.000305653
0.000305176
0.000307322
0.000210047
0.000308275
0.000211239
0.000304461
0.000303030
0.000303030
0.000307322
0.000302315
0.000213623
0.000311375
0.000211239
0.000309944
0.000303984
0.000308752
0.000241995
0.000308037
0.000272274
0.000307322
0.000308037
0.000308752
0.000212193
0.000308275
0.000211954
0.000210047
0.000307083
0.000311136
0.000214100
0.000270128
0.000212431
0.000301361
0.000216484
0.000304937
0.000310659
0.000304699
0.000308275
0.000269413
0.000211477
0.000272036
0.000213385
0.000306129
0.000304937
0.000303268
0.000306368
0.000304461
0.000303268
0.000306129
0.000211716
0.000306845
0.000210524
0.000211477
0.000269175
0.000312567
0.000216484
0.000306368
0.000211716
0.000308514
0.000213146
0.000308514
0.000213623
0.000309229
0.000279665
0.000303268
0.000306129
0.000308514
0.000304937
0.000303268
0.000211239
0.000211000
0.000307322
0.000306845
0.000270844
0.000218391
0.000310183
0.000307083
0.000308752
0.000302553
0.000218391
0.000307322
0.000265837
0.000314236
0.000267506
0.000312328
0.000305176
0.000307798
0.000308752
0.000225306
0.000309706
0.000274658
0.000212669
0.000213146
0.000308990
0.000306368
0.000306368
0.000306368
0.000263214
0.000302076
0.000307560
0.000212669
0.000215530
0.000308752
0.000305891
0.000308037
0.000303030
0.000307083
0.000269175
0.000302315
0.000214338
0.000215530
0.000272036
0.000309229
0.000210762
0.000251770
0.000268459
0.000305891
0.000308752
0.000308037
0.000220537
0.000270605
0.000307560
0.000312328
0.000214100
0.000306845
0.000309706
0.000307322
0.000306845
0.000308275
0.000306129
0.000304699
0.000312328
0.000212431
0.000307560
0.000306606
0.000306845
0.000220299
0.000307560
0.000306606
0.000212669
0.000306845
0.000307322
0.000306129
0.000305176
0.000310183
0.000309229
0.000303030
0.000305891
0.000306845
0.000313044
0.000207901
0.000304937
0.000305414
0.000310898
0.000279427
0.000224352
0.000211716
0.000305176
0.000306368
0.000307083
0.000211477
0.000260592
0.000300646
0.000213146
0.000310183
0.000211239
0.000211954
0.000266790
0.000305653
0.000214100
0.000210762
0.000215530
0.000303984
0.000302076
0.000306845
0.000211716
0.000214815
0.000306368
0.000312805
0.000212431
0.000214338
0.000210762
0.000310421
0.000211239
0.000213623
0.000309229
0.000306129
0.000308514
0.000305891
0.000211239
0.000308752
0.000211716
0.000212908
0.000217199
0.000269651
0.000306845
0.000212193
0.000305891
0.000269890
0.000213861
0.000307322
0.000210762
0.000212431
0.000230312
0.000303745
0.000313520
0.000211000
0.000226021
0.000303030
0.000304461
0.000307322
0.000218153
0.000227451
0.000306845
0.000214815
0.000211716
0.000219107
0.000307322
0.000307322
0.000214338
0.000211000
0.000306606
0.000215054
0.000212431
0.000211954
0.000268936
0.000308752
0.000305414
0.000210524
0.000264645
0.000309229
0.000306368
0.000303984
0.000302315
0.000212193
0.000310898
0.000252247
0.000305176
0.000306606
0.000310421
0.000211000
0.000307083
0.000307560
0.000268936
0.000303030
0.000211239
0.000302553
0.000303030
0.000308275
0.000306606
0.000212908
0.000212193
0.000306606
0.000213861
0.000210524
0.000214577
0.000308752
0.000305176
0.000305891
0.000262976
0.000305414
0.000308990
0.000211716
0.000267744
0.000211000
0.000307560
0.000305176
0.000308752
0.000219584
0.000307083
0.000211000
0.000211716
0.000211239
0.000211239
0.000305653
0.000208855
0.000212431
0.000213623
0.000307322
0.000210762
0.000212193
0.000214338
0.000246763
0.000302553
0.000214100
0.000215292
0.000304461
0.000268459
0.000210047
0.000211954
0.000267982
0.000306368
0.000210524
0.000303507
0.000212193
0.000213861
0.000306129
0.000211716
0.000309467
0.000306129
0.000304937
0.000309944
0.000311613
0.000310421
0.000305414
0.000271559
0.000311852
0.000214338
0.000214577
0.000307560
0.000266790
0.000299215
0.000300646
0.000192642
0.000212669
0.000308752
0.000302792
0.000302315
0.000303745
0.000212193
0.000309944
0.000306129
0.000306368
0.000308514
0.000303268
0.000308514
0.000211954
0.000268936
0.000211716
0.000306606
0.000314236
0.000211239
0.000212193
0.000310659
0.000216007
0.000212431
0.000308514
0.000215769
0.000303507
0.000216961
0.000308037
0.000215530
0.000305414
0.000212193
0.000214338
0.000308752
0.000210762
0.000318527
0.000304699
0.000269890
0.000305176
0.000210524
0.000215530
0.000269413
0.000302792
0.000304937
0.000303507
0.000303268
0.000307798
0.000213146
0.000211000
0.000297785
0.000303745
0.000304222
0.000211716
0.000212908
0.000307083
0.000305891
0.000211954
0.000218630
0.000308514
0.000305653
0.000211954
0.000307322
0.000211954
0.000301838
0.000303984
0.000212908
0.000215292
0.000303268
0.000211716
0.000211000
0.000309229
0.000210285
0.000307083
0.000213385
0.000210524
0.000310421
0.000305176
0.000309944
0.000212669
0.000307798
0.000305891
0.000305891
0.000212431
0.000211477
0.000306368
0.000303507
0.000310659
0.000210762
0.000307083
0.000303030
0.000309706
0.000211954
0.000214100
0.000214338
0.000304937
0.000305176
0.000305653
0.000211716
0.000306606
0.000213385
0.000211954
0.000211954
0.000213385
0.000303745
0.000211477
0.000211477
0.000212193
0.000303745
0.000306129
0.000217438
0.000211477
0.000306368
0.000308275
0.000307083
0.000213146
0.000212431
0.000309229
0.000305414
0.000306368
0.000307083
0.000308514
0.000303745
0.000213146
0.000213623
0.000210524
0.000307798
0.000303745
0.000212669
0.000216007
0.000304937
0.000306606
0.000306606
0.000211954
0.000210762
0.000306129
0.000270367
0.000305414
0.000309229
0.000307560
0.000309944
0.000270367
0.000268221
0.000269651
0.000270128
0.000271320
0.000307798
0.000211477
0.000302792
0.000308037
0.000272512
0.000219822
0.000269413
0.000312567
0.000210285
0.000210762
0.000211000
0.000306845
0.000309467
0.000212431
0.000195026
0.000227690
0.000270605
0.000215054
0.000214815
0.000307560
0.000308037
0.000303984
0.000211954
0.000211239
0.000306606
0.000303984
0.000305653
0.000212669
0.000302553
0.000305176
0.000210285
0.000211954
0.000306129
0.000306368
0.000213146
0.000214577
0.000225782
0.000302792
0.000214100
0.000303745
0.000312090
0.000308037
0.000309706
0.000306606
0.000302792
0.000322342
0.000269413
0.000304937
0.000305653
0.000269413
0.000312090
0.000309229
0.000311375
0.000305891
0.000318050
0.000308514
0.000271320
0.000213861
0.000306368
0.000259399
0.000309467
0.000269175
0.000314474
0.000307322
0.000308752
0.000308037
0.000306368
0.000214577
0.000312567
0.000306845
0.000307322
0.000309944
0.000308752
0.000270605
0.000305891
0.000305891
0.000312567
0.000309944
0.000308752
0.000270844
0.000306606
0.000307798
0.000271320
0.000304461
0.000313520
0.000305891
0.000304699
0.000307083
0.000212908
0.000213146
0.000312805
0.000210285
0.000307083
0.000212193
0.000212431
0.000307322
0.000214815
0.000216961
0.000224113
0.000302792
0.000301361
0.000210762
0.000218153
0.000215530
0.000306845
0.000305414
0.000210285
0.000307083
0.000212431
0.000211716
0.000213623
0.000211477
0.000226974
0.000305653
0.000213146
0.000307083
0.000308037
0.000306368
0.000212908
0.000212669
0.000308037
0.000304222
0.000213623
0.000214338
0.000215292
0.000311375
0.000217915
0.000270367
0.000211477
0.000307798
0.000210524
0.000307083
0.000213385
0.000304699
0.000306368
0.000301600
0.000211477
0.000212431
0.000270128
0.000309229
0.000211716
