0.000309229
0.000224352
0.000316620
0.000221968
0.000221968
0.000313520
0.000314951
0.000219822
0.000220060
0.000315189
0.000316143
0.000223398
0.000221729
0.000264645
0.000313282
0.000317812
0.000315905
0.000220299
0.000312090
0.000222206
0.000315905
0.000222206
0.000220537
0.000230312
0.000279427
0.000313997
0.000225067
0.000316143
0.000316381
0.000361204
0.000318527
0.000315428
0.000312090
0.000220060
0.000218391
0.000285387
0.000230074
0.000314474
0.000315189
0.000228167
0.000321865
0.000313997
0.000312805
0.000220537
0.000219822
0.000225782
0.000310659
0.000222206
0.000221968
0.000276089
0.000313520
0.000313759
0.000220776
0.000315189
0.000316381
0.000313044
0.000316381
0.000312567
0.000217915
0.000312805
0.000313759
0.000314474
0.000215530
0.000328064
0.000313044
0.000315905
0.000221729
0.000270128
0.000317097
0.000317097
0.000222445
0.000326157
0.000314713
0.000319004
0.000313044
0.000253439
0.000312328
0.000322580
0.000220537
0.000324488
0.000312805
0.000314951
0.000314713
0.000314236
0.000265598
0.000314951
0.000317574
0.000313520
0.000218868
0.000315428
0.000274897
0.000276327
0.000313044
0.000312567
0.000315666
0.000311375
0.000313997
0.000311852
0.000216246
0.000314474
0.000318527
0.000311136
0.000218868
0.000321150
0.000310183
0.000310659
0.000223160
0.000314474
0.000313044
0.000313997
0.000220060
0.000318289
0.000312805
0.000321865
0.000310898
0.000310898
0.000323057
0.000310421
0.000312090
0.000275850
0.000311852
0.000312328
0.000312567
0.000310659
0.000285625
0.000314713
0.000311136
0.000314474
0.000313282
0.000289679
0.000225306
0.000314951
0.000314236
0.000218153
0.000315189
0.000312090
0.000313282
0.000311136
0.000218630
0.000311136
0.000311136
0.000315666
0.000317812
0.000203133
0.000313759
0.000308990
0.000311136
0.000307560
0.000316143
0.000312805
0.000310421
0.000308514
0.000218391
0.000278950
0.000315428
0.000289679
0.000234604
0.000319004
0.000314236
0.000275135
0.000313997
0.000213385
0.000314474
0.000313282
0.000276804
0.000214577
0.000276327
0.000311136
0.000311136
0.000319958
0.000313520
0.000311375
0.000310898
0.000312805
0.000222683
0.000313759
0.000310183
0.000313520
0.000312567
0.000313997
0.000275373
0.000313520
0.000318050
0.000334978
0.000313997
0.000309229
0.000314951
0.000308037
0.000314236
0.000313759
0.000311613
0.000216961
0.000312328
0.000313520
0.000270844
0.000219345
0.000274897
0.000316143
0.000275612
0.000311375
0.000218868
0.000310183
0.000216722
0.000219345
0.000221491
0.000315428
0.000309706
0.000313997
0.000276566
0.000283003
0.000313520
0.000282764
0.000218630
0.000217438
0.000311375
0.000311852
0.000317574
0.000220060
0.000313759
0.000308990
0.000274897
0.000311136
0.000225067
0.000219345
0.000309944
0.000311136
0.000223160
0.000231743
0.000314236
0.000314236
0.000312090
0.000310421
0.000308990
0.000309467
0.000312328
0.000217676
0.000289679
0.000307560
0.000312328
0.000311136
0.000313520
0.000311613
0.000218391
0.000220060
0.000218391
0.000313044
0.000313997
0.000312328
0.000311613
0.000284195
0.000312567
0.000314713
0.000217438
0.000219345
0.000314236
0.000313997
0.000219345
0.000218153
0.000260830
0.000313044
0.000311852
0.000221014
0.000220060
0.000326872
0.000314236
0.000319004
0.000319719
0.000229120
0.000311852
0.000315428
0.000309467
0.000244379
0.000313520
0.000203371
0.000226974
0.000223875
0.000218868
0.000282764
0.000313520
0.000218153
0.000218391
0.000318766
0.000313759
0.000313759
0.000217676
0.000316858
0.000279427
0.000220537
0.000221729
0.000232220
0.000310183
0.000315905
0.000221014
0.000219107
0.000313759
0.000313520
0.000219822
0.000216007
0.000195026
0.000322342
0.000312090
0.000217915
0.000216246
0.000310659
0.000317097
0.000318050
0.000219107
0.000221729
0.000313997
0.000317574
0.000312567
0.000316143
0.000317335
0.000216484
0.000269175
0.000218630
0.000315905
0.000313282
0.000220060
0.000219822
0.000228405
0.000312805
0.000317812
0.000220776
0.000316858
0.000311136
0.000321388
0.000221014
0.000221491
0.000225782
0.000274897
0.000219584
0.000230074
0.000277519
0.000313759
0.000312090
0.000216722
0.000216961
0.000216722
0.000313997
0.000309944
0.000222445
0.000220776
0.000312328
0.000316143
0.000309944
0.000217438
0.000218153
0.000276327
0.000218630
0.000218391
0.000217438
0.000308037
0.000311375
0.000310898
0.000219822
0.000312090
0.000316143
0.000312567
0.000217676
0.000278950
0.000311136
0.000313520
0.000217915
0.000219107
0.000312090
0.000314474
0.000219107
0.000217676
0.000219584
0.000312567
0.000314236
0.000218630
0.000219107
0.000312328
0.000311136
0.000317574
0.000218391
0.000216246
0.000313759
0.000310659
0.000217915
0.000218868
0.000313759
0.000310421
0.000316620
0.000314236
0.000311136
0.000313520
0.000223160
0.000224113
0.000216246
0.000317812
0.000311613
0.000310898
0.000219345
0.000315428
0.000316620
0.000312328
0.000224352
0.000217915
0.000314236
0.000313997
0.000316143
0.000218391
0.000312328
0.000312090
0.000218153
0.000218630
0.000218868
0.000316620
0.000216722
0.000218153
0.000224352
0.000311136
0.000310898
0.000315905
0.000217915
0.000310421
0.000217199
0.000282764
0.000216484
0.000309467
0.000311375
0.000316143
0.000315905
0.000312567
0.000307798
0.000311375
0.000216246
0.000219345
0.000227928
0.000312090
0.000223398
0.000229597
0.000313044
0.000312328
0.000218630
0.000218391
0.000218391
0.000312567
0.000312328
0.000312567
0.000229597
0.000313282
0.000312328
0.000312805
0.000218153
0.000298500
0.000313759
0.000223398
0.000217438
0.000216722
0.000313282
0.000319004
0.000311613
0.000217438
0.000312090
0.000256777
0.000217676
0.000222206
0.000223398
0.000316858
0.000221491
0.000309944
0.000240088
0.000314236
0.000222445
0.000313759
0.000218630
0.000312090
0.000315428
0.000314474
0.000217438
0.000319004
0.000313044
0.000310898
0.000217915
0.000219345
0.000319719
0.000220776
0.000218391
0.000217676
0.000311613
0.000319004
0.000313997
0.000318289
0.000216961
0.000312567
0.000218391
0.000314474
0.000218868
0.000309467
0.000313282
0.000318050
0.000312328
0.000310898
0.000314713
0.000312328
0.000218868
0.000220776
0.000311613
0.000311375
0.000311136
0.000217915
0.000312328
0.000313759
0.000216007
0.000311375
0.000217676
0.000224352
0.000313282
0.000313044
0.000220060
0.000224113
0.000313044
0.000310898
0.000218868
0.000313997
0.000302792
0.000313044
0.000315666
0.000310183
0.000228405
0.000313759
0.000314236
0.000312090
0.000319481
0.000308990
0.000310659
0.000312567
0.000218868
0.000253677
0.000313044
0.000313282
0.000217199
0.000222683
0.000312805
0.000310659
0.000218630
0.000219584
0.000267506
0.000312567
0.000216961
0.000220776
0.000315428
0.000313044
0.000217199
0.000312567
0.000216961
0.000313520
0.000219107
0.000312090
0.000216961
0.000313759
0.000312328
0.000314951
0.000316381
0.000313520
0.000312328
0.000314236
0.000218630
0.000315189
0.000314474
0.000314951
0.000309706
0.000223398
0.000311136
0.000315905
0.000217199
0.000216484
0.000217199
0.000310421
0.000319242
0.000312090
0.000217438
0.000313044
0.000313997
0.000315428
0.000311613
0.000308990
0.000310898
0.000314951
0.000313759
0.000258446
0.000313759
0.000311375
0.000314951
0.000318766
0.000309229
0.000316858
0.000315666
0.000311375
0.000312805
0.000316381
0.000312567
0.000313997
0.000216484
0.000311136
0.000313759
0.000266552
0.000315905
0.000218153
0.000311136
0.000314474
0.000276804
0.000223160
0.000310659
0.000313282
0.000313759
0.000311136
0.000217199
0.000314236
0.000311613
0.000313044
0.000220060
0.000314474
0.000313282
0.000313282
0.000311852
0.000318527
0.000274420
0.000275135
0.000314713
0.000310898
0.000310898
0.000309229
0.000311375
0.000310183
0.000310183
0.000251055
0.000216722
0.000219345
0.000217915
0.000270128
0.000312090
0.000219584
0.000217676
0.000310183
0.000310421
0.000219584
0.000219822
0.000217915
0.000313759
0.000219584
0.000217915
0.000218630
0.000311613
0.000312328
0.000218153
0.000219107
0.000310659
0.000217199
0.000218868
0.000220537
0.000217438
0.000311136
0.000311613
0.000217438
0.000221014
0.000313997
0.000314236
0.000218153
0.000311136
0.000217676
0.000312567
0.000315189
0.000219822
0.000217676
0.000314474
0.000221491
0.000310421
0.000217915
0.000219345
0.000315905
0.000312805
0.000218868
0.000222683
0.000310183
0.000315666
0.000219822
0.000221252
0.000311852
0.000313997
0.000217438
0.000311375
0.000230551
0.000311852
0.000216722
0.000220537
0.000304699
0.000310183
0.000220776
0.000218391
0.000216484
0.000227213
0.000313282
0.000217199
0.000217199
0.000221729
0.000313520
0.000311375
0.000220299
0.000310659
0.000216246
0.000315905
0.000310183
0.000216722
0.000228643
0.000312090
0.000316620
0.000311852
0.000217676
0.000313044
0.000310183
0.000312805
0.000273466
0.000220537
0.000219584
0.000313997
0.000220776
0.000314951
0.000218391
0.000313520
0.000216722
0.000217199
0.000223637
0.000313759
0.000221252
0.000220537
0.000313282
0.000312805
0.000309706
0.000217915
0.000219822
0.000313759
0.000218391
0.000220060
0.000218868
0.000223875
0.000313759
0.000313282
0.000223160
0.000219822
0.000311613
0.000314713
0.000312090
0.000313997
0.000223875
0.000313997
0.000222445
0.000313997
0.000308037
0.000311136
0.000220299
0.000309944
0.000217915
0.000316381
0.000314236
0.000313520
0.000220776
0.000228167
0.000313520
0.000312328
0.000219107
0.000217915
0.000217676
0.000315428
0.000220299
0.000217676
0.000225067
0.000313759
0.000217438
0.000216722
0.000311613
0.000225544
0.000218391
0.000217915
0.000217676
0.000313759
0.000221014
0.000308752
0.000219822
0.000314951
0.000317812
0.000313520
0.000308990
0.000212193
0.000226736
0.000311852
0.000218630
0.000217438
0.000311852
0.000311136
0.000311375
0.000311375
0.000220060
0.000222683
0.000314474
0.000217199
0.000219107
0.000223875
0.000220537
0.000316858
0.000311613
0.000312567
0.000317097
0.000312567
0.000218868
0.000219584
0.000217676
0.000311613
0.000312090
0.000312805
0.000262976
0.000272989
0.000310898
0.000276089
0.000216722
0.000216722
0.000312328
0.000313044
0.000217676
0.000217915
0.000311136
0.000316620
0.000276089
0.000218868
0.000276804
0.000314236
0.000218868
0.000312328
0.000218868
0.000310659
0.000311613
0.000312090
0.000218153
0.000308514
0.000217438
0.000311613
0.000216961
0.000219107
0.000313044
0.000311136
0.000313044
0.000223398
0.000309944
0.000314236
0.000224113
0.000320435
0.000217676
0.000312328
0.000216722
0.000314236
0.000219822
0.000310659
0.000216961
0.000308275
0.000312090
0.000219822
0.000311136
0.000311852
0.000217199
0.000223875
0.000314236
0.000312567
0.000316620
0.000313044
0.000311136
0.000312567
0.000220060
0.000314951
0.000216484
0.000312090
0.000313282
0.000312567
0.000217915
0.000315428
0.000223875
0.000310659
0.000218391
0.000219107
0.000319958
0.000313044
0.000314474
0.000217199
0.000313520
0.000312567
0.000227928
0.000312090
0.000221014
0.000311375
0.000217199
0.000313044
0.000219107
0.000313520
0.000314236
0.000313282
0.000217438
0.000309706
0.000313759
0.000313520
0.000220776
0.000215530
0.000313520
0.000314474
0.000315189
0.000309944
0.000217676
0.000312328
0.000218391
0.000313997
0.000223160
0.000310898
0.000314951
0.000218868
0.000309467
0.000310659
0.000217676
0.000313044
0.000217676
0.000314236
0.000311375
0.000314474
0.000218630
0.000314713
0.000315189
0.000311136
0.000319242
0.000311852
0.000312328
0.000311852
0.000220060
0.000312567
0.000315428
0.000311136
0.000216007
0.000311375
0.000308514
0.000318766
0.000312328
0.000308752
0.000220299
0.000313282
0.000221014
0.000313759
0.000213623
0.000276566
0.000248432
0.000314474
0.000219107
0.000311852
0.000313759
0.000309944
0.000219584
0.000309706
0.000313759
0.000310183
0.000311613
0.000313997
0.000220060
0.000312567
0.000219107
0.000313997
0.000222206
0.000314474
0.000316143
0.000310421
0.000217676
0.000307560
0.000218153
0.000313997
0.000312567
0.000312805
0.000312567
0.000310898
0.000217676
0.000263214
0.000313997
0.000310659
0.000312090
0.000294447
0.000217915
0.000312090
0.000218868
0.000312090
0.000219584
0.000311136
0.000219107
0.000314951
0.000219345
0.000218153
0.000316381
0.000313759
0.000309706
0.000217915
0.000314713
0.000315666
0.000313044
