0.000514030
0.000337124
0.000436783
0.000361204
0.000358820
0.000431299
0.000364780
0.000360489
0.000364780
0.000366926
0.000364065
0.000431061
0.000363111
0.000363588
0.000445127
0.000355482
0.000353813
0.000304699
0.000376701
0.000303745
0.000364065
0.000370979
0.000438213
0.000357389
0.000361443
0.000371218
0.000434637
0.000360727
0.000302553
0.000359297
0.000358820
0.000401974
0.000303268
0.000365257
0.000436544
0.000365019
0.000339270
0.000360250
0.000390530
0.000362158
0.000374794
0.000360489
0.000313044
0.000364304
0.000360012
0.000438213
0.000359774
0.000363350
0.000436068
0.000371695
0.000302315
0.000431061
0.000360250
0.000365257
0.000362635
0.000357628
0.000434399
0.000360250
0.000302315
0.000371456
0.000408649
0.000359535
0.000305414
0.000430346
0.000368357
0.000432014
0.000360250
0.000361443
0.000359774
0.000363350
0.000356674
0.000446320
0.000289202
0.000319958
0.000358820
0.000359058
0.000374079
0.000329018
0.000361681
0.000427485
0.000307322
0.000366211
0.000273228
0.000428677
0.000360489
0.000362396
0.000276089
0.000434160
0.000363588
0.000358582
0.000358582
0.000303745
0.000435591
0.000360250
0.000285864
0.000406504
0.000368595
0.000363588
0.000362158
0.000359535
0.000430822
0.000351906
0.000298262
0.000353575
0.000323057
0.000356436
0.000339508
0.000360727
0.000352383
0.000350714
0.000350952
0.000351429
0.000352383
0.000351429
0.000354767
0.000351906
0.000352383
0.000350714
0.000293970
0.000351906
0.000355005
0.000350475
0.000355005
0.000355482
0.000353575
0.000351191
0.000354767
0.000352859
0.000351906
0.000351191
0.000361919
0.000354767
0.000353813
0.000359297
0.000353813
0.000355244
0.000308752
0.000352144
0.000352383
0.000357628
0.000351191
0.000345469
0.000352144
0.000352859
0.000352621
0.000269413
0.000349760
0.000353098
0.000296116
0.000267982
0.000348806
0.000365496
0.000312328
0.000318766
0.000355959
0.000359297
0.000307798
0.000295162
0.000355244
0.000351667
0.000349760
0.000358105
0.000354290
0.000356197
0.000353575
0.000355005
0.000354767
0.000297785
0.000400782
0.000351429
0.000356913
0.000356913
0.000306368
0.000354052
0.000357628
0.000349998
0.000296593
0.000352144
0.000359535
0.000300407
0.000366211
0.000360489
0.000351906
0.000354767
0.000294685
0.000352859
0.000342607
0.000355482
0.000295162
0.000300407
0.000352621
0.000358105
0.000366211
0.000351906
0.000352859
0.000352383
0.000351429
0.000358820
0.000350237
0.000308037
0.000349522
0.000350952
0.000349998
0.000354767
0.000363111
0.000353336
0.000358582
0.000350952
0.000351906
0.000355959
0.000351667
0.000353813
0.000268936
0.000352859
0.000352383
0.000359297
0.000302315
0.000366688
0.000349760
0.000296593
0.000358105
0.000351667
0.000353813
0.000349760
0.000351906
0.000268459
0.000350714
0.000351667
0.000296831
0.000296354
0.000354767
0.000350475
0.000293970
0.000292301
0.000296116
0.000351906
0.000353336
0.000352144
0.000351429
0.000354767
0.000351429
0.000344515
0.000299454
0.000293732
0.000356436
0.000352859
0.000352383
0.000293016
0.000353813
0.000353098
0.000355005
0.000296593
0.000298738
0.000353575
0.000357389
0.000296593
0.000292778
0.000356197
0.000352144
0.000296593
0.000352859
0.000352859
0.000353098
0.000356674
0.000351906
0.000337839
0.000353575
0.000294685
0.000288725
0.000355244
0.000351906
0.000294209
0.000354290
0.000302076
0.000307083
0.000354052
0.000352859
0.000296593
0.000346422
0.000350475
0.000354052
0.000349760
0.000292540
0.000292778
0.000354052
0.000350475
0.000294924
0.000295877
0.000350952
0.000296593
0.000360727
0.000352621
0.000290871
0.000349283
0.000349998
0.000353336
0.000354528
0.000350714
0.000351906
0.000293970
0.000350475
0.000349522
0.000354290
0.000295162
0.000293732
0.000292063
0.000351429
0.000351906
0.000350714
0.000293255
0.000350475
0.000297070
0.000296116
0.000355721
0.000298977
0.000310898
0.000359535
0.000292063
0.000296593
0.000352383
0.000340939
0.000331640
0.000354052
0.000350475
0.000352859
0.000352383
0.000349522
0.000355959
0.000349283
0.000351191
0.000359774
0.000353575
0.000354290
0.000355721
0.000352144
0.000349998
0.000352144
0.000351906
0.000352144
0.000357866
0.000349283
0.000355244
0.000355244
0.000289440
0.000349283
0.000292778
0.000351191
0.000352621
0.000350237
0.000297308
0.000313520
0.000347376
0.000351429
0.000352859
0.000350714
0.000349522
0.000351906
0.000291109
0.000290155
0.000305414
0.000299215
0.000351191
0.000353336
0.000350952
0.000355005
0.000356197
0.000351191
0.000353336
0.000290155
0.000350237
0.000351429
0.000349760
0.000353098
0.000353575
0.000353336
0.000360012
0.000325441
0.000278950
0.000351667
0.000352621
0.000351667
0.000278473
0.000352621
0.000354290
0.000349998
0.000350475
0.000352144
0.000357866
0.000291348
0.000292778
0.000296116
0.000349760
0.000352383
0.000291348
0.000319481
0.000351667
0.000363111
0.000303745
0.000294447
0.000293970
0.000352383
0.000328779
0.000296593
0.000292778
0.000351667
0.000354767
0.000353098
0.000297070
0.000295401
0.000350237
0.000352859
0.000295401
0.000292778
0.000351429
0.000355959
0.000350714
0.000352383
0.000349998
0.000350237
0.000350237
0.000296354
0.000353098
0.000353813
0.000351667
0.000351429
0.000267267
0.000351191
0.000353575
0.000353336
0.000298023
0.000298262
0.000353575
0.000355005
0.000353336
0.000351667
0.000355244
0.000355959
0.000295877
0.000295162
0.000296116
0.000357866
0.000334263
0.000352144
0.000292540
0.000357151
0.000350952
0.000353575
0.000296354
0.000352144
0.000297546
0.000295877
0.000298023
0.000291109
0.000352621
0.000349522
0.000353813
0.000351667
0.000351906
0.000356436
0.000350714
0.000356674
0.000308752
0.000351191
0.000293732
0.000292301
0.000349998
0.000351667
0.000295162
0.000354052
0.000294209
0.000307798
0.000357628
0.000352144
0.000295639
0.000307322
0.000352859
0.000350237
0.000292778
0.000352621
0.000352383
0.000296831
0.000352859
0.000354767
0.000275373
0.000351906
0.000353098
0.000358820
0.000277042
0.000349760
0.000353336
0.000351429
0.000351906
0.000331402
0.000351191
0.000352144
0.000351429
0.000269651
0.000352383
0.000351667
0.000357389
0.000351667
0.000355005
0.000350714
0.000292540
0.000350237
0.000330925
0.000350714
0.000350952
0.000352383
0.000295162
0.000346184
0.000299692
0.000349760
0.000292540
0.000351191
0.000351667
0.000353336
0.000296116
0.000309467
0.000350714
0.000348568
0.000292540
0.000352859
0.000289917
0.000350475
0.000351191
0.000352383
0.000293493
0.000350952
0.000296593
0.000351906
0.000294209
0.000294209
0.000352383
0.000354767
0.000293255
0.000349283
0.000350475
0.000357866
0.000290871
0.000343800
0.000358820
0.000351191
0.000291824
0.000350952
0.000348806
0.000354528
0.000355244
0.000349760
0.000292540
0.000354290
0.000350714
0.000268936
0.000292778
0.000356674
0.000352383
0.000296593
0.000320196
0.000359774
0.000355005
0.000349760
0.000293732
0.000355482
0.000293732
0.000352383
0.000357866
0.000350475
0.000298262
0.000352383
0.000300169
0.000353813
0.000293255
0.000351906
0.000351667
0.000351906
0.000297785
0.000307083
0.000352621
0.000349522
0.000294447
0.000356674
0.000350714
0.000351906
0.000296593
0.000354290
0.000272036
0.000353336
0.000350952
0.000349522
0.000271320
0.000352144
0.000355005
0.000350237
0.000359058
0.000360250
0.000352621
0.000352383
0.000353336
0.000329256
0.000353098
0.000349045
0.000352859
0.000352383
0.000352383
0.000351429
0.000351429
0.000294685
0.000292063
0.000351906
0.000294924
0.000354052
0.000291109
0.000359535
0.000294924
0.000294924
0.000292540
0.000295401
0.000356674
0.000294685
0.000292778
0.000348806
0.000353813
0.000351429
0.000295162
0.000290871
0.000353336
0.000351191
0.000350952
0.000292301
0.000291824
0.000344276
0.000351667
0.000293016
0.000351191
0.000349522
0.000352621
0.000296354
0.000294924
0.000349760
0.000350952
0.000350714
0.000351429
0.000358820
0.000350237
0.000352383
0.000359297
0.000294447
0.000298262
0.000355244
0.000294447
0.000295639
0.000296116
0.000354052
0.000355005
0.000311852
0.000292778
0.000292063
0.000352144
0.000356674
0.000295162
0.000291586
0.000349045
0.000352144
0.000351429
0.000353336
0.000350237
0.000299215
0.000355721
0.000352144
0.000295162
0.000350237
0.000357151
0.000295401
0.000290871
0.000351667
0.000293255
0.000352383
0.000352383
0.000327349
0.000350475
0.000349998
0.000350714
0.000272036
0.000348568
0.000358820
0.000349760
0.000324488
0.000334978
0.000350475
0.000351191
0.000352144
0.000325918
0.000353575
0.000349522
0.000352621
0.000293970
0.000347853
0.000354290
0.000296116
0.000296593
0.000351906
0.000355721
0.000345230
0.000292063
0.000324965
0.000350475
0.000353098
0.000355005
0.000350475
0.000356197
0.000353098
0.000241995
0.000352144
0.000351191
0.000349998
0.000350714
0.000347614
0.000350475
0.000349045
0.000349283
0.000285864
0.000292063
0.000292301
0.000352621
0.000294209
0.000350237
0.000293732
0.000355005
0.000350952
0.000352144
0.000351191
0.000295639
0.000351906
0.000353336
0.000294685
0.000294685
0.000357151
0.000359535
0.000292778
0.000297070
0.000351906
0.000354290
0.000355482
0.000297308
0.000294685
0.000352621
0.000351667
0.000349998
0.000358105
0.000292540
0.000353575
0.000350952
0.000292301
0.000295877
0.000355959
0.000351667
0.000352859
0.000351191
0.000352621
0.000355482
0.000348806
0.000350475
0.000292540
0.000354767
0.000351906
0.000292778
0.000297070
0.000356674
0.000352383
0.000356913
0.000353813
0.000295877
0.000356674
0.000354052
0.000353575
0.000270367
0.000352621
0.000359535
0.000358343
0.000359774
0.000335932
0.000350237
0.000354767
0.000351906
0.000269651
0.000353813
0.000356674
0.000351667
0.000297070
0.000348091
0.000350237
0.000352859
0.000294924
0.000289917
0.000354290
0.000352383
0.000347614
0.000291348
0.000352383
0.000357389
0.000355005
0.000294447
0.000348806
0.000350475
0.000357628
0.000351906
0.000301600
0.000352621
0.000350952
0.000353098
0.000295401
0.000295401
0.000353575
0.000351429
0.000291348
0.000305653
0.000351667
0.000355482
0.000353336
0.000293732
0.000352144
0.000357389
0.000351667
0.000293732
0.000293970
0.000350952
0.000355005
0.000352144
0.000290632
0.000357151
0.000353098
0.000357151
0.000297308
0.000293255
0.000355005
0.000354767
0.000292063
0.000352621
0.000357866
0.000349283
0.000354528
0.000360250
0.000348330
0.000352383
0.000350475
0.000357866
0.000357628
0.000356913
0.000351191
0.000354290
0.000299215
0.000350237
0.000354052
0.000349998
0.000293016
0.000356913
0.000352144
0.000359535
0.000356436
0.000352621
0.000363827
0.000357866
0.000351429
0.000293732
0.000354767
0.000351906
0.000352383
0.000292301
0.000354290
0.000350714
0.000359058
0.000357866
0.000291586
0.000350952
0.000353098
0.000357389
0.000305653
0.000351906
0.000351906
0.000350237
0.000358820
0.000290394
0.000351429
0.000358343
0.000323057
0.000298738
0.000348568
0.000353098
0.000349522
0.000355005
0.000392675
0.000349045
0.000294447
0.000297785
0.000306368
0.000352621
0.000370502
0.000351667
0.000353575
0.000352621
0.000350475
0.000352144
0.000353813
0.000360966
0.000353813
0.000353575
0.000350952
0.000309706
0.000349760
0.000355721
0.000353813
0.000352859
0.000294924
0.000353813
0.000294209
0.000355959
0.000351906
0.000351429
0.000296354
0.000350475
0.000293016
0.000352383
0.000352383
0.000352621
0.000294685
0.000292778
0.000350237
0.000349522
0.000291586
0.000300646
0.000352621
0.000353098
0.000294209
0.000353575
0.000310183
0.000352859
0.000294685
0.000353336
0.000279188
0.000349045
0.000353336
0.000351429
0.000350237
0.000270367
0.000350952
0.000352859
0.000352621
0.000271320
0.000353098
0.000359297
0.000352621
0.000350475
0.000349522
0.000353098
0.000355482
0.000355482
0.000272751
0.000349522
0.000352859
0.000356913
0.000322342
0.000342846
0.000350475
0.000350714
0.000289679
0.000293493
0.000352859
0.000351429
0.000293493
0.000354528
0.000351429
0.000352859
0.000297070
0.000349760
0.000351191
0.000354528
0.000351191
0.000299215
0.000293732
0.000350475
0.000298023
0.000358105
0.000294924
0.000350952
0.000292778
0.000326872
0.000353098
0.000350952
0.000291586
0.000330687
0.000290632
0.000351191
0.000297785
0.000351906
0.000296116
0.000294209
0.000351429
0.000352859
0.000358820
