0.012861013
0.012316704
0.002376795
0.012306213
0.012162447
0.002340555
0.002372265
0.012429714
0.012110472
0.002128363
0.002130508
0.002214670
0.012431860
0.012117386
0.012479067
0.012194633
0.012192965
0.002058983
0.002124786
0.002485991
0.002199173
0.002184153
0.012487173
0.001992941
0.012439728
0.002108574
0.002366781
0.012404203
0.002097607
0.011853218
0.002340078
0.012470484
0.002115726
0.012347698
0.012212992
0.012218475
0.012461662
0.012467861
0.012188673
0.002120018
0.012275457
0.012218237
0.002077818
0.012356758
0.012231112
0.012298584
0.012192249
0.012441158
0.012129068
0.002142429
0.002093077
0.002362013
0.002415895
0.002381802
0.012205601
0.012284994
0.012338161
0.012414694
0.012099981
0.002364159
0.012011528
0.012192726
0.012451172
0.011979818
0.012454987
0.012391329
0.012450457
0.002179623
0.012191772
0.002154350
0.013811111
0.002143621
0.002131224
0.002362251
0.002333403
0.012166500
0.012187958
0.012211323
0.012446642
0.002157688
0.002368689
0.012358665
0.012459040
0.012042999
0.012220860
0.012444258
0.012182236
0.012460947
0.012429714
0.002118826
0.002105951
0.012404203
0.002198696
0.012403965
0.002132654
0.012441397
0.012326479
0.012443066
0.012193680
0.012406111
0.012205124
0.002020121
0.012039661
0.002087355
0.002066851
0.002081633
0.012085438
0.002060413
0.002081633
0.002032280
0.012017012
0.002027035
0.001996517
0.012431622
0.012294292
0.002008677
0.012051344
0.002015352
0.002019405
0.002038240
0.002040148
0.002051592
0.011600018
0.002019882
0.001996994
0.002015829
0.012551069
0.002025604
0.012614727
0.002022982
0.001990080
0.002011061
0.001992702
0.002068758
0.002000332
0.002029419
0.002008200
0.002037048
0.001996994
0.002023935
0.001995564
0.002023220
0.002019405
0.012538671
0.002029419
0.002018929
0.001988888
0.002049446
0.002006292
0.002035141
0.002008677
0.012439966
0.001995802
0.002033949
0.002013206
0.002017021
0.001994848
0.002012253
0.002004385
0.012098312
0.002015114
0.002016783
0.012244940
0.002026320
0.002034664
0.002016544
0.002006769
0.002025843
0.002018452
0.002019167
0.002025604
0.002043962
0.001994848
0.012429953
0.011862755
0.002019167
0.001983643
0.002023220
0.001996040
0.002010584
0.012481928
0.002042532
0.002002954
0.002015352
0.012088776
0.002024174
0.002007008
0.002019882
0.002036810
0.002022743
0.001997471
0.002007484
0.001996040
0.002016544
0.012070417
0.012094259
0.002025366
0.012064695
0.012083769
0.002011538
0.002011061
0.002050400
0.002034903
0.012427568
0.002015352
0.002016068
0.002005577
0.002002001
0.002008200
0.002040863
0.002051115
0.002010584
0.002024412
0.002009869
0.011854172
0.002028704
0.001992464
0.002029419
0.012067795
0.002038240
0.002019882
0.002023458
0.002010345
0.002014637
0.012438297
0.002009392
0.001995802
0.002019644
0.011972904
0.002023220
0.002003193
0.002006054
0.001993179
0.012498617
0.002022743
0.002012730
0.002006292
0.002104521
0.002009869
0.002020359
0.002012014
0.012593746
0.002002001
0.012085438
0.012520313
0.002027988
0.011744738
0.001850128
0.012063026
0.002017498
0.002006531
0.012361765
0.001992464
0.002017498
0.002006531
0.002020836
0.002003193
0.002012253
0.001984358
0.002010107
0.002016544
0.002013445
0.002007723
0.001850128
0.002016306
0.002036095
0.012078047
0.001883745
0.002015829
0.001873016
0.012458801
0.002031088
0.002036810
0.002009630
0.001976490
0.001984835
0.002035618
0.002029419
0.011860371
0.002052546
0.002063990
0.002029657
0.012683153
0.002056360
0.002014637
0.002016068
0.002007723
0.002005577
0.002006292
0.002043009
0.002016306
0.002016306
0.002019405
0.002016783
0.001875877
0.002020597
0.002018213
0.002042532
0.012099743
0.002023220
0.002006292
0.012485981
0.002020597
0.011935711
0.012080908
0.012501478
0.012589455
0.002006769
0.002008200
0.002047062
0.002030611
0.002036810
0.012073278
0.002031326
0.001994371
0.012466192
0.012081385
0.002021551
0.002009153
0.002025366
0.012450695
0.002059460
0.002147198
0.002048254
0.001997232
0.012035608
0.001990080
0.002017260
0.001996756
0.002026558
0.002039671
0.002019882
0.001996994
0.002016306
0.001989365
0.002046108
0.002000093
0.002029181
0.002005816
0.002035618
0.012422562
0.002022743
0.002009153
0.002078056
0.002027273
0.012457848
0.001876831
0.002014399
0.012060642
0.002056122
0.001996756
0.002027512
0.012082577
0.002029419
0.001991272
0.002030373
0.012078524
0.012570381
0.001990318
0.002027512
0.002018213
0.002031326
0.002010107
0.002026081
0.002021074
0.002048731
0.002022743
0.002022505
0.001986980
0.002023697
0.002010107
0.002016306
0.002018929
0.002043247
0.002000332
0.002030611
0.002009869
0.002022028
0.012546539
0.002030611
0.001972198
0.002006531
0.012037039
0.002056837
0.002022266
0.002019882
0.011867285
0.002017975
0.002018213
0.002019882
0.012537718
0.002017498
0.002042055
0.002009869
0.012091875
0.012471914
0.001989126
0.002035379
0.002017975
0.001882792
0.001999855
0.002015114
0.001994848
0.002043247
0.002035856
0.002038717
0.002033710
0.002011061
0.002004623
0.002018213
0.012583256
0.002039671
0.002026796
0.012089968
0.002035141
0.002033234
0.002004147
0.002024174
0.001993418
0.002015352
0.002011776
0.002030849
0.002038002
0.002046585
0.002032280
0.012339592
0.011583805
0.002016783
0.001852274
0.012366056
0.002098322
0.002031088
0.001994848
0.012416601
0.012057066
0.012084484
0.012104988
0.002012491
0.002011061
0.011528969
0.002038717
0.002014160
0.002008915
0.001902819
0.002007246
0.002100468
0.002015829
0.002032995
0.002050638
0.002055645
0.012488842
0.012462378
0.001991272
0.002028704
0.001996756
0.002020359
0.002017021
0.002021551
0.001983166
0.002011538
0.012085199
0.012185574
0.001996756
0.002025127
0.001992464
0.002022266
0.002042294
0.002037525
0.001999855
0.002017736
0.001997232
0.002038240
0.002004623
0.002031326
0.012525082
0.002004862
0.002003193
0.002017260
0.001991034
0.012585640
0.012664318
0.012092352
0.002011538
0.002041578
0.002051592
0.012505054
0.012531996
0.012100697
0.002008200
0.002014637
0.002008438
0.012582779
0.002040863
0.002019405
0.012080431
0.001998425
0.002060175
0.002014637
0.002020836
0.002030611
0.002031803
0.012204885
0.002011061
0.002017736
0.002032995
0.002046108
0.001877546
0.002044201
0.002002001
0.002033472
0.002013683
0.002022743
0.002029657
0.002049685
0.012493372
0.002036095
0.001994848
0.002017975
0.002007246
0.002015591
0.002006054
0.002010584
0.002002239
0.002070427
0.002017975
0.002036095
0.012078285
0.012085438
0.002008200
0.002015829
0.001998663
0.002012014
0.002030134
0.002007723
0.012076139
0.002022743
0.001981497
0.002113342
0.002011299
0.012416840
0.001999378
0.002036095
0.001995087
0.002018452
0.002007246
0.002018929
0.002030373
0.002026320
0.002013922
0.002017021
0.002004623
0.002026558
0.012082338
0.002013445
0.011626482
0.002014637
0.012079000
0.002025604
0.012467861
0.002081871
0.001999378
0.001998186
0.002012730
0.002022505
0.002006054
0.002024889
0.002015352
0.002023458
0.002135038
0.002017260
0.002003670
0.012514591
0.002095938
0.001854420
0.002019644
0.002042055
0.001989841
0.002017736
0.001984119
0.002014399
0.001989841
0.002037048
0.001847744
0.002018213
0.002017736
0.002061605
0.001997232
0.002011299
0.012079000
0.002048969
0.002004147
0.002010822
0.002037048
0.002095222
0.012075901
0.002001524
0.012083054
0.002020121
0.012481213
0.002021313
0.002035379
0.002002239
0.002002954
0.012104988
0.011910200
0.002048731
0.002016068
0.012430906
0.002021074
0.002020359
0.001994848
0.002010584
0.002013445
0.001970053
0.001960993
0.013145924
0.002042532
0.012078524
0.012443781
0.002074480
0.001998186
0.002015352
0.001992226
0.002031088
0.002024412
0.011752129
0.002029896
0.002016544
0.002014160
0.002009153
0.011781693
0.002007008
0.002008200
0.012429714
0.002020597
0.002006769
0.002007484
0.002005577
0.002024412
0.012469530
0.002001762
0.002010822
0.002021551
0.002012491
0.001994371
0.002012730
0.001997232
0.002047777
0.012078047
0.002029181
0.001982927
0.012095213
0.002030134
0.012482882
0.001992464
0.002009869
0.001995802
0.002013922
0.012077093
0.002020836
0.002026796
0.002008200
0.002005577
0.002022028
0.012258768
0.002025127
0.012075901
0.002025604
0.002012014
0.001876354
0.001990557
0.002017021
0.001997471
0.002076626
0.002002954
0.002025127
0.002027988
0.002007961
0.002020597
0.012516022
0.001989126
0.002010584
0.002053261
0.002019882
0.012077570
0.002033710
0.002115726
0.002014399
0.012076855
0.002007246
0.001991987
0.001913548
0.012074947
0.002054930
0.002001047
0.002049208
0.012483120
0.002003193
0.002005339
0.002012253
0.002022505
0.002038956
0.001988649
0.002037525
0.002001524
0.002008200
0.002041817
0.002056599
0.002011538
0.002046585
0.001995087
0.002014875
0.002030134
0.002022266
0.012072325
0.002038002
0.001857996
0.002034664
0.001999140
0.002014160
0.002007246
0.002018452
0.012079954
0.002027750
0.002005100
0.001984119
0.002011538
0.002048969
0.012079716
0.002021551
0.001992226
0.002019405
0.002269983
0.002035379
0.002029657
0.002016068
0.001994133
0.002017021
0.001986027
0.001894474
0.002000093
0.002018929
0.002006292
0.002041817
0.001989603
0.002016306
0.002014875
0.002013206
0.002027750
0.012099266
0.002032757
0.002018213
0.002015114
0.002032042
0.002007961
0.002018452
0.001871824
0.002014399
0.001994610
0.002030373
0.002005816
0.002019882
0.001998901
0.002020597
0.001999855
0.011837482
0.002013206
0.002026081
0.002002239
0.012420654
0.002012730
0.002037764
0.001987219
0.001999140
0.002018929
0.002058029
0.002023697
0.002056599
0.001987934
0.002032280
0.001865864
0.002024412
0.001868725
0.002072096
0.011493444
0.001971960
0.001978874
0.002090454
0.002006292
0.012106180
0.001889706
0.012598515
0.002007246
0.002014637
0.002028227
0.002012491
0.002011299
0.002005577
0.001991034
0.002142906
0.002020359
0.002029896
0.002022266
0.012084246
0.001994610
0.002015591
0.002006769
0.002037764
0.002023935
0.002021313
0.002036810
0.002017736
0.002016544
0.002016544
0.001999855
0.002038717
0.002029181
0.012471199
0.002007008
0.002010822
0.002000332
0.002020121
0.001997471
0.012499571
0.012456417
0.002037525
0.002029181
0.002030849
0.002022982
0.012089491
0.001989841
0.012091875
0.001996040
0.002343178
0.012078285
0.002015829
0.001999378
0.002012730
0.002005816
0.002002478
0.002017498
0.001998901
0.002007008
0.002015591
0.002009153
0.011997938
0.001993179
0.002009630
0.001990557
0.002031565
0.002005100
0.002029896
0.002004147
0.002011538
0.002023220
0.002725124
0.002000809
0.002015591
0.012469769
0.002343416
0.001995087
0.002010822
0.012083054
0.002028465
0.002002239
0.002016068
0.012067795
0.002025366
0.003019810
0.012086391
0.002024889
0.002041101
0.003331900
0.012094021
0.001997948
0.012520313
0.012078047
0.002025604
0.002025843
0.002015829
0.002029181
0.002012491
0.001995564
0.002020359
0.002006054
0.002033949
0.002012968
0.002051353
0.012535810
0.002014399
0.001995325
0.012457848
0.012500763
0.002016783
0.002001286
0.012484789
0.001993179
0.012092352
0.001992702
0.002013922
0.002016068
0.002012253
0.002008915
0.001890898
0.001990795
0.002021313
0.001999140
0.012512207
0.002027988
0.002053261
0.002007008
0.002043962
0.002001524
0.002032518
0.001999617
0.012089252
0.002019167
0.002047539
0.002017260
0.002034664
0.001986265
0.002021074
0.003622770
0.012089014
0.001992702
0.002020359
0.012085199
0.002053738
0.002026558
0.012462854
0.001988173
0.001883268
0.002001524
0.002024889
0.012465477
0.012413025
0.002029181
0.002016068
0.002005816
0.002015352
0.002000332
0.002052069
0.002004623
0.002022028
0.002000570
0.002033234
0.001989841
0.002014875
0.001999617
0.002024889
0.012478828
0.002016306
0.001880884
0.002021790
0.012071133
0.002033710
0.001971245
0.001986027
0.012573481
0.002024651
0.001997709
0.002044439
0.002051115
0.012085676
0.001991510
0.012488365
0.001997709
0.002022505
0.002001762
0.002012968
0.002008915
0.002033710
0.002021551
0.002026320
0.012524843
0.012184858
0.002026081
0.002021551
0.002023458
0.002056122
0.002010107
0.002038002
0.002006769
0.002018690
0.002005577
0.002030849
0.001996994
0.002033472
0.002038717
0.002053022
0.002002239
0.002022266
0.002011776
0.002017260
0.002009392
0.002016783
0.002017021
0.002025127
0.002020359
