0.086775541
0.000158310
0.000241280
0.000161648
0.000236750
0.000236273
0.000246048
0.000240326
0.000188828
0.000203371
0.000176907
0.000238895
0.000246048
0.000177622
0.000236511
0.000241995
0.000179052
0.000237942
0.000159979
0.000238180
0.000177860
0.000179768
0.000179052
0.000169039
0.000179768
0.000179529
0.000174522
0.000179291
0.000175714
0.000177383
0.000187397
0.000179529
0.000169754
0.000239611
0.000134468
0.000200272
0.000207663
0.000178337
0.000199556
0.000182629
0.000203848
0.000182629
0.000180244
0.000179768
0.000144482
0.000192881
0.000177860
0.000168800
0.000172615
0.000170469
0.000165462
0.000238419
0.000207186
0.000172377
0.000179052
0.000172377
0.000208855
0.000175953
0.000175953
0.000174522
0.000177383
0.000172615
0.000171661
0.000186205
0.000157356
0.000261068
0.000278234
0.000250816
0.000274658
0.000191689
0.000175953
0.000183344
0.000166893
0.000240803
0.000135183
0.000168324
0.000182629
0.000182390
0.000202894
0.000168800
0.000211716
0.000175476
0.000173807
0.000234365
0.000174522
0.000185013
0.000238657
0.000169277
0.000171900
0.000173330
0.000173330
0.000249147
0.000187874
0.000241756
0.000236511
0.000239372
0.000257730
0.000244617
0.000190973
0.000241756
0.000249386
0.000247002
0.000249147
0.000238657
0.000238895
0.000179529
0.000237465
0.000186920
0.000239611
0.000242949
0.000238895
0.000239611
0.000245810
0.000244856
0.000182867
0.000177860
0.000247002
0.000263929
0.000175714
0.000177860
0.000178814
0.000206470
0.000204802
0.000200987
0.000256777
0.000208378
0.000177383
0.000172615
0.000173092
0.000230074
0.000234842
0.000184059
0.000226498
0.000169039
0.000186205
0.000237942
0.000184536
0.000176191
0.000175953
0.000238895
0.000178337
0.000164270
0.000166178
0.000174999
0.000202656
0.000183344
0.000154257
0.000176668
0.000206232
0.000194550
0.000189066
0.000187635
0.000198126
0.000195503
0.000183105
0.000156641
0.000200033
0.000180006
0.000171423
0.000174999
0.000186205
0.000179291
0.000177145
0.000247955
0.000120640
0.000173092
0.000199795
0.000215530
0.000184059
0.000180244
0.000178337
0.000177622
0.000175476
0.000181913
0.000188112
0.000176668
0.000171900
0.000205278
0.000222445
0.000195503
0.000203609
0.000174999
0.000170231
0.000176191
0.000185013
0.000164509
0.000175714
0.000211954
0.000183821
0.000158548
0.000183105
0.000165701
0.000177145
0.000181913
0.000148058
0.000170946
0.000176191
0.000177860
0.000247002
0.000179291
0.000247478
0.000255823
0.000274181
0.000267744
0.000186920
0.000263453
0.000243187
0.000179052
0.000242710
0.000244141
0.000239372
0.000181913
0.000242710
0.000244379
0.000237465
0.000246763
0.000175714
0.000184536
0.000240803
0.000242949
0.000241280
0.000241041
0.000247478
0.000240088
0.000150204
0.000244141
0.000193357
0.000260353
0.000239611
0.000179768
0.000264168
0.000212669
0.000267267
0.000195742
0.000265121
0.000213623
0.000271320
0.000244379
0.000211954
0.000241280
0.000241995
0.000184059
0.000242233
0.000247240
0.000236034
0.000243425
0.000243664
0.000240326
0.000240803
0.000240088
0.000248909
0.000183344
0.000242472
0.000240326
0.000244379
0.000234365
0.000178814
0.000246048
0.000239372
0.000215054
0.000199795
0.000261784
0.000214815
0.000177383
0.000210047
0.000176191
0.000258207
0.000240564
0.000229120
0.000176668
0.000237703
0.000177860
0.000239372
0.000180006
0.000144482
0.000239372
0.000245571
0.000177383
0.000243425
0.000238657
0.000241995
0.000175714
0.000234604
0.000175238
0.000149012
0.000206232
0.000176430
0.000269890
0.000266075
0.000192881
0.000187159
0.000262499
0.000263929
0.000265837
0.000237942
0.000241995
0.000241041
0.000247955
0.000243425
0.000242472
0.000242233
0.000176430
0.000241041
0.000239611
0.000177622
0.000237226
0.000248194
0.000239134
0.000235081
0.000244617
0.000236034
0.000269413
0.000234127
0.000235558
0.000147820
0.000206709
0.000235319
0.000175953
0.000242233
0.000241995
0.000200987
0.000208378
0.000262976
0.000189543
0.000242233
0.000178576
0.000176668
0.000242710
0.000236273
0.000237226
0.000175714
0.000175238
0.000239372
0.000176191
0.000141859
0.000241280
0.000192404
0.000239611
0.000239134
0.000178099
0.000185251
0.000236511
0.000259876
0.000201702
0.000143528
0.000181437
0.000171661
0.000196457
0.000195503
0.000197649
0.000179529
0.000171900
0.000233650
0.000241041
0.000178099
0.000179768
0.000238419
0.000176907
0.000243187
0.000237942
0.000239372
0.000188112
0.000239611
0.000241041
0.000143766
0.000176191
0.000176668
0.000243187
0.000241280
0.000179529
0.000187635
0.000236750
0.000212431
0.000177383
0.000150919
0.000261307
0.000237703
0.000176907
0.000204086
0.000195265
0.000266552
0.000240326
0.000236034
0.000187874
0.000175953
0.000240564
0.000176191
0.000193596
0.000165939
0.000183582
0.000176430
0.000224113
0.000185728
0.000167370
0.000132322
0.000182867
0.000176191
0.000286102
0.000178814
0.000159025
0.000180721
0.000268698
0.000172377
0.000235081
0.000138998
0.000192642
0.000197411
0.000218630
0.000205278
0.000182390
0.000177622
0.000235558
0.000174761
0.000193596
0.000203133
0.000202894
0.000177622
0.000231266
0.000246048
0.000172615
0.000185013
0.000180006
0.000177860
0.000200033
0.000143051
0.000169039
0.000228643
0.000184774
0.000172615
0.000180244
0.000176191
0.000203133
0.000204086
0.000269651
0.000234127
0.000197649
0.000183344
0.000169992
0.000181675
0.000181198
0.000178099
0.000230789
0.000170708
0.000177383
0.000228882
0.000183582
0.000171185
0.000241756
0.000174999
0.000180006
0.000189781
0.000175714
0.000194550
0.000181913
0.000145197
0.000182867
0.000248909
0.000182152
0.000244617
0.000199080
0.000237942
0.000261545
0.000201464
0.000245571
0.000223398
0.000178814
0.000238419
0.000240326
0.000239849
0.000177622
0.000242949
0.000245810
0.000243425
0.000241756
0.000250578
0.000180006
0.000144005
0.000158548
0.000179052
0.000175953
0.000171661
0.000172853
0.000176191
0.000180483
0.000150919
0.000211239
0.000179291
0.000196457
0.000204563
0.000201941
0.000207663
0.000194073
0.000174761
0.000175714
0.000164747
0.000181675
0.000245094
0.000242472
0.000180006
0.000179291
0.000239611
0.000236034
0.000241995
0.000235319
0.000241995
0.000240564
0.000237942
0.000244379
0.000176430
0.000243187
0.000232458
0.000238180
0.000249624
0.000255108
0.000144243
0.000186920
0.000189304
0.000242949
0.000281572
0.000173330
0.000240803
0.000176430
0.000175714
0.000174761
0.000146866
0.000174522
0.000205278
0.000199080
0.000200272
0.000235558
0.000177383
0.000178814
0.000241756
0.000241280
0.000244141
0.000238895
0.000236273
0.000240803
0.000235558
0.000236988
0.000239134
0.000239611
0.000240803
0.000234842
0.000140667
0.000239849
0.000244856
0.000174761
0.000181913
0.000236750
0.000243425
0.000174284
0.000179768
0.000179291
0.000207424
0.000178576
0.000180960
0.000247717
0.000240326
0.000245333
0.000178814
0.000180006
0.000249147
0.000245571
0.000205517
0.000218630
0.000275850
0.000249624
0.000266314
0.000178576
0.000242472
0.000232458
0.000249624
0.000181913
0.000141382
0.000244856
0.000245094
0.000241518
0.000241041
0.000242710
0.000243187
0.000177622
0.000182867
0.000246048
0.000251055
0.000263929
0.000200510
0.000316858
0.000258923
0.000269175
0.000267029
0.000307322
0.000271082
0.000326872
0.000233650
0.000234365
0.000341415
0.000300407
0.000206470
0.000262976
0.000208855
0.000306845
0.000295877
0.000298738
0.000274181
0.000297546
0.000301123
0.000302076
0.000300407
0.000295639
0.000302315
0.000261068
0.000260830
0.000208616
0.000269651
0.000176430
0.000253439
0.000231981
0.000201941
0.000201702
0.000145912
0.000173330
0.000200510
0.000247240
0.000226021
0.000301361
0.000205755
0.000225306
0.000312090
0.000248432
0.000294447
0.000222683
0.000294924
0.000198603
0.000114441
0.000205278
0.000174522
0.000174284
0.000210524
0.000188589
0.000307560
0.000194073
0.000201702
0.000297308
0.000208139
0.000203848
0.000202894
0.000229597
0.000211716
0.000313997
0.000293970
0.000219345
0.000314236
0.000234127
0.000229836
0.000211000
0.000216961
0.000194311
0.000197411
0.000203848
0.000293493
0.000294924
0.000209093
0.000298977
0.000108242
0.000211239
0.000306606
0.000248671
0.000211954
0.000265121
0.000187159
0.000219107
0.000208855
0.000215769
0.000154018
0.000303745
0.000205755
0.000169277
0.000322342
0.000273705
0.000215292
0.000228643
0.000207186
0.000213385
0.000204086
0.000206947
0.000205040
0.000204086
0.000211239
0.000174522
0.000302076
0.000208378
0.000190020
0.000203609
0.000296354
0.000206947
0.000219345
0.000203133
0.000207424
0.000206709
0.000210047
0.000206947
0.000198126
0.000239611
0.000229597
0.000234127
0.000196218
0.000193357
0.000309706
0.000154972
0.000321150
0.000226259
0.000220776
0.000311375
0.000267029
0.000214338
0.000299215
0.000264168
0.000209570
0.000264406
0.000302076
0.000263453
0.000265837
0.000263214
0.000307322
0.000264168
0.000264406
0.000211239
0.000314236
0.000205755
0.000199080
0.000190973
0.000164747
0.000313282
0.000181198
0.000264168
0.000319958
0.000229836
0.000217676
0.000199556
0.000205517
0.000264168
0.000199080
0.000220537
0.000195742
0.000201941
0.000206947
0.000221729
0.000201464
0.000296116
0.000210047
0.000194788
0.000200748
0.000223637
0.000331640
0.000307083
0.000205278
0.000299692
0.000211716
0.000218153
0.000182867
0.000216961
0.000216722
0.000209808
0.000246763
0.000244617
0.000220537
0.000324726
0.000227213
0.000273466
0.000308275
0.000198126
0.000197411
0.000272989
0.000314713
0.000265598
0.000259876
0.000192404
0.000302076
0.000200033
0.000310659
0.000307560
0.000220299
0.000196695
0.000329494
0.000187635
0.000210285
0.000206470
0.000205517
0.000308990
0.000286818
0.000240088
0.000233173
0.000324488
0.000225306
0.000322580
0.000242710
0.000208616
0.000233173
0.000259161
0.000172615
0.000254869
0.000261784
0.000233412
0.000200510
0.000268221
0.000270844
0.000300407
0.000262976
0.000263214
0.000231504
0.000269175
0.000267267
0.000203133
0.000350952
0.000320196
0.000311136
0.000280619
0.000205040
0.000270128
0.000320196
0.000319958
0.000280857
0.000268698
0.000248671
0.000264645
0.000270844
0.000228405
0.000328541
0.000266314
0.000235796
0.000334740
0.000209808
0.000262260
0.000297308
0.000260115
0.000212431
0.000260830
0.000205278
0.000198364
0.000263214
0.000263929
0.000280142
0.000206232
0.000205278
0.000297070
0.000328302
0.000249863
0.000258446
0.000319958
0.000241756
0.000266552
0.000228405
0.000213861
0.000221729
0.000201464
0.000191689
0.000290632
0.000300407
0.000192881
0.000297308
0.000204086
0.000221491
0.000296354
0.000265121
0.000206947
0.000200510
0.000220776
0.000247478
0.000257730
0.000314474
0.000264406
0.000228643
0.000317097
0.000194788
0.000247002
0.000226498
0.000326633
0.000320196
0.000262499
0.000233412
0.000232935
0.000292540
0.000306845
0.000210762
0.000199795
0.000231981
0.000232935
0.000205278
0.000248432
0.000219584
0.000197887
0.000205278
0.000215530
0.000191450
0.000266552
0.000204325
0.000172853
0.000266075
0.000201941
0.000204086
0.000313282
0.000234127
0.000265121
0.000239849
0.000321865
0.000232458
0.000295639
0.000322342
0.000299215
0.000264168
0.000300407
0.000301361
0.000296354
0.000297070
0.000293493
0.000295639
0.000254393
0.000213861
0.000208378
0.000204563
0.000258446
0.000263214
0.000211954
0.000206470
0.000326395
0.000189781
0.000277519
0.000205755
0.000327826
0.000220776
0.000324726
0.000214815
0.000316381
0.000228405
0.000213385
0.000327587
0.000217438
0.000226259
0.000257254
0.000262737
0.000200987
0.000286102
0.000205994
0.000203848
0.000307322
0.000216007
0.000207186
0.000293970
0.000225067
0.000265121
0.000301361
0.000303507
0.000291586
0.000265121
0.000265598
0.000262260
0.000262260
0.000278950
0.000287294
0.000238657
0.000270128
0.000313759
0.000304461
0.000287771
0.000304461
0.000279665
0.000304222
0.000206709
0.000300884
0.000293732
0.000264406
0.000261307
0.000297785
0.000303030
0.000292540
0.000210285
0.000205994
0.000239849
0.000296831
0.000261545
0.000305653
0.000196934
0.000300169
0.000323772
0.000308990
0.000312328
0.000301600
0.000262499
0.000286341
0.000328302
0.000304937
0.000281334
0.000263214
0.000205755
0.000201941
0.000262737
0.000294685
0.000265121
