0.014933586
0.005111933
0.005037546
0.004183292
0.013859749
0.014012575
0.004245996
0.003849983
0.005014420
0.004134893
0.004398346
0.004200935
0.005696058
0.016436577
0.005007505
0.005026579
0.004678249
0.005078316
0.004121304
0.005021572
0.004433870
0.014051199
0.004130840
0.005007267
0.013992548
0.013073444
0.005283594
0.003916740
0.004085541
0.005057096
0.004539728
0.004183769
0.004216433
0.014025688
0.004173517
0.004188299
0.005087852
0.005063534
0.004232645
0.004244566
0.005173445
0.005016088
0.004194736
0.005123138
0.014054060
0.005088091
0.004212856
0.004177094
0.005016804
0.004154205
0.005024672
0.004996061
0.004115343
0.004426479
0.004153967
0.005039692
0.004988432
0.005027056
0.004175425
0.005017042
0.013010979
0.004976273
0.005027294
0.004165411
0.005024195
0.013996601
0.004241228
0.004118204
0.014001846
0.004118204
0.014012575
0.004205942
0.005012274
0.004144192
0.005030394
0.014017820
0.004167080
0.014028549
0.004182339
0.004162312
0.005037308
0.004159451
0.005088091
0.005110502
0.005130053
0.004174709
0.012981653
0.005032301
0.004182577
0.005067825
0.005006313
0.012973785
0.004244089
0.005141973
0.004174948
0.005022287
0.004186153
0.005128384
0.005036116
0.004229069
0.003863811
0.012683153
0.004066706
0.003907442
0.003900290
0.003844976
0.003952742
0.012663841
0.012677193
0.003859997
0.003943682
0.003851175
0.003929377
0.003907442
0.023316383
0.003837824
0.003904343
0.003878832
0.003905058
0.003835201
0.012701035
0.003855467
0.003857613
0.003849983
0.006441116
0.003876209
0.003875017
0.003880739
0.003924608
0.003846884
0.003875017
0.003945351
0.003880024
0.003841400
0.003891706
0.003884554
0.004013300
0.003871202
0.003854990
0.003861666
0.003903866
0.004067659
0.003865957
0.003825426
0.003937483
0.003998280
0.003941536
0.003848076
0.003855467
0.003857374
0.003891468
0.003913164
0.003900766
0.003851414
0.004055500
0.003857136
0.003884554
0.003866434
0.003904819
0.003849983
0.003863573
0.012695551
0.003927231
0.003863573
0.012652874
0.003853083
0.012665272
0.003940105
0.003897190
0.012680531
0.003870487
0.012676954
0.003923655
0.014723063
0.003886461
0.003844976
0.003894806
0.003843784
0.003927708
0.003847599
0.003863811
0.023259401
0.004498482
0.003960371
0.003853798
0.003930092
0.006339312
0.012682915
0.003860950
0.012679577
0.003917217
0.003843546
0.003865242
0.003901958
0.012710810
0.006335974
0.003926754
0.003848076
0.003909588
0.004235983
0.012686968
0.003852367
0.003880978
0.003841400
0.003967762
0.003882408
0.012749195
0.003960848
0.004028797
0.003937006
0.004000187
0.012812138
0.003971338
0.003925562
0.003942013
0.003968954
0.003851414
0.003891468
0.003839493
0.003832817
0.003886461
0.004094601
0.003938198
0.003846645
0.003859758
0.003859043
0.003861189
0.003845453
0.003856182
0.003931284
0.003900290
0.003836393
0.003976822
0.003867865
0.003853798
0.003852844
0.003886223
0.003856182
0.003886938
0.003849745
0.003885746
0.012653351
0.012690306
0.003853798
0.003857136
0.003922224
0.003864527
0.003921747
0.006327629
0.003883123
0.003857613
0.003835440
0.005912066
0.003893852
0.003846407
0.003882885
0.003848076
0.012705326
0.003863096
0.003887653
0.003857851
0.004843712
0.003922939
0.003871202
0.003849745
0.003848314
0.004255533
0.003896236
0.003882885
0.003856421
0.004212141
0.003890753
0.003887892
0.003860235
0.012640238
0.003858566
0.003873110
0.003863096
0.012701988
0.004207373
0.003885031
0.003854752
0.003866911
0.005725622
0.004011869
0.003859282
0.003930330
0.003886461
0.003902197
0.003819466
0.003881931
0.003918171
0.003863811
0.003863096
0.012655735
0.003886223
0.003848791
0.003850937
0.003876209
0.003880739
0.003873348
0.003937721
0.012695789
0.003845692
0.003868580
0.003907919
0.003866911
0.012656927
0.003881216
0.003927946
0.003869057
0.003856182
0.003923416
0.003833055
0.003895044
0.003910780
0.003901482
0.003846407
0.003897905
0.006330967
0.003883839
0.003836155
0.003878832
0.014690638
0.003849745
0.003840923
0.003870249
0.003878355
0.003849506
0.003866196
0.003929615
0.003844976
0.003892183
0.003931522
0.003883839
0.003842354
0.003892660
0.003875494
0.003845215
0.003873110
0.003863335
0.013501406
0.003903389
0.003939867
0.003844023
0.003834724
0.003913879
0.003865480
0.003940344
0.003852367
0.003851891
0.003840923
0.023291826
0.003911257
0.003868103
0.003852844
0.003872156
0.003851175
0.003867626
0.013218164
0.003880978
0.003865004
0.003895998
0.003846645
0.003864050
0.003849745
0.003847122
0.003862143
0.003849506
0.012700081
0.003887892
0.003855467
0.003865957
0.003848314
0.003885984
0.003861904
0.003890038
0.003844738
0.012645006
0.003851891
0.003907204
0.013142824
0.003876686
0.003946781
0.003936291
0.014759541
0.003906965
0.003972292
0.003898621
0.003889561
0.003910303
0.003984451
0.003947973
0.012640953
0.003862381
0.003906965
0.003902435
0.003838778
0.003874540
0.004498005
0.003884315
0.003866434
0.003949642
0.003857136
0.003861189
0.003839970
0.003918886
0.003857613
0.003882170
0.003888607
0.003948212
0.003852367
0.003868818
0.003920078
0.003852606
0.003871202
0.003896236
0.003873348
0.003863096
0.003852844
0.003849030
0.003850222
0.013903856
0.003854752
0.012705326
0.003839016
0.003863573
0.004256964
0.003849983
0.003869534
0.003869295
0.003940821
0.003876209
0.003856659
0.003946304
0.003856421
0.003855228
0.003842831
0.003899097
0.003847361
0.003916502
0.003847122
0.003867865
0.003937006
0.003943443
0.003853321
0.003866434
0.006358385
0.003922462
0.003901482
0.003851414
0.003848553
0.003907681
0.003825903
0.003910065
0.003846169
0.003897905
0.003881454
0.003865004
0.003883839
0.003846645
0.003869295
0.003862381
0.003865004
0.003865242
0.005584240
0.003859997
0.012652636
0.003876925
0.003856421
0.003915548
0.003843546
0.003866911
0.004023552
0.003867865
0.003861904
0.003877163
0.003988981
0.003875256
0.003840208
0.003852129
0.003888369
0.003901958
0.004748583
0.003872395
0.003866434
0.003953695
0.005277157
0.003926039
0.003861666
0.003882647
0.012700319
0.003893852
0.003929138
0.003877640
0.004047394
0.003915548
0.003913641
0.003865480
0.012702703
0.003893137
0.012662172
0.003882647
0.003930330
0.003869772
0.003889322
0.003853559
0.003954649
0.003910542
0.003869534
0.012745142
0.003977299
0.003893614
0.003884554
0.014709234
0.003844738
0.003893852
0.003929615
0.003905773
0.003827333
0.003896475
0.003853083
0.003895760
0.003854752
0.003863573
0.003854752
0.003846884
0.003829718
0.003885031
0.003877163
0.003865957
0.003844738
0.003943920
0.003855228
0.003873110
0.004091263
0.003868341
0.012659788
0.003876686
0.003963709
0.003860235
0.003872156
0.003850698
0.003843307
0.003930330
0.003916979
0.003912210
0.003830671
0.004053831
0.003896236
0.003993511
0.003877640
0.003925800
0.004032850
0.003913164
0.003957510
0.004074812
0.004085064
0.003957748
0.003937244
0.012706041
0.003857136
0.003919125
0.003850222
0.003880501
0.003827572
0.013160467
0.012668610
0.003849983
0.003844976
0.003854513
0.003890753
0.003900290
0.003992081
0.004003525
0.003835678
0.003885984
0.003867388
0.004016399
0.012644529
0.003864288
0.003835201
0.003913641
0.003871441
0.003858805
0.003867865
0.003865957
0.003985882
0.003856897
0.003931284
0.003864765
0.003861666
0.004024267
0.012640238
0.003920317
0.003855944
0.004213810
0.003890753
0.003882885
0.012689829
0.003860950
0.003846884
0.003880501
0.003849506
0.003961802
0.003988028
0.003828764
0.003842831
0.003922939
0.003844023
0.003862381
0.003879309
0.003951550
0.003841400
0.004658461
0.003928185
0.012641430
0.003845930
0.006321192
0.012705803
0.003847122
0.003847122
0.003839493
0.003876686
0.003880501
0.003830194
0.003878355
0.006443501
0.003862858
0.003851414
0.003849745
0.003849506
0.003866911
0.003932238
0.003854513
0.003843307
0.003969669
0.003829956
0.003866911
0.003962994
0.003983736
0.003883123
0.003898859
0.003853321
0.004032612
0.004044771
0.003960609
0.003837347
0.003879786
0.003920317
0.003863335
0.003912210
0.003861904
0.003852606
0.004644871
0.003855228
0.003916502
0.003854513
0.004565001
0.003924131
0.003853083
0.003879786
0.003854752
0.003877163
0.003886461
0.003879309
0.004031658
0.003849745
0.003855944
0.003889084
0.003900766
0.003879547
0.003919363
0.003851891
0.003853321
0.003988743
0.014668465
0.012676477
0.003923178
0.003848791
0.003884792
0.003864288
0.003871202
0.003931046
0.003876209
0.003850698
0.003857374
0.003840446
0.003983736
0.003850937
0.003958464
0.003877878
0.003890038
0.003867149
0.003879070
0.012674093
0.003876448
0.003846884
0.012945890
0.003895283
0.003876209
0.003876925
0.003876209
0.003881216
0.003873825
0.003959179
0.003858089
0.004510403
0.003879070
0.003904581
0.003891706
0.003853559
0.003893852
0.003927946
0.003867388
0.003850698
0.003958941
0.003844500
0.003874063
0.004028082
0.006307840
0.003901720
0.003942251
0.003877878
0.003935099
0.003920078
0.003917217
0.003883600
0.003903627
0.004102468
0.003873587
0.003876448
0.003855944
0.003887177
0.003931761
0.003849268
0.003865719
0.003940582
0.004007578
0.003843546
0.003880501
0.003888369
0.004000187
0.003863096
0.003856659
0.003862858
0.003913879
0.003991842
0.003851891
0.003837109
0.003932476
0.003851652
0.003934860
0.012694597
0.003862858
0.012690067
0.003862619
0.003891945
0.012719393
0.003860950
0.004056692
0.003858328
0.003879786
0.003874540
0.003901720
0.003861904
0.003886461
0.003849506
0.003903389
0.012701511
0.003876448
0.003892899
0.003852606
0.003905773
0.003920555
0.003865004
0.003875732
0.012615204
0.003896475
0.003878117
0.003882170
0.003850698
0.003878832
0.003856421
0.003940105
0.003855228
0.004020452
0.003862143
0.003866196
0.003974676
0.003862381
0.003959417
0.003864765
0.003854275
0.003859997
0.003895998
0.003914833
0.012624025
0.003856659
0.003910065
0.004049301
0.003842831
0.003882885
0.003862619
0.003902912
0.003863096
0.003989458
0.003841639
0.003865480
0.003837585
0.003915071
0.003843307
0.003877878
0.003878355
0.003936291
0.012626410
0.003877640
0.003902435
0.003853559
0.003884554
0.003892899
0.003875494
0.003859282
0.003883123
0.003856897
0.003853559
0.003925800
0.003876686
0.012703896
0.003842592
0.003868580
0.003857851
0.004104376
0.003833294
0.003849745
0.003932714
0.003868580
0.003887415
0.003943205
0.003857613
0.003868580
0.004020214
0.004045963
0.004990101
0.004338741
0.004177094
0.012702465
0.003987074
0.004195690
0.005190134
0.003986597
0.012755394
0.003991365
0.004016876
0.003977299
0.003958941
0.003965855
0.003942490
0.004015684
0.003957748
0.003996849
0.004029751
0.012603283
0.004019976
0.003987312
0.004079819
0.004044056
0.003977299
0.004001141
0.003962994
0.012746334
0.012536526
0.012709141
0.003945827
0.012789726
0.003950596
0.003954649
0.003948212
0.012790680
0.012725115
0.003991604
0.003944874
0.003945351
0.003986835
0.003975153
0.004058361
0.012701750
0.003978968
0.004000902
0.003977299
0.004133701
0.004012346
0.012619019
0.004012108
0.004040718
0.004000902
0.004064798
0.004061222
0.012766838
0.012763023
0.004111767
0.004001141
0.004052639
0.003962040
0.004007578
0.012797832
0.004172325
0.004024982
0.004276514
0.004435062
0.004486322
0.004050255
0.004018068
0.003972769
0.004028559
0.004079103
0.004048586
0.003981829
0.004092932
0.003971100
0.004058361
0.004028320
0.004041910
0.003945589
0.004003286
0.003953695
0.004018784
0.003927708
0.003978968
0.003922939
0.004008055
0.003950596
0.004033566
0.003974915
0.003967762
0.003993750
0.012876749
0.003976345
0.012792587
0.004165888
0.003980637
0.003964663
0.003999472
0.004008532
0.003945351
0.003958941
0.012695074
0.003990650
0.004023314
0.012763977
0.012728930
0.012702227
0.004494429
0.012700558
0.012844801
0.003974676
0.012936354
0.003995180
0.004016638
0.004005671
0.003988266
0.004033804
0.004034281
0.003975391
0.004109144
0.004541636
0.004335642
0.004137993
0.004016161
0.003985405
0.006866217
0.004489660
0.004267693
0.003946304
0.003967047
0.003995180
0.004002094
0.003941536
0.003917456
0.015244484
0.012729645
0.003977776
0.003959894
0.003943443
0.003976345
0.003961325
0.004016638
0.003987551
0.003975391
0.003940344
0.003956079
0.004085779
0.003985643
0.004043102
0.003954172
0.003948689
0.003968239
0.003954172
0.012825966
