0.011482716
0.000796795
0.000952721
0.000783682
0.000902176
0.000765085
0.000755787
0.000981331
0.011317015
0.000896454
0.011220455
0.000912189
0.000999689
0.000829935
0.001013517
0.011522293
0.000824451
0.000749350
0.011427641
0.000990391
0.011287928
0.000936031
0.000765085
0.000763178
0.000961304
0.011293888
0.000841379
0.000797033
0.000911474
0.011363983
0.011456490
0.000949383
0.011388063
0.000765085
0.000976086
0.000823498
0.000824213
0.011525869
0.011431217
0.000955343
0.000784874
0.000905991
0.011342764
0.000991583
0.011281729
0.000912905
0.000764132
0.011416435
0.000797987
0.000896215
0.000762463
0.000895262
0.011478901
0.000731945
0.000762463
0.000907660
0.001002073
0.000834465
0.000922441
0.000825405
0.000827074
0.011251450
0.000964880
0.000918150
0.000824928
0.000872374
0.000992060
0.011260509
0.000792265
0.000823736
0.011511564
0.000894070
0.000782251
0.000888348
0.011199713
0.000851393
0.000771761
0.000896215
0.011456966
0.000989437
0.000788927
0.000849009
0.000884771
0.000756502
0.000892639
0.000872850
0.000894070
0.000959396
0.000839710
0.000911951
0.000818491
0.000781775
0.000955582
0.000821829
0.000957966
0.000996590
0.000765562
0.000995159
0.000916719
0.000826120
0.011225224
0.000854015
0.000731230
0.000853300
0.000721216
0.000843525
0.000814915
0.000726461
0.000760078
0.000808716
0.011067152
0.000788450
0.000725031
0.000729799
0.000791311
0.000793219
0.000852585
0.000796556
0.000739574
0.010910511
0.000821114
0.000862837
0.000859022
0.000726938
0.000799894
0.000786543
0.000755787
0.000786066
0.000717878
0.000806332
0.000815153
0.000851393
0.000791073
0.000755072
0.000851154
0.000725985
0.000755787
0.000753403
0.000743151
0.000745535
0.000756025
0.000749350
0.000794888
0.000847578
0.000782728
0.000813246
0.000727892
0.000850916
0.000758410
0.000748634
0.000850201
0.000780106
0.000786781
0.000745773
0.000828266
0.000792265
0.011349440
0.000757217
0.000745058
0.000802040
0.000849962
0.000744104
0.000735044
0.000724554
0.000808477
0.000843525
0.000794411
0.000797033
0.000636578
0.011203766
0.000789404
0.000844240
0.000848532
0.000586271
0.000808477
0.000808716
0.000803709
0.000797033
0.000851393
0.000805616
0.000827789
0.000813961
0.000798702
0.000848055
0.000802517
0.000847101
0.000839472
0.000851631
0.000761509
0.000721693
0.000718832
0.000867128
0.000792503
0.000761747
0.000731468
0.000794649
0.000864506
0.000719070
0.000822306
0.000727654
0.000723124
0.000718832
0.000729322
0.000721455
0.000725031
0.000715256
0.000728369
0.000711679
0.000717163
0.000719547
0.000798464
0.000717640
0.000806332
0.000735521
0.000717640
0.000719309
0.000722170
0.000737906
0.000835419
0.000763416
0.000718355
0.000708818
0.000713110
0.000714064
0.000716209
0.000721216
0.000715494
0.000705957
0.000718117
0.000714302
0.000715017
0.000707150
0.000715494
0.000720263
0.000713825
0.000717163
0.000718117
0.000707150
0.000716209
0.000715256
0.000735283
0.000715256
0.000793219
0.000868559
0.000797033
0.000715971
0.000722170
0.000723600
0.000793457
0.000718832
0.000726461
0.000721693
0.000792027
0.000722647
0.000722885
0.000718594
0.000726461
0.000725746
0.000797987
0.000735283
0.000721931
0.011261463
0.000708580
0.000712156
0.000725031
0.000715733
0.000717163
0.000712156
0.011258125
0.000767708
0.000771284
0.000717640
0.000731230
0.000729084
0.000864744
0.000719786
0.000717878
0.000714540
0.000719309
0.000718832
0.000729561
0.000717878
0.000716686
0.000718355
0.000723600
0.000709295
0.000717163
0.000769138
0.000713110
0.000716448
0.000718117
0.000773191
0.000859499
0.000716686
0.000714064
0.000721216
0.000716686
0.000713587
0.000712872
0.000725746
0.000740767
0.000709534
0.000713110
0.000591755
0.000726700
0.000794888
0.000726700
0.000718832
0.000719309
0.000712395
0.000724316
0.000708580
0.000717163
0.000714540
0.000714302
0.000796556
0.000766039
0.000718117
0.000721216
0.000861883
0.000793219
0.000787973
0.000795841
0.000720263
0.011197090
0.000718117
0.000720263
0.000714302
0.000728846
0.000720501
0.000639915
0.000710964
0.000706911
0.000721931
0.000585079
0.000722885
0.000789404
0.000718355
0.000720024
0.011194706
0.000724316
0.000720263
0.000802994
0.000618219
0.000843525
0.000727415
0.000728130
0.000718594
0.000715733
0.000715494
0.000788927
0.000719786
0.000802517
0.000733614
0.000722647
0.000730276
0.000792503
0.000720024
0.000860453
0.000764847
0.000789881
0.000763178
0.000730276
0.000716209
0.000714779
0.000772953
0.000839472
0.000720024
0.000725508
0.000718832
0.000716925
0.000794172
0.000722647
0.000728369
0.000785351
0.000723362
0.000558138
0.000711203
0.000781536
0.000811100
0.000780582
0.000715494
0.000728369
0.000808477
0.000889540
0.000718117
0.000722885
0.000716448
0.000727415
0.000714779
0.000730276
0.000717878
0.000726461
0.000730991
0.000757217
0.000710964
0.000766277
0.000735998
0.000862837
0.000723124
0.000777960
0.000788450
0.000733614
0.000724792
0.000723839
0.000716925
0.000723362
0.000711918
0.000728607
0.000787497
0.000716209
0.000719547
0.000728369
0.000732422
0.000790358
0.000712872
0.000767231
0.000796318
0.000718594
0.000766516
0.000722647
0.000712872
0.000718117
0.000766754
0.000717402
0.000718117
0.000724077
0.000720739
0.000792980
0.000718117
0.000720501
0.000724554
0.000865698
0.000723839
0.000729322
0.000736475
0.000725269
0.000716925
0.000763655
0.000707865
0.000727654
0.000718594
0.000721693
0.000722885
0.000730991
0.000719070
0.000720501
0.000706673
0.000724316
0.000709534
0.000712872
0.000711441
0.000714064
0.000723600
0.000716925
0.000706673
0.000715017
0.000710011
0.000716686
0.000717163
0.000721216
0.000730276
0.000789165
0.000723600
0.000715256
0.000657082
0.000762939
0.000738859
0.000720978
0.000718832
0.000722170
0.000718355
0.000720263
0.000724077
0.000718832
0.000718355
0.000863791
0.000717878
0.000719547
0.000716209
0.000716686
0.000686646
0.000723600
0.000727892
0.000825644
0.000739813
0.000853539
0.000737190
0.000717640
0.000800848
0.000796318
0.000716925
0.000767708
0.000787258
0.000720739
0.000711679
0.000719547
0.000715971
0.000712633
0.000715494
0.000717163
0.000796556
0.000713348
0.000717640
0.000718355
0.000713587
0.000714064
0.000715971
0.000712633
0.000710487
0.000708103
0.000775576
0.000710249
0.000723124
0.000822067
0.000789642
0.000720978
0.000793934
0.000790358
0.000721216
0.000761747
0.000719070
0.000731945
0.000788212
0.000838757
0.000711918
0.000714779
0.000714779
0.000727892
0.000715494
0.000714779
0.000707150
0.000790358
0.000735044
0.000718594
0.000715733
0.000714302
0.000601053
0.000720978
0.000720024
0.000724077
0.000829458
0.000749111
0.011253595
0.000724316
0.000717402
0.000721216
0.000729084
0.000722170
0.000716925
0.000771523
0.000715733
0.000723600
0.000715256
0.000823498
0.000716448
0.000717402
0.000713825
0.000729799
0.000764847
0.000802040
0.000717878
0.000730038
0.000720739
0.000854731
0.000714779
0.000724316
0.000718832
0.000870943
0.000730753
0.000721455
0.000722885
0.000791550
0.000725508
0.000719547
0.000725985
0.000874043
0.000722408
0.000725985
0.000728130
0.000862598
0.000789881
0.000763655
0.000760078
0.000873327
0.000711441
0.000722885
0.000719309
0.000719070
0.000713110
0.000717878
0.000716448
0.000722647
0.000732899
0.000723362
0.000715017
0.000717878
0.000714779
0.000714779
0.000716448
0.000717878
0.000716448
0.000728607
0.000719309
0.000708342
0.000717402
0.000711441
0.000711441
0.000713825
0.000711679
0.000720739
0.000707388
0.000762224
0.000716686
0.000716686
0.000715971
0.000807285
0.000716925
0.000778198
0.000722408
0.000731945
0.000719309
0.000723362
0.000725985
0.000728607
0.000795126
0.000766516
0.000724316
0.000723839
0.000819683
0.000794411
0.000719786
0.000717163
0.000735044
0.000797749
0.000730515
0.000723600
0.000718355
0.000780582
0.000762939
0.000739813
0.000710011
0.000719547
0.000725269
0.000727415
0.000715971
0.000733376
0.000779390
0.000763416
0.000720024
0.000731230
0.000718117
0.000722647
0.000730991
0.000770092
0.000733376
0.000791550
0.000727177
0.000793934
0.000722408
0.000750542
0.000716209
0.000864744
0.000735521
0.000714779
0.000775337
0.000717640
0.000720739
0.000732899
0.000797987
0.000717163
0.000721216
0.000721931
0.000731468
0.000786304
0.000731468
0.000654936
0.000734091
0.000798702
0.000726700
0.000717878
0.000716686
0.000722170
0.000728130
0.000724792
0.000727177
0.000882387
0.000726461
0.000791311
0.000717878
0.000790834
0.000743389
0.000713587
0.000719547
0.000788212
0.000708580
0.000724316
0.000597239
0.000726223
0.000725031
0.000716209
0.000717402
0.000900030
0.000832319
0.000717402
0.000713587
0.000714064
0.000711918
0.000712872
0.000714540
0.000711918
0.000714302
0.000709057
0.000719547
0.000720024
0.000714302
0.000719786
0.000718594
0.000782013
0.000716209
0.000714779
0.000708818
0.000718355
0.000718594
0.000712633
0.000712395
0.000769377
0.000717640
0.000796556
0.000710964
0.000735760
0.000833750
0.000719309
0.000722885
0.000730515
0.000763655
0.000790596
0.000721931
0.000718594
0.000727892
0.000720739
0.000714540
0.000710726
0.000721216
0.000718832
0.000714302
0.000725746
0.000729561
0.000791311
0.000723600
0.000790596
0.000721455
0.000715256
0.000729799
0.000724316
0.000800848
0.000730991
0.000723839
0.000725985
0.000719070
0.000717640
0.000715256
0.000858068
0.000799417
0.000794411
0.000711441
0.000710964
0.000713825
0.000721931
0.000727415
0.000809908
0.000838757
0.000723362
0.000728130
0.000766993
0.000725031
0.000719786
0.000726700
0.000775814
0.000795126
0.000730038
0.000717402
0.000716686
0.000720263
0.000721693
0.000719547
0.000827551
0.000863314
0.000597954
0.000716686
0.000720978
0.000718355
0.000785589
0.000729084
0.000714540
0.000728607
0.000718117
0.000720501
0.000708818
0.000714540
0.000712872
0.000712395
0.000716448
0.000727177
0.000863314
0.000715971
0.000724792
0.000709534
0.000713587
0.000711918
0.000809193
0.000732183
0.000725031
0.000720739
0.000866890
0.000722885
0.000725508
0.000720024
0.000725508
0.000724077
0.000868559
0.000723600
0.000797272
0.000771523
0.000735044
0.000711441
0.000718355
0.000720263
0.000723124
0.000710011
0.000712156
0.000713825
0.000795603
0.000722408
0.000721693
0.000741482
0.000718355
0.000717163
0.000720501
0.000703335
0.000717402
0.000715494
0.000732422
0.000711679
0.000715017
0.000716686
0.000716209
0.000714540
0.000722170
0.000724792
0.000735283
0.000721455
0.000652790
0.000715017
0.000715971
0.000715017
0.000713587
0.000713348
0.000651121
0.000709534
0.000647783
0.000649214
0.000647306
0.000725269
0.000864744
0.000726938
0.011025906
0.000644207
0.000721693
0.000596523
0.000622988
0.000728369
0.000810862
0.000901699
0.000823975
0.000725269
0.000724554
0.000710964
0.000717163
0.000716209
0.000728846
0.000723600
0.011009693
0.000728130
0.000761271
0.000717640
0.000800133
0.000728607
0.000749350
0.000718117
0.000794888
0.000723600
0.000719309
0.000723362
0.000722885
0.000725031
0.000769854
0.000723362
0.000771999
0.000719070
0.000770330
0.000721455
0.000720263
0.000736475
0.000719547
0.000868559
0.000718117
0.000717163
0.000792265
0.000717878
0.000718355
0.000722408
0.000719309
0.000722885
0.000718594
0.000725985
0.000821590
0.000717640
0.000720501
0.000715017
0.000714779
0.000719786
0.000721931
0.000727654
0.000730753
0.000718594
0.000718594
0.000721931
0.000788450
0.000720024
0.000721693
0.000731707
0.000777960
0.000733852
0.000726938
0.000724554
0.000729799
0.000771523
0.000711918
0.000710249
0.000716925
0.000716209
0.000718355
0.000726938
0.000715256
0.000716209
0.000726461
0.000727654
0.000721455
0.000715494
0.000863314
0.000631809
0.000717640
0.000725031
0.000712395
0.000744104
0.000719786
0.000718355
0.000720501
0.000723362
0.000721931
0.000765085
0.000720263
0.000722170
0.000733376
0.000726223
0.000724792
0.000719547
0.000723600
0.000716448
0.000718117
0.000766277
0.000759602
0.000731230
0.000722170
0.000717163
0.000715017
0.000723600
0.000721455
0.000721455
0.000725985
0.000785351
0.000720024
0.000725746
0.000723839
0.000717640
0.000745535
0.000719309
0.000766516
0.000720024
0.000715733
0.000731945
0.000719786
0.000725031
0.000716925
0.000715494
0.000715971
0.000714779
0.000734806
