0.000432730
0.000344276
0.000257015
0.000253916
0.000407457
0.000344992
0.000257492
0.000348330
0.000342131
0.000353336
0.000349522
0.000404358
0.000254869
0.000351906
0.000256062
0.000350952
0.000407934
0.000347376
0.000348568
0.000349283
0.000323057
0.000265121
0.000346899
0.000349760
0.000257254
0.000352859
0.000345469
0.000347137
0.000405312
0.000347853
0.000350237
0.000350237
0.000256300
0.000319958
0.000402212
0.000352144
0.000262499
0.000349283
0.000352859
0.000314474
0.000350237
0.000346422
0.000258446
0.000348330
0.000345707
0.000350714
0.000418186
0.000349760
0.000350952
0.000281096
0.000409365
0.000351667
0.000254393
0.000348806
0.000254869
0.000349760
0.000253201
0.000403166
0.000348330
0.000254393
0.000349283
0.000255585
0.000405788
0.000254869
0.000255585
0.000349045
0.000349998
0.000411510
0.000255108
0.000346422
0.000258207
0.000281811
0.000351906
0.000262737
0.000257254
0.000364065
0.000351667
0.000348091
0.000281572
0.000255346
0.000350475
0.000406265
0.000257730
0.000257969
0.000283957
0.000347614
0.000418186
0.000256777
0.000260592
0.000351906
0.000352383
0.000258446
0.000256300
0.000318527
0.000348091
0.000350237
0.000347853
0.000313282
0.000324488
0.000350952
0.000348091
0.000256777
0.000250816
0.000345945
0.000341892
0.000252485
0.000341177
0.000344038
0.000349998
0.000344515
0.000296593
0.000349045
0.000348806
0.000343800
0.000342607
0.000344515
0.000348806
0.000345945
0.000344992
0.000336647
0.000343084
0.000345707
0.000349998
0.000261545
0.000228167
0.000267744
0.000314236
0.000348806
0.000250816
0.000347376
0.000348330
0.000342607
0.000253439
0.000343323
0.000347376
0.000344753
0.000360489
0.000250101
0.000344515
0.000349283
0.000346422
0.000344276
0.000345945
0.000346184
0.000346422
0.000341892
0.000256538
0.000342607
0.000350714
0.000349283
0.000348806
0.000349045
0.000349522
0.000347137
0.000345945
0.000314713
0.000268936
0.000341654
0.000254154
0.000249147
0.000348091
0.000345707
0.000345945
0.000341177
0.000252962
0.000343561
0.000343323
0.000342846
0.000251532
0.000252247
0.000340700
0.000342131
0.000343561
0.000298262
0.000346661
0.000345469
0.000349522
0.000257492
0.000249386
0.000345707
0.000347614
0.000348806
0.000311136
0.000342607
0.000341892
0.000346422
0.000252485
0.000288963
0.000360012
0.000346422
0.000250101
0.000254393
0.000343800
0.000352859
0.000344753
0.000347376
0.000348330
0.000344992
0.000342369
0.000347137
0.000264883
0.000342369
0.000344515
0.000345707
0.000340700
0.000341892
0.000250578
0.000343323
0.000347853
0.000254631
0.000343800
0.000346422
0.000346184
0.000265360
0.000344992
0.000347853
0.000341892
0.000348568
0.000253439
0.000343800
0.000343084
0.000348330
0.000250340
0.000342846
0.000252247
0.000341892
0.000352621
0.000350237
0.000342131
0.000346899
0.000252724
0.000250101
0.000346184
0.000346661
0.000344753
0.000343084
0.000347137
0.000341892
0.000352859
0.000344038
0.000349760
0.000259876
0.000344515
0.000346899
0.000251532
0.000342369
0.000253677
0.000342607
0.000252247
0.000281572
0.000342131
0.000343084
0.000256300
0.000258684
0.000260115
0.000344038
0.000251055
0.000342607
0.000344038
0.000349045
0.000341892
0.000343800
0.000343323
0.000250578
0.000344992
0.000352621
0.000344038
0.000241995
0.000341415
0.000343084
0.000341654
0.000257492
0.000250816
0.000343561
0.000251293
0.000343084
0.000255823
0.000346184
0.000250101
0.000344515
0.000352144
0.000346184
0.000248194
0.000330925
0.000246525
0.000249863
0.000338078
0.000274897
0.000323534
0.000263214
0.000286579
0.000353336
0.000341415
0.000345707
0.000279903
0.000354052
0.000350952
0.000348091
0.000249386
0.000344038
0.000342607
0.000343323
0.000251532
0.000249386
0.000342369
0.000344038
0.000251055
0.000258684
0.000368357
0.000345707
0.000345469
0.000343323
0.000346184
0.000345469
0.000344276
0.000342846
0.000257730
0.000346661
0.000348330
0.000345945
0.000256300
0.000271797
0.000348806
0.000348330
0.000249386
0.000344992
0.000264406
0.000342369
0.000345707
0.000343800
0.000264883
0.000344515
0.000251770
0.000253439
0.000349522
0.000345469
0.000346422
0.000346661
0.000251055
0.000261307
0.000348568
0.000251055
0.000254869
0.000277758
0.000351906
0.000344038
0.000351191
0.000344038
0.000262976
0.000345230
0.000346661
0.000346184
0.000258923
0.000345469
0.000250340
0.000342607
0.000343323
0.000259638
0.000345230
0.000339985
0.000257254
0.000263453
0.000345230
0.000347376
0.000249863
0.000248671
0.000341415
0.000252962
0.000352859
0.000271320
0.000253439
0.000348568
0.000252008
0.000254154
0.000257254
0.000344515
0.000251055
0.000252008
0.000254869
0.000349045
0.000343800
0.000251532
0.000251532
0.000342607
0.000251770
0.000346184
0.000252962
0.000345469
0.000344992
0.000342131
0.000251770
0.000351191
0.000346184
0.000346661
0.000342607
0.000248671
0.000345230
0.000345945
0.000343084
0.000341415
0.000342607
0.000345945
0.000343084
0.000345230
0.000250816
0.000341415
0.000341892
0.000249624
0.000253439
0.000253439
0.000345707
0.000349045
0.000251293
0.000248671
0.000343800
0.000344992
0.000251293
0.000255108
0.000251532
0.000349045
0.000313759
0.000248671
0.000250816
0.000344753
0.000248671
0.000346661
0.000251770
0.000252485
0.000344515
0.000247478
0.000252724
0.000254631
0.000346422
0.000250816
0.000347614
0.000250578
0.000342846
0.000251770
0.000254393
0.000249386
0.000255346
0.000354290
0.000250340
0.000344753
0.000249624
0.000349998
0.000253677
0.000252485
0.000253677
0.000345469
0.000256300
0.000255346
0.000249863
0.000251293
0.000344992
0.000346899
0.000345230
0.000343323
0.000252962
0.000343561
0.000251532
0.000253201
0.000256300
0.000345945
0.000258923
0.000344515
0.000248432
0.000326157
0.000253677
0.000345230
0.000254154
0.000255585
0.000258207
0.000344992
0.000343561
0.000335693
0.000343800
0.000347853
0.000345469
0.000345230
0.000255108
0.000341892
0.000342131
0.000346422
0.000341177
0.000344038
0.000343084
0.000342369
0.000348806
0.000341415
0.000301361
0.000344038
0.000349998
0.000343323
0.000262737
0.000347853
0.000252247
0.000253439
0.000346661
0.000347853
0.000345945
0.000343084
0.000348568
0.000262737
0.000345707
0.000346422
0.000250578
0.000262022
0.000343561
0.000252008
0.000252247
0.000252008
0.000307560
0.000346661
0.000341892
0.000344515
0.000346422
0.000255346
0.000251770
0.000250101
0.000251532
0.000350237
0.000252247
0.000249386
0.000257254
0.000345469
0.000341177
0.000348568
0.000346184
0.000346184
0.000344753
0.000344276
0.000342607
0.000345230
0.000344992
0.000343084
0.000345945
0.000343561
0.000347137
0.000343084
0.000252724
0.000340939
0.000341892
0.000342131
0.000341415
0.000344038
0.000240803
0.000343323
0.000342846
0.000341654
0.000343561
0.000342369
0.000341177
0.000342369
0.000344276
0.000239372
0.000342369
0.000344276
0.000348330
0.000342369
0.000342131
0.000345707
0.000346661
0.000340462
0.000250101
0.000350475
0.000344515
0.000342131
0.000252485
0.000358582
0.000253677
0.000252247
0.000255108
0.000343561
0.000343561
0.000354528
0.000254631
0.000257492
0.000355959
0.000346661
0.000350714
0.000253677
0.000260830
0.000347376
0.000254869
0.000257015
0.000348806
0.000350237
0.000348091
0.000344992
0.000254393
0.000346422
0.000349760
0.000346899
0.000260353
0.000252724
0.000349998
0.000346899
0.000347376
0.000253677
0.000295877
0.000350237
0.000341892
0.000247240
0.000342846
0.000342846
0.000346899
0.000252008
0.000252724
0.000343561
0.000346184
0.000251293
0.000341654
0.000348330
0.000262260
0.000347376
0.000249147
0.000249147
0.000344038
0.000348568
0.000345707
0.000252247
0.000342369
0.000252008
0.000342846
0.000249386
0.000252008
0.000275373
0.000302792
0.000251770
0.000252724
0.000347137
0.000344753
0.000343323
0.000349760
0.000254154
0.000348568
0.000345945
0.000254869
0.000253677
0.000351667
0.000348568
0.000348330
0.000343084
0.000345230
0.000342131
0.000344276
0.000342607
0.000342369
0.000343800
0.000348330
0.000347137
0.000344753
0.000343084
0.000348806
0.000341415
0.000347853
0.000342369
0.000341892
0.000347137
0.000301838
0.000334978
0.000344276
0.000344515
0.000344038
0.000341177
0.000348568
0.000344276
0.000341892
0.000349283
0.000349522
0.000342131
0.000343084
0.000344992
0.000344753
0.000335455
0.000341177
0.000341177
0.000349283
0.000345230
0.000344038
0.000346422
0.000348806
0.000343084
0.000341654
0.000347137
0.000346184
0.000343561
0.000344515
0.000349522
0.000342607
0.000342131
0.000341892
0.000341654
0.000344276
0.000345945
0.000344038
0.000254631
0.000348568
0.000353813
0.000249386
0.000254631
0.000348330
0.000250816
0.000342607
0.000252485
0.000251293
0.000342607
0.000342131
0.000256300
0.000249624
0.000340700
0.000346184
0.000249147
0.000341177
0.000340223
0.000344515
0.000305891
0.000253677
0.000252008
0.000343323
0.000251532
0.000346661
0.000251055
0.000344992
0.000344753
0.000341892
0.000252962
0.000250101
0.000345945
0.000342131
0.000253677
0.000251770
0.000346661
0.000344276
0.000342607
0.000344515
0.000345230
0.000342607
0.000349045
0.000343084
0.000250340
0.000347137
0.000340939
0.000342607
0.000349045
0.000342131
0.000249624
0.000341892
0.000346422
0.000344753
0.000342131
0.000342607
0.000347614
0.000252008
0.000349522
0.000341654
0.000346661
0.000344753
0.000252485
0.000345230
0.000343323
0.000344038
0.000341415
0.000347614
0.000348091
0.000342369
0.000345469
0.000344992
0.000342607
0.000344276
0.000341654
0.000342131
0.000341415
0.000342131
0.000347376
0.000342846
0.000345469
0.000344276
0.000350952
0.000342607
0.000336647
0.000344992
0.000341892
0.000340223
0.000343323
0.000349760
0.000252724
0.000254869
0.000265598
0.000275135
0.000343561
0.000341892
0.000346899
0.000343323
0.000342607
0.000344038
0.000343323
0.000345230
0.000247717
0.000341654
0.000252008
0.000344515
0.000250340
0.000341415
0.000346661
0.000255585
0.000341177
0.000344276
0.000249863
0.000341892
0.000248194
0.000252247
0.000345469
0.000340700
0.000346899
0.000251293
0.000349045
0.000257254
0.000346422
0.000254869
0.000252724
0.000349045
0.000341177
0.000248671
0.000246525
0.000349760
0.000254631
0.000256062
0.000253916
0.000345469
0.000340939
0.000251293
0.000249147
0.000250340
0.000343561
0.000256538
0.000257492
0.000252485
0.000343561
0.000345469
0.000346422
0.000233173
0.000247002
0.000348806
0.000342369
0.000252962
0.000343800
0.000340939
0.000251055
0.000250578
0.000347614
0.000340700
0.000346184
0.000251770
0.000345945
0.000256300
0.000342846
0.000344038
0.000338078
0.000252485
0.000345469
0.000348568
0.000251055
0.000253677
0.000253201
0.000341415
0.000339508
0.000254631
0.000250578
0.000342846
0.000253677
0.000348091
0.000255108
0.000254393
0.000347853
0.000346899
0.000256538
0.000253439
0.000349045
0.000351191
0.000255346
0.000351191
0.000255823
0.000346661
0.000249863
0.000251055
0.000252724
0.000343323
0.000343561
0.000252247
0.000255823
0.000251770
0.000343800
0.000342846
0.000348091
0.000253916
0.000344038
0.000345230
0.000351191
0.000347853
0.000292778
0.000342607
0.000342131
0.000349045
0.000253677
0.000348330
0.000342607
0.000349045
0.000254154
0.000345230
0.000347376
0.000347853
0.000346422
0.000254154
0.000348091
0.000349760
0.000254631
0.000260115
0.000344753
0.000345469
0.000355244
0.000348091
0.000253677
0.000342131
0.000349760
0.000346422
0.000255346
0.000347376
0.000344276
0.000345707
0.000347376
0.000344992
0.000350714
0.000342846
0.000348330
0.000348806
0.000345469
0.000347376
0.000343800
0.000343561
0.000347614
0.000346184
0.000348330
0.000345945
0.000259876
0.000340700
0.000340939
0.000324965
0.000347614
0.000343561
0.000347137
0.000347614
0.000242233
0.000323772
0.000345707
0.000343084
0.000340462
0.000284672
0.000342607
0.000348806
0.000348568
0.000348091
0.000281811
0.000340939
0.000345469
0.000343561
0.000297546
0.000253677
0.000343561
0.000341654
0.000346184
0.000343800
0.000344753
0.000346184
0.000343800
0.000251770
0.000343323
0.000347614
0.000344753
0.000277758
0.000343323
0.000342369
0.000352383
0.000343561
0.000238657
0.000342369
0.000349283
0.000342607
0.000252485
0.000342846
0.000342369
0.000345469
0.000340939
0.000345945
0.000347376
0.000254631
0.000256538
0.000255823
