0.000521183
0.000601053
0.000527143
0.000511408
0.000527143
0.000601053
0.000529051
0.011242867
0.000527382
0.000531197
0.000537634
0.000622034
0.000549316
0.000530958
0.000478506
0.000486612
0.000561714
0.000617266
0.000605583
0.000483274
0.000484467
0.000531912
0.000614166
0.000617027
0.000492334
0.000551939
0.000481606
0.000602245
0.000483751
0.000560522
0.000549793
0.000618696
0.000557899
0.000640869
0.000547409
0.000488758
0.000481129
0.000625134
0.000534773
0.000557184
0.000494957
0.000506639
0.000564337
0.000479460
0.000511885
0.000583172
0.000549793
0.000607014
0.000545263
0.000478506
0.000487804
0.000554562
0.000459433
0.000593662
0.000628948
0.000551224
0.000610113
0.000479460
0.000487328
0.000546694
0.000544786
0.000533581
0.000535011
0.000550270
0.000531912
0.000474691
0.000501394
0.000547647
0.000494003
0.000496387
0.000640392
0.000595331
0.000476599
0.000534296
0.000597715
0.000533342
0.000608444
0.000600815
0.000539064
0.000482321
0.000535488
0.000479460
0.000598431
0.000527143
0.000604630
0.000617743
0.000476837
0.000613928
0.000477314
0.000480890
0.000573397
0.000538826
0.000597239
0.000452042
0.000614166
0.000608206
0.000550032
0.000557423
0.000616074
0.000478506
0.000472546
0.000463724
0.000630140
0.000498295
0.000530958
0.000499725
0.000518084
0.000557423
0.000463486
0.000520229
0.000470638
0.000500679
0.000537157
0.000510693
0.000462532
0.000540733
0.000517845
0.000459909
0.000451326
0.000462770
0.000482798
0.000498533
0.000436783
0.000444651
0.000514507
0.000433922
0.000510216
0.000447273
0.000453711
0.000443697
0.000442028
0.000512123
0.000442982
0.000509262
0.000440121
0.000513077
0.000437260
0.000440359
0.000511169
0.000517130
0.000508547
0.000442743
0.000440121
0.000509977
0.000440121
0.000510216
0.000509977
0.000519753
0.000514030
0.000438213
0.000587225
0.000445604
0.000513554
0.000514507
0.000515938
0.000512123
0.000509262
0.000509977
0.000442028
0.000441551
0.000443220
0.000526905
0.000443220
0.000512600
0.000442266
0.000443220
0.000509977
0.000445843
0.000516176
0.000450850
0.000503778
0.000514507
0.000441551
0.000516176
0.000511408
0.000444174
0.000445843
0.000507593
0.000442028
0.000511408
0.000511646
0.000443935
0.000405550
0.000444889
0.000514746
0.000524044
0.000441790
0.000450134
0.000499964
0.000517607
0.000513077
0.000447750
0.000523806
0.000533819
0.000509262
0.000508785
0.000446796
0.000458002
0.000511408
0.000441790
0.000438690
0.000384808
0.000436306
0.000434160
0.000527382
0.000449419
0.000515938
0.000508547
0.000441074
0.000444412
0.000513792
0.000511885
0.000511885
0.000444412
0.000511169
0.000441551
0.000510693
0.000514269
0.000375271
0.000441551
0.000509501
0.000507593
0.000512838
0.000441790
0.000507116
0.000491619
0.000506401
0.000439405
0.000440121
0.000439167
0.000440121
0.000445843
0.000474215
0.000510216
0.000514507
0.000521421
0.000512600
0.000437498
0.000507832
0.000444651
0.000436306
0.000435352
0.000430107
0.000436783
0.000443935
0.000503778
0.000438452
0.000440121
0.000581980
0.000510931
0.000441551
0.000507593
0.000448227
0.000448942
0.000508070
0.000448465
0.000504017
0.000510454
0.000509262
0.000512600
0.000508785
0.000446081
0.000506163
0.000452518
0.000443935
0.000510454
0.000448227
0.000436068
0.000439405
0.000440598
0.000443459
0.000508547
0.000434637
0.000517607
0.000443459
0.000511885
0.000444174
0.000444889
0.000504255
0.000508547
0.000516653
0.000447035
0.000516176
0.000512123
0.000447989
0.000513315
0.000506878
0.000510693
0.000439882
0.000504732
0.000506639
0.000510931
0.000503540
0.000507832
0.000503302
0.000506878
0.000444651
0.000514030
0.000434875
0.000510454
0.000444889
0.000508070
0.000506401
0.000504971
0.000500679
0.000440598
0.000507355
0.000505209
0.000508070
0.000447273
0.000449181
0.000440121
0.000503540
0.000444174
0.000442505
0.000508070
0.000438690
0.000435114
0.000507832
0.000441551
0.000433445
0.000505447
0.000444412
0.000440598
0.000443459
0.000511169
0.000442505
0.000509024
0.000440836
0.000509024
0.000449419
0.000499964
0.000439405
0.000504017
0.000507355
0.000507593
0.000442266
0.000440836
0.000437260
0.000501156
0.000443935
0.000505447
0.000505447
0.000437021
0.000439644
0.000442028
0.000440121
0.000505209
0.000498772
0.000439644
0.000437260
0.000440359
0.000502825
0.000442028
0.000482321
0.000511169
0.000436544
0.000509024
0.000504971
0.000508308
0.000380516
0.000444174
0.000441074
0.000506163
0.000442266
0.000439167
0.000507116
0.000441313
0.000436783
0.000440121
0.000508070
0.000510693
0.000504971
0.000443220
0.000434160
0.000508547
0.000438929
0.000440359
0.000437021
0.000503778
0.000508070
0.000443935
0.000514269
0.000439405
0.000438213
0.000512123
0.000439644
0.000442982
0.000505209
0.000442266
0.000455141
0.000475168
0.000509739
0.000515223
0.000508070
0.000508070
0.000436306
0.000506401
0.000471115
0.000443220
0.000436783
0.000511885
0.000438213
0.000509262
0.000438929
0.000432491
0.000433445
0.000455618
0.000441074
0.000454664
0.000438929
0.000437021
0.000434875
0.000438690
0.000438213
0.000440598
0.000504017
0.000437260
0.000436068
0.000508547
0.000437021
0.000439882
0.000374794
0.000442743
0.000509977
0.000517845
0.000438213
0.000504494
0.000509739
0.000444174
0.000442505
0.000444174
0.000444412
0.000447273
0.000443935
0.000443459
0.000438690
0.000512362
0.000486374
0.000443220
0.000513792
0.000443220
0.000512123
0.000442743
0.000439644
0.000505447
0.000442028
0.000439644
0.000439882
0.000440121
0.000440359
0.000506163
0.000440359
0.000440598
0.000443935
0.000450134
0.000445604
0.000513554
0.000444412
0.000472784
0.000505924
0.000509501
0.000440359
0.000443459
0.000510693
0.000446081
0.000442982
0.000509739
0.000485182
0.000442743
0.000441313
0.000441074
0.000471115
0.000440598
0.000445127
0.000442505
0.000441074
0.000517607
0.000445604
0.000441074
0.000438929
0.000454426
0.000444889
0.000443459
0.000446320
0.000478745
0.000442505
0.000451803
0.000443459
0.000444174
0.000473261
0.000439405
0.000439405
0.000438690
0.000512362
0.000447989
0.000437737
0.000482559
0.000444412
0.000473976
0.000450373
0.000513554
0.000441313
0.000483036
0.000445127
0.000512362
0.000437498
0.000508547
0.000441313
0.000441313
0.000442028
0.000443459
0.000484467
0.000445127
0.000511885
0.000439644
0.000478983
0.000514269
0.000442743
0.000513792
0.000440836
0.000457287
0.000443220
0.000517130
0.000444412
0.000446081
0.000448942
0.000447989
0.000446796
0.000512123
0.000513315
0.000514269
0.000438929
0.000515461
0.000519276
0.000446081
0.000445843
0.000445366
0.000510216
0.000444651
0.000438690
0.000442505
0.000442505
0.000505686
0.000512362
0.000511885
0.000440121
0.000511885
0.000511646
0.000447750
0.000508308
0.000446558
0.000516176
0.000448465
0.000509262
0.000446796
0.000514030
0.000516415
0.000516653
0.000446320
0.000441790
0.000508308
0.000447512
0.000513554
0.000513554
0.000514984
0.000444412
0.000446081
0.000442982
0.000513554
0.000443220
0.000450850
0.000440121
0.000448704
0.000486135
0.000511885
0.000504971
0.000445127
0.000477076
0.000509262
0.000514507
0.000445843
0.000509024
0.000464439
0.000509501
0.000441790
0.000440121
0.000471592
0.000509262
0.000444651
0.000442743
0.000452280
0.000502825
0.000441790
0.000443459
0.000442028
0.000453472
0.000507832
0.000509739
0.000508070
0.000506401
0.000442982
0.000511169
0.000445127
0.000444651
0.000461340
0.000512600
0.000513792
0.000442028
0.000473499
0.000505924
0.000442505
0.000446558
0.000541210
0.000452280
0.000667810
0.000442266
0.000443697
0.000509739
0.000441790
0.000508070
0.000443697
0.000473738
0.000471354
0.000441790
0.000441790
0.000443459
0.000493526
0.000442028
0.000443220
0.000442266
0.000509262
0.000437975
0.000436306
0.000440359
0.000445604
0.000478745
0.000515223
0.000440598
0.000450373
0.000510454
0.000510454
0.000438213
0.000513792
0.000436306
0.000475407
0.000503302
0.000435829
0.000441074
0.000488520
0.000505924
0.000438452
0.000438690
0.000439167
0.000505686
0.000505686
0.000508308
0.000441074
0.000485182
0.000504255
0.000507832
0.000508785
0.000504255
0.000506639
0.000504017
0.000437498
0.000438213
0.000508308
0.000437737
0.000438929
0.000438213
0.000506878
0.000440121
0.000439644
0.000440598
0.000438452
0.000448227
0.000436068
0.000435829
0.000437021
0.000507116
0.000438690
0.000437498
0.000504971
0.000511169
0.000488758
0.000440359
0.000437021
0.000439405
0.000488043
0.000437498
0.000442028
0.000432968
0.000501633
0.000438452
0.000512600
0.000434637
0.000440121
0.000476122
0.000506878
0.000434160
0.000440121
0.000481129
0.000505924
0.000437498
0.000440598
0.000435829
0.000448465
0.000505447
0.000436783
0.000435591
0.000468969
0.000505924
0.000445366
0.000506163
0.000441313
0.000444651
0.000437260
0.000501633
0.000508308
0.000471592
0.000506163
0.000432730
0.000507116
0.000433207
0.000515699
0.000445366
0.000439644
0.000509024
0.000466824
0.000518322
0.000440121
0.000437737
0.000438690
0.000506401
0.000449419
0.000446081
0.000442266
0.000444889
0.000444651
0.000443459
0.000457048
0.000445127
0.000523567
0.000514030
0.000510454
0.000441790
0.000511885
0.000438690
0.000440598
0.000441551
0.000440121
0.000443935
0.000445127
0.000444412
0.000447750
0.000443459
0.000442743
0.000438929
0.000441074
0.000477552
0.000439644
0.000510931
0.000514507
0.000516415
0.000510931
0.000443697
0.000512600
0.000447035
0.000451088
0.000512123
0.000442505
0.000508308
0.000466585
0.000442982
0.000447273
0.000470877
0.000443935
0.000505209
0.000515699
0.000441551
0.000443459
0.000444889
0.000506639
0.000509501
0.000512123
0.000514984
0.000444889
0.000441551
0.000443220
0.000441551
0.000482559
0.000438690
0.000440598
0.000440836
0.000446320
0.000441790
0.000514030
0.000520468
0.000439167
0.000504732
0.000440836
0.000508308
0.000438929
0.000503778
0.000437498
0.000505924
0.000437021
0.000438452
0.000477076
0.000507116
0.000438929
0.000442028
0.000501394
0.000507116
0.000508070
0.000442028
0.000505924
0.000439644
0.000506878
0.000437737
0.000438213
0.000506163
0.000506163
0.000437260
0.000440359
0.000507355
0.000370026
0.000506878
0.000507116
0.000503302
0.000504017
0.000507593
0.000437737
0.000437498
0.000508785
0.000507355
0.000439167
0.000438690
0.000512362
0.000506878
0.000444889
0.000436306
0.000436068
0.000507593
0.000442505
0.000500679
0.000438929
0.000500917
0.000501394
0.000504732
0.000433683
0.000438213
0.000475407
0.000472546
0.000440359
0.000439644
0.000445366
0.000441790
0.000511169
0.000442505
0.000440598
0.000456810
0.000439882
0.000439167
0.000443459
0.000508070
0.000438929
0.000439882
0.000513554
0.000441551
0.000512600
0.000448465
0.000442266
0.000438690
0.000439644
0.000447989
0.000439405
0.000453472
0.000508785
0.000442028
0.000443220
0.000437021
0.000441313
0.000440598
0.000443935
0.000440836
0.000443220
0.000443697
0.000444412
0.000444412
0.000446320
0.000439882
0.000488281
0.000442982
0.000441790
0.000450850
0.000473022
0.000510931
0.000448942
0.000438690
0.000443697
0.000444651
0.000517130
0.000443220
0.000448942
0.000460625
0.000514984
0.000444412
0.000443459
0.000475645
0.000509739
0.000511885
0.000440121
0.000444889
0.000438213
0.000437021
0.000441790
0.000442028
0.000374079
0.000511408
0.000441313
0.000442743
0.000439405
0.000433207
0.000441551
0.000445127
0.000445604
0.000437498
0.000441074
0.000447273
0.000509977
0.000511885
0.000442266
0.000443935
0.000439644
0.000436544
0.000374079
0.000440598
0.000465393
0.000442743
0.000468016
0.000438213
0.000445843
0.000441313
0.000441313
0.000443220
0.000503778
0.000442028
0.000440121
0.000453711
0.000510454
0.000443220
0.000445604
0.000440359
0.000446796
0.000444889
0.000446081
0.000439405
0.000455856
0.000507832
0.000442266
0.000445366
0.000448227
0.000504732
0.000511885
0.000506878
0.000445366
0.000478983
0.000448465
0.000507832
0.000438213
0.000507116
0.000438690
0.000437260
0.000511885
0.000504732
0.000561237
0.000505924
0.000509501
0.000433922
0.000440359
0.000436544
0.000444174
0.000436783
0.000504494
0.000468254
0.000437498
0.000505924
0.000437737
0.000507832
0.000438213
0.000441551
0.000440359
0.000440598
0.000509262
0.000505209
0.000437737
0.000438690
