0.000269175
0.000209570
0.000278950
0.000308275
0.000239849
0.000215769
0.000402927
0.000216484
0.000345230
0.000189066
0.000208139
0.000329733
0.000300884
0.000210762
0.000218630
0.000279427
0.000236034
0.000215530
0.000401258
0.000224590
0.000287771
0.000218153
0.000307322
0.000217438
0.000307560
0.000236988
0.000205517
0.000211477
0.000181437
0.000228167
0.000302553
0.000186205
0.000329733
0.000311136
0.000202894
0.000254869
0.000217915
0.000206470
0.000208616
0.000251055
0.000229836
0.000273228
0.000211954
0.000306368
0.000296116
0.000211239
0.000204802
0.000219822
0.000210762
0.000301838
0.000214338
0.000205278
0.000300884
0.000298023
0.000185013
0.000257254
0.000208139
0.000308275
0.000203133
0.000238180
0.000265121
0.000234365
0.000184298
0.000273466
0.000236273
0.000136137
0.000303268
0.000203609
0.000190973
0.000211000
0.000236988
0.000204325
0.000241041
0.000251532
0.000185728
0.000223637
0.000189781
0.000253916
0.000205755
0.000205040
0.000201702
0.000257015
0.000210047
0.000210285
0.000209093
0.000234604
0.000184298
0.000281096
0.000231028
0.000193119
0.000283718
0.000320196
0.000317574
0.000305653
0.000181675
0.000203609
0.000235558
0.000306845
0.000209570
0.000198603
0.000316143
0.000214338
0.000257492
0.000275135
0.000203848
0.000208855
0.000189304
0.000292301
0.000228643
0.000215054
0.000206947
0.000197887
0.000206232
0.000303507
0.000134706
0.000281811
0.000205278
0.000271082
0.000232697
0.000204563
0.000327587
0.000266314
0.000206709
0.000273705
0.000300169
0.000263453
0.000297785
0.000205755
0.000211239
0.000175238
0.000226259
0.000211477
0.000213385
0.000197172
0.000213861
0.000210285
0.000234365
0.000190735
0.000304937
0.000215769
0.000200987
0.000225067
0.000199795
0.000226498
0.000284910
0.000230074
0.000325918
0.000214100
0.000200272
0.000341892
0.000268936
0.000303030
0.000324965
0.000262499
0.000198603
0.000314713
0.000296116
0.000267506
0.000278473
0.000200033
0.000309229
0.000299454
0.000265360
0.000314713
0.000298977
0.000263214
0.000232458
0.000204802
0.000272036
0.000204563
0.000203609
0.000231743
0.000209808
0.000263453
0.000313997
0.000303507
0.000214100
0.000308990
0.000207424
0.000234365
0.000302315
0.000304461
0.000329971
0.000298738
0.000208378
0.000209808
0.000302553
0.000273943
0.000291348
0.000206947
0.000211716
0.000265121
0.000329494
0.000209808
0.000314713
0.000315666
0.000299454
0.000310421
0.000300884
0.000301361
0.000313520
0.000205040
0.000269175
0.000282764
0.000270128
0.000207186
0.000210524
0.000263929
0.000228405
0.000205755
0.000303984
0.000320196
0.000247955
0.000225067
0.000323296
0.000303507
0.000228405
0.000233889
0.000204086
0.000210285
0.000345945
0.000209570
0.000303507
0.000230789
0.000266552
0.000302315
0.000312567
0.000214338
0.000210285
0.000206470
0.000300407
0.000231743
0.000205755
0.000209808
0.000330210
0.000264406
0.000206947
0.000209808
0.000214815
0.000231028
0.000311136
0.000305176
0.000263691
0.000208616
0.000255823
0.000307798
0.000301838
0.000263214
0.000281572
0.000205278
0.000204325
0.000206709
0.000225544
0.000207663
0.000204563
0.000207186
0.000298262
0.000225306
0.000306845
0.000247240
0.000326633
0.000264406
0.000271320
0.000309467
0.000209808
0.000216722
0.000233889
0.000303984
0.000209093
0.000265121
0.000293493
0.000256300
0.000207424
0.000211954
0.000212669
0.000259638
0.000211239
0.000237942
0.000226498
0.000263929
0.000293732
0.000211477
0.000209570
0.000223398
0.000301123
0.000279903
0.000301361
0.000299692
0.000236034
0.000207424
0.000215054
0.000324726
0.000310421
0.000210762
0.000211477
0.000267506
0.000304937
0.000211716
0.000208855
0.000306129
0.000304699
0.000322819
0.000299931
0.000303984
0.000236750
0.000307798
0.000207901
0.000210047
0.000306606
0.000234365
0.000300407
0.000209808
0.000290871
0.000195026
0.000310421
0.000262976
0.000206232
0.000227928
0.000209808
0.000298738
0.000306368
0.000270367
0.000213861
0.000313759
0.000206470
0.000207186
0.000236750
0.000244617
0.000267506
0.000233412
0.000267744
0.000301361
0.000228643
0.000206470
0.000212193
0.000207186
0.000265121
0.000232935
0.000205040
0.000209093
0.000327110
0.000205994
0.000284433
0.000205755
0.000203133
0.000241995
0.000203609
0.000179768
0.000199795
0.000208616
0.000206947
0.000189543
0.000216961
0.000211239
0.000204563
0.000190973
0.000242472
0.000176907
0.000202417
0.000246048
0.000195026
0.000229836
0.000222921
0.000323534
0.000262499
0.000202179
0.000208378
0.000231743
0.000204325
0.000202417
0.000248671
0.000236273
0.000208378
0.000205994
0.000314951
0.000208616
0.000312567
0.000289917
0.000213146
0.000261307
0.000274181
0.000230789
0.000268698
0.000205755
0.000323772
0.000298262
0.000232458
0.000209332
0.000262260
0.000266075
0.000260115
0.000260592
0.000307560
0.000262499
0.000265837
0.000286579
0.000205994
0.000263214
0.000345945
0.000203609
0.000262022
0.000297308
0.000269413
0.000303268
0.000301838
0.000209332
0.000264406
0.000302315
0.000207186
0.000206709
0.000265360
0.000307322
0.000234604
0.000238180
0.000220299
0.000328541
0.000335455
0.000229359
0.000274897
0.000302315
0.000298500
0.000206470
0.000207186
0.000193834
0.000260353
0.000297785
0.000204802
0.000218153
0.000207424
0.000205994
0.000298977
0.000205278
0.000296593
0.000302553
0.000205278
0.000205994
0.000299692
0.000300884
0.000206709
0.000205755
0.000324965
0.000237703
0.000308275
0.000216722
0.000331402
0.000329018
0.000312567
0.000221491
0.000206232
0.000304937
0.000211716
0.000205755
0.000207663
0.000209808
0.000206947
0.000265360
0.000306368
0.000205994
0.000307798
0.000304937
0.000300884
0.000209332
0.000303030
0.000218630
0.000267029
0.000205517
0.000207663
0.000269175
0.000308990
0.000215054
0.000214577
0.000270367
0.000308752
0.000215769
0.000302553
0.000206709
0.000267744
0.000313997
0.000206232
0.000229836
0.000235081
0.000305891
0.000281334
0.000233650
0.000221968
0.000291348
0.000300646
0.000264645
0.000205994
0.000267744
0.000205755
0.000206709
0.000227213
0.000205755
0.000298977
0.000263453
0.000295639
0.000205755
0.000308275
0.000298738
0.000301361
0.000205517
0.000261545
0.000263929
0.000265598
0.000301123
0.000198603
0.000297070
0.000295162
0.000263214
0.000208378
0.000298738
0.000263453
0.000263214
0.000264883
0.000243425
0.000265121
0.000265360
0.000261784
0.000210762
0.000268459
0.000315428
0.000308752
0.000235081
0.000213623
0.000287771
0.000305176
0.000262022
0.000236988
0.000300646
0.000261545
0.000260830
0.000205755
0.000261068
0.000300169
0.000263691
0.000262499
0.000206709
0.000305414
0.000262737
0.000206709
0.000295162
0.000301361
0.000303030
0.000301600
0.000205517
0.000212669
0.000304222
0.000204563
0.000228405
0.000252247
0.000271320
0.000289917
0.000227213
0.000317097
0.000228643
0.000299215
0.000206470
0.000261068
0.000296593
0.000263214
0.000296354
0.000262976
0.000208855
0.000302315
0.000213146
0.000297308
0.000203609
0.000300646
0.000262976
0.000207424
0.000211477
0.000261307
0.000262499
0.000203848
0.000304222
0.000208616
0.000274658
0.000239134
0.000280380
0.000323772
0.000293970
0.000286341
0.000231743
0.000221252
0.000205517
0.000268221
0.000263214
0.000205994
0.000302553
0.000260592
0.000264168
0.000203133
0.000298500
0.000269890
0.000262976
0.000298500
0.000263929
0.000302553
0.000262976
0.000209808
0.000300169
0.000297308
0.000265121
0.000198364
0.000324488
0.000230312
0.000227928
0.000328541
0.000324249
0.000223398
0.000230551
0.000269175
0.000296593
0.000269890
0.000295639
0.000262260
0.000297308
0.000305414
0.000301361
0.000296593
0.000294924
0.000261307
0.000297546
0.000298738
0.000301600
0.000295877
0.000262976
0.000266075
0.000263214
0.000255585
0.000269413
0.000308037
0.000268459
0.000320911
0.000307322
0.000327587
0.000312805
0.000308752
0.000328064
0.000267267
0.000296116
0.000228405
0.000269413
0.000296831
0.000262976
0.000265121
0.000304222
0.000262022
0.000300884
0.000299215
0.000262260
0.000295639
0.000299454
0.000298977
0.000261784
0.000262976
0.000262260
0.000308275
0.000263214
0.000235796
0.000315666
0.000242233
0.000288486
0.000270844
0.000326872
0.000234365
0.000308990
0.000207424
0.000262976
0.000264406
0.000298977
0.000208139
0.000204086
0.000266314
0.000295877
0.000262260
0.000264406
0.000263691
0.000297546
0.000296116
0.000262499
0.000297070
0.000265360
0.000262737
0.000264645
0.000262737
0.000264168
0.000288010
0.000269413
0.000285625
0.000308514
0.000235796
0.000326157
0.000325918
0.000306606
0.000289440
0.000262022
0.000302553
0.000305176
0.000263929
0.000221729
0.000267744
0.000262022
0.000303984
0.000262499
0.000295877
0.000305176
0.000275373
0.000263691
0.000207901
0.000205040
0.000265121
0.000304699
0.000215054
0.000322580
0.000306606
0.000289917
0.000321865
0.000306845
0.000240088
0.000331402
0.000331402
0.000216961
0.000281334
0.000308514
0.000207663
0.000239611
0.000262976
0.000206470
0.000204325
0.000206232
0.000205040
0.000301838
0.000203609
0.000205994
0.000205755
0.000264883
0.000310898
0.000207186
0.000205278
0.000203848
0.000209808
0.000261307
0.000191689
0.000205517
0.000328779
0.000306606
0.000226974
0.000232697
0.000292301
0.000228405
0.000232220
0.000262022
0.000204086
0.000305414
0.000298977
0.000204325
0.000204325
0.000304222
0.000262737
0.000204802
0.000205278
0.000206470
0.000262737
0.000303030
0.000205040
0.000266314
0.000267029
0.000203848
0.000204563
0.000300169
0.000311852
0.000305176
0.000298500
0.000310898
0.000230789
0.000271082
0.000268459
0.000321627
0.000309467
0.000268459
0.000262976
0.000299215
0.000303030
0.000208139
0.000308037
0.000297546
0.000262976
0.000215292
0.000301123
0.000264645
0.000302076
0.000301838
0.000217915
0.000265598
0.000264406
0.000300169
0.000211239
0.000300884
0.000323772
0.000308990
0.000268936
0.000210762
0.000240088
0.000272036
0.000340700
0.000244379
0.000307798
0.000294924
0.000262260
0.000299931
0.000303745
0.000261784
0.000261784
0.000296116
0.000203848
0.000299454
0.000309706
0.000261307
0.000295639
0.000301838
0.000302315
0.000306368
0.000300169
0.000203848
0.000296831
0.000235081
0.000205994
0.000213385
0.000277996
0.000229120
0.000286818
0.000273943
0.000210047
0.000333548
0.000271559
0.000291824
0.000236988
0.000265598
0.000304222
0.000303268
0.000210524
0.000256300
0.000307322
0.000302076
0.000302315
0.000211954
0.000266790
0.000297785
0.000208616
0.000203609
0.000266790
0.000205994
0.000211239
0.000206232
0.000300884
0.000306845
0.000245571
0.000232458
0.000231981
0.000307083
0.000327110
0.000290155
0.000317812
0.000338078
0.000266552
0.000207424
0.000205755
0.000237703
0.000263453
0.000207186
0.000206232
0.000261068
0.000288248
0.000211477
0.000299454
0.000211239
0.000271797
0.000306368
0.000265360
0.000270367
0.000303507
0.000299931
0.000263691
0.000310183
0.000284433
0.000241756
0.000317335
0.000231743
0.000235796
0.000295162
0.000315666
0.000295401
0.000324011
0.000265360
0.000230312
0.000263453
0.000212908
0.000210047
0.000207901
0.000300884
0.000262737
0.000178337
0.000263691
0.000226498
0.000262976
0.000204325
0.000263453
0.000204802
0.000295162
0.000295401
0.000206470
0.000321627
0.000288010
0.000271082
0.000318289
0.000229597
0.000278234
0.000321627
0.000320435
0.000205994
0.000272512
0.000261545
0.000283003
0.000262260
0.000262976
0.000295401
0.000264406
0.000263691
0.000260592
0.000263453
0.000262976
0.000262737
0.000264168
0.000302076
0.000301600
0.000265121
0.000307322
0.000307322
0.000262737
0.000265598
0.000325680
0.000300884
0.000316381
0.000293493
0.000282049
0.000275612
0.000218868
0.000314951
0.000281096
0.000261307
0.000299215
0.000307322
0.000264645
0.000294924
0.000264406
0.000306845
0.000269890
0.000262260
0.000296831
0.000214338
0.000262260
0.000265360
0.000298262
0.000274420
0.000221252
0.000304699
0.000301123
0.000262260
0.000305176
0.000303030
0.000325918
0.000229836
0.000269890
0.000265121
0.000239134
0.000285625
0.000271797
0.000239134
0.000265121
0.000263453
0.000298262
0.000299931
0.000263453
0.000303507
0.000235796
0.000299454
0.000305414
0.000206232
0.000209570
0.000210047
0.000305414
0.000210524
0.000265121
0.000298500
0.000205994
0.000308990
0.000273705
