0.011865854
0.001307487
0.001412868
0.001503468
0.001314878
0.001292229
0.001372099
0.001269341
0.011488199
0.011700869
0.001294374
0.011033058
0.001428604
0.001229525
0.011404514
0.001171827
0.001430750
0.011475325
0.001264572
0.001431704
0.001249790
0.001410246
0.011862516
0.001252651
0.001439095
0.011705875
0.001267672
0.001241446
0.001419783
0.001425266
0.001261950
0.001456022
0.001434326
0.001237631
0.001253366
0.001424551
0.001469374
0.001240253
0.001428127
0.001246929
0.011382580
0.001439571
0.001245499
0.001454115
0.001442909
0.001236916
0.001250029
0.001258850
0.001250029
0.001428127
0.001248598
0.001479626
0.001463413
0.001420021
0.001243591
0.001220703
0.011285305
0.001248360
0.010978222
0.011188269
0.011198521
0.001251936
0.001243114
0.001422644
0.001410246
0.001230717
0.001437187
0.001436234
0.001426697
0.001241922
0.001259089
0.001440525
0.001450062
0.001236439
0.001422882
0.001527786
0.001237869
0.001456499
0.001254082
0.001466036
0.001255989
0.001254559
0.001276493
0.001437664
0.001235485
0.001223803
0.011698723
0.001444340
0.001405478
0.001243353
0.011957884
0.001242161
0.001422167
0.001244783
0.001430273
0.001249313
0.001261234
0.001432657
0.001184225
0.001233816
0.001441002
0.001188278
0.001170158
0.001175880
0.001202822
0.011284590
0.001188993
0.001182795
0.001326799
0.011431217
0.001173735
0.001177311
0.001159668
0.011505604
0.001166344
0.001310587
0.001177311
0.011478901
0.001019001
0.001277924
0.001177073
0.001170635
0.001321316
0.001171350
0.001175404
0.001320362
0.001181126
0.011397600
0.001174450
0.001161814
0.001170635
0.001169443
0.001175165
0.001326084
0.001183271
0.001174212
0.001159906
0.001161337
0.001178265
0.001174927
0.001183748
0.001184940
0.001165867
0.001165867
0.001173258
0.001164436
0.001189232
0.001169443
0.001169443
0.011226654
0.001045704
0.001173019
0.001308918
0.001083612
0.011487007
0.001174688
0.001234770
0.001182079
0.001257896
0.001180410
0.001286983
0.001174212
0.001167774
0.001172304
0.001180172
0.001156330
0.001161337
0.001203775
0.001223564
0.001170397
0.001176119
0.001157999
0.001158237
0.001287937
0.001177073
0.001166344
0.001164913
0.001168489
0.001180887
0.001175404
0.001193285
0.001067638
0.001178503
0.001178026
0.011613131
0.001171589
0.001167059
0.001163006
0.001254320
0.001174212
0.001186132
0.001171589
0.001178980
0.001178741
0.001174450
0.001169443
0.001162291
0.001180410
0.001188755
0.001317024
0.001178980
0.001255512
0.001175642
0.001183033
0.001179457
0.001276016
0.001171350
0.001177073
0.001167774
0.001312256
0.001218796
0.001072884
0.001173258
0.001164675
0.001172543
0.001194954
0.001167536
0.001163960
0.001168966
0.001162529
0.001173258
0.001333475
0.001319885
0.001159430
0.001167536
0.001193762
0.001165867
0.001161575
0.001170635
0.001167536
0.001176596
0.001178741
0.001180887
0.001175165
0.001180410
0.001176596
0.001174688
0.001163006
0.001168728
0.001151800
0.001193047
0.001190662
0.001155138
0.001221657
0.001167774
0.001167774
0.001313925
0.001171589
0.001188517
0.001196623
0.001177549
0.011511087
0.001164913
0.001170874
0.001170397
0.001163721
0.001157761
0.001029253
0.001232147
0.001225710
0.001162529
0.001173258
0.001327753
0.001164436
0.011508942
0.001168728
0.001163721
0.001167536
0.001198053
0.001201391
0.001192570
0.001267195
0.001169920
0.001162767
0.001184464
0.001169443
0.001166105
0.011502266
0.001295090
0.001180410
0.001169920
0.001164436
0.001167774
0.001174927
0.001197815
0.001173258
0.001178265
0.001168251
0.001182318
0.001169443
0.001175880
0.001173019
0.001173973
0.001158953
0.001173735
0.001174212
0.001171112
0.001017809
0.001182556
0.001219749
0.001225471
0.001183271
0.001179218
0.001290560
0.001176834
0.001174927
0.001184464
0.001172066
0.001314640
0.001174927
0.001189470
0.001162291
0.001179695
0.001182556
0.001177073
0.001317978
0.011497736
0.001165152
0.001045704
0.001146555
0.001242399
0.001223803
0.001176357
0.001179695
0.001170874
0.001172304
0.001170158
0.001177311
0.001168013
0.001299858
0.001192570
0.001176834
0.001321554
0.001168251
0.001183510
0.001322269
0.001229525
0.001178741
0.001169920
0.001277447
0.001177073
0.001181602
0.001186609
0.001184702
0.001161337
0.001325607
0.001172066
0.001283407
0.001194954
0.001179457
0.001178026
0.001181364
0.001199007
0.011501551
0.001181602
0.001183987
0.001176834
0.000992537
0.001174212
0.001309872
0.001195192
0.001169443
0.001170874
0.001167536
0.001184940
0.001164913
0.001162529
0.001171350
0.001158953
0.001315832
0.001314640
0.001176596
0.001186371
0.001178265
0.001182079
0.001188040
0.001163006
0.001025915
0.001172543
0.001181841
0.001181602
0.001172304
0.001175642
0.001169920
0.001156569
0.001190662
0.001173496
0.001183510
0.001181841
0.001172781
0.001188040
0.001164436
0.001174212
0.001167297
0.001265526
0.001045704
0.001169443
0.001171827
0.001230001
0.001187086
0.001181126
0.001180410
0.001295328
0.001163960
0.001279593
0.001176834
0.001175404
0.001183033
0.001176357
0.001166344
0.001173496
0.001218081
0.001173496
0.001171112
0.001320362
0.001171589
0.001174212
0.011513472
0.001178026
0.001173496
0.001176119
0.001242161
0.001313448
0.001312733
0.001183510
0.001184702
0.001178741
0.001174212
0.001185417
0.001169443
0.001191139
0.001212835
0.001168013
0.001175642
0.001171589
0.001173735
0.001323462
0.001171827
0.001176596
0.001188040
0.001174450
0.001179457
0.001179218
0.001245737
0.001177549
0.001163960
0.001317978
0.001163960
0.001171350
0.001292706
0.001167059
0.001176357
0.001169920
0.001176357
0.001165867
0.001173973
0.001168966
0.001171350
0.001167774
0.001233101
0.001177073
0.001300573
0.001170635
0.001185417
0.001150131
0.001161814
0.001155853
0.001159191
0.001172304
0.001175880
0.001180172
0.001184464
0.001158714
0.001183510
0.001163721
0.001158237
0.001315832
0.001302004
0.001171589
0.001234770
0.000983953
0.001124382
0.001206160
0.001240253
0.001242638
0.001173735
0.001196861
0.001167774
0.001299620
0.001166105
0.001174450
0.001197815
0.001165628
0.001163721
0.001330614
0.001163483
0.001181602
0.001172543
0.001165867
0.001164913
0.001253366
0.001180410
0.001174927
0.001174927
0.001174212
0.001190662
0.001180887
0.001166105
0.001171589
0.001179695
0.001165152
0.001175165
0.001173973
0.001167774
0.001244307
0.011227131
0.001173496
0.001170635
0.001162052
0.001162291
0.001169205
0.001177549
0.001155853
0.001172781
0.001187801
0.001177073
0.001190662
0.001161098
0.001223564
0.001185417
0.001175404
0.001195431
0.001178265
0.001164675
0.001168728
0.001309633
0.001165867
0.001248837
0.001177073
0.001168013
0.001171827
0.001165152
0.001179695
0.001172304
0.001169443
0.001170397
0.001162291
0.001169682
0.001171827
0.001164436
0.001141787
0.001173973
0.001166821
0.001172781
0.001157045
0.011477232
0.001332283
0.001168728
0.001178980
0.001027346
0.001178741
0.001170874
0.001172066
0.001326561
0.001186848
0.001162767
0.001165628
0.001174688
0.001196384
0.001163483
0.001165152
0.001286745
0.001207352
0.001186609
0.001313686
0.001182795
0.001181364
0.001173735
0.001324177
0.001170397
0.001175642
0.001177073
0.001188517
0.001171350
0.001170158
0.011509895
0.001167297
0.001324177
0.001167774
0.001009464
0.001154423
0.001169920
0.001168966
0.001164913
0.001185656
0.001179695
0.001162291
0.001185417
0.001180410
0.001177788
0.001177549
0.001315594
0.001318216
0.001187801
0.001176357
0.001173496
0.001177788
0.001180887
0.001178265
0.001324177
0.001178026
0.011504173
0.001321316
0.001189709
0.001180649
0.001178503
0.001295328
0.001322269
0.001181602
0.001178503
0.001283646
0.001162767
0.001307011
0.001263857
0.001175880
0.001180172
0.001174927
0.001171112
0.001160145
0.001160860
0.001206398
0.001273870
0.001194000
0.001176357
0.001176596
0.001164675
0.001162529
0.001192570
0.001308918
0.001174212
0.011486530
0.001166105
0.001094818
0.001207352
0.001284361
0.001243353
0.001210451
0.001158476
0.001170874
0.001174927
0.001176596
0.001173019
0.001140118
0.001166821
0.001173496
0.001311779
0.001173735
0.001170874
0.001167774
0.001193047
0.001193523
0.001178265
0.001166105
0.001282930
0.001172781
0.001312971
0.001165867
0.001181126
0.001181126
0.001166105
0.001152515
0.001175165
0.001178980
0.001178741
0.001194477
0.001172543
0.001182556
0.001179218
0.001316786
0.011517048
0.001183033
0.001165628
0.001181602
0.011505365
0.001182795
0.001165390
0.001175404
0.001161098
0.001182079
0.001283407
0.001188993
0.001267672
0.001183748
0.001171827
0.001319885
0.001176357
0.001324177
0.001173019
0.001179457
0.001177311
0.001171589
0.011423826
0.001169682
0.001320362
0.001190424
0.001168013
0.001176119
0.001202106
0.001173019
0.001286745
0.000945330
0.001170158
0.001181364
0.001182795
0.000971317
0.001170635
0.001316071
0.001314163
0.001172543
0.001180649
0.001171350
0.001163483
0.001156807
0.001164675
0.001167297
0.001181126
0.001321077
0.001180649
0.001186848
0.001173258
0.001164198
0.001304626
0.001168489
0.001183271
0.001157045
0.001159906
0.001040697
0.001175404
0.001185179
0.001175404
0.001281500
0.001175165
0.001177073
0.001174450
0.001166344
0.001324177
0.001182795
0.001182556
0.001157284
0.001171827
0.001174927
0.001171112
0.001180887
0.001166344
0.001145363
0.001174212
0.001270294
0.001167059
0.001204729
0.001319885
0.001172304
0.001286745
0.001175404
0.001169205
0.001173735
0.001164198
0.001323223
0.001167059
0.001183510
0.001276970
0.001181841
0.001180410
0.011134624
0.001167536
0.001320839
0.001314402
0.011462927
0.001304865
0.011397600
0.001163960
0.001183271
0.001151323
0.001157522
0.001167536
0.001186848
0.001138687
0.001176119
0.001166582
0.001176357
0.001302004
0.001170158
0.001334906
0.001181364
0.001162052
0.001253843
0.001163006
0.001175404
0.001167774
0.011506081
0.001178265
0.001174212
0.001193047
0.001173496
0.001015663
0.011441231
0.001180410
0.001186132
0.011455536
0.001163006
0.001234770
0.001262665
0.001222849
0.001175404
0.001174212
0.001319408
0.001297712
0.011487007
0.001181364
0.001170397
0.001174927
0.011482716
0.001164198
0.001185894
0.001164913
0.001301050
0.011487246
0.001312971
0.001173735
0.001172304
0.011500120
0.001282930
0.001171350
0.001234531
0.001175880
0.001026392
0.001163244
0.001182079
0.011502504
0.011515141
0.001165867
0.001326799
0.001177073
0.001177073
0.001214027
0.001164675
0.001181364
0.001172543
0.001227140
0.001318216
0.001162291
0.001174450
0.001130819
0.001173496
0.001212835
0.001181602
0.001181364
0.001166821
0.001173496
0.001167774
0.001176834
0.001169443
0.001163483
0.001168728
0.001169205
0.001223803
0.001183033
0.001179457
0.001174450
0.001163244
0.001175404
0.001171827
0.001162529
0.001176357
0.001171350
0.001309395
0.001288891
0.001173496
0.001159906
0.001168013
0.001163721
0.001169682
0.001168251
0.001172066
0.001300335
0.001176834
0.001164436
0.001177073
0.001160383
0.001170874
0.001161575
0.001213312
0.001168251
0.001233578
0.001174212
0.001219749
0.001190186
0.001157522
0.001172066
0.001307726
0.001232862
0.001188517
0.001167536
0.001164198
0.001247883
0.001172304
0.001196146
0.001175880
0.001159668
0.001171350
0.001174450
0.001184464
0.001176119
0.001219034
0.001176357
0.001176834
0.001177549
0.001176834
0.001163960
0.001312733
0.001293659
0.001178265
0.001239777
0.001166582
0.001168251
0.001183987
0.001226664
0.001176596
0.001158714
0.001180410
0.001307011
0.001184702
0.001217127
0.001157045
0.001225233
0.001227856
0.001169920
0.001178026
0.001171827
0.001180172
0.001281023
0.001173735
0.001181364
0.001187325
0.001175642
0.001178503
0.001170158
0.001168728
0.001227617
0.001179457
0.001172543
0.001206398
0.001163244
0.001173496
0.001169205
0.001173973
0.001168489
0.001174450
0.001177788
0.001174688
0.001308918
0.001191378
0.001174927
0.001178741
0.001170397
0.001184702
0.001219034
0.001168728
0.000936031
0.001173973
0.001162291
0.001086235
0.001143217
0.001218557
0.001245975
0.001178503
0.001311302
0.001164436
0.001164913
0.001176596
0.001161337
0.001161814
0.001237631
0.001229286
0.011637449
0.001164675
0.001162767
0.001176596
0.001156092
0.001169682
0.001180172
0.001179695
0.001280069
0.001152992
0.001186848
0.001163721
0.001179218
0.001171112
0.001159906
0.001177073
