0.011668921
0.000892639
0.000943422
0.000888824
0.000958920
0.000913382
0.000856638
0.000950098
0.011424303
0.000967264
0.000891924
0.011479616
0.000942230
0.000834703
0.000820875
0.000960112
0.000920773
0.000826120
0.011276484
0.000971556
0.000872135
0.000935555
0.000974894
0.000839949
0.000848532
0.000873804
0.011540651
0.000822067
0.011605978
0.000847578
0.000895262
0.000684738
0.000957966
0.000846148
0.000947952
0.011431456
0.000957966
0.000824690
0.000950813
0.000877380
0.000880957
0.000814676
0.011246443
0.000928879
0.000964642
0.000820398
0.000980139
0.000813484
0.000879526
0.000864744
0.000897169
0.000959158
0.011408091
0.000886202
0.000939608
0.000838757
0.000964403
0.000819683
0.000949860
0.000973225
0.001020193
0.000852108
0.011528015
0.000837803
0.001005411
0.000798464
0.001022100
0.000944614
0.000948668
0.000954628
0.000826597
0.000926256
0.000831366
0.000833273
0.000932455
0.000753403
0.000827789
0.000977516
0.000944376
0.000899553
0.000990391
0.000856638
0.000985861
0.000827789
0.000787020
0.000988245
0.000929594
0.000883341
0.000925064
0.000843287
0.001026630
0.000844955
0.000822306
0.000931263
0.000897408
0.000902414
0.000921965
0.000982523
0.000994682
0.000834227
0.000919342
0.000817060
0.000803471
0.000790358
0.000852108
0.000751972
0.000789404
0.000868082
0.000859261
0.000798941
0.000742435
0.000825644
0.000771523
0.000792980
0.000787973
0.000763893
0.000853062
0.000855923
0.000843763
0.000769377
0.000797033
0.000811815
0.000790596
0.000801325
0.000769854
0.000751972
0.000808716
0.000776768
0.000773430
0.000815868
0.000803709
0.000823498
0.000794172
0.000793695
0.000883102
0.000856876
0.000772953
0.000843048
0.000803709
0.000806570
0.000788689
0.000849485
0.000792742
0.000851631
0.000800848
0.000836611
0.000769377
0.000774145
0.011384726
0.000834703
0.000748396
0.000833750
0.000871420
0.000801325
0.000831604
0.000792503
0.000793934
0.000772476
0.000774860
0.000811815
0.000829935
0.000789881
0.000755787
0.000801086
0.000784159
0.000800848
0.000731945
0.000769138
0.000793934
0.000778913
0.000760317
0.000758171
0.000737190
0.000807524
0.000710964
0.000767469
0.000707388
0.000830412
0.000859499
0.000818968
0.000809669
0.000796795
0.000891924
0.000806808
0.000808477
0.000860929
0.000784636
0.000808239
0.000804424
0.000845671
0.000920057
0.000818491
0.000794172
0.000760317
0.000764370
0.000728369
0.000750065
0.000779867
0.011437416
0.000811577
0.000796318
0.011183977
0.000861883
0.000797272
0.000800133
0.000865936
0.000754356
0.000846624
0.000775099
0.000787497
0.000644922
0.000805378
0.000821590
0.000800610
0.000878096
0.000828028
0.000792027
0.000832796
0.000780582
0.000809193
0.000812769
0.000779867
0.000831127
0.000796795
0.000788212
0.000831842
0.000807285
0.000788212
0.000602961
0.000808716
0.000786066
0.000800371
0.000772476
0.000788450
0.000814676
0.000800371
0.000825644
0.000820398
0.000823021
0.000888586
0.000809193
0.000826836
0.000802279
0.000874519
0.000844240
0.000811100
0.011273146
0.000790834
0.000867844
0.000670433
0.000819683
0.000799656
0.000772238
0.000827074
0.000797033
0.000788689
0.000878334
0.000816345
0.000819921
0.000769615
0.000804186
0.000867605
0.000854969
0.000815153
0.000801802
0.000796795
0.000783682
0.000795841
0.000802279
0.000828981
0.000816584
0.000788927
0.000865221
0.000786066
0.000778198
0.000802994
0.000772238
0.000760078
0.000818729
0.000813723
0.000777483
0.000868797
0.000797749
0.000807047
0.000823021
0.000823259
0.000867844
0.000794649
0.000769377
0.000866890
0.000841618
0.000838280
0.000785351
0.000778437
0.000804663
0.000803947
0.000743151
0.000787020
0.000754833
0.000812292
0.000838757
0.000797033
0.000761032
0.000778198
0.000802040
0.000773430
0.000769377
0.000770807
0.011404514
0.000864983
0.000863791
0.000864029
0.000756979
0.000832319
0.000777960
0.000814915
0.000787497
0.000820160
0.000787735
0.000805378
0.000756979
0.000787020
0.000806093
0.000798464
0.000759602
0.000809431
0.000793457
0.000790358
0.000799656
0.000850201
0.000792265
0.000807047
0.000802994
0.000811100
0.000821114
0.000813961
0.000802517
0.000780344
0.000795841
0.000869274
0.011420488
0.000799656
0.000768900
0.011420727
0.000819445
0.000813723
0.000777245
0.000812054
0.000809431
0.000770807
0.000774384
0.000866652
0.000790119
0.000788689
0.000850677
0.000746965
0.000806332
0.000782013
0.000783682
0.000802755
0.000840425
0.000850439
0.000792027
0.011265993
0.000751734
0.000795126
0.000804663
0.000792742
0.000783443
0.000786543
0.000806570
0.000803232
0.000792980
0.011279583
0.011402845
0.000831842
0.000808239
0.000845909
0.000783682
0.000795841
0.000742912
0.000827551
0.000835419
0.000829220
0.000765085
0.000803471
0.000813723
0.000855923
0.000806570
0.000756502
0.000790119
0.000808239
0.000803947
0.000772715
0.000780106
0.000782490
0.000791311
0.000786304
0.000770330
0.000794172
0.000860214
0.000822067
0.000806332
0.000794888
0.000793219
0.000830173
0.000796795
0.000740290
0.000830412
0.000876427
0.000836372
0.000763416
0.000756502
0.000733614
0.000818491
0.000772238
0.011416912
0.000823021
0.000843287
0.000800610
0.000767708
0.000808954
0.000801802
0.000777483
0.000787258
0.000796795
0.000856638
0.000804663
0.011156321
0.000728846
0.000867605
0.000870705
0.000807762
0.000764608
0.000797987
0.000886202
0.000823498
0.000808239
0.000797033
0.000785351
0.011390924
0.000802517
0.000777245
0.000774145
0.000819921
0.000863075
0.000764132
0.000784397
0.000808477
0.000782251
0.000767946
0.000771046
0.000778198
0.000787735
0.000868797
0.000801086
0.000760317
0.000812054
0.011333942
0.000816107
0.000802279
0.000812531
0.000813484
0.000834703
0.000802279
0.000800610
0.000823259
0.000797987
0.000807524
0.000659704
0.000837803
0.000799179
0.000862360
0.000784874
0.000852823
0.000855446
0.000865221
0.011318445
0.000778913
0.000830889
0.000805378
0.000796556
0.000785589
0.000792503
0.000798464
0.000802755
0.011328697
0.000772715
0.000809193
0.000845909
0.000878334
0.000781059
0.000791311
0.000787020
0.000824213
0.000813007
0.000783205
0.000774860
0.000811100
0.000868320
0.000629663
0.000858784
0.000871181
0.000830889
0.000795603
0.000783920
0.000823021
0.000812769
0.000793219
0.000783443
0.000785112
0.000777483
0.000782013
0.000764132
0.000764608
0.000813723
0.000807762
0.000768900
0.000801802
0.000801086
0.000808716
0.000796795
0.000793695
0.000817299
0.000867367
0.000818968
0.000774860
0.000732899
0.000791788
0.000860214
0.000797272
0.000770092
0.000799656
0.000866175
0.000808954
0.000844955
0.000789642
0.000804424
0.000816107
0.000801563
0.000779390
0.000793219
0.000793934
0.000804424
0.000780344
0.000776529
0.011411667
0.000814199
0.000808477
0.000720024
0.000874758
0.000814438
0.000857115
0.000796080
0.000786781
0.000794172
0.000779629
0.000817776
0.000591993
0.000782967
0.000782967
0.000780344
0.000784159
0.000798941
0.000804663
0.000781536
0.000640154
0.000870705
0.000793934
0.000798225
0.000751495
0.000806332
0.000832558
0.000797033
0.000809908
0.000883579
0.000787735
0.000776052
0.000844955
0.000773907
0.000822783
0.000867605
0.000873804
0.000800610
0.000790358
0.000793934
0.000836372
0.000789881
0.000778913
0.000802040
0.000820875
0.000829935
0.000796795
0.000836134
0.000793934
0.000872135
0.000781059
0.000746965
0.000782728
0.000798702
0.000774622
0.000768900
0.000841141
0.010981560
0.000818014
0.000785828
0.000755072
0.000784874
0.000689983
0.000787258
0.000749350
0.000879765
0.000786781
0.000860691
0.000763893
0.000855684
0.000807285
0.000863314
0.000723839
0.000811100
0.000851393
0.000810146
0.000803471
0.000787735
0.000785351
0.000766754
0.000854254
0.000799179
0.000802994
0.000806332
0.000869513
0.000801086
0.000872612
0.000810862
0.000801325
0.000795126
0.000826359
0.000869751
0.000792027
0.000860691
0.000800610
0.000775814
0.000831366
0.000863075
0.000797749
0.000625610
0.000831366
0.000801802
0.000793934
0.000609875
0.000863791
0.000824451
0.000804901
0.000886679
0.000654936
0.000846863
0.000792742
0.000790834
0.000643969
0.000839233
0.000796795
0.000807285
0.000804424
0.000806808
0.000810623
0.000820398
0.000805140
0.000631332
0.000830412
0.000672340
0.000788927
0.000808954
0.000806570
0.000825405
0.000794411
0.000799417
0.000686169
0.000813723
0.000753403
0.000808954
0.000798225
0.000793457
0.000795364
0.000790119
0.000843763
0.000825882
0.000796795
0.000847816
0.000830173
0.000797033
0.000793219
0.000811577
0.000824690
0.000799179
0.000806093
0.000787258
0.000834942
0.000864744
0.000771284
0.000792265
0.000856638
0.000855684
0.000791311
0.000745058
0.000769854
0.000808477
0.000813484
0.000822306
0.000814199
0.000851154
0.000773668
0.000739336
0.000736952
0.000775099
0.000749111
0.000660181
0.000762224
0.000796556
0.000800133
0.011372328
0.000796080
0.000809193
0.000864983
0.000762224
0.000793457
0.000859976
0.000789642
0.000792503
0.000783682
0.000795603
0.000789165
0.000778675
0.000730753
0.000762939
0.000647545
0.000801086
0.000853539
0.000768900
0.000773907
0.000781298
0.000756264
0.000782728
0.000833988
0.000761986
0.000762224
0.000850439
0.000790119
0.011346340
0.000739574
0.000785828
0.000792980
0.000792265
0.000796318
0.000783920
0.000775337
0.000763893
0.000793457
0.000780821
0.000772476
0.000822783
0.000794649
0.000763655
0.000735521
0.000760555
0.000792027
0.000780106
0.000816584
0.000777960
0.000793934
0.000782013
0.000786066
0.000813007
0.000810146
0.000768185
0.000795126
0.000795603
0.000758886
0.000865221
0.000634432
0.000766516
0.000717163
0.011269808
0.000814915
0.000809908
0.000834703
0.000793695
0.000769377
0.000792265
0.000871181
0.000836134
0.000800133
0.000788689
0.000815153
0.000792265
0.000779629
0.000796556
0.000854492
0.000785112
0.000859976
0.000808954
0.000801086
0.000796795
0.000833273
0.000837088
0.000790119
0.000835896
0.000802755
0.000864029
0.000823498
0.000792742
0.000804663
0.000792980
0.000834227
0.000812531
0.000809908
0.000784636
0.000763893
0.000647783
0.000794888
0.000811338
0.000829697
0.000856161
0.000800371
0.000791073
0.000797510
0.000799656
0.000780344
0.000837088
0.000821352
0.000793457
0.000786066
0.000785828
0.000782013
0.000853300
0.000850201
0.000874043
0.000790596
0.000781775
0.000807047
0.000800610
0.000792742
0.000780821
0.000864029
0.000858068
0.000853777
0.000765800
0.000821590
0.000800371
0.000787497
0.000807762
0.000799179
0.000787973
0.000826597
0.000848055
0.000820875
0.000869751
0.000841379
0.000829935
0.000812769
0.000806332
0.000814676
0.000819921
0.000859976
0.000792980
0.000796556
0.000792027
0.000790596
0.000805140
0.011378288
0.000808716
0.000752687
0.000792742
0.000791073
0.000847578
0.000828505
0.000803471
0.000828028
0.000813246
0.000855446
0.000743389
0.000764370
0.000822067
0.000754356
0.000841618
0.000859976
0.000780106
0.000756979
0.000766993
0.000865936
0.000772715
0.000747442
0.000737429
0.000859976
0.000801325
0.000809669
0.000801563
0.000817537
0.000792027
0.000869036
0.000759363
0.000835419
0.000836611
0.000802517
0.000746489
0.000845194
0.000859976
0.000800133
0.000769138
0.000782728
0.000671864
0.000828743
0.000793457
0.000796318
0.000819445
0.000871420
0.000853300
0.000851631
0.000787735
0.000676394
0.000754833
0.000792742
0.000808716
0.000859022
0.000821352
0.000861645
0.000810862
0.000873327
0.000860453
0.000820160
0.000797272
0.000793695
0.000791073
0.000803947
0.000795841
0.000768900
0.000812531
0.000855684
0.000802994
0.000797987
0.000614882
0.000801086
0.000800133
0.000801086
0.000806332
0.000820160
0.000768185
0.000761032
0.000767231
0.000859976
0.000781536
0.000832796
0.000764370
0.000814199
0.011339426
0.000795126
0.000794649
0.000802040
0.000748396
0.000788927
0.000750542
0.000793934
0.000700712
0.000825405
0.000815868
0.000776052
0.000804663
0.000864029
0.000798702
0.000766516
0.000770330
0.000788450
0.000790834
0.000842571
0.000791550
0.000731468
0.000832081
0.000790119
0.000812769
0.000829458
0.000753164
0.000790119
0.000795841
0.011418343
0.000753164
0.000789881
0.000782967
0.000831366
0.000761747
0.000789642
0.000857592
0.000836134
0.000773430
0.000738859
0.000769138
0.000809193
0.000804901
0.000803947
0.000778198
0.000792742
