0.081878424
0.000205517
0.000236034
0.000234604
0.000233650
0.000208378
0.000238657
0.000265598
0.000268459
0.000247478
0.000264645
0.000263214
0.000266075
0.000270128
0.000220060
0.000246763
0.000239372
0.000238895
0.000181913
0.000137806
0.000229836
0.000150204
0.000209332
0.000144482
0.000151634
0.000181675
0.000156879
0.000146389
0.000148058
0.000190973
0.000147343
0.000180244
0.000147581
0.000162125
0.000232220
0.000244379
0.000221968
0.000268698
0.000248432
0.000248432
0.000270605
0.000266552
0.000273466
0.000269651
0.000142574
0.000217915
0.000249624
0.000241995
0.000243902
0.000248194
0.000242949
0.000152111
0.000197887
0.000175476
0.000145674
0.000177145
0.000155449
0.000162363
0.000167847
0.000158310
0.000207663
0.000241756
0.000246286
0.000234842
0.000206947
0.000221491
0.000263214
0.000220299
0.000224113
0.000249863
0.000213623
0.000209332
0.000203609
0.000238180
0.000267267
0.000270605
0.000268936
0.000250816
0.000265360
0.000213385
0.000247002
0.000244379
0.000241280
0.000245094
0.000243902
0.000243902
0.000267982
0.000243425
0.000247002
0.000247478
0.000240803
0.000239372
0.000238657
0.000246048
0.000239611
0.000242233
0.000242949
0.000232697
0.000199080
0.000241995
0.000264645
0.000252724
0.000207424
0.000253677
0.000278950
0.000193119
0.000234127
0.000192642
0.000210524
0.000231266
0.000231266
0.000236511
0.000214577
0.000243902
0.000243664
0.000210047
0.000209332
0.000207424
0.000204563
0.000238419
0.000209570
0.000205278
0.000223875
0.000237465
0.000288010
0.000169516
0.000217915
0.000263453
0.000254154
0.000214338
0.000205517
0.000219822
0.000278234
0.000274181
0.000270605
0.000244141
0.000219822
0.000248194
0.000248194
0.000303030
0.000240088
0.000246048
0.000244617
0.000253916
0.000246048
0.000246525
0.000247717
0.000244617
0.000246525
0.000247478
0.000215292
0.000248194
0.000297308
0.000245333
0.000200987
0.000243902
0.000249624
0.000251532
0.000242949
0.000215530
0.000267744
0.000227213
0.000272036
0.000269413
0.000272989
0.000244141
0.000251293
0.000243664
0.000248194
0.000245094
0.000246048
0.000248909
0.000240326
0.000243187
0.000211954
0.000246286
0.000213623
0.000210762
0.000242233
0.000211239
0.000239849
0.000252247
0.000211954
0.000246763
0.000244617
0.000244617
0.000273943
0.000234365
0.000254154
0.000273466
0.000272989
0.000272512
0.000304699
0.000272274
0.000270844
0.000273943
0.000247002
0.000245571
0.000249863
0.000247955
0.000250340
0.000225306
0.000245810
0.000246525
0.000247002
0.000240564
0.000242233
0.000241756
0.000236988
0.000247002
0.000246048
0.000220299
0.000246286
0.000246763
0.000246525
0.000245094
0.000267506
0.000253439
0.000253201
0.000275135
0.000264645
0.000269175
0.000205994
0.000262022
0.000258923
0.000243902
0.000248671
0.000245333
0.000252008
0.000245810
0.000242710
0.000201702
0.000245094
0.000245571
0.000252724
0.000251532
0.000243902
0.000243187
0.000241518
0.000248432
0.000208378
0.000211477
0.000245810
0.000246048
0.000241041
0.000249863
0.000270367
0.000256062
0.000253677
0.000203371
0.000269413
0.000275373
0.000273705
0.000262022
0.000272989
0.000213385
0.000216722
0.000242710
0.000243902
0.000246048
0.000210524
0.000248194
0.000186920
0.000242949
0.000213385
0.000218153
0.000245810
0.000248671
0.000239849
0.000243425
0.000213146
0.000185490
0.000230551
0.000243902
0.000264406
0.000245094
0.000262260
0.000238180
0.000231504
0.000231981
0.000273466
0.000270605
0.000275135
0.000225544
0.000266314
0.000243187
0.000215530
0.000243425
0.000217438
0.000239849
0.000242949
0.000220060
0.000210762
0.000244617
0.000245333
0.000215292
0.000244617
0.000215530
0.000242710
0.000244617
0.000242233
0.000215769
0.000239849
0.000191212
0.000244141
0.000215054
0.000272274
0.000258207
0.000250101
0.000251532
0.000270367
0.000267506
0.000268459
0.000262737
0.000239372
0.000247478
0.000249624
0.000247478
0.000247717
0.000206232
0.000244141
0.000247717
0.000218630
0.000244617
0.000244617
0.000216961
0.000249863
0.000305414
0.000246048
0.000244379
0.000245810
0.000246048
0.000247478
0.000247478
0.000239849
0.000243902
0.000210524
0.000260115
0.000252724
0.000271797
0.000268698
0.000272989
0.000269651
0.000265598
0.000248432
0.000245571
0.000226021
0.000223875
0.000251055
0.000244617
0.000242233
0.000216246
0.000211716
0.000246048
0.000246286
0.000242472
0.000249386
0.000245094
0.000241280
0.000252724
0.000212193
0.000212669
0.000249624
0.000247717
0.000242472
0.000245571
0.000272989
0.000259638
0.000248671
0.000224352
0.000269413
0.000263929
0.000268221
0.000234365
0.000271559
0.000244617
0.000245810
0.000214100
0.000246048
0.000247002
0.000242233
0.000213146
0.000216007
0.000246525
0.000247717
0.000242472
0.000305176
0.000245810
0.000241756
0.000244379
0.000250578
0.000244141
0.000244379
0.000250340
0.000251532
0.000242472
0.000271797
0.000256538
0.000244617
0.000226498
0.000268698
0.000270844
0.000271082
0.000263453
0.000212669
0.000245333
0.000241995
0.000243664
0.000243425
0.000242949
0.000217199
0.000242949
0.000247240
0.000215054
0.000249147
0.000249624
0.000211477
0.000211716
0.000240803
0.000248909
0.000238895
0.000244617
0.000220060
0.000245571
0.000243664
0.000242233
0.000208378
0.000262499
0.000242710
0.000275135
0.000230074
0.000249147
0.000271320
0.000261545
0.000200987
0.000245810
0.000244617
0.000248432
0.000244617
0.000253677
0.000244856
0.000250101
0.000260115
0.000213623
0.000247955
0.000245810
0.000247002
0.000202417
0.000245571
0.000246763
0.000252485
0.000246763
0.000314474
0.000253916
0.000221491
0.000245810
0.000310659
0.000253916
0.000247955
0.000254154
0.000249624
0.000262499
0.000253439
0.000230551
0.000310421
0.000249624
0.000247002
0.000225782
0.000222445
0.000317812
0.000267982
0.000204325
0.000252247
0.000244379
0.000227213
0.000228405
0.000207663
0.000231028
0.000222445
0.000217438
0.000249386
0.000228405
0.000217199
0.000262022
0.000232458
0.000247002
0.000228405
0.000227928
0.000215530
0.000217915
0.000299692
0.000226259
0.000219345
0.000220537
0.000237226
0.000240803
0.000244141
0.000240803
0.000244856
0.000195026
0.000240326
0.000199318
0.000240088
0.000199795
0.000241756
0.000248909
0.000241995
0.000241995
0.000211239
0.000253916
0.000242949
0.000241756
0.000242472
0.000247240
0.000249624
0.000221729
0.000268459
0.000274181
0.000266790
0.000262260
0.000244141
0.000245094
0.000241995
0.000241518
0.000241756
0.000210524
0.000241995
0.000243902
0.000246048
0.000241995
0.000242710
0.000246286
0.000243664
0.000294685
0.000246763
0.000242949
0.000243664
0.000241518
0.000242710
0.000241041
0.000243187
0.000248909
0.000299454
0.000241280
0.000244617
0.000267982
0.000272989
0.000268221
0.000265360
0.000247717
0.000241756
0.000242233
0.000245333
0.000240564
0.000242472
0.000242472
0.000242472
0.000247717
0.000244379
0.000241995
0.000202656
0.000242710
0.000241280
0.000238657
0.000240803
0.000245333
0.000247002
0.000239849
0.000245333
0.000244617
0.000242949
0.000242710
0.000267982
0.000251055
0.000250101
0.000267506
0.000269651
0.000338793
0.000265837
0.000250101
0.000244617
0.000241041
0.000215530
0.000241995
0.000241756
0.000242949
0.000246763
0.000248432
0.000241280
0.000241995
0.000243902
0.000243425
0.000246286
0.000243187
0.000242472
0.000242472
0.000247478
0.000244141
0.000247002
0.000250578
0.000241995
0.000224113
0.000270128
0.000270128
0.000234604
0.000241756
0.000258684
0.000242949
0.000211000
0.000243187
0.000245810
0.000241280
0.000219584
0.000242472
0.000241518
0.000241756
0.000241041
0.000198841
0.000242472
0.000244141
0.000238895
0.000241041
0.000269651
0.000247478
0.000214815
0.000268698
0.000335693
0.000264406
0.000266075
0.000248671
0.000241280
0.000242233
0.000247002
0.000243425
0.000216484
0.000249863
0.000246525
0.000248671
0.000241041
0.000214815
0.000247240
0.000250340
0.000242472
0.000242949
0.000242472
0.000242949
0.000239849
0.000247955
0.000215054
0.000267267
0.000270605
0.000264406
0.000264883
0.000243425
0.000246763
0.000248194
0.000242233
0.000245094
0.000243425
0.000244379
0.000240803
0.000244617
0.000242710
0.000241518
0.000186920
0.000239611
0.000243425
0.000241756
0.000243664
0.000242949
0.000263214
0.000245810
0.000210285
0.000265121
0.000265837
0.000264168
0.000266314
0.000244141
0.000241280
0.000252485
0.000247240
0.000243187
0.000245333
0.000245333
0.000243187
0.000244141
0.000245810
0.000241041
0.000241280
0.000246286
0.000246763
0.000242710
0.000242472
0.000242472
0.000246525
0.000248909
0.000236750
0.000253916
0.000243425
0.000263929
0.000223875
0.000263214
0.000222683
0.000260592
0.000208378
0.000180960
0.000185490
0.000231981
0.000243902
0.000201225
0.000241518
0.000243664
0.000241280
0.000203133
0.000239611
0.000241280
0.000238419
0.000241518
0.000214577
0.000251293
0.000211000
0.000262022
0.000230312
0.000268936
0.000269413
0.000241756
0.000243425
0.000242710
0.000240088
0.000239849
0.000241518
0.000213385
0.000237465
0.000239849
0.000241518
0.000198603
0.000240088
0.000241995
0.000243425
0.000239849
0.000243425
0.000238180
0.000264645
0.000243187
0.000210047
0.000272751
0.000263453
0.000229120
0.000267029
0.000206232
0.000258207
0.000206947
0.000237465
0.000238895
0.000248909
0.000294209
0.000295162
0.000294209
0.000258446
0.000263214
0.000298977
0.000297070
0.000297070
0.000294447
0.000260830
0.000317097
0.000301123
0.000268221
0.000310898
0.000282526
0.000292063
0.000318527
0.000311136
0.000262737
0.000261307
0.000298262
0.000259399
0.000259399
0.000295877
0.000258684
0.000221491
0.000292540
0.000297308
0.000294685
0.000247478
0.000300646
0.000298738
0.000298023
0.000262976
0.000315905
0.000282764
0.000294685
0.000268936
0.000285387
0.000266075
0.000322580
0.000307083
0.000245094
0.000293970
0.000300646
0.000260592
0.000258207
0.000224590
0.000301123
0.000297308
0.000297546
0.000303745
0.000259399
0.000293732
0.000297308
0.000298262
0.000259399
0.000296593
0.000300646
0.000236988
0.000280380
0.000322819
0.000286102
0.000296354
0.000326157
0.000316381
0.000303984
0.000286818
0.000292301
0.000302315
0.000299931
0.000298977
0.000263214
0.000262260
0.000259161
0.000260830
0.000262260
0.000300884
0.000263453
0.000215054
0.000203371
0.000264645
0.000260592
0.000257969
0.000265360
0.000298977
0.000224113
0.000300169
0.000271559
0.000249863
0.000230074
0.000271320
0.000263453
0.000264645
0.000266552
0.000235081
0.000263691
0.000267506
0.000298023
0.000223398
0.000306129
0.000264883
0.000269413
0.000296831
0.000263691
0.000296593
0.000298738
0.000263453
0.000226736
0.000302792
0.000268936
0.000314474
0.000316143
0.000328064
0.000289440
0.000319004
0.000297308
0.000245333
0.000296831
0.000227690
0.000239849
0.000243425
0.000240326
0.000268459
0.000266075
0.000248909
0.000243187
0.000238180
0.000301838
0.000264645
0.000231743
0.000254631
0.000245810
0.000253677
0.000251055
0.000293255
0.000214100
0.000286341
0.000276804
0.000245571
0.000265360
0.000271797
0.000250816
0.000194073
0.000274897
0.000312567
0.000231028
0.000247717
0.000302553
0.000246525
0.000212908
0.000253677
0.000264406
0.000269651
0.000313759
0.000277281
0.000264168
0.000231028
0.000255346
0.000290394
0.000310421
0.000314713
0.000305414
0.000272751
0.000288010
0.000289440
0.000321865
0.000263214
0.000260830
0.000219107
0.000268936
0.000265837
0.000269175
0.000299215
0.000297070
0.000266075
0.000297785
0.000267267
0.000222683
0.000236273
0.000298262
0.000308990
0.000227213
0.000269175
0.000266314
0.000298738
0.000280619
0.000297546
0.000310183
0.000304222
0.000266552
0.000327826
0.000303268
0.000288963
0.000235081
0.000225306
0.000283718
0.000328064
0.000274420
0.000264883
0.000301838
0.000265121
0.000301123
0.000263453
0.000266790
0.000271082
0.000299931
0.000268459
0.000303507
0.000234604
0.000268698
0.000269890
0.000298500
0.000297546
0.000268936
0.000265360
0.000303745
0.000300646
0.000297308
0.000303984
0.000263929
0.000263214
0.000264168
0.000264645
0.000270128
0.000298023
0.000267744
0.000270605
0.000317574
0.000284910
0.000277996
0.000306845
0.000277758
0.000325441
0.000322580
0.000273228
0.000296831
0.000266314
0.000297070
0.000307798
0.000297546
0.000300884
0.000264645
0.000267506
