0.000331402
0.000349998
0.000370502
0.000353098
0.000301361
0.000371933
0.000351429
0.000365734
0.000349760
0.000275612
0.000422716
0.000357151
0.000375986
0.000274181
0.000262260
0.000350952
0.000410318
0.000365496
0.000281572
0.000351906
0.000353098
0.000347614
0.000360250
0.000355005
0.000379562
0.000349998
0.000282288
0.000430346
0.000363111
0.000349760
0.000352383
0.000285864
0.000350237
0.000412941
0.000382423
0.000285149
0.000372171
0.000356674
0.000348091
0.000369310
0.000282288
0.000363111
0.000378132
0.000283957
0.000301838
0.000298738
0.000397682
0.000332117
0.000289440
0.000322819
0.000407457
0.000354052
0.000377893
0.000299692
0.000326157
0.000332832
0.000412226
0.000357628
0.000382185
0.000334024
0.000353336
0.000298500
0.000285387
0.000335455
0.000437260
0.000356674
0.000314474
0.000387192
0.000326633
0.000452995
0.000354767
0.000284672
0.000354290
0.000353098
0.000359774
0.000334978
0.000351191
0.000354528
0.000357389
0.000280857
0.000341892
0.000301361
0.000383139
0.000350475
0.000369549
0.000348806
0.000353575
0.000293732
0.000353575
0.000360250
0.000350952
0.000411034
0.000305414
0.000356436
0.000387669
0.000354290
0.000349998
0.000362158
0.000355005
0.000357389
0.000352859
0.000350714
0.000312567
0.000281811
0.000353813
0.000376225
0.000347614
0.000338793
0.000315666
0.000345230
0.000377893
0.000271559
0.000356436
0.000344515
0.000348806
0.000288010
0.000313997
0.000367403
0.000352144
0.000324965
0.000325441
0.000346422
0.000348330
0.000374556
0.000350952
0.000276804
0.000324488
0.000351667
0.000358582
0.000280142
0.000322819
0.000348091
0.000275612
0.000350475
0.000282764
0.000353098
0.000355482
0.000281334
0.000304222
0.000347137
0.000319958
0.000349998
0.000276327
0.000371933
0.000346661
0.000240326
0.000284672
0.000279188
0.000380039
0.000349998
0.000347614
0.000289679
0.000344515
0.000366211
0.000361919
0.000282526
0.000368834
0.000288248
0.000387430
0.000278950
0.000276566
0.000278473
0.000351429
0.000353813
0.000346184
0.000356197
0.000364304
0.000350714
0.000354528
0.000347376
0.000328302
0.000373125
0.000343084
0.000343084
0.000268698
0.000326157
0.000346899
0.000265598
0.000358343
0.000286102
0.000348330
0.000345230
0.000347614
0.000299931
0.000350714
0.000347614
0.000377655
0.000344753
0.000307560
0.000351191
0.000346184
0.000375271
0.000339985
0.000348806
0.000369787
0.000329971
0.000285625
0.000349522
0.000347853
0.000290871
0.000278473
0.000280380
0.000352859
0.000347614
0.000303268
0.000277758
0.000344276
0.000370741
0.000275612
0.000315428
0.000301838
0.000340700
0.000352859
0.000284195
0.000312090
0.000381947
0.000340223
0.000306368
0.000277519
0.000276566
0.000357628
0.000277996
0.000279188
0.000295401
0.000341177
0.000371695
0.000346184
0.000278473
0.000367403
0.000369310
0.000282526
0.000278711
0.000277996
0.000373125
0.000347137
0.000371695
0.000275850
0.000346899
0.000375271
0.000348091
0.000326633
0.000279903
0.000264406
0.000369549
0.000275135
0.000298500
0.000344038
0.000346899
0.000375509
0.000276089
0.000286341
0.000345707
0.000345945
0.000315905
0.000280142
0.000353336
0.000343561
0.000281096
0.000302792
0.000345945
0.000342846
0.000368357
0.000276566
0.000288248
0.000345945
0.000342607
0.000378132
0.000277281
0.000352621
0.000295877
0.000343084
0.000299931
0.000258923
0.000343800
0.000356436
0.000276566
0.000347614
0.000358820
0.000372410
0.000290155
0.000344276
0.000276327
0.000346422
0.000280380
0.000386000
0.000276327
0.000353336
0.000345230
0.000346184
0.000369072
0.000346422
0.000341415
0.000348568
0.000278234
0.000306129
0.000347376
0.000358582
0.000346899
0.000283241
0.000370264
0.000350475
0.000349283
0.000352383
0.000283718
0.000390053
0.000352383
0.000278473
0.000281096
0.000347853
0.000385523
0.000349760
0.000287533
0.000289679
0.000349522
0.000305891
0.000281572
0.000280142
0.000381470
0.000346661
0.000311136
0.000278473
0.000347853
0.000359297
0.000277519
0.000277519
0.000295401
0.000373840
0.000373602
0.000303984
0.000298023
0.000371933
0.000347376
0.000284195
0.000281572
0.000284910
0.000346184
0.000349522
0.000279903
0.000281572
0.000350475
0.000347853
0.000283003
0.000278950
0.000282049
0.000347376
0.000349045
0.000347376
0.000319719
0.000277042
0.000347853
0.000347614
0.000345230
0.000346184
0.000345945
0.000350237
0.000347853
0.000347376
0.000348330
0.000347853
0.000353336
0.000316381
0.000344992
0.000376463
0.000365019
0.000355005
0.000324249
0.000372648
0.000373602
0.000363588
0.000352383
0.000372887
0.000358105
0.000364780
0.000383139
0.000345945
0.000350952
0.000347376
0.000350237
0.000348568
0.000347614
0.000351906
0.000347376
0.000350952
0.000348806
0.000350475
0.000351191
0.000347614
0.000348091
0.000349998
0.000346422
0.000319242
0.000347137
0.000370264
0.000352859
0.000324249
0.000372887
0.000359535
0.000354767
0.000351191
0.000380039
0.000374079
0.000365734
0.000375748
0.000347137
0.000312567
0.000352383
0.000343561
0.000344515
0.000268221
0.000345469
0.000346899
0.000342607
0.000349045
0.000349045
0.000353098
0.000348568
0.000338316
0.000346422
0.000352383
0.000346899
0.000279903
0.000339508
0.000356674
0.000356674
0.000374317
0.000360250
0.000349522
0.000351429
0.000371456
0.000367880
0.000376940
0.000359058
0.000355005
0.000308275
0.000284433
0.000275373
0.000351667
0.000349045
0.000319481
0.000347376
0.000350714
0.000349522
0.000273466
0.000349045
0.000277996
0.000345469
0.000281096
0.000344276
0.000347853
0.000350714
0.000285625
0.000281096
0.000371933
0.000319004
0.000373602
0.000306845
0.000307560
0.000374317
0.000372887
0.000377417
0.000297546
0.000372887
0.000349998
0.000349283
0.000301838
0.000332355
0.000347137
0.000353813
0.000317097
0.000345707
0.000346661
0.000348330
0.000343800
0.000279427
0.000323772
0.000348091
0.000353098
0.000278234
0.000351191
0.000347614
0.000280142
0.000354528
0.000307560
0.000276089
0.000366688
0.000357628
0.000288486
0.000371456
0.000373125
0.000369787
0.000361681
0.000300646
0.000374317
0.000350237
0.000351906
0.000291586
0.000349998
0.000347376
0.000289440
0.000348091
0.000348330
0.000349760
0.000343084
0.000351429
0.000280142
0.000344992
0.000347137
0.000346422
0.000281334
0.000357389
0.000275850
0.000356674
0.000286102
0.000309706
0.000353813
0.000353575
0.000306845
0.000305891
0.000374556
0.000370264
0.000372648
0.000364304
0.000279903
0.000348091
0.000345707
0.000347853
0.000280380
0.000350475
0.000309706
0.000342846
0.000344753
0.000341654
0.000355959
0.000339508
0.000344992
0.000277758
0.000345230
0.000341415
0.000348091
0.000370026
0.000278473
0.000320435
0.000372171
0.000290871
0.000348091
0.000313759
0.000373602
0.000301600
0.000369310
0.000373125
0.000345230
0.000340939
0.000279427
0.000337839
0.000339508
0.000338793
0.000273943
0.000339746
0.000270844
0.000338554
0.000337362
0.000271320
0.000343561
0.000342607
0.000346184
0.000274897
0.000352383
0.000338078
0.000338793
0.000352383
0.000295639
0.000309944
0.000368595
0.000345469
0.000347853
0.000374079
0.000366688
0.000368118
0.000298977
0.000365973
0.000353575
0.000346899
0.000348568
0.000270128
0.000340939
0.000344038
0.000340700
0.000340939
0.000328779
0.000341654
0.000338078
0.000345945
0.000277042
0.000345469
0.000311613
0.000276804
0.000339746
0.000379086
0.000354052
0.000349998
0.000271559
0.000367403
0.000355721
0.000321150
0.000320673
0.000374317
0.000369310
0.000358820
0.000373363
0.000366449
0.000344753
0.000340700
0.000343084
0.000343323
0.000343561
0.000349283
0.000346184
0.000344276
0.000240803
0.000340462
0.000344038
0.000276327
0.000341892
0.000344515
0.000345945
0.000343323
0.000347614
0.000365257
0.000350714
0.000316143
0.000294447
0.000358343
0.000358105
0.000310183
0.000370026
0.000379324
0.000365019
0.000349998
0.000350952
0.000345945
0.000345230
0.000369310
0.000351429
0.000345469
0.000350237
0.000347376
0.000344753
0.000344753
0.000293732
0.000337839
0.000299931
0.000344753
0.000347376
0.000344038
0.000345230
0.000338793
0.000339746
0.000308514
0.000315666
0.000354528
0.000345945
0.000341892
0.000301838
0.000360727
0.000308275
0.000264406
0.000259399
0.000293016
0.000264883
0.000297785
0.000336885
0.000342369
0.000273943
0.000340939
0.000275612
0.000273466
0.000271320
0.000337362
0.000274420
0.000345945
0.000276327
0.000269413
0.000338078
0.000340939
0.000275850
0.000334978
0.000368357
0.000349522
0.000339746
0.000366211
0.000210762
0.000341892
0.000375509
0.000267506
0.000301838
0.000368357
0.000357151
0.000352859
0.000277519
0.000352859
0.000338793
0.000276566
0.000340700
0.000292301
0.000342369
0.000271559
0.000273943
0.000275135
0.000276566
0.000342369
0.000344992
0.000342131
0.000270128
0.000341892
0.000342607
0.000343084
0.000348806
0.000345469
0.000372648
0.000367880
0.000348330
0.000356674
0.000375032
0.000367165
0.000367641
0.000370026
0.000368834
0.000349522
0.000341177
0.000342131
0.000280857
0.000339746
0.000344753
0.000351906
0.000274181
0.000340462
0.000344753
0.000347376
0.000348091
0.000341177
0.000347614
0.000341415
0.000345469
0.000274897
0.000342607
0.000370502
0.000281096
0.000320911
0.000283241
0.000346661
0.000342607
0.000282049
0.000365734
0.000370741
0.000363827
0.000302076
0.000304937
0.000353575
0.000333548
0.000272274
0.000275850
0.000344276
0.000349283
0.000344038
0.000328302
0.000342607
0.000361919
0.000345707
0.000345230
0.000349522
0.000344992
0.000341892
0.000340223
0.000313997
0.000370502
0.000350475
0.000347376
0.000367880
0.000354052
0.000350952
0.000347853
0.000373840
0.000374317
0.000365257
0.000372648
0.000278234
0.000341892
0.000342607
0.000346422
0.000349283
0.000345230
0.000314713
0.000341892
0.000346184
0.000341177
0.000344038
0.000342846
0.000343323
0.000345469
0.000338316
0.000340223
0.000346184
0.000344753
0.000359058
0.000360966
0.000351429
0.000312567
0.000369787
0.000350475
0.000278234
0.000370264
0.000368834
0.000366449
0.000296831
0.000370264
0.000349760
0.000345230
0.000342846
0.000282764
0.000342607
0.000351429
0.000346899
0.000341415
0.000346184
0.000344753
0.000344038
0.000329971
0.000343561
0.000340700
0.000346899
0.000253916
0.000345945
0.000346899
0.000358343
0.000351906
0.000325680
0.000367165
0.000351906
0.000349283
0.000309944
0.000378609
0.000370264
0.000364304
0.000370741
0.000347376
0.000342846
0.000345469
0.000345230
0.000275373
0.000340700
0.000343800
0.000341654
0.000263929
0.000344515
0.000343323
0.000348091
0.000342846
0.000345469
0.000340462
0.000347137
0.000346899
0.000278950
0.000351429
0.000343323
0.000346422
0.000305891
0.000344515
0.000287294
0.000309944
0.000348091
0.000342846
0.000347614
0.000360966
0.000358582
0.000344276
0.000315905
0.000371933
0.000354290
0.000348091
0.000315189
0.000373363
0.000371933
0.000357628
0.000366211
0.000341177
0.000348806
0.000343800
0.000342131
0.000286341
0.000340939
0.000341415
0.000344038
0.000276566
0.000345469
0.000340939
0.000341415
0.000342131
0.000341415
0.000345230
0.000344038
0.000345230
0.000346899
0.000347137
0.000342607
0.000340462
0.000340939
0.000341415
0.000341892
0.000341177
0.000344038
0.000341415
0.000343800
0.000339508
0.000341177
0.000349522
0.000342846
0.000366449
0.000350714
0.000325680
0.000316858
0.000371218
0.000362873
0.000347376
0.000327587
0.000372410
0.000383615
0.000353336
0.000292063
0.000343084
0.000344753
0.000347614
0.000321150
0.000344038
0.000348091
0.000349522
0.000343800
0.000343561
0.000345707
0.000342846
0.000340700
0.000276566
0.000347137
0.000345945
0.000355721
0.000279665
0.000358343
0.000359535
0.000350714
0.000299454
0.000284910
0.000349998
0.000319004
0.000302553
0.000308037
0.000372410
0.000358105
0.000298977
0.000367880
0.000273466
0.000346899
0.000282288
0.000273705
0.000266314
0.000347853
0.000341892
0.000342846
0.000279188
0.000344992
0.000344038
0.000340462
0.000274420
0.000287056
0.000342607
0.000344515
0.000343323
0.000368834
0.000349760
0.000319481
0.000375032
0.000301123
0.000339508
0.000367165
0.000373602
0.000297785
0.000304937
0.000367880
0.000283480
0.000340700
0.000282526
0.000371456
0.000340462
0.000345230
0.000272751
0.000344276
0.000340939
0.000342369
0.000340462
0.000341415
0.000227451
