0.000331640
0.000345469
0.000304222
0.000281572
0.000335455
0.000296593
0.000277281
0.000324726
0.000271082
0.000272512
0.000293255
0.000307083
0.000303745
0.000333309
0.000307560
0.000233889
0.000303984
0.000213146
0.000331640
0.000309467
0.000280142
0.000232458
0.000260830
0.000277996
0.000241995
0.000272274
0.000294685
0.000306129
0.000232220
0.000234604
0.000304461
0.000269413
0.000270844
0.000317812
0.000312567
0.000270367
0.000305891
0.000233650
0.000312328
0.000307322
0.000268936
0.000301600
0.000310421
0.000310659
0.000329256
0.000270367
0.000270605
0.000339985
0.000307560
0.000333548
0.000311613
0.000301361
0.000313997
0.000307322
0.000308752
0.000241041
0.000306606
0.000312805
0.000272989
0.000301361
0.000316143
0.000306845
0.000308514
0.000227690
0.000273466
0.000303507
0.000329494
0.000269413
0.000337124
0.000306845
0.000309706
0.000312090
0.000301123
0.000307322
0.000239849
0.000240326
0.000242472
0.000301600
0.000232697
0.000269651
0.000303268
0.000290632
0.000305414
0.000272512
0.000334740
0.000306368
0.000271559
0.000314951
0.000317812
0.000305176
0.000308037
0.000271559
0.000288486
0.000304699
0.000321865
0.000308752
0.000267982
0.000272989
0.000294685
0.000308752
0.000274658
0.000275373
0.000304699
0.000313282
0.000274420
0.000272751
0.000329256
0.000301361
0.000322342
0.000301838
0.000268221
0.000279903
0.000300884
0.000305176
0.000242233
0.000308275
0.000233650
0.000324488
0.000271559
0.000267029
0.000329018
0.000269651
0.000274181
0.000304699
0.000268221
0.000293970
0.000313044
0.000308275
0.000283957
0.000233412
0.000243187
0.000226021
0.000283480
0.000303030
0.000241041
0.000267982
0.000294924
0.000213146
0.000260830
0.000306129
0.000292301
0.000314713
0.000334501
0.000270128
0.000268698
0.000265837
0.000222683
0.000306129
0.000265360
0.000337601
0.000303507
0.000268698
0.000312567
0.000269413
0.000269651
0.000308752
0.000269890
0.000270367
0.000301600
0.000265598
0.000241280
0.000265837
0.000270367
0.000298977
0.000233650
0.000271559
0.000320196
0.000307560
0.000267267
0.000331163
0.000308514
0.000308275
0.000308275
0.000268698
0.000337362
0.000308752
0.000235558
0.000275135
0.000301361
0.000300646
0.000250578
0.000267744
0.000219107
0.000234842
0.000244141
0.000204563
0.000325203
0.000267506
0.000269175
0.000242472
0.000230551
0.000305653
0.000331163
0.000296593
0.000224590
0.000306129
0.000309467
0.000316143
0.000201941
0.000305891
0.000269651
0.000329733
0.000269413
0.000268936
0.000316620
0.000301600
0.000279427
0.000267267
0.000302792
0.000334024
0.000205755
0.000266790
0.000331402
0.000222683
0.000309467
0.000308990
0.000267267
0.000290871
0.000304461
0.000207901
0.000267029
0.000298262
0.000304699
0.000284672
0.000267267
0.000262022
0.000317097
0.000267267
0.000302076
0.000263453
0.000329494
0.000268459
0.000263691
0.000262499
0.000281096
0.000303030
0.000274658
0.000266790
0.000277042
0.000294447
0.000200748
0.000304699
0.000218391
0.000308037
0.000302792
0.000327349
0.000298738
0.000270605
0.000312328
0.000302076
0.000267267
0.000275612
0.000302315
0.000268221
0.000269651
0.000223398
0.000283957
0.000315189
0.000267267
0.000312090
0.000270367
0.000303507
0.000267744
0.000327110
0.000267744
0.000332594
0.000269413
0.000269175
0.000290632
0.000198364
0.000268221
0.000292301
0.000268459
0.000190496
0.000240088
0.000266790
0.000302792
0.000286818
0.000308752
0.000293255
0.000315428
0.000268936
0.000304461
0.000289917
0.000305891
0.000268698
0.000260830
0.000250816
0.000217915
0.000331163
0.000303030
0.000221252
0.000251770
0.000231743
0.000191689
0.000249863
0.000272036
0.000263214
0.000263929
0.000261784
0.000329018
0.000304461
0.000299215
0.000326872
0.000273228
0.000279903
0.000303984
0.000305176
0.000307560
0.000306845
0.000299454
0.000306845
0.000306129
0.000280857
0.000330448
0.000305653
0.000269413
0.000307322
0.000301361
0.000309229
0.000270128
0.000267506
0.000351191
0.000303030
0.000268459
0.000307560
0.000309467
0.000299931
0.000275850
0.000269413
0.000308514
0.000333786
0.000267506
0.000269651
0.000276327
0.000304222
0.000300646
0.000277758
0.000238657
0.000240088
0.000258684
0.000241280
0.000271082
0.000247717
0.000287533
0.000306606
0.000283480
0.000236273
0.000262737
0.000300884
0.000192404
0.000271797
0.000330925
0.000263691
0.000266790
0.000305653
0.000267029
0.000270605
0.000272989
0.000269890
0.000302076
0.000276804
0.000274181
0.000269413
0.000221968
0.000304461
0.000302553
0.000308275
0.000267506
0.000302315
0.000284672
0.000307798
0.000271082
0.000306845
0.000307083
0.000273943
0.000302553
0.000265837
0.000306368
0.000298500
0.000267029
0.000266075
0.000332594
0.000308514
0.000282764
0.000335693
0.000293016
0.000281334
0.000278711
0.000303507
0.000263214
0.000305891
0.000243187
0.000267029
0.000267267
0.000267744
0.000303268
0.000307798
0.000299931
0.000306368
0.000237703
0.000300407
0.000267982
0.000314713
0.000303507
0.000298738
0.000322580
0.000308990
0.000332594
0.000308752
0.000288963
0.000339031
0.000249624
0.000293732
0.000313997
0.000298500
0.000264645
0.000298738
0.000301361
0.000304461
0.000270844
0.000235319
0.000305891
0.000305891
0.000298977
0.000299931
0.000264883
0.000301361
0.000300407
0.000299215
0.000305414
0.000296354
0.000325441
0.000291586
0.000277042
0.000241995
0.000292540
0.000277758
0.000292778
0.000286579
0.000291586
0.000303745
0.000265837
0.000303268
0.000298977
0.000305176
0.000305891
0.000303030
0.000267029
0.000267267
0.000269890
0.000266075
0.000270605
0.000265360
0.000302076
0.000302792
0.000268459
0.000306606
0.000329971
0.000285149
0.000306129
0.000331640
0.000310183
0.000284910
0.000331640
0.000329018
0.000271082
0.000306606
0.000327349
0.000305414
0.000302315
0.000270605
0.000304699
0.000239611
0.000300646
0.000268221
0.000300884
0.000267982
0.000270128
0.000267744
0.000234127
0.000300169
0.000299692
0.000266314
0.000230789
0.000315905
0.000312805
0.000326395
0.000315428
0.000310659
0.000328064
0.000338078
0.000319004
0.000318050
0.000303030
0.000302553
0.000304937
0.000306606
0.000266314
0.000303507
0.000300884
0.000306368
0.000264645
0.000273705
0.000267744
0.000267506
0.000301600
0.000266314
0.000297308
0.000306845
0.000234604
0.000266075
0.000317574
0.000279427
0.000231981
0.000292301
0.000274420
0.000324011
0.000330448
0.000296593
0.000303268
0.000268221
0.000267267
0.000319004
0.000302792
0.000269651
0.000268698
0.000306368
0.000266552
0.000295877
0.000198364
0.000304937
0.000310421
0.000307560
0.000302315
0.000266314
0.000268698
0.000334263
0.000302553
0.000310421
0.000258207
0.000294447
0.000306606
0.000327826
0.000262976
0.000279427
0.000290632
0.000298977
0.000298977
0.000297785
0.000215769
0.000303984
0.000261545
0.000311136
0.000264645
0.000304699
0.000299454
0.000232220
0.000295162
0.000296593
0.000298023
0.000265837
0.000303745
0.000303268
0.000260830
0.000290394
0.000298500
0.000272751
0.000284910
0.000295162
0.000273228
0.000270128
0.000276089
0.000231028
0.000287771
0.000302076
0.000223637
0.000225782
0.000248194
0.000265360
0.000227451
0.000221014
0.000272989
0.000216722
0.000266790
0.000258684
0.000221252
0.000270367
0.000218153
0.000263691
0.000263929
0.000265360
0.000249624
0.000229120
0.000267744
0.000216722
0.000286818
0.000279427
0.000271082
0.000309467
0.000319719
0.000308275
0.000303984
0.000271559
0.000208855
0.000267029
0.000266552
0.000298500
0.000261307
0.000264406
0.000293970
0.000310898
0.000296116
0.000264406
0.000267506
0.000298262
0.000263929
0.000264883
0.000265121
0.000287294
0.000220776
0.000241280
0.000303984
0.000324726
0.000286341
0.000272989
0.000292778
0.000299692
0.000300407
0.000299215
0.000297785
0.000262976
0.000265598
0.000298262
0.000241756
0.000271320
0.000263691
0.000268698
0.000303507
0.000266790
0.000298023
0.000270844
0.000268221
0.000262260
0.000275373
0.000288963
0.000332117
0.000323296
0.000287056
0.000240564
0.000329733
0.000279188
0.000322580
0.000262737
0.000305176
0.000262737
0.000263214
0.000265360
0.000263691
0.000263214
0.000263929
0.000304222
0.000305653
0.000263453
0.000212669
0.000299215
0.000307798
0.000298977
0.000233412
0.000265598
0.000297546
0.000313282
0.000305414
0.000272512
0.000242710
0.000304699
0.000279188
0.000259638
0.000277758
0.000328064
0.000247002
0.000298262
0.000268459
0.000264168
0.000266552
0.000267982
0.000300407
0.000267267
0.000260830
0.000265598
0.000297546
0.000220299
0.000294209
0.000231266
0.000202656
0.000264406
0.000264645
0.000266314
0.000282288
0.000282049
0.000323534
0.000301361
0.000275373
0.000324726
0.000324249
0.000288010
0.000295877
0.000263691
0.000262976
0.000296354
0.000264406
0.000225782
0.000295639
0.000307560
0.000220299
0.000298023
0.000291348
0.000232697
0.000289917
0.000261784
0.000303268
0.000272274
0.000263929
0.000224352
0.000229359
0.000308514
0.000305891
0.000273466
0.000221491
0.000273228
0.000327349
0.000290632
0.000232697
0.000297785
0.000306129
0.000267982
0.000266075
0.000269890
0.000297308
0.000301838
0.000302076
0.000263691
0.000298023
0.000300646
0.000270128
0.000264883
0.000298500
0.000301123
0.000298500
0.000299215
0.000209570
0.000311613
0.000303030
0.000226021
0.000283957
0.000303984
0.000265598
0.000308514
0.000305176
0.000305176
0.000270605
0.000265121
0.000291824
0.000267029
0.000309706
0.000290871
0.000290632
0.000290871
0.000324011
0.000325918
0.000263214
0.000255108
0.000319481
0.000298023
0.000303984
0.000265837
0.000265598
0.000268936
0.000294924
0.000299215
0.000246048
0.000262737
0.000263929
0.000300169
0.000236750
0.000296831
0.000303268
0.000267267
0.000309467
0.000266790
0.000298500
0.000301838
0.000263691
0.000300169
0.000233650
0.000302792
0.000265121
0.000263691
0.000297070
0.000264645
0.000261784
0.000249147
0.000282764
0.000272512
0.000295639
0.000285149
0.000335693
0.000289202
0.000280857
0.000296593
0.000300407
0.000297070
0.000293016
0.000297785
0.000241041
0.000303030
0.000267982
0.000264168
0.000295877
0.000264406
0.000267744
0.000297785
0.000269651
0.000263453
0.000305176
0.000262976
0.000298738
0.000269175
0.000314713
0.000267506
0.000269651
0.000247717
0.000289202
0.000272989
0.000335693
0.000283718
0.000288486
0.000295877
0.000296354
0.000265837
0.000261784
0.000295639
0.000297070
0.000263453
0.000294685
0.000296593
0.000258446
0.000265837
0.000232935
0.000233173
0.000271320
0.000337362
0.000178576
0.000183821
0.000214815
0.000256300
0.000293493
0.000321865
0.000265598
0.000281811
0.000321865
0.000289202
0.000315189
0.000286818
0.000319481
0.000264168
0.000293732
0.000292540
0.000292540
0.000263691
0.000295162
0.000300646
0.000294685
0.000265360
0.000266552
0.000259161
0.000261068
0.000260830
0.000300884
0.000261307
0.000295401
0.000255585
0.000315428
0.000308990
0.000265360
0.000234365
0.000226498
0.000331640
0.000325441
0.000285625
0.000310898
0.000325441
0.000282288
0.000206232
0.000264168
0.000259399
0.000266075
0.000306368
0.000293255
0.000261784
0.000263214
0.000225306
0.000262976
0.000267029
0.000301600
0.000297308
0.000265360
0.000299215
0.000304461
0.000265598
0.000305176
0.000278234
0.000235796
0.000308514
0.000330687
0.000326395
0.000321627
0.000328302
0.000266075
0.000306129
0.000270844
0.000265598
0.000302315
0.000268936
0.000294209
0.000300407
0.000264406
0.000262499
0.000293016
0.000304222
0.000273943
0.000268459
0.000300884
0.000265360
0.000297785
0.000267506
0.000264645
0.000304461
0.000269175
0.000324488
0.000315428
0.000286818
0.000330687
0.000286818
0.000322819
0.000305176
0.000305653
0.000303268
0.000306845
0.000269651
0.000265598
0.000266552
0.000271559
0.000267029
0.000272036
0.000261307
0.000270605
0.000301600
0.000259161
0.000269175
0.000298262
0.000305176
0.000305653
0.000335693
0.000307798
0.000304937
0.000323772
0.000310183
0.000254869
0.000325680
0.000327826
0.000312805
0.000265360
0.000265121
0.000268459
0.000318289
0.000301600
0.000298738
0.000222683
0.000251770
0.000225067
0.000220776
0.000227451
0.000264168
0.000227928
0.000226498
0.000224352
0.000219584
0.000217199
0.000267267
0.000231981
0.000229597
0.000270844
0.000194311
0.000304222
0.000222445
0.000216484
0.000226974
0.000254154
