0.015005589
0.013936520
0.004473686
0.005284309
0.005125284
0.005169153
0.005224943
0.004249573
0.005203009
0.004305124
0.014422894
0.005167007
0.013979673
0.004029989
0.004233837
0.005117416
0.004236937
0.004212141
0.005171299
0.013786793
0.004563570
0.004346609
0.013965845
0.005138874
0.004303217
0.014071465
0.005309105
0.005183697
0.004355192
0.005269527
0.004595995
0.004225969
0.004070282
0.005097151
0.004304171
0.005203962
0.004239082
0.005131721
0.004300833
0.005226135
0.004437208
0.014075518
0.013150930
0.004188538
0.005192280
0.004248619
0.004300594
0.004166842
0.005122423
0.004168272
0.005173206
0.005114317
0.005152464
0.004230499
0.004243374
0.014093637
0.005126238
0.005123138
0.004522800
0.013454437
0.005387068
0.005190372
0.004206181
0.004262686
0.005140781
0.004223585
0.005139112
0.005113363
0.005163193
0.005300999
0.004232168
0.004324436
0.014063358
0.004215240
0.004393339
0.004168987
0.014097929
0.004333019
0.005293846
0.005135059
0.004247427
0.004362822
0.005194426
0.005184650
0.005156040
0.004287481
0.005128622
0.005237579
0.004317522
0.003936052
0.004317522
0.004130602
0.005106449
0.005155325
0.004311085
0.005126476
0.014386654
0.014201880
0.005175829
0.014120340
0.004272699
0.003901482
0.003961086
0.003964901
0.003993511
0.003911018
0.003977060
0.003918886
0.003936529
0.003929377
0.003931999
0.003966570
0.003935337
0.013456821
0.004042625
0.003875017
0.003999949
0.003952742
0.012825966
0.012753248
0.013621569
0.003998995
0.004122734
0.003957987
0.013609648
0.003931046
0.003988743
0.012943745
0.003978491
0.003931761
0.013501883
0.004106045
0.004014254
0.003946543
0.003989458
0.003946781
0.004093647
0.003954649
0.004112720
0.013411999
0.004123211
0.003918648
0.003970146
0.003989935
0.003967524
0.003989458
0.003940105
0.003876925
0.003922939
0.003914118
0.003985167
0.003959179
0.013363361
0.004011631
0.004003763
0.003923655
0.003965378
0.003884554
0.004048824
0.003991604
0.004029512
0.003984213
0.004059553
0.003885984
0.004042387
0.003990650
0.004029036
0.013196468
0.004014730
0.004004478
0.004006386
0.003983498
0.004106045
0.013375759
0.013662815
0.003934622
0.003966570
0.003979921
0.004242897
0.004047632
0.003962040
0.003926754
0.004045725
0.004065990
0.003956556
0.003983021
0.013550758
0.004053593
0.012778521
0.004072428
0.003958702
0.003908396
0.003903151
0.013435602
0.013586283
0.003969193
0.003994465
0.003927231
0.004108191
0.004001141
0.003974915
0.003901005
0.003953934
0.003921032
0.003989458
0.003937721
0.013626099
0.003951788
0.003999472
0.003931046
0.003970623
0.004019499
0.004094839
0.003936291
0.003957748
0.003998995
0.003992319
0.013516903
0.013731480
0.003907681
0.004149914
0.003957987
0.003944635
0.004007339
0.004031897
0.003911495
0.004006386
0.003899574
0.004121542
0.003894806
0.013587475
0.003987789
0.004088402
0.003973961
0.013796091
0.003910303
0.003993511
0.004001141
0.004007578
0.003965616
0.003969431
0.004063129
0.003973484
0.003982067
0.004073381
0.003955364
0.004042625
0.003949165
0.003959656
0.003916979
0.004118681
0.003924370
0.003991127
0.003934622
0.004179716
0.003932953
0.003994942
0.013460636
0.004420996
0.003945589
0.004021645
0.003937244
0.003945589
0.003932238
0.003956556
0.003954887
0.004041195
0.003959179
0.004011869
0.003976583
0.003999949
0.003918171
0.003956318
0.003985167
0.004056931
0.003948927
0.013601780
0.003937483
0.003941298
0.003978491
0.004054546
0.003999472
0.003958225
0.003989220
0.004000664
0.003914595
0.004016161
0.013453007
0.003950357
0.003966093
0.013722897
0.003928423
0.003997803
0.003889561
0.003969193
0.004009008
0.004054070
0.003982782
0.004136562
0.003975630
0.003973246
0.003967285
0.004001617
0.003861666
0.003998756
0.003949165
0.004000902
0.004039288
0.003985643
0.003976107
0.003935575
0.004055023
0.003962040
0.013500214
0.003935099
0.003914595
0.003971815
0.003889084
0.003958464
0.003950596
0.004007101
0.004026890
0.003975391
0.003912926
0.004048824
0.003957033
0.004007816
0.003932476
0.003973722
0.004038334
0.003938913
0.012602091
0.004051447
0.004087925
0.004047394
0.003996372
0.012645483
0.003987551
0.004160404
0.003937006
0.003969669
0.003918171
0.004005194
0.003930092
0.004008770
0.004036665
0.004024744
0.004015923
0.004070997
0.004014254
0.012703419
0.004103661
0.004069328
0.003995895
0.004037380
0.004039526
0.004115820
0.004021645
0.003960133
0.013379335
0.003981829
0.003977299
0.004069328
0.003956795
0.004009247
0.003932714
0.004003286
0.003986359
0.003964663
0.012631893
0.003928185
0.003970623
0.003971577
0.003881454
0.004033566
0.003968239
0.003957987
0.003923178
0.004169941
0.003943920
0.004045486
0.004045725
0.003984690
0.003967524
0.004090309
0.004020929
0.003969431
0.003996372
0.004077196
0.003944397
0.004055977
0.003967762
0.004161596
0.003944635
0.003927946
0.003927946
0.003995657
0.003993273
0.004000902
0.003914833
0.004031658
0.004007101
0.003981352
0.003884554
0.003967047
0.003970861
0.003989935
0.003951311
0.003966808
0.003968716
0.004012346
0.003934622
0.004033327
0.003999472
0.004110336
0.003988266
0.003998756
0.003997803
0.003974438
0.003947258
0.004012823
0.003962278
0.003993273
0.003964186
0.004036188
0.004051208
0.003965139
0.012612343
0.004185200
0.003947496
0.004039764
0.003922224
0.003992796
0.003942490
0.004058599
0.013294935
0.004037857
0.003906965
0.003965855
0.013447285
0.004019260
0.003984928
0.003999710
0.003980637
0.003961325
0.003968477
0.004227877
0.003930092
0.003997326
0.003947020
0.013423681
0.003885269
0.004013300
0.003959179
0.004047155
0.003984690
0.003975153
0.004013062
0.004182339
0.012755156
0.003941536
0.012495995
0.004113436
0.004046679
0.004189730
0.003988504
0.004104614
0.004016399
0.003983021
0.003912687
0.004011631
0.004026890
0.004036665
0.003990173
0.003959894
0.004074812
0.004089117
0.003973722
0.004008532
0.013337851
0.003990173
0.004089117
0.004059792
0.003958941
0.012819529
0.004023075
0.004041195
0.003912449
0.004004717
0.013353825
0.004030228
0.003951788
0.004013777
0.003921270
0.003992081
0.003909826
0.003983974
0.004000187
0.004244089
0.004003048
0.004029036
0.004050493
0.004112482
0.003978968
0.003999472
0.003949165
0.004052401
0.004010677
0.013498068
0.003978014
0.004041433
0.004004240
0.012757778
0.003983259
0.004043818
0.004769325
0.012698412
0.003937244
0.004004955
0.003982782
0.003978014
0.003994226
0.004012346
0.004019976
0.003967047
0.003915787
0.004059315
0.003931999
0.004001379
0.003930092
0.004043818
0.004117012
0.003981352
0.003980160
0.004101992
0.004137039
0.004071474
0.004142046
0.004163980
0.004026413
0.004085064
0.004028082
0.004058599
0.003965378
0.012799263
0.012671471
0.003957748
0.003982067
0.003936529
0.003983736
0.003958464
0.003927469
0.003945112
0.003913641
0.003960848
0.003929377
0.003940344
0.004046917
0.003998280
0.003942251
0.003930807
0.004024029
0.004017353
0.003911734
0.004064322
0.003915787
0.003949165
0.003900766
0.004025459
0.003958464
0.013327837
0.003945827
0.013338327
0.003968000
0.004168987
0.003898621
0.004013538
0.004020691
0.004527807
0.003917217
0.003940821
0.003917217
0.004033327
0.004017115
0.003965855
0.003917456
0.004023075
0.004021883
0.003955603
0.013308048
0.004034996
0.013230324
0.004006147
0.003961086
0.003967285
0.003933668
0.003916740
0.013138771
0.003980637
0.003994226
0.003937721
0.003990173
0.013619661
0.003881454
0.003909826
0.003918648
0.003919125
0.003937244
0.004007816
0.003934145
0.003993273
0.003903627
0.003983498
0.003943682
0.003987074
0.003953934
0.004042864
0.003939390
0.004635334
0.003986120
0.003982782
0.003914356
0.003944635
0.003947735
0.004008055
0.012638092
0.003950834
0.004046679
0.003963470
0.003915548
0.003965378
0.003905773
0.004018068
0.012616873
0.003945827
0.003984213
0.004518747
0.003966331
0.004055977
0.003902674
0.004012346
0.013501406
0.013767004
0.003937483
0.004010677
0.013490200
0.003973484
0.013561964
0.004058361
0.003961802
0.003973961
0.013539553
0.003953695
0.013194084
0.003987312
0.003901958
0.003999949
0.003926754
0.004654408
0.003964186
0.003966808
0.003928423
0.003907919
0.003890991
0.003918648
0.003967524
0.013586044
0.003909111
0.003940582
0.003959894
0.003969908
0.003860712
0.003987074
0.003947496
0.003988504
0.003943205
0.003963470
0.013605833
0.004038095
0.003908634
0.003997564
0.003904343
0.003981590
0.004021406
0.004046679
0.003935575
0.003973961
0.004007339
0.004154444
0.003906250
0.003970146
0.013345718
0.004013777
0.003969669
0.003940344
0.003939629
0.003943205
0.012726545
0.003926754
0.004006624
0.004038811
0.004008770
0.004000187
0.003993988
0.003999233
0.013579130
0.003979445
0.003880501
0.004020691
0.013416290
0.013575554
0.003964901
0.004020214
0.004006386
0.003962040
0.003896713
0.004012585
0.012677908
0.003965855
0.003968954
0.013365030
0.003944159
0.004011393
0.003942490
0.003955126
0.003929377
0.003985167
0.003912926
0.004169464
0.003983021
0.003918171
0.013525724
0.013428688
0.004078388
0.003975868
0.003966808
0.004029751
0.004091740
0.004645348
0.003991365
0.003968716
0.003947020
0.004047155
0.003945112
0.003930569
0.003956079
0.004028082
0.003893375
0.003959179
0.004019737
0.003998518
0.003987789
0.003972530
0.003921747
0.003933668
0.003906250
0.013667822
0.004034996
0.003955126
0.003989697
0.004006386
0.003956318
0.003988981
0.003947258
0.013607264
0.003939152
0.004010439
0.003922462
0.004025221
0.003977776
0.004036427
0.003965616
0.012617588
0.003927946
0.003996849
0.012740374
0.003972292
0.003889799
0.004699707
0.003953695
0.003925085
0.003934383
0.003962994
0.003894091
0.004103661
0.004015684
0.004009485
0.003965139
0.004079103
0.004034758
0.003989220
0.003990173
0.004071474
0.003983259
0.013762951
0.003973722
0.003976107
0.003909826
0.012861490
0.003946781
0.003962517
0.003999233
0.004001617
0.003915548
0.013777256
0.003960371
0.003948450
0.003957748
0.003932238
0.003955841
0.003986597
0.004006386
0.003963947
0.003937244
0.003959417
0.003916264
0.003927708
0.003980637
0.004651308
0.003953695
0.004000902
0.003934145
0.013706446
0.004028082
0.004040718
0.003963232
0.004023552
0.012559414
0.003999472
0.004050493
0.003992796
0.003973007
0.004102230
0.003941774
0.004098415
0.003916264
0.003965616
0.004058838
0.004057884
0.003983974
0.013841152
0.003951073
0.003999472
0.004079819
0.003979206
0.004294395
0.003991365
0.003998995
0.003968716
0.004311562
0.004119635
0.003950119
0.003988504
0.003926039
0.003948450
0.003915071
0.004012108
0.003927469
0.004777670
0.013485193
0.004005432
0.004012585
0.004191399
0.003905058
0.003941536
0.003922701
0.003932714
0.004112005
0.003940344
0.003932476
0.003928423
0.013394356
0.003990889
0.003894806
0.013470173
0.003951073
0.003999472
0.003923655
0.003972530
0.004022598
0.004163980
0.003955126
0.004006386
0.003977537
0.003983259
0.003994465
0.004076958
0.003947496
0.003957987
0.004100800
0.004049063
0.003950596
0.003986835
0.004081011
0.003946304
0.003974438
0.003984928
0.003954887
0.004794359
0.003894329
0.003982782
0.004143476
0.004197836
0.003998041
0.003944397
0.004009008
0.013574600
0.003931999
0.003974199
0.003932476
0.012701750
0.013155222
0.013708591
0.003951073
0.004009724
0.003971338
0.013560295
0.003964901
0.003966093
0.004032135
0.004006147
0.013477564
0.003997803
0.003931999
0.003981590
0.012738228
0.003937006
0.003925800
0.003945827
0.003977537
0.004087210
0.003921032
0.013645887
0.003955126
0.004001856
0.004110336
0.004029751
0.003988981
0.004619837
0.004090548
0.004107237
0.004124641
0.003957510
0.013392448
0.004085541
0.003906965
0.003994703
0.003921747
0.004039526
0.013444662
0.003988028
0.004002571
0.003954887
0.004006863
0.013472319
0.003913403
0.003949165
0.003949165
0.004010677
0.004001856
0.003971815
0.004026413
0.004001379
0.003953457
0.004030228
0.003908157
0.003966331
0.003957987
0.004094124
0.003954411
0.004004717
0.013303757
0.004172802
0.003986120
0.003982306
0.003931999
0.004077435
0.004000187
0.004641771
0.003899574
0.004045486
0.004048824
0.003925562
0.003931761
0.003923893
0.013354301
0.004010677
0.004041433
0.003996611
0.013439178
0.004063129
0.004045486
0.003951311
0.004014254
0.004137516
0.003922701
0.004022360
0.003945589
0.004000902
