0.011713743
0.001200676
0.001455545
0.001409769
0.001295805
0.001268148
0.001412868
0.001308441
0.001246691
0.001449347
0.001373529
0.001211405
0.001446247
0.001251936
0.001447439
0.001305580
0.001430988
0.001458883
0.001420021
0.001409531
0.001336336
0.001264811
0.001492739
0.001274824
0.001271725
0.001447201
0.001464605
0.001231909
0.001302958
0.001238823
0.001292706
0.001499414
0.001262903
0.001467705
0.001275063
0.001202583
0.001039267
0.001405954
0.001456261
0.001165390
0.001242638
0.001448870
0.001367331
0.001278877
0.001444817
0.001404524
0.001493692
0.001260519
0.001403570
0.001225710
0.001339436
0.011608839
0.001464844
0.001323462
0.001462221
0.001107454
0.001298428
0.001398802
0.001465321
0.001385212
0.001477480
0.001471758
0.001290798
0.001435995
0.001332998
0.001281023
0.001457214
0.001438379
0.001268864
0.001299858
0.001465559
0.001311779
0.001206875
0.001243114
0.001453638
0.001398802
0.001434803
0.001240492
0.001295567
0.001451015
0.001333237
0.012090921
0.001437664
0.001403332
0.011738062
0.001284838
0.001278639
0.001342773
0.001430273
0.001282215
0.001430511
0.011430025
0.001435995
0.001448393
0.001272917
0.001287937
0.001294851
0.001166105
0.001418114
0.011568069
0.001307249
0.001143217
0.001193047
0.001246691
0.001211166
0.001119137
0.001255035
0.001204491
0.001253843
0.001247883
0.001256943
0.001231194
0.011658907
0.001189947
0.001278162
0.001203537
0.001205921
0.001196623
0.001274586
0.001216888
0.001201391
0.001190186
0.001190424
0.001183271
0.001235008
0.001189232
0.001189470
0.001013994
0.001194239
0.001159191
0.001255512
0.001200199
0.011514902
0.001180649
0.001244307
0.001179934
0.011510611
0.001189232
0.001193047
0.001187801
0.011693001
0.001244068
0.001264811
0.001228571
0.001231432
0.011468649
0.001219988
0.011634111
0.001247168
0.011405230
0.001218796
0.001255274
0.001235008
0.001251221
0.001194477
0.001257420
0.011700392
0.001233578
0.001232147
0.001240253
0.001244545
0.001195908
0.011647224
0.001178265
0.011604071
0.001174927
0.001204252
0.001175404
0.001210451
0.001171350
0.001229525
0.001221418
0.001214743
0.001212358
0.001266241
0.001044035
0.001278400
0.001181126
0.001199722
0.001188755
0.001216412
0.011482477
0.001191378
0.001180410
0.001016140
0.001173735
0.001201391
0.001183271
0.001189947
0.001197577
0.001201391
0.001078367
0.001257896
0.011372328
0.011597872
0.011609554
0.001193762
0.011381865
0.001257181
0.001209021
0.011668444
0.011619091
0.001215935
0.001206875
0.001138687
0.001189709
0.001218081
0.001182318
0.001213789
0.001182556
0.001204014
0.001195431
0.001200199
0.001174927
0.001180649
0.001268625
0.001193523
0.001181602
0.001194239
0.011490583
0.001220226
0.001157999
0.001192570
0.001174927
0.001206636
0.011596441
0.001228571
0.001182795
0.001222372
0.001201153
0.001205683
0.001035213
0.011354923
0.001225710
0.001181364
0.001175880
0.001312971
0.001199961
0.001265764
0.001179934
0.001277924
0.001293182
0.001404524
0.001240730
0.001245022
0.001204967
0.001278162
0.001210213
0.001209736
0.001226425
0.001247168
0.001184225
0.001225710
0.001208544
0.001223564
0.001195192
0.001201868
0.001212120
0.001275301
0.001218796
0.001214027
0.001190186
0.001215458
0.001226187
0.001205444
0.001273870
0.001250029
0.001208782
0.001205444
0.001214743
0.001052618
0.001192808
0.001214266
0.001185656
0.001169920
0.001225710
0.001197100
0.001181602
0.001202345
0.001202106
0.001243353
0.001198292
0.001213789
0.000966072
0.001213312
0.001202106
0.001245499
0.001247168
0.001275778
0.001196623
0.001217365
0.001186132
0.001210451
0.001208544
0.011515856
0.001207829
0.001288652
0.001203299
0.001207352
0.001213312
0.001216888
0.011472702
0.011598110
0.001172066
0.001195431
0.001016855
0.001216173
0.001196861
0.001184940
0.001181841
0.000999212
0.001191616
0.011629343
0.001194000
0.001210213
0.001202583
0.001260757
0.001209021
0.001255035
0.001143694
0.001257896
0.001183033
0.001246929
0.001184225
0.001296759
0.011264086
0.001229525
0.001010895
0.001235485
0.001169205
0.011310816
0.001161337
0.001192808
0.001176357
0.001197815
0.001171589
0.001202345
0.001214027
0.001191616
0.001185656
0.001196384
0.001223087
0.001239538
0.001188278
0.000993013
0.001260519
0.001250505
0.001229763
0.000982761
0.001203537
0.001215935
0.011651993
0.001220465
0.001250982
0.001289129
0.001292944
0.001218796
0.001199722
0.001308203
0.001251936
0.001243114
0.011398077
0.001187086
0.001200676
0.001224279
0.001167297
0.001269341
0.001219511
0.011649609
0.001228571
0.001196861
0.001191378
0.001243591
0.001237631
0.001266241
0.001235485
0.001256704
0.001095533
0.001177788
0.001240969
0.001286983
0.001238585
0.001246929
0.001022816
0.001419067
0.011514664
0.001198053
0.001210690
0.001228571
0.001210451
0.001246452
0.001182795
0.001201868
0.001210690
0.001274824
0.001244068
0.001233339
0.001230955
0.001262903
0.001226664
0.001244307
0.001262426
0.001222610
0.001223803
0.001224995
0.001224756
0.001255512
0.001200199
0.001242399
0.001204014
0.001201630
0.001226664
0.001250267
0.001188517
0.001344442
0.001273394
0.001235962
0.001186371
0.001232147
0.001189947
0.001239777
0.001187563
0.001241684
0.001241207
0.001204252
0.011628151
0.001185894
0.001170874
0.001125336
0.001222849
0.001196623
0.001190424
0.001061678
0.001183987
0.011590481
0.001191378
0.001189232
0.001179218
0.001229048
0.001197577
0.011471748
0.001197338
0.001203537
0.001204967
0.001223803
0.001217365
0.001229048
0.001185656
0.001228571
0.001176357
0.001209259
0.001189709
0.001188755
0.001182318
0.011204004
0.001231909
0.011646271
0.001191854
0.001214027
0.001248121
0.001260757
0.001212120
0.001247883
0.001007795
0.001235485
0.001243114
0.001226187
0.001182318
0.000989199
0.011544704
0.011596203
0.001172304
0.001024723
0.001176357
0.001212597
0.001264572
0.001012087
0.001207113
0.011602640
0.001186609
0.001185894
0.001027346
0.001214743
0.001174927
0.001008749
0.001223803
0.001293659
0.011619091
0.001272678
0.001225233
0.001204491
0.001223326
0.001210213
0.001181841
0.001246452
0.001241207
0.001238823
0.001192093
0.001286030
0.001204252
0.001217365
0.001214743
0.001204252
0.011373281
0.001239538
0.001210213
0.001213551
0.001199007
0.001318932
0.001225948
0.001186609
0.001215935
0.001054525
0.001202106
0.001221657
0.001258612
0.011480093
0.001244545
0.001256227
0.011602402
0.001212597
0.001053810
0.011620283
0.001210213
0.001203060
0.011500359
0.001232386
0.001213312
0.001234293
0.001211405
0.001222134
0.001169443
0.001175404
0.001177788
0.011333466
0.001216173
0.001201630
0.001178741
0.001281738
0.001178503
0.001253128
0.001186371
0.001189232
0.011531591
0.011688232
0.001200914
0.001294851
0.001013517
0.001259327
0.011459589
0.001240253
0.001204491
0.001212358
0.001305342
0.001221180
0.001213074
0.011451483
0.011518717
0.001290798
0.001223803
0.001284838
0.001236200
0.001241684
0.001235485
0.001265049
0.011478186
0.001232862
0.001191378
0.001201630
0.001040459
0.001205921
0.001227140
0.011718273
0.001221895
0.001050949
0.001256227
0.001212120
0.001219034
0.001266718
0.011454821
0.001235008
0.011580467
0.001198530
0.001252651
0.001229048
0.001256466
0.001230717
0.001066685
0.001231432
0.001185417
0.001227140
0.001181364
0.001230955
0.001174212
0.001195669
0.001183271
0.001014948
0.001172304
0.001203775
0.001192093
0.001210451
0.001208305
0.011491299
0.001188040
0.001240015
0.001235247
0.001224279
0.001213551
0.001241684
0.001044273
0.001273632
0.001229048
0.001304150
0.001202822
0.001026154
0.001218796
0.001244783
0.001170874
0.001023769
0.001214981
0.001190662
0.001188993
0.001233101
0.001198769
0.001238346
0.001188755
0.001188993
0.011357784
0.001212597
0.001232624
0.001230001
0.001210928
0.001192570
0.001193523
0.001260996
0.001236677
0.001207113
0.001213789
0.001212120
0.001208067
0.011483431
0.001189232
0.001232386
0.001202583
0.001240730
0.001212358
0.011535883
0.011612892
0.001233816
0.011455059
0.001261950
0.001190424
0.001205444
0.001195431
0.001217842
0.001168251
0.001199961
0.001177788
0.001014233
0.001200914
0.001209736
0.001184940
0.001288652
0.001212358
0.001267195
0.001231432
0.001231194
0.011622190
0.001256466
0.011616230
0.001243591
0.001230955
0.001289129
0.001263380
0.001257896
0.011632681
0.001240969
0.001175642
0.011570215
0.001188278
0.001213312
0.011581421
0.001219988
0.001207829
0.001209497
0.011577368
0.001235723
0.011592865
0.001255989
0.001281738
0.001237869
0.001259565
0.001187801
0.011526108
0.001227379
0.001179934
0.001245737
0.001192570
0.001215935
0.001207590
0.001215935
0.000991106
0.011651754
0.001198292
0.001238346
0.001239061
0.001250029
0.001236439
0.011741400
0.011550426
0.001030684
0.001197100
0.001215935
0.001198530
0.001204252
0.001199961
0.011418104
0.001190424
0.001199722
0.001213074
0.001196384
0.001173735
0.001275778
0.001219988
0.001255512
0.001206875
0.000995159
0.011620283
0.001205921
0.001198530
0.001230001
0.001178980
0.001195908
0.001174927
0.011599064
0.011443377
0.011601925
0.011543989
0.001123190
0.001172781
0.001287699
0.001032829
0.001193285
0.001249313
0.011557102
0.001192570
0.011496782
0.001204729
0.001212358
0.001184464
0.001027107
0.001235962
0.001237154
0.001211166
0.001216888
0.011587858
0.001208782
0.001195431
0.001214266
0.001196623
0.001234293
0.001189470
0.001236916
0.001190186
0.001216412
0.001186609
0.001181602
0.001219034
0.001211882
0.001144171
0.011696339
0.001176357
0.001177549
0.011486053
0.001217127
0.001163244
0.001017809
0.001246214
0.001202583
0.001178265
0.001216173
0.001193047
0.001193285
0.001183510
0.001194239
0.001203775
0.001251936
0.001197815
0.001099348
0.001202822
0.001223326
0.001276970
0.001256466
0.001177073
0.001238823
0.001264095
0.001260757
0.001254559
0.001254082
0.000988245
0.001233101
0.011602163
0.001231909
0.001027584
0.001240015
0.011585474
0.001179934
0.001258373
0.001042843
0.011558771
0.001194954
0.001229286
0.001021624
0.001207590
0.001240253
0.011610985
0.011666775
0.001181841
0.001231670
0.001234293
0.001226902
0.011443138
0.001213074
0.001188517
0.001239538
0.001218319
0.001209021
0.001167059
0.001299143
0.001265049
0.011430740
0.001183748
0.001236916
0.001230240
0.001238346
0.001180649
0.001210928
0.001177549
0.001226902
0.001233101
0.001225948
0.001219988
0.001303911
0.001215935
0.001240015
0.001202583
0.001230478
0.001251221
0.001236200
0.001228809
0.001219988
0.001232862
0.001246691
0.001216412
0.001216173
0.001196623
0.011286259
0.011614799
0.001204491
0.011540174
0.011627674
0.001195908
0.001199007
0.001220703
0.001259804
0.001192331
0.001203299
0.001190424
0.001194954
0.001218796
0.001239777
0.001174927
0.001184464
0.001214266
0.001233816
0.001226902
0.001318932
0.011505842
0.001230478
0.001254559
0.001201868
0.001137495
0.001251221
0.001181841
0.001194477
0.001174688
0.001200438
0.001187563
0.011635065
0.001247406
0.001267910
0.001243591
0.001202583
0.001210928
0.001209021
0.011545897
0.001180410
0.001215458
0.001039743
0.001018047
0.001200914
0.001206160
0.001201391
0.011503935
0.001264811
0.001225471
0.001197577
0.001191854
0.001031876
0.001207829
0.001227856
0.001171827
0.011541843
0.001194715
0.001185894
0.001212120
0.001214504
0.001031637
0.001138449
0.011384726
0.001209021
0.001049995
0.001193285
0.001189232
0.001246929
0.001230717
0.001231432
0.001154423
0.001230955
0.001215935
0.011502266
0.001223087
0.001204252
0.001224279
0.001234293
0.011612177
0.001235247
0.001225710
0.001352072
0.001266241
0.001240253
0.001230478
0.001251936
0.001233339
0.001305819
0.001185894
0.001227617
0.001224995
0.001182795
0.001240969
0.001320124
0.001292944
0.001245260
0.001229048
0.001274347
0.011299610
0.001276731
0.001229048
0.001252174
0.011645317
0.011305332
0.001226664
0.001247883
0.001189709
0.001310349
0.001306534
0.001235485
0.001200676
0.001201391
0.001201868
0.001363516
0.001210451
0.001207113
0.011514187
0.001230717
0.001227379
0.001214266
0.001183987
0.011708498
0.001189470
0.001305103
0.001242161
0.001213551
0.001221418
0.001217127
0.001190424
0.001188040
0.001202345
0.001194954
0.001216412
0.001225948
0.011570692
0.001190662
0.011632919
0.001218796
0.011585474
0.001207590
0.001177549
0.001193523
