0.000339031
0.000317097
0.000323534
0.000272512
0.000311375
0.000311613
0.000225544
0.000307083
0.000310183
0.000311375
0.000307560
0.000309706
0.000371218
0.000307798
0.000307560
0.000329018
0.000308752
0.000270367
0.000334263
0.000307083
0.000244379
0.000264645
0.000276089
0.000273705
0.000263929
0.000262260
0.000314474
0.000319481
0.000244856
0.000241518
0.000267506
0.000309467
0.000311136
0.000283718
0.000235081
0.000272036
0.000250816
0.000307322
0.000307083
0.000308990
0.000286102
0.000315189
0.000219107
0.000292301
0.000241995
0.000308275
0.000333071
0.000228643
0.000306606
0.000326633
0.000313282
0.000296354
0.000302553
0.000312567
0.000332355
0.000312805
0.000240088
0.000317097
0.000311375
0.000220776
0.000311375
0.000239611
0.000309467
0.000240564
0.000308037
0.000244617
0.000273943
0.000313759
0.000322342
0.000244141
0.000275612
0.000281334
0.000312567
0.000311613
0.000315905
0.000360727
0.000307798
0.000340939
0.000306845
0.000331163
0.000290394
0.000272036
0.000257492
0.000311375
0.000274658
0.000311852
0.000239849
0.000309467
0.000297070
0.000242949
0.000270128
0.000305176
0.000308037
0.000309706
0.000269651
0.000236034
0.000251770
0.000243902
0.000341415
0.000310183
0.000308514
0.000332832
0.000307560
0.000304937
0.000267744
0.000305653
0.000309944
0.000338793
0.000302553
0.000308275
0.000256300
0.000243425
0.000314236
0.000307322
0.000273943
0.000314713
0.000302315
0.000297070
0.000277758
0.000314236
0.000304461
0.000309467
0.000321865
0.000312090
0.000309229
0.000306368
0.000280142
0.000274658
0.000306606
0.000305414
0.000312090
0.000308037
0.000317097
0.000336409
0.000307798
0.000308514
0.000316143
0.000271559
0.000308752
0.000241041
0.000307083
0.000319004
0.000305653
0.000312090
0.000271082
0.000304937
0.000311375
0.000247478
0.000235081
0.000247717
0.000256300
0.000242710
0.000262737
0.000262499
0.000278234
0.000315428
0.000251293
0.000304461
0.000308037
0.000318050
0.000321388
0.000310898
0.000303507
0.000338078
0.000308275
0.000237703
0.000311613
0.000312090
0.000205994
0.000308275
0.000274658
0.000244856
0.000306368
0.000303268
0.000326872
0.000308275
0.000308514
0.000315189
0.000339508
0.000303745
0.000303507
0.000268936
0.000306845
0.000239611
0.000308514
0.000274897
0.000320673
0.000233650
0.000309706
0.000331163
0.000309229
0.000304937
0.000332594
0.000304461
0.000304699
0.000334024
0.000236988
0.000284433
0.000303030
0.000245094
0.000335693
0.000306368
0.000231504
0.000253916
0.000260115
0.000224113
0.000231981
0.000316620
0.000321627
0.000302315
0.000269890
0.000329971
0.000307798
0.000258684
0.000236750
0.000269413
0.000283480
0.000307798
0.000236511
0.000285149
0.000307560
0.000238657
0.000330687
0.000308275
0.000320435
0.000333071
0.000303507
0.000310898
0.000269890
0.000319958
0.000302792
0.000307798
0.000277042
0.000304222
0.000304222
0.000246525
0.000238180
0.000309944
0.000338316
0.000252008
0.000269651
0.000308275
0.000315428
0.000248909
0.000305414
0.000306368
0.000295401
0.000308275
0.000306845
0.000349045
0.000278950
0.000307083
0.000334263
0.000304699
0.000337839
0.000280142
0.000246048
0.000253201
0.000298738
0.000283718
0.000304461
0.000324249
0.000308037
0.000306129
0.000328064
0.000303745
0.000305653
0.000333548
0.000241041
0.000333548
0.000308037
0.000304699
0.000265837
0.000309706
0.000311375
0.000336409
0.000310659
0.000315189
0.000320673
0.000305653
0.000305414
0.000307083
0.000313997
0.000306845
0.000311852
0.000218630
0.000313044
0.000305414
0.000306129
0.000235558
0.000318289
0.000301838
0.000313044
0.000317812
0.000237703
0.000305653
0.000267506
0.000308514
0.000329494
0.000273705
0.000276089
0.000308990
0.000309467
0.000307798
0.000340462
0.000303745
0.000333786
0.000251770
0.000262260
0.000313997
0.000298262
0.000304699
0.000240564
0.000279665
0.000235558
0.000234842
0.000242472
0.000307322
0.000295162
0.000208616
0.000285864
0.000309467
0.000306606
0.000329018
0.000240564
0.000330687
0.000311613
0.000310421
0.000307322
0.000335455
0.000276327
0.000313520
0.000331402
0.000268936
0.000300407
0.000306368
0.000264645
0.000241518
0.000306845
0.000313759
0.000236273
0.000308752
0.000315905
0.000319481
0.000272989
0.000238657
0.000236273
0.000263214
0.000210047
0.000306129
0.000329733
0.000230551
0.000302792
0.000304461
0.000234127
0.000330448
0.000183821
0.000304699
0.000306845
0.000212669
0.000288725
0.000301361
0.000235796
0.000254869
0.000248909
0.000304222
0.000306129
0.000305176
0.000304937
0.000300169
0.000301600
0.000269413
0.000306368
0.000267267
0.000302076
0.000304222
0.000302076
0.000316143
0.000321627
0.000283241
0.000326872
0.000316143
0.000275612
0.000324965
0.000331163
0.000322342
0.000325203
0.000308990
0.000309706
0.000307560
0.000301838
0.000303745
0.000274658
0.000275612
0.000308037
0.000305176
0.000309944
0.000303984
0.000305653
0.000304461
0.000302553
0.000304461
0.000307083
0.000301838
0.000307560
0.000307083
0.000334263
0.000312805
0.000238895
0.000307798
0.000316858
0.000308037
0.000335217
0.000249386
0.000236750
0.000320435
0.000272512
0.000244379
0.000305176
0.000268459
0.000212193
0.000241280
0.000311852
0.000243902
0.000242233
0.000238895
0.000306368
0.000308514
0.000241518
0.000237942
0.000245810
0.000308752
0.000243187
0.000243187
0.000238180
0.000336885
0.000235796
0.000294685
0.000199080
0.000319958
0.000318527
0.000293970
0.000338793
0.000330448
0.000333786
0.000339746
0.000305891
0.000233889
0.000267506
0.000308037
0.000237942
0.000305891
0.000276089
0.000302553
0.000305414
0.000311852
0.000271797
0.000310421
0.000310898
0.000315189
0.000273228
0.000310183
0.000308037
0.000310421
0.000333548
0.000334740
0.000314474
0.000283957
0.000249624
0.000298977
0.000281334
0.000327587
0.000327349
0.000323534
0.000332594
0.000267506
0.000310421
0.000301123
0.000308037
0.000267744
0.000235319
0.000306606
0.000305653
0.000302553
0.000304699
0.000268698
0.000304222
0.000308275
0.000305653
0.000306606
0.000303268
0.000305653
0.000310659
0.000308990
0.000331879
0.000308752
0.000275135
0.000275135
0.000214815
0.000277519
0.000335217
0.000343323
0.000329494
0.000311852
0.000306129
0.000301838
0.000306606
0.000300884
0.000307083
0.000308037
0.000243902
0.000298023
0.000303984
0.000302315
0.000255108
0.000301123
0.000300646
0.000231981
0.000302792
0.000304937
0.000305891
0.000301838
0.000306606
0.000302553
0.000301600
0.000293255
0.000333071
0.000293970
0.000232220
0.000272274
0.000294685
0.000196218
0.000317335
0.000333309
0.000306606
0.000258684
0.000300169
0.000307560
0.000306129
0.000301838
0.000238657
0.000260830
0.000305176
0.000305653
0.000267029
0.000303507
0.000305891
0.000267506
0.000306606
0.000302315
0.000305653
0.000302792
0.000317097
0.000313997
0.000307798
0.000310183
0.000304699
0.000230551
0.000293732
0.000314474
0.000316620
0.000236034
0.000299931
0.000311375
0.000320911
0.000304937
0.000225306
0.000314474
0.000305891
0.000327110
0.000236511
0.000324249
0.000270128
0.000309944
0.000303030
0.000303268
0.000307322
0.000305414
0.000301838
0.000304699
0.000303268
0.000304461
0.000301838
0.000305414
0.000305891
0.000301600
0.000304937
0.000305414
0.000195265
0.000305891
0.000302315
0.000266314
0.000303745
0.000301838
0.000301123
0.000304222
0.000306368
0.000306606
0.000302315
0.000299215
0.000302553
0.000226021
0.000303507
0.000306129
0.000307322
0.000303745
0.000333548
0.000315189
0.000309229
0.000331402
0.000316143
0.000308037
0.000275612
0.000331402
0.000327349
0.000314474
0.000305176
0.000298500
0.000205040
0.000304937
0.000298977
0.000301600
0.000302553
0.000303268
0.000304699
0.000307560
0.000305414
0.000301600
0.000300407
0.000303268
0.000303268
0.000305414
0.000265837
0.000301838
0.000309706
0.000329971
0.000304937
0.000263691
0.000302553
0.000239611
0.000307798
0.000273705
0.000338316
0.000339270
0.000322580
0.000318766
0.000300646
0.000267267
0.000221968
0.000300169
0.000304937
0.000302315
0.000300407
0.000306606
0.000271320
0.000302315
0.000300407
0.000301361
0.000305414
0.000301838
0.000296831
0.000307560
0.000304699
0.000305891
0.000301123
0.000271320
0.000295877
0.000278473
0.000324726
0.000311136
0.000280380
0.000329256
0.000330210
0.000289679
0.000323057
0.000306368
0.000300646
0.000270605
0.000253916
0.000308037
0.000207424
0.000302792
0.000300407
0.000300169
0.000304699
0.000305653
0.000305891
0.000306606
0.000226498
0.000266075
0.000267029
0.000308275
0.000303984
0.000305176
0.000333309
0.000249386
0.000227451
0.000308037
0.000302076
0.000285149
0.000279665
0.000335932
0.000331163
0.000319481
0.000302315
0.000304937
0.000301838
0.000300646
0.000314713
0.000301600
0.000300407
0.000303984
0.000306368
0.000300407
0.000303507
0.000305176
0.000302315
0.000305891
0.000275135
0.000303268
0.000280857
0.000233173
0.000301123
0.000237703
0.000253916
0.000305414
0.000334024
0.000324488
0.000263453
0.000275135
0.000246048
0.000263214
0.000328541
0.000252724
0.000251532
0.000344753
0.000267982
0.000269651
0.000282526
0.000283718
0.000264883
0.000221968
0.000233889
0.000228643
0.000306845
0.000250578
0.000250578
0.000224113
0.000253677
0.000280380
0.000248671
0.000253439
0.000303030
0.000300646
0.000290871
0.000257254
0.000306845
0.000266790
0.000317097
0.000228167
0.000324488
0.000330210
0.000336647
0.000329018
0.000293970
0.000304699
0.000278950
0.000306845
0.000278711
0.000307560
0.000301600
0.000237226
0.000303507
0.000304699
0.000199318
0.000304222
0.000271797
0.000302553
0.000302315
0.000303984
0.000227928
0.000303268
0.000302553
0.000317335
0.000307083
0.000273705
0.000318527
0.000315189
0.000273228
0.000225306
0.000327587
0.000316381
0.000329733
0.000302553
0.000304222
0.000302792
0.000303507
0.000303745
0.000240326
0.000301600
0.000301361
0.000303745
0.000306129
0.000304937
0.000306606
0.000308514
0.000309229
0.000306606
0.000305414
0.000303507
0.000231266
0.000321627
0.000321388
0.000307083
0.000322104
0.000312090
0.000313520
0.000277042
0.000294447
0.000330448
0.000323534
0.000267982
0.000304937
0.000306845
0.000300407
0.000304699
0.000301361
0.000301123
0.000229359
0.000303268
0.000300884
0.000304937
0.000236988
0.000303984
0.000300169
0.000267506
0.000302076
0.000302553
0.000266075
0.000304699
0.000303745
0.000241518
0.000304222
0.000303507
0.000236273
0.000314951
0.000332117
0.000262499
0.000333548
0.000286579
0.000294447
0.000305891
0.000305891
0.000303507
0.000300646
0.000301361
0.000309706
0.000301600
0.000304461
0.000303030
0.000306845
0.000301361
0.000265598
0.000305176
0.000301361
0.000303268
0.000301600
0.000266075
0.000302553
0.000264645
0.000266075
0.000314951
0.000263453
0.000302553
0.000274897
0.000279427
0.000230789
0.000330925
0.000321627
0.000247240
0.000305653
0.000300407
0.000303984
0.000309944
0.000256777
0.000271082
0.000266552
0.000300646
0.000303507
0.000305891
0.000301600
0.000305653
0.000303745
0.000306845
0.000306606
0.000269175
0.000305176
0.000268459
0.000304222
0.000302553
0.000318289
0.000225782
0.000334740
0.000319719
0.000294924
0.000277996
0.000295877
0.000324965
0.000302076
0.000331402
0.000301123
0.000304222
0.000305891
0.000309706
0.000304937
0.000298738
0.000308514
0.000303268
0.000308990
0.000300884
0.000304461
0.000304222
0.000300646
0.000310898
0.000307322
0.000305653
0.000305653
0.000309706
0.000271797
0.000330448
0.000312805
0.000278950
0.000304937
0.000306606
0.000320911
0.000332355
0.000309229
0.000304699
0.000315905
0.000307083
0.000261307
0.000192881
0.000185490
0.000300169
0.000304937
0.000304699
0.000301123
0.000304222
0.000302792
0.000225782
0.000304699
0.000236988
0.000300169
0.000302315
0.000302315
0.000300407
0.000288010
0.000301361
0.000329256
0.000307560
0.000306845
0.000266075
0.000311136
0.000253201
0.000324249
0.000324488
0.000314236
0.000257969
0.000302076
0.000300407
0.000300884
0.000300169
0.000297070
0.000300169
0.000300884
0.000301123
0.000267982
0.000301838
0.000301600
0.000302553
0.000300884
0.000264645
0.000300407
0.000303507
0.000231981
0.000306368
0.000301838
0.000332355
0.000313997
0.000307083
0.000333071
0.000309706
0.000280619
0.000258684
0.000331879
0.000317812
0.000332117
0.000242949
0.000308275
