0.000391960
0.000323534
0.000339270
0.000330925
0.000329256
0.000380039
0.000331879
0.000329971
0.000344992
0.000327826
0.000325918
0.000318289
0.000327349
0.000268221
0.000269651
0.000379324
0.000339270
0.000323057
0.000331163
0.000288963
0.000340462
0.000258684
0.000394583
0.000329733
0.000334740
0.000326157
0.000332594
0.000362158
0.000325441
0.000332355
0.000281096
0.000332355
0.000295877
0.000391006
0.000331163
0.000359297
0.000328064
0.000324011
0.000334501
0.000330687
0.000323772
0.000326872
0.000330687
0.000382423
0.000326633
0.000315905
0.000263691
0.000293970
0.000288010
0.000325441
0.000356436
0.000372410
0.000268459
0.000299692
0.000326157
0.000323534
0.000325680
0.000322104
0.000326872
0.000336170
0.000288486
0.000271559
0.000275135
0.000269651
0.000305176
0.000306606
0.000322342
0.000298023
0.000324249
0.000323772
0.000311613
0.000326633
0.000374556
0.000302315
0.000277281
0.000325203
0.000352144
0.000325203
0.000259876
0.000322819
0.000374079
0.000352859
0.000326395
0.000288486
0.000285625
0.000324249
0.000334263
0.000248671
0.000277758
0.000326872
0.000414610
0.000346661
0.000308514
0.000323534
0.000329256
0.000332117
0.000331163
0.000324965
0.000348806
0.000318289
0.000324249
0.000332355
0.000319242
0.000293255
0.000247955
0.000317574
0.000324249
0.000324965
0.000330448
0.000321627
0.000312328
0.000323772
0.000323534
0.000338316
0.000229836
0.000246763
0.000326395
0.000267982
0.000339270
0.000242949
0.000325680
0.000325203
0.000352621
0.000252724
0.000325441
0.000348330
0.000325203
0.000255108
0.000348568
0.000327110
0.000348091
0.000323772
0.000344038
0.000355721
0.000324965
0.000325680
0.000277519
0.000321865
0.000323057
0.000328302
0.000324488
0.000255585
0.000323057
0.000282288
0.000288963
0.000292778
0.000295401
0.000326872
0.000326157
0.000247240
0.000274897
0.000323296
0.000301361
0.000298500
0.000320911
0.000349045
0.000286579
0.000324726
0.000347853
0.000315428
0.000268698
0.000336409
0.000251532
0.000337124
0.000300169
0.000269890
0.000303268
0.000347137
0.000323534
0.000255108
0.000254154
0.000341177
0.000204325
0.000324965
0.000339270
0.000324249
0.000339746
0.000332594
0.000329733
0.000332355
0.000333309
0.000323772
0.000321388
0.000354290
0.000323534
0.000345945
0.000324965
0.000322104
0.000341892
0.000326157
0.000364304
0.000329018
0.000330687
0.000320196
0.000325203
0.000321865
0.000351191
0.000326872
0.000323772
0.000352383
0.000348806
0.000322580
0.000322104
0.000238895
0.000326395
0.000323057
0.000297546
0.000323296
0.000323296
0.000352859
0.000327349
0.000329256
0.000296354
0.000253677
0.000352621
0.000333548
0.000284433
0.000234127
0.000331163
0.000321865
0.000326157
0.000323772
0.000322819
0.000327349
0.000325203
0.000319481
0.000348568
0.000321150
0.000335932
0.000324011
0.000321865
0.000227690
0.000252485
0.000285149
0.000327110
0.000324011
0.000321865
0.000347137
0.000329733
0.000347853
0.000287294
0.000244617
0.000345230
0.000322580
0.000285625
0.000265837
0.000240326
0.000321865
0.000350475
0.000321627
0.000326395
0.000330925
0.000324965
0.000275850
0.000320673
0.000323057
0.000323296
0.000323057
0.000307083
0.000329971
0.000321865
0.000342607
0.000321627
0.000242472
0.000325203
0.000323534
0.000324965
0.000321627
0.000273466
0.000293493
0.000286341
0.000329018
0.000258207
0.000322104
0.000232935
0.000334978
0.000344992
0.000326395
0.000324249
0.000351191
0.000324726
0.000257730
0.000355244
0.000324488
0.000347137
0.000323057
0.000323057
0.000303984
0.000323772
0.000324011
0.000348330
0.000322342
0.000351667
0.000327110
0.000320196
0.000330925
0.000326395
0.000323772
0.000333786
0.000321627
0.000271559
0.000333309
0.000323296
0.000330925
0.000350952
0.000326872
0.000253439
0.000318766
0.000346899
0.000322342
0.000331163
0.000233412
0.000321150
0.000342607
0.000329733
0.000348806
0.000323772
0.000322104
0.000346422
0.000227928
0.000269413
0.000269413
0.000264645
0.000258207
0.000334740
0.000323772
0.000320196
0.000330687
0.000256300
0.000317812
0.000313282
0.000259876
0.000274897
0.000321865
0.000326157
0.000338316
0.000253677
0.000354052
0.000323057
0.000325680
0.000283957
0.000256777
0.000329018
0.000321150
0.000321865
0.000252724
0.000321150
0.000323772
0.000275612
0.000259638
0.000248671
0.000326872
0.000325680
0.000322104
0.000258684
0.000323296
0.000322104
0.000322342
0.000319004
0.000253201
0.000255108
0.000322819
0.000325680
0.000254154
0.000344515
0.000329018
0.000317335
0.000302076
0.000330210
0.000328064
0.000294924
0.000348330
0.000346422
0.000340700
0.000321865
0.000323057
0.000327587
0.000333548
0.000281572
0.000326872
0.000324488
0.000256300
0.000321865
0.000324965
0.000324488
0.000322819
0.000323772
0.000323296
0.000326633
0.000323772
0.000260830
0.000324011
0.000325203
0.000333309
0.000325918
0.000324488
0.000289679
0.000333548
0.000323057
0.000310183
0.000285149
0.000329971
0.000324726
0.000266552
0.000345469
0.000329971
0.000302792
0.000349998
0.000299931
0.000334263
0.000297546
0.000256538
0.000410795
0.000218391
0.000255585
0.000236988
0.000220299
0.000228405
0.000206947
0.000231504
0.000231981
0.000306606
0.000193834
0.000236511
0.000249863
0.000233412
0.000212431
0.000258684
0.000231028
0.000298738
0.000318527
0.000215530
0.000285387
0.000297785
0.000194550
0.000231266
0.000201941
0.000195026
0.000199556
0.000235558
0.000210285
0.000203371
0.000262260
0.000190973
0.000227928
0.000189781
0.000227928
0.000230074
0.000245094
0.000221968
0.000253677
0.000214338
0.000256777
0.000226498
0.000189066
0.000304937
0.000428438
0.000221729
0.000286341
0.000252008
0.000322580
0.000294685
0.000295162
0.000326157
0.000324488
0.000330448
0.000324249
0.000261545
0.000147820
0.000255823
0.000191212
0.000251770
0.000195265
0.000225544
0.000253439
0.000194311
0.000250101
0.000287533
0.000326157
0.000278473
0.000261307
0.000326872
0.000326633
0.000346899
0.000278234
0.000322104
0.000328302
0.000326872
0.000247955
0.000241518
0.000241756
0.000204563
0.000229597
0.000193119
0.000191927
0.000222445
0.000283003
0.000319242
0.000225782
0.000213623
0.000318766
0.000252485
0.000192642
0.000287533
0.000221968
0.000227213
0.000344992
0.000246048
0.000326157
0.000349760
0.000280857
0.000244379
0.000292301
0.000351191
0.000348568
0.000318050
0.000344992
0.000318527
0.000321627
0.000320435
0.000322342
0.000324488
0.000231981
0.000319242
0.000321388
0.000323057
0.000281334
0.000320911
0.000171423
0.000249386
0.000320435
0.000326395
0.000319242
0.000253916
0.000323534
0.000343561
0.000340939
0.000328541
0.000238419
0.000346661
0.000324249
0.000319004
0.000313759
0.000351667
0.000343323
0.000339031
0.000321150
0.000322819
0.000320196
0.000316381
0.000283241
0.000317812
0.000319004
0.000321150
0.000321865
0.000318050
0.000324488
0.000318050
0.000274658
0.000322580
0.000320196
0.000287771
0.000321627
0.000291824
0.000319958
0.000347137
0.000326157
0.000298738
0.000346661
0.000293970
0.000324726
0.000292540
0.000345945
0.000283241
0.000328302
0.000350952
0.000316381
0.000321388
0.000326633
0.000319958
0.000319719
0.000319958
0.000251293
0.000323534
0.000317812
0.000323772
0.000258446
0.000287056
0.000292301
0.000290632
0.000318050
0.000319242
0.000321865
0.000321627
0.000346422
0.000244617
0.000327826
0.000288725
0.000342369
0.000343084
0.000288725
0.000346661
0.000348568
0.000304699
0.000308514
0.000330925
0.000321388
0.000320673
0.000317812
0.000315905
0.000320911
0.000318050
0.000321865
0.000249624
0.000317097
0.000318289
0.000317335
0.000321150
0.000314713
0.000317812
0.000320911
0.000321388
0.000322819
0.000283718
0.000342607
0.000335217
0.000294447
0.000325441
0.000327587
0.000311136
0.000345230
0.000348806
0.000348330
0.000329018
0.000323296
0.000324249
0.000320673
0.000319004
0.000320196
0.000321627
0.000322819
0.000324011
0.000321627
0.000320673
0.000322342
0.000320196
0.000335932
0.000322580
0.000225306
0.000323772
0.000317335
0.000317574
0.000325918
0.000348330
0.000325918
0.000327587
0.000331402
0.000336885
0.000325441
0.000299454
0.000342369
0.000349522
0.000332355
0.000349998
0.000322342
0.000294924
0.000322819
0.000320911
0.000285864
0.000327826
0.000283003
0.000318766
0.000317574
0.000311375
0.000317335
0.000319958
0.000323772
0.000252247
0.000226498
0.000196695
0.000315666
0.000243902
0.000303507
0.000313759
0.000323534
0.000285149
0.000288248
0.000322819
0.000291348
0.000352859
0.000343561
0.000338554
0.000353575
0.000321388
0.000317812
0.000317812
0.000317097
0.000327826
0.000317574
0.000316858
0.000319242
0.000314713
0.000316381
0.000318289
0.000326395
0.000317335
0.000255823
0.000312805
0.000231743
0.000317574
0.000316620
0.000316381
0.000346184
0.000331879
0.000322819
0.000241756
0.000328064
0.000293970
0.000341415
0.000346184
0.000340462
0.000263214
0.000275612
0.000259161
0.000264883
0.000317335
0.000319958
0.000259399
0.000314713
0.000319242
0.000313759
0.000320196
0.000322819
0.000317335
0.000251293
0.000323772
0.000285149
0.000314713
0.000224829
0.000253677
0.000321150
0.000339746
0.000325918
0.000323772
0.000344753
0.000274897
0.000325441
0.000286579
0.000346422
0.000276327
0.000340939
0.000341177
0.000342846
0.000318527
0.000256777
0.000323057
0.000247002
0.000319719
0.000256538
0.000323534
0.000318766
0.000251293
0.000318527
0.000251770
0.000320196
0.000316143
0.000247955
0.000252008
0.000292301
0.000249386
0.000254869
0.000315666
0.000275612
0.000291824
0.000347853
0.000329971
0.000325441
0.000349760
0.000344753
0.000341654
0.000276804
0.000321627
0.000340223
0.000320673
0.000320673
0.000250578
0.000320911
0.000319719
0.000309229
0.000322104
0.000321388
0.000315905
0.000318766
0.000325918
0.000262976
0.000322580
0.000320911
0.000321150
0.000329494
0.000320673
0.000315189
0.000324488
0.000286579
0.000345945
0.000329256
0.000322819
0.000340700
0.000352383
0.000308990
0.000323534
0.000344515
0.000317574
0.000281572
0.000323772
0.000320911
0.000319242
0.000316620
0.000316381
0.000319481
0.000282526
0.000322104
0.000318289
0.000323296
0.000317574
0.000315428
0.000316620
0.000283480
0.000320196
0.000315428
0.000228405
0.000336885
0.000327110
0.000346184
0.000327587
0.000329018
0.000326872
0.000344992
0.000348806
0.000339508
0.000351191
0.000319958
0.000320673
0.000320196
0.000321865
0.000318766
0.000321865
0.000323296
0.000320911
0.000322580
0.000319481
0.000319719
0.000316620
0.000286102
0.000320196
0.000283957
0.000320673
0.000315189
0.000321150
0.000350475
0.000343084
0.000309467
0.000295877
0.000351667
0.000325441
0.000256300
0.000350237
0.000343561
0.000346899
0.000280380
0.000333786
0.000320911
0.000316143
0.000324488
0.000316381
0.000322819
0.000327587
0.000322104
0.000316858
0.000315428
0.000318766
0.000317335
0.000320196
0.000320196
0.000318289
0.000321150
0.000251293
0.000319242
0.000319004
0.000342846
0.000239849
0.000327110
0.000272274
0.000279427
0.000326872
0.000317574
0.000351906
0.000340939
0.000326157
0.000347853
0.000318527
0.000317812
0.000253916
0.000283480
0.000314951
0.000281096
0.000249386
0.000255108
0.000317097
0.000318766
0.000250578
0.000315189
0.000248671
0.000318527
0.000249863
0.000320435
0.000247478
0.000318289
0.000345230
0.000252485
0.000248432
0.000344038
0.000347137
0.000277758
0.000322104
0.000344515
0.000344992
0.000330687
0.000274420
0.000319004
0.000321150
0.000252247
0.000286341
0.000250816
0.000319958
0.000318766
0.000318527
0.000249863
0.000324488
0.000318050
0.000318050
0.000316858
0.000248194
0.000316381
0.000315905
0.000251055
0.000317574
0.000218868
0.000326395
0.000320435
0.000256300
0.000260115
0.000316858
0.000321150
0.000259638
0.000259638
0.000326633
0.000321150
0.000330210
0.000257015
0.000324965
0.000212431
0.000284672
0.000278234
0.000256777
0.000346184
0.000344992
0.000337601
0.000263214
0.000318766
0.000321627
0.000317574
0.000256300
0.000260592
0.000315189
0.000315666
0.000254154
0.000248671
0.000315905
0.000319481
0.000321150
0.000252485
0.000251055
0.000312805
0.000314713
0.000246286
0.000248671
0.000315428
0.000320196
0.000282526
0.000249863
0.000316858
0.000318766
0.000316858
0.000252247
0.000252247
0.000319481
0.000319004
0.000319481
0.000317574
