0.000471354
0.000392437
0.000384331
0.000426292
0.000379324
0.000328779
0.000448465
0.000343084
0.000351191
0.000364780
0.000362873
0.000447989
0.000358105
0.000317097
0.000360727
0.000358105
0.000450850
0.000359535
0.000387192
0.000375986
0.000388384
0.000430822
0.000368118
0.000354528
0.000359535
0.000423908
0.000381470
0.000326633
0.000427008
0.000395775
0.000385523
0.000349760
0.000380754
0.000360727
0.000444889
0.000359535
0.000356436
0.000289202
0.000359297
0.000450611
0.000364065
0.000341415
0.000344992
0.000361919
0.000456572
0.000334263
0.000382423
0.000426054
0.000331640
0.000389576
0.000380754
0.000326633
0.000359297
0.000360250
0.000427008
0.000381947
0.000365019
0.000452518
0.000320673
0.000360727
0.000360012
0.000356436
0.000445604
0.000324249
0.000456333
0.000364780
0.000332594
0.000388384
0.000363827
0.000364304
0.000426531
0.000323057
0.000332355
0.000360250
0.000363111
0.000352621
0.000395536
0.000360966
0.000387430
0.000425577
0.000385284
0.000359297
0.000367880
0.000424385
0.000329018
0.000392437
0.000358343
0.000395775
0.000369072
0.000360966
0.000356913
0.000424147
0.000376940
0.000322580
0.000453234
0.000358820
0.000325680
0.000325441
0.000326872
0.000451326
0.000353336
0.000355482
0.000351906
0.000352144
0.000383854
0.000352383
0.000378370
0.000353575
0.000303268
0.000378609
0.000350952
0.000330925
0.000373125
0.000357866
0.000360250
0.000352621
0.000330687
0.000354528
0.000350952
0.000377655
0.000287771
0.000382423
0.000352383
0.000356197
0.000391960
0.000354528
0.000391245
0.000354290
0.000349760
0.000348091
0.000350714
0.000361443
0.000374317
0.000360966
0.000345945
0.000325918
0.000314236
0.000355959
0.000326633
0.000386238
0.000351667
0.000357866
0.000355721
0.000356674
0.000382423
0.000355244
0.000381231
0.000355244
0.000355959
0.000351429
0.000356197
0.000324249
0.000357151
0.000353575
0.000384092
0.000358582
0.000384092
0.000357151
0.000359535
0.000365257
0.000376225
0.000365734
0.000354052
0.000355005
0.000355244
0.000353336
0.000399590
0.000355005
0.000384569
0.000350475
0.000356197
0.000380516
0.000351906
0.000384569
0.000370502
0.000353098
0.000359297
0.000351191
0.000372887
0.000352859
0.000352144
0.000354767
0.000352859
0.000365257
0.000351191
0.000394583
0.000352144
0.000375271
0.000306606
0.000357866
0.000378847
0.000355482
0.000297546
0.000374556
0.000356197
0.000354290
0.000354528
0.000351906
0.000383139
0.000357389
0.000355721
0.000351906
0.000349522
0.000378370
0.000353575
0.000365973
0.000374317
0.000360727
0.000349045
0.000381708
0.000328779
0.000323296
0.000377178
0.000355959
0.000292540
0.000344753
0.000355482
0.000352859
0.000378609
0.000325918
0.000371695
0.000353336
0.000350475
0.000341177
0.000354767
0.000357151
0.000351429
0.000352383
0.000363827
0.000354290
0.000367403
0.000351429
0.000313997
0.000367165
0.000352859
0.000365257
0.000320911
0.000309467
0.000355721
0.000351906
0.000380754
0.000318289
0.000380754
0.000352383
0.000355005
0.000346661
0.000353336
0.000329256
0.000372410
0.000355721
0.000377178
0.000354528
0.000358820
0.000362158
0.000350952
0.000352859
0.000358820
0.000378847
0.000356197
0.000320673
0.000349283
0.000352144
0.000379801
0.000353813
0.000353813
0.000378609
0.000351667
0.000345945
0.000354290
0.000354052
0.000377893
0.000353098
0.000387669
0.000353813
0.000357628
0.000353575
0.000319958
0.000362873
0.000352621
0.000372887
0.000319719
0.000317097
0.000377893
0.000355959
0.000355482
0.000354290
0.000377178
0.000352144
0.000349998
0.000379562
0.000349045
0.000371933
0.000354528
0.000341892
0.000356436
0.000305176
0.000374556
0.000357866
0.000358582
0.000386715
0.000353336
0.000317574
0.000355959
0.000320673
0.000357628
0.000355482
0.000353575
0.000322104
0.000356913
0.000352383
0.000351906
0.000323296
0.000320911
0.000350952
0.000354528
0.000320196
0.000351429
0.000360489
0.000317574
0.000353098
0.000356674
0.000352383
0.000356436
0.000325441
0.000323772
0.000324488
0.000353098
0.000360250
0.000389338
0.000326872
0.000358105
0.000355482
0.000368834
0.000388861
0.000334024
0.000377178
0.000378847
0.000351429
0.000338554
0.000378370
0.000353813
0.000352383
0.000355244
0.000327826
0.000352859
0.000356674
0.000353813
0.000350714
0.000324011
0.000353813
0.000356436
0.000354528
0.000354767
0.000358105
0.000357628
0.000349998
0.000319958
0.000386477
0.000372887
0.000361204
0.000343800
0.000380278
0.000382423
0.000370979
0.000370264
0.000348806
0.000385046
0.000379562
0.000382662
0.000359297
0.000362396
0.000355482
0.000356436
0.000325680
0.000354528
0.000361204
0.000358105
0.000352144
0.000351191
0.000356197
0.000358343
0.000356197
0.000356913
0.000355482
0.000367403
0.000357151
0.000351667
0.000378609
0.000361204
0.000359297
0.000338078
0.000376940
0.000380278
0.000369072
0.000381708
0.000350714
0.000373602
0.000383615
0.000371933
0.000353098
0.000354052
0.000363588
0.000351429
0.000356674
0.000352621
0.000324249
0.000356436
0.000355959
0.000319242
0.000323057
0.000353813
0.000351429
0.000355482
0.000325203
0.000348806
0.000363588
0.000383854
0.000370264
0.000368595
0.000387907
0.000346899
0.000382185
0.000346899
0.000381231
0.000381470
0.000382423
0.000382185
0.000348330
0.000356913
0.000357866
0.000355959
0.000320911
0.000353575
0.000360012
0.000354528
0.000321150
0.000319004
0.000355721
0.000349045
0.000321627
0.000322104
0.000355482
0.000358105
0.000363827
0.000362873
0.000349045
0.000382185
0.000360727
0.000359535
0.000382900
0.000362873
0.000383139
0.000363111
0.000319958
0.000384092
0.000383377
0.000381231
0.000382662
0.000326157
0.000358582
0.000354290
0.000322580
0.000348806
0.000352621
0.000356436
0.000351191
0.000321150
0.000317335
0.000350714
0.000327349
0.000324726
0.000360250
0.000361204
0.000353098
0.000353575
0.000294924
0.000367880
0.000359058
0.000375986
0.000355482
0.000341892
0.000370979
0.000378132
0.000382900
0.000389814
0.000381708
0.000372410
0.000356674
0.000356913
0.000357151
0.000356197
0.000352621
0.000357866
0.000353575
0.000354290
0.000360250
0.000356913
0.000328541
0.000352383
0.000354290
0.000351906
0.000352621
0.000368118
0.000348806
0.000386715
0.000371695
0.000355244
0.000323057
0.000390053
0.000348091
0.000344276
0.000376701
0.000387192
0.000350714
0.000342846
0.000365973
0.000353813
0.000353098
0.000323296
0.000353098
0.000351191
0.000356436
0.000353813
0.000355721
0.000356436
0.000356913
0.000359297
0.000297070
0.000354290
0.000355005
0.000357389
0.000352383
0.000357389
0.000356436
0.000380516
0.000362158
0.000356913
0.000380039
0.000381231
0.000382185
0.000363111
0.000380516
0.000390291
0.000352859
0.000349045
0.000354052
0.000372648
0.000355482
0.000327110
0.000366688
0.000359297
0.000354767
0.000352859
0.000325203
0.000356436
0.000356436
0.000359774
0.000324965
0.000349283
0.000351906
0.000354767
0.000357151
0.000358582
0.000355959
0.000369310
0.000362158
0.000375271
0.000384092
0.000383615
0.000369549
0.000357389
0.000386477
0.000379801
0.000365734
0.000380993
0.000362158
0.000355721
0.000353575
0.000352383
0.000325203
0.000358582
0.000352383
0.000355482
0.000361681
0.000353575
0.000297070
0.000358820
0.000354290
0.000319004
0.000362396
0.000359774
0.000356197
0.000379801
0.000378847
0.000358820
0.000356674
0.000383615
0.000388622
0.000375032
0.000382662
0.000382900
0.000380278
0.000370502
0.000367165
0.000354290
0.000356674
0.000353336
0.000353575
0.000358105
0.000356436
0.000351667
0.000351429
0.000354767
0.000355244
0.000354528
0.000355482
0.000353336
0.000355244
0.000350475
0.000317812
0.000357628
0.000354052
0.000387430
0.000360966
0.000354767
0.000355005
0.000357389
0.000363588
0.000382900
0.000371933
0.000382900
0.000384092
0.000368118
0.000375509
0.000370264
0.000356197
0.000359058
0.000332832
0.000355959
0.000355244
0.000355244
0.000297546
0.000355721
0.000356913
0.000328302
0.000357151
0.000328302
0.000355959
0.000351667
0.000329256
0.000355959
0.000352859
0.000356436
0.000354290
0.000359774
0.000375509
0.000363588
0.000356197
0.000327349
0.000356913
0.000383854
0.000381947
0.000383377
0.000328541
0.000303745
0.000370741
0.000314713
0.000291348
0.000354290
0.000355721
0.000353336
0.000358343
0.000348568
0.000351667
0.000351191
0.000353813
0.000326395
0.000356197
0.000346899
0.000352859
0.000322342
0.000348568
0.000357151
0.000355482
0.000356197
0.000343561
0.000355959
0.000384331
0.000336647
0.000338793
0.000369549
0.000365019
0.000367641
0.000316620
0.000373840
0.000345945
0.000319481
0.000319481
0.000319719
0.000349998
0.000352859
0.000354052
0.000353813
0.000351429
0.000323057
0.000348330
0.000320911
0.000341415
0.000348091
0.000353575
0.000314951
0.000325441
0.000352621
0.000354528
0.000352144
0.000383139
0.000348330
0.000368118
0.000378132
0.000348806
0.000357151
0.000323534
0.000377178
0.000357628
0.000329733
0.000356674
0.000357151
0.000360727
0.000356436
0.000357628
0.000357389
0.000353336
0.000354290
0.000353813
0.000354290
0.000359297
0.000331402
0.000355244
0.000351667
0.000380039
0.000373840
0.000370502
0.000357389
0.000377893
0.000382900
0.000371218
0.000381231
0.000380278
0.000381470
0.000371456
0.000380993
0.000356197
0.000353575
0.000355005
0.000356436
0.000357866
0.000354052
0.000355005
0.000355005
0.000352144
0.000359774
0.000351429
0.000352383
0.000363350
0.000357866
0.000354052
0.000354528
0.000329018
0.000349283
0.000384092
0.000381231
0.000334978
0.000377178
0.000349045
0.000349522
0.000366926
0.000324488
0.000378609
0.000371933
0.000370502
0.000378132
0.000358343
0.000319004
0.000328541
0.000321388
0.000329971
0.000349522
0.000352621
0.000319004
0.000324965
0.000355244
0.000352859
0.000320673
0.000354052
0.000323772
0.000358105
0.000323296
0.000329256
0.000377893
0.000374556
0.000359297
0.000324965
0.000325441
0.000380039
0.000332117
0.000343561
0.000344038
0.000379086
0.000377893
0.000347376
0.000319958
0.000374794
0.000353098
0.000319004
0.000320196
0.000359535
0.000355482
0.000355959
0.000319719
0.000323057
0.000348806
0.000352383
0.000325441
0.000319004
0.000321865
0.000358343
0.000354052
0.000317812
0.000354290
0.000358820
0.000354528
0.000365734
0.000372410
0.000333071
0.000360966
0.000366926
0.000328302
0.000326872
0.000372887
0.000388622
0.000361443
0.000326395
0.000383615
0.000382900
0.000353813
0.000355721
0.000377178
0.000379562
0.000361204
0.000383139
0.000383615
0.000359774
0.000353575
0.000355721
0.000354767
0.000351667
0.000326872
0.000358582
0.000353575
0.000361681
0.000350714
0.000352859
0.000354528
0.000322342
0.000319481
0.000351906
0.000352383
0.000318289
0.000322104
0.000358820
0.000353813
0.000354528
0.000349283
0.000355721
0.000308514
0.000356197
0.000354290
0.000350475
0.000353098
0.000355005
0.000355005
0.000347853
0.000363827
0.000379562
0.000356913
0.000351429
0.000351191
0.000374079
0.000370026
0.000387430
0.000344038
0.000382662
0.000383377
0.000359058
0.000323772
0.000322819
0.000352621
0.000350952
0.000319958
0.000355959
0.000354290
0.000355721
0.000356913
0.000328541
0.000359297
0.000356197
0.000352383
0.000351667
0.000325441
0.000359297
0.000360489
0.000384331
0.000381947
0.000363827
0.000380516
0.000344753
0.000350475
0.000347376
0.000376701
0.000380993
0.000381708
0.000345945
0.000380516
0.000356436
0.000357866
0.000322342
0.000321865
0.000353813
0.000352859
0.000322819
0.000351906
0.000354528
0.000355005
0.000357628
0.000355005
0.000373125
0.000355244
0.000355721
0.000355482
0.000332832
0.000353575
0.000371695
0.000365257
0.000309944
0.000384808
0.000399351
0.000342369
0.000337601
0.000372410
0.000379801
0.000368118
0.000383854
0.000381947
0.000355244
0.000321388
0.000323534
0.000315428
0.000353575
0.000356913
0.000324965
0.000320435
0.000353813
0.000355005
0.000358343
0.000328541
0.000324488
0.000352621
0.000352621
0.000349522
0.000322104
0.000379324
0.000360012
0.000361443
0.000345945
0.000382185
0.000355721
0.000348806
0.000345945
0.000380039
0.000378847
0.000375271
0.000341177
0.000377893
0.000377417
0.000377655
0.000322580
0.000322342
0.000354290
0.000354052
0.000355959
0.000317097
0.000352859
0.000360250
0.000351429
0.000359535
0.000334740
0.000353813
0.000353813
0.000354052
