1607065270.777061701
1607065270.877994299
1607065270.978641510
1607065271.079323769
1607065271.179966211
1607065271.280648708
1607065271.381183386
1607065271.481727362
1607065271.582412958
1607065271.682992220
1607065271.783535004
1607065271.884053707
1607065271.984733105
1607065272.085380793
1607065272.185903788
1607065272.286564350
1607065272.387247562
1607065272.487789392
1607065272.588268518
1607065272.688936949
1607065272.789481640
1607065272.890130997
1607065272.990654469
1607065273.091303825
1607065273.191993952
1607065273.292508841
1607065273.393211842
1607065273.493729591
1607065273.594289064
1607065273.694821835
1607065273.795466661
1607065273.896000147
1607065273.996516466
1607065274.096995592
1607065274.197693348
1607065274.298336983
1607065274.398999929
1607065274.499519825
1607065274.600156784
1607065274.700670004
1607065274.801198006
1607065274.901874542
1607065275.002436638
1607065275.102952242
1607065275.203500271
1607065275.304141760
1607065275.404686689
1607065275.505334139
1607065275.605822086
1607065275.706339121
1607065275.806992292
1607065275.907658100
1607065276.008306503
1607065276.109000444
1607065276.209483624
1607065276.309899569
1607065276.410457611
1607065276.511096954
1607065276.611584187
1607065276.712129831
1607065276.812780380
1607065276.913458824
1607065277.013979912
1607065277.114571810
1607065277.215121746
1607065277.315645695
1607065277.416326523
1607065277.516973734
1607065277.617502213
1607065277.718047380
1607065277.818679571
1607065277.919344187
1607065278.019737959
1607065278.120255470
1607065278.220768929
1607065278.321431875
1607065278.421838522
1607065278.522320509
1607065278.622994661
1607065278.723622322
1607065278.824147463
1607065278.924671888
1607065279.025320292
1607065279.125843287
1607065279.226475000
1607065279.327036619
1607065279.427574635
1607065279.528088808
1607065279.628767014
1607065279.729267597
1607065279.829788685
1607065279.930424213
1607065280.031069517
1607065280.131608725
1607065280.232249737
1607065280.332926035
1607065280.433438778
1607065280.533951283
1607065280.634633780
1607065280.735265970
1607065280.835811615
1607065280.936451435
1607065281.036933184
1607065281.137407064
1607065281.237925529
1607065281.338419676
1607065281.438903332
1607065281.539380312
1607065281.639866114
1607065281.740372419
1607065281.840879202
1607065281.941356182
1607065282.041735411
1607065282.142220736
1607065282.242697716
1607065282.343207836
1607065282.443687677
1607065282.544164658
1607065282.644650936
1607065282.745165825
1607065282.845670938
1607065282.946150541
1607065283.046550035
1607065283.147045374
1607065283.247526646
1607065283.348006964
1607065283.448518753
1607065283.549025774
1607065283.649438143
1607065283.749918938
1607065283.850375652
1607065283.950854063
1607065284.051330090
1607065284.151835918
1607065284.252326727
1607065284.352676868
1607065284.453184128
1607065284.553674698
1607065284.654060841
1607065284.754512072
1607065284.854981422
1607065284.955465317
1607065285.055978537
1607065285.156480789
1607065285.256964207
1607065285.357436657
1607065285.457941532
1607065285.558419466
1607065285.658800602
1607065285.759277582
1607065285.859741449
1607065285.960218430
1607065286.060723782
1607065286.161242485
1607065286.261726379
1607065286.362125397
1607065286.462593555
1607065286.563033819
1607065286.663512230
1607065286.764017820
1607065286.864507914
1607065286.964857578
1607065287.065384388
1607065287.165764809
1607065287.266261339
1607065287.366749525
1607065287.467236996
1607065287.567718029
1607065287.668222904
1607065287.768729448
1607065287.869074345
1607065287.969564915
1607065288.070043564
1607065288.170526505
1607065288.271007538
1607065288.371479511
1607065288.471987963
1607065288.572461605
1607065288.672949791
1607065288.773458004
1607065288.873829126
1607065288.974336624
1607065289.074840784
1607065289.175328255
1607065289.275776386
1607065289.376315594
1607065289.476813793
1607065289.577124596
1607065289.677020550
1607065289.777117014
1607065289.877119780
1607065289.977117777
1607065290.077023745
1607065290.177120447
1607065290.277122736
1607065290.377120495
1607065290.477101326
1607065290.577119827
1607065290.677125216
1607065290.777117252
1607065290.877121449
1607065290.977150917
1607065291.077122688
1607065291.177155495
1607065291.277163267
1607065291.377136707
1607065291.477130413
1607065291.577117682
1607065291.677110672
1607065291.777116060
1607065291.877126455
1607065291.977037907
1607065292.077126026
1607065292.177118540
1607065292.277119160
1607065292.377120733
1607065292.477127314
1607065292.577014208
1607065292.677116394
1607065292.777015686
1607065292.877124548
1607065292.977108002
1607065293.077022791
1607065293.177029133
1607065293.277123451
1607065293.377122164
1607065293.477026463
1607065293.577123642
1607065293.677020073
1607065293.777156353
1607065293.877162695
1607065293.977163792
1607065294.077049255
1607065294.177120209
1607065294.277124405
1607065294.377118111
1607065294.477021456
1607065294.577116013
1607065294.677117586
1607065294.777119398
1607065294.877022982
1607065294.977116346
1607065295.077123642
1607065295.177116156
1607065295.277089357
1607065295.377116919
1607065295.477122068
1607065295.577120781
1607065295.677023411
1607065295.777117729
1607065295.877022266
1607065295.977055788
1607065296.077118874
1607065296.177117109
1607065296.277026892
1607065296.377157927
1607065296.477163792
1607065296.577131033
1607065296.677136660
1607065296.777128935
1607065296.877125502
1607065296.977117300
1607065297.077127218
1607065297.177013874
1607065297.277119875
1607065297.377117634
1607065297.477128744
1607065297.577118635
1607065297.677023411
1607065297.777130842
1607065297.877129793
1607065297.977055788
1607065298.077122211
1607065298.177117586
1607065298.277122021
1607065298.377118826
1607065298.477121592
1607065298.577115774
1607065298.677107334
1607065298.777119637
1607065298.877121925
1607065298.977019072
1607065299.077167511
1607065299.177164316
1607065299.277162313
1607065299.377016068
1607065299.477128506
1607065299.577117443
1607065299.677051544
1607065299.777017593
1607065299.877025366
1607065299.977068901
1607065300.077124834
1607065300.177120447
1607065300.277022123
1607065300.377117872
1607065300.477123022
1607065300.577116489
1607065300.677000284
1607065300.777117729
1607065300.877123117
1607065300.977115870
1607065301.077123165
1607065301.177117825
1607065301.277120113
1607065301.377114773
1607065301.477110624
1607065301.577123404
1607065301.677164793
1607065301.777163029
1607065301.877165318
1607065301.977088690
1607065302.077136040
1607065302.177120447
1607065302.277121305
1607065302.377118111
1607065302.477024078
1607065302.577130795
1607065302.677124739
1607065302.777117491
1607065302.877021074
1607065302.977118492
1607065303.077126026
1607065303.177118063
1607065303.277021646
1607065303.377120018
1607065303.477125406
1607065303.577116728
1607065303.677122593
1607065303.777015209
1607065303.877012491
1607065303.977049589
1607065304.077124357
1607065304.177124977
1607065304.277126312
1607065304.377160788
1607065304.477166891
1607065304.577165842
1607065304.677166224
1607065304.777059317
1607065304.877132416
1607065304.977112532
1607065305.077123642
1607065305.176989555
1607065305.277037621
1607065305.377118111
1607065305.477128029
1607065305.577092886
1607065305.677128315
1607065305.777118921
1607065305.877124071
1607065305.977056265
1607065306.077022076
1607065306.177119255
1607065306.277126312
1607065306.377117395
1607065306.477128029
1607065306.577119589
1607065306.677130222
1607065306.777100325
1607065306.877123833
1607065306.976978540
1607065307.077035904
1607065307.177161932
1607065307.277052402
1607065307.377005339
1607065307.477152824
1607065307.577119589
1607065307.677130699
1607065307.777116776
1607065307.877127171
1607065307.976952076
1607065308.077122450
1607065308.177119017
1607065308.277129173
1607065308.377118826
1607065308.477125406
1607065308.577118635
1607065308.677125216
1607065308.777116776
1607065308.877126932
1607065308.977121353
1607065309.077020168
1607065309.177116394
1607065309.277038574
1607065309.377118111
1607065309.477110147
1607065309.577089548
1607065309.677036047
1607065309.777161121
1607065309.877026081
1607065309.977081299
1607065310.077161312
1607065310.177042484
1607065310.277124405
1607065310.377115250
1607065310.477028370
1607065310.577118635
1607065310.677124739
1607065310.777124643
1607065310.877029419
1607065310.977116108
1607065311.077119589
1607065311.177119493
1607065311.276998997
1607065311.377119303
1607065311.477098465
1607065311.577118158
1607065311.677125931
1607065311.777116060
1607065311.877125502
1607065311.977103233
1607065312.077094316
1607065312.177119255
1607065312.277122974
1607065312.377167702
1607065312.477168798
1607065312.577160597
1607065312.677164316
1607065312.777130127
1607065312.877130270
1607065312.977122784
1607065313.077105284
1607065313.177120924
1607065313.277124405
1607065313.377017021
1607065313.477122068
1607065313.577120066
1607065313.677124500
1607065313.777116776
1607065313.877095222
1607065313.977120399
1607065314.076985121
1607065314.177119493
1607065314.277028322
1607065314.377118349
1607065314.477095842
1607065314.577121258
1607065314.677126646
1607065314.777091980
1607065314.877123594
1607065314.977120399
1607065315.077134609
1607065315.177160263
1607065315.277168274
1607065315.377162695
1607065315.477134943
1607065315.577040911
1607065315.677119017
1607065315.777122498
1607065315.877122641
1607065315.977093220
1607065316.076988935
1607065316.177119255
1607065316.277120590
1607065316.377118111
1607065316.477126122
1607065316.577117920
1607065316.677126884
1607065316.777120352
1607065316.877127409
1607065316.976991892
1607065317.077122927
1607065317.177118063
1607065317.277126551
1607065317.376990557
1607065317.477137327
1607065317.577013493
1607065317.677160025
1607065317.777151823
1607065317.877022028
1607065317.977157354
1607065318.077160597
1607065318.177134752
1607065318.277048826
1607065318.377121449
1607065318.477112532
1607065318.577117682
1607065318.677120209
1607065318.777120352
1607065318.877125740
1607065318.977117300
1607065319.077023029
1607065319.177116871
1607065319.277124643
1607065319.377121687
1607065319.477023363
1607065319.577113152
1607065319.677121639
1607065319.777118683
1607065319.877022982
1607065319.977171659
1607065320.077118635
1607065320.177083969
1607065320.277113438
1607065320.377115488
1607065320.477137804
1607065320.577159643
1607065320.677049875
1607065320.777118206
1607065320.877048492
1607065320.977017641
1607065321.077102423
1607065321.177119255
1607065321.277027369
1607065321.376991034
1607065321.477019072
1607065321.577014923
1607065321.677024364
1607065321.777117252
1607065321.877121449
1607065321.977018595
1607065322.077124119
1607065322.177116156
1607065322.277022123
1607065322.377116203
1607065322.477124453
1607065322.577114105
1607065322.677021980
1607065322.777117014
1607065322.877128601
1607065322.977119446
1607065323.077164888
1607065323.177019596
1607065323.277162313
1607065323.377157211
1607065323.477158546
1607065323.577000380
1607065323.677059174
1607065323.777048588
1607065323.877123833
1607065323.977130175
1607065324.077023506
1607065324.177120209
1607065324.277125835
1607065324.377082348
1607065324.477021933
1607065324.577116489
1607065324.677123547
1607065324.777113676
1607065324.877121687
1607065324.977113485
1607065325.077125788
1607065325.177114010
1607065325.277122974
1607065325.377116203
1607065325.477123260
1607065325.577082634
1607065325.677118778
1607065325.777111769
1607065325.877040386
1607065325.976956606
1607065326.077100992
1607065326.177118063
1607065326.277040958
1607065326.377117157
1607065326.477123976
1607065326.577119827
1607065326.677122593
1607065326.777151108
1607065326.877166271
1607065326.977154016
1607065327.077156782
1607065327.177001476
1607065327.277064323
1607065327.377120018
1607065327.477123022
1607065327.577116489
1607065327.677124023
1607065327.777117252
1607065327.877123117
1607065327.977083921
1607065328.077040195
1607065328.177116871
1607065328.277029991
1607065328.377120495
1607065328.477122545
1607065328.577098370
1607065328.677022457
1607065328.777123928
1607065328.877122641
1607065328.977122068
1607065329.077025652
1607065329.177114010
1607065329.277024746
1607065329.377116680
1607065329.477018833
1607065329.577115059
1607065329.677020311
1607065329.777111530
1607065329.877111197
1607065329.977106571
1607065330.077022791
1607065330.177096367
1607065330.277096748
1607065330.377086878
1607065330.477025509
1607065330.577024698
1607065330.677169561
1607065330.777162075
1607065330.877024412
1607065330.977157116
1607065331.077049017
1607065331.177124500
1607065331.277050495
1607065331.377122879
1607065331.477030039
1607065331.577115774
1607065331.677119732
1607065331.777118444
1607065331.877123356
1607065331.977092505
1607065332.077093601
1607065332.177119255
1607065332.277026415
1607065332.377121210
1607065332.477128983
1607065332.577122211
1607065332.677025318
1607065332.777112007
1607065332.877129793
1607065332.977069616
1607065333.077023029
1607065333.177114964
1607065333.277024984
1607065333.377158165
1607065333.477025747
1607065333.577159643
1607065333.677049398
1607065333.777150631
1607065333.877053261
1607065333.977118731
1607065334.077030659
1607065334.177119970
1607065334.277125597
1607065334.377124786
1607065334.477025509
1607065334.577118635
1607065334.677123070
1607065334.777014494
1607065334.877023697
1607065334.977122784
1607065335.077125549
1607065335.177122593
1607065335.277026892
1607065335.377124548
1607065335.477023840
1607065335.577128410
1607065335.677030802
1607065335.777114153
1607065335.877126455
1607065335.977104425
1607065336.077169418
1607065336.177031517
1607065336.277024269
1607065336.377157927
1607065336.477136850
1607065336.577122450
1607065336.677050352
1607065336.777107000
1607065336.877129555
1607065336.977118015
1607065337.077024698
1607065337.177118063
1607065337.277025938
1607065337.377112627
1607065337.477023602
1607065337.577119350
1607065337.677024364
1607065337.777117491
1607065337.877027750
1607065337.977035999
1607065338.077027559
1607065338.177119017
1607065338.277123213
1607065338.377120495
1607065338.477024794
1607065338.577090263
1607065338.677136421
1607065338.777152061
1607065338.877025366
1607065338.977164030
1607065339.077164650
1607065339.177125216
1607065339.277050018
1607065339.377119064
1607065339.477123022
1607065339.577118397
1607065339.677153587
1607065339.777113438
1607065339.877131224
1607065339.977102041
1607065340.077126503
1607065340.177119493
1607065340.277123451
1607065340.377112389
1607065340.477036476
1607065340.577118397
1607065340.677125692
1607065340.777011633
1607065340.877124786
1607065340.977112532
1607065341.077024460
1607065341.177122116
1607065341.277122021
1607065341.377159595
1607065341.477171183
1607065341.577156305
1607065341.677164555
1607065341.777048111
1607065341.877128839
1607065341.977112532
1607065342.077033997
1607065342.177092552
1607065342.277034283
1607065342.377153397
1607065342.477037191
1607065342.577117682
1607065342.677121878
1607065342.777121544
1607065342.877124786
1607065342.977015972
1607065343.077123404
1607065343.177119493
1607065343.277023077
1607065343.377119541
1607065343.477123976
1607065343.577120543
1607065343.677126169
1607065343.777115822
1607065343.877125025
1607065343.977097511
1607065344.077161074
1607065344.177158833
1607065344.277164936
1607065344.377157927
1607065344.477070808
1607065344.577125311
1607065344.677126646
1607065344.777024269
1607065344.877125025
1607065344.977121830
1607065345.077092648
1607065345.177013397
1607065345.277127028
1607065345.377123594
1607065345.477123976
1607065345.577120304
1607065345.677025795
1607065345.777123690
1607065345.877123356
1607065345.977123260
1607065346.077034473
1607065346.177094221
1607065346.277126312
1607065346.377122402
1607065346.477125168
1607065346.577122211
1607065346.677127838
1607065346.777085066
1607065346.877167463
1607065346.976998568
1607065347.077161789
1607065347.177136898
1607065347.277125835
1607065347.377113104
1607065347.477126598
1607065347.577115297
1607065347.677123547
1607065347.777120113
1607065347.877133846
1607065347.977067709
1607065348.077125072
1607065348.177116156
1607065348.277023077
1607065348.377118587
1607065348.476984262
1607065348.577116728
1607065348.677022934
1607065348.777115345
1607065348.877123356
1607065348.977120876
1607065349.077023029
1607065349.177116632
1607065349.277122974
1607065349.377133131
1607065349.477023602
1607065349.577157974
1607065349.677021503
1607065349.777153969
1607065349.877052307
1607065349.977120876
1607065350.077049732
1607065350.177117825
1607065350.277153254
1607065350.377118111
1607065350.477021933
1607065350.577114105
1607065350.677023172
1607065350.777119875
1607065350.877020121
1607065350.977002859
1607065351.077127457
1607065351.177012682
1607065351.277025461
1607065351.377115726
1607065351.477123022
1607065351.577119350
1607065351.677022934
1607065351.777118206
1607065351.877024651
1607065351.977077484
1607065352.077022791
1607065352.177155018
1607065352.277020931
1607065352.377157211
1607065352.477047920
1607065352.577128410
1607065352.677122593
1607065352.777119398
1607065352.877042770
1607065352.977120638
1607065353.077026844
1607065353.177097797
1607065353.276998520
1607065353.377012253
1607065353.477025986
1607065353.577117443
1607065353.677035809
1607065353.777121544
1607065353.877121687
1607065353.977118015
1607065354.076999664
1607065354.177119732
1607065354.277129173
1607065354.377119064
1607065354.477122545
1607065354.577118874
1607065354.677131891
1607065354.777157784
1607065354.877022028
1607065354.976994276
1607065355.077163219
1607065355.177040815
1607065355.277049303
1607065355.377018213
1607065355.477124453
1607065355.577014446
1607065355.677098036
1607065355.777118444
1607065355.877023458
1607065355.977165222
1607065356.077022314
1607065356.177115679
1607065356.277025223
1607065356.377118826
1607065356.477021933
1607065356.577114344
1607065356.677022696
1607065356.777113199
1607065356.877022028
1607065356.977015734
1607065357.077020645
1607065357.177010059
1607065357.277122021
1607065357.377114296
1607065357.477023363
1607065357.577156544
1607065357.677160740
1607065357.777151108
1607065357.877048969
1607065357.977038860
1607065358.077048540
1607065358.177111626
1607065358.277122498
1607065358.377011776
1607065358.477003336
1607065358.577025414
1607065358.677003145
1607065358.776980639
1607065358.877022743
1607065358.977000952
1607065359.077123404
1607065359.177021027
1607065359.277021408
1607065359.376992464
1607065359.477124214
1607065359.577115774
1607065359.677122355
1607065359.777013540
1607065359.877120733
1607065359.977016211
1607065360.077021360
1607065360.177023411
1607065360.277160883
1607065360.377023458
1607065360.477047443
1607065360.577131510
1607065360.677127600
1607065360.777117014
1607065360.877027988
1607065360.977114439
1607065361.077023029
1607065361.177097082
1607065361.277124405
1607065361.377116680
1607065361.477022648
1607065361.577118635
1607065361.677129507
1607065361.777116299
1607065361.877024651
1607065361.977107048
1607065362.077127695
1607065362.177110434
1607065362.277119160
1607065362.377125978
1607065362.477124214
1607065362.577119589
1607065362.677021980
1607065362.777116776
1607065362.877021313
1607065362.977002859
1607065363.077027082
1607065363.177162170
1607065363.277052164
1607065363.377119303
1607065363.477127552
1607065363.577118874
1607065363.677122116
1607065363.777115107
1607065363.877121687
1607065363.977119923
1607065364.077024698
1607065364.177115679
1607065364.277124405
1607065364.377116919
1607065364.477024555
1607065364.577116251
1607065364.677099705
1607065364.777117014
1607065364.877122164
1607065364.977116108
1607065365.077023506
1607065365.177116394
1607065365.277120829
1607065365.377125025
1607065365.477023840
1607065365.577151537
1607065365.677160501
1607065365.777158499
1607065365.877048969
1607065365.977126598
1607065366.077064514
1607065366.177119255
1607065366.277026892
1607065366.377119303
1607065366.476994753
1607065366.577116489
1607065366.677122831
1607065366.777117491
1607065366.877124548
1607065366.977117777
1607065367.077124834
1607065367.177117348
1607065367.277022123
1607065367.377115726
1607065367.477126122
1607065367.577119589
1607065367.677020073
1607065367.777115822
1607065367.877127171
1607065367.977117538
1607065368.077121735
1607065368.177135468
1607065368.276995420
1607065368.377158642
1607065368.477162600
1607065368.577156067
1607065368.677130699
1607065368.777119637
1607065368.877121925
1607065368.977119446
1607065369.077124834
1607065369.177027941
1607065369.277122021
1607065369.376962423
1607065369.477021456
1607065369.576987505
1607065369.677110195
1607065369.777121544
1607065369.877125978
1607065369.977087259
1607065370.077123404
1607065370.177119017
1607065370.277124166
1607065370.377117157
1607065370.477122068
1607065370.577081442
1607065370.677125216
1607065370.777113914
