1607064640.762819290
1607064640.863009214
1607064640.963310003
1607064641.063616276
1607064641.163936377
1607064641.264214039
1607064641.364421606
1607064641.464752436
1607064641.565058708
1607064641.665339708
1607064641.765547991
1607064641.865853071
1607064641.966159582
1607064642.066478014
1607064642.166770697
1607064642.267069578
1607064642.367340565
1607064642.467671394
1607064642.567979574
1607064642.668282032
1607064642.768585682
1607064642.868793488
1607064642.969090700
1607064643.069403648
1607064643.169677973
1607064643.269954920
1607064643.370166540
1607064643.470344067
1607064643.570679188
1607064643.670997858
1607064643.771303177
1607064643.871608973
1607064643.971912146
1607064644.072214603
1607064644.172545910
1607064644.272851467
1607064644.372998476
1607064644.473351479
1607064644.573654890
1607064644.673959970
1607064644.774265051
1607064644.874572515
1607064644.974879026
1607064645.075159311
1607064645.175515413
1607064645.275821686
1607064645.376128197
1607064645.476440668
1607064645.576752186
1607064645.677084446
1607064645.777400732
1607064645.877704382
1607064645.978015661
1607064646.078323603
1607064646.178613663
1607064646.278934956
1607064646.379240036
1607064646.479544878
1607064646.579858780
1607064646.680138826
1607064646.780445099
1607064646.880725861
1607064646.981029749
1607064647.081333160
1607064647.181503534
1607064647.281774759
1607064647.382107019
1607064647.482416630
1607064647.582721710
1607064647.683020830
1607064647.783329248
1607064647.883636713
1607064647.983938694
1607064648.084146738
1607064648.184459448
1607064648.284790516
1607064648.385116100
1607064648.485432863
1607064648.585727692
1607064648.686031580
1607064648.786336660
1607064648.886555195
1607064648.986699820
1607064649.087013721
1607064649.187314987
1607064649.287618637
1607064649.387921572
1607064649.488193989
1607064649.588500500
1607064649.688806534
1607064649.789136410
1607064649.889367819
1607064649.989507675
1607064650.089710951
1607064650.189923763
1607064650.290077448
1607064650.390381098
1607064650.490705729
1607064650.590993166
1607064650.691292286
1607064650.791503668
1607064650.891811132
1607064650.992120266
1607064651.092424393
1607064651.192630053
1607064651.292797089
1607064651.393105268
1607064651.493417263
1607064651.593723774
1607064651.693935633
1607064651.794237614
1607064651.894546509
1607064651.994836330
1607064652.095041513
1607064652.195311069
1607064652.295612574
1607064652.395913839
1607064652.496240616
1607064652.596543789
1607064652.696824789
1607064652.797127962
1607064652.897441149
1607064652.997720242
1607064653.098024845
1607064653.198355913
1607064653.298657417
1607064653.398926735
1607064653.499227047
1607064653.599531174
1607064653.699836493
1607064653.800108194
1607064653.900412083
1607064654.000715971
1607064654.101024389
1607064654.201271057
1607064654.301539183
1607064654.401813269
1607064654.502123594
1607064654.602457047
1607064654.702762127
1607064654.803066969
1607064654.903375387
1607064655.003679514
1607064655.103986263
1607064655.204290152
1607064655.304611921
1607064655.404915571
1607064655.505225420
1607064655.605424404
1607064655.705731630
1607064655.806039810
1607064655.906345367
1607064656.006649971
1607064656.106825113
1607064656.207128286
1607064656.307439089
1607064656.407772779
1607064656.508063555
1607064656.608374119
1607064656.708677292
1607064656.808982372
1607064656.909290314
1607064657.009537697
1607064657.109845400
1607064657.210172415
1607064657.310342073
1607064657.410568476
1607064657.510809660
1607064657.611045837
1607064657.711285830
1607064657.811524868
1607064657.911764860
1607064658.012006283
1607064658.112246513
1607064658.212496996
1607064658.312735319
1607064658.412975311
1607064658.513244152
1607064658.613462687
1607064658.713665962
1607064658.813879013
1607064658.914086819
1607064659.014306307
1607064659.114516973
1607064659.214729309
1607064659.314935207
1607064659.415142298
1607064659.515342474
1607064659.615556002
1607064659.715761423
1607064659.815967560
1607064659.916200399
1607064660.016470194
1607064660.116680622
1607064660.216886520
1607064660.317117453
1607064660.417341471
1607064660.517618179
1607064660.617823362
1607064660.718034029
1607064660.818239927
1607064660.918447971
1607064661.018749714
1607064661.118953943
1607064661.219161749
1607064661.319369078
1607064661.419649601
1607064661.519929647
1607064661.620137930
1607064661.720344067
1607064661.820551872
1607064661.920755863
1607064662.021076918
1607064662.121271610
1607064662.221543789
1607064662.321851730
1607064662.422137022
1607064662.522339582
1607064662.622571230
1607064662.722861528
1607064662.823068857
1607064662.923359156
1607064663.023563623
1607064663.123770475
1607064663.224059105
1607064663.324267626
1607064663.424473286
1607064663.524679184
1607064663.624999046
1607064663.725204706
1607064663.825423717
1607064663.925697327
1607064664.025903940
1607064664.126187801
1607064664.226393461
1607064664.326682329
1607064664.426886797
1607064664.527176142
1607064664.627379656
1607064664.727585793
1607064664.827885866
1607064664.928178549
1607064665.028324127
1607064665.128630638
1607064665.228838205
1607064665.329069853
1607064665.429331541
1607064665.529502869
1607064665.629710436
1607064665.729919434
1607064665.830138922
1607064665.930432796
1607064666.030726910
1607064666.131022930
1607064666.231228590
1607064666.331525803
1607064666.431806803
1607064666.532011986
1607064666.632220030
1607064666.732517958
1607064666.832818031
1607064666.933119535
1607064667.033348799
1607064667.133651257
1607064667.233820915
1607064667.334098816
1607064667.434384108
1607064667.534676552
1607064667.634979963
1607064667.735289812
1607064667.835598946
1607064667.935904264
1607064668.036207676
1607064668.136508465
1607064668.236713886
1607064668.336920023
1607064668.437227726
1607064668.537419558
1607064668.637696505
1607064668.737972021
1607064668.838176727
1607064668.938345432
1607064669.038632870
1607064669.138962984
1607064669.239266634
1607064669.339568615
1607064669.439873934
1607064669.540175200
1607064669.640384436
1607064669.740589142
1607064669.840881109
1607064669.941188097
1607064670.041324139
1607064670.141464233
1607064670.241669655
1607064670.341876030
1607064670.442085743
1607064670.542296171
1607064670.642506361
1607064670.742742062
1607064670.842952013
1607064670.943165064
1607064671.043374538
1607064671.143675089
1607064671.243973255
1607064671.344244242
1607064671.444543839
1607064671.544748068
1607064671.644979239
1607064671.745193958
1607064671.845330954
1607064671.945556402
1607064672.045692921
1607064672.145832300
1607064672.246047974
1607064672.346260548
1607064672.446575403
1607064672.546868801
1607064672.647167206
1607064672.747469664
1607064672.847774029
1607064672.948066711
1607064673.048370361
1607064673.148703098
1607064673.249005795
1607064673.349294662
1607064673.449435234
1607064673.549669743
1607064673.649883747
1607064673.750096321
1607064673.850311995
1607064673.950600147
1607064674.050894022
1607064674.151102304
1607064674.251403570
1607064674.351705551
1607064674.452011585
1607064674.552313328
1607064674.652639866
1607064674.752946377
1607064674.853266716
1607064674.953468800
1607064675.053739309
1607064675.153951883
1607064675.254257679
1607064675.354563951
1607064675.454856396
1607064675.555129766
1607064675.655436993
1607064675.755742788
1607064675.856073380
1607064675.956381798
1607064676.056685925
1607064676.156992674
1607064676.257300138
1607064676.357607841
1607064676.457820654
1607064676.558098316
1607064676.658391714
1607064676.758723497
1607064676.859033585
1607064676.959334373
1607064677.059648037
1607064677.159952879
1607064677.260255337
1607064677.360560656
1607064677.460775614
1607064677.561082840
1607064677.661389589
1607064677.761672258
1607064677.861977339
1607064677.962175131
1607064678.062381506
1607064678.162689686
1607064678.263002872
1607064678.363057137
1607064678.463067055
1607064678.563066483
1607064678.663063765
1607064678.763065338
1607064678.863036871
1607064678.963067293
1607064679.063062191
1607064679.163058281
1607064679.262934208
1607064679.363056183
1607064679.463063240
1607064679.563049078
1607064679.663057804
1607064679.763056040
1607064679.863055706
1607064679.963059425
1607064680.063082933
1607064680.163069725
1607064680.263057947
1607064680.363055944
1607064680.463057280
1607064680.563055754
1607064680.663058758
1607064680.763067722
1607064680.863058090
1607064680.963060856
1607064681.063056231
1607064681.163055658
1607064681.263046741
1607064681.362970114
1607064681.462969065
1607064681.562965870
1607064681.662966251
1607064681.762896776
1607064681.863049984
1607064681.962968826
1607064682.063057184
1607064682.163060427
1607064682.263057947
1607064682.362930298
1607064682.463065386
1607064682.563062429
1607064682.663044214
1607064682.762960672
1607064682.863071680
1607064682.963063478
1607064683.063060999
1607064683.163063526
1607064683.262930632
1607064683.363061666
1607064683.463042021
1607064683.563054085
1607064683.663030148
1607064683.763070345
1607064683.862938643
1607064683.963047743
1607064684.062920809
1607064684.163055420
1607064684.263063431
1607064684.363056898
1607064684.463065147
1607064684.563062668
1607064684.663056612
1607064684.763071537
1607064684.862906218
1607064684.963062286
1607064685.063065529
1607064685.163065195
1607064685.263066292
1607064685.363028049
1607064685.463092089
1607064685.563071728
1607064685.663064480
1607064685.763063431
1607064685.863060713
1607064685.963067055
1607064686.063063860
1607064686.163064957
1607064686.263031244
1607064686.363058567
1607064686.463061810
1607064686.562961817
1607064686.663040638
1607064686.763052225
1607064686.863063574
1607064686.963063955
1607064687.063055038
1607064687.163032055
1607064687.263052940
1607064687.363059998
1607064687.463067770
1607064687.563035011
1607064687.663054466
1607064687.763066530
1607064687.862930059
1607064687.963048935
1607064688.063095331
1607064688.163092613
1607064688.263069391
1607064688.363063812
1607064688.463064432
1607064688.563051462
1607064688.663061857
1607064688.763064146
1607064688.863065004
1607064688.963054895
1607064689.063062191
1607064689.163067818
1607064689.263065815
1607064689.363060713
1607064689.463063478
1607064689.563062906
1607064689.663047791
1607064689.762929201
1607064689.863054991
1607064689.963064432
1607064690.063058138
1607064690.163053751
1607064690.263054371
1607064690.363056898
1607064690.463052988
1607064690.563054085
1607064690.663061142
1607064690.763062954
1607064690.862969637
1607064690.962971687
1607064691.062996149
1607064691.162978172
1607064691.262965679
1607064691.362967014
1607064691.462894678
1607064691.562930584
1607064691.663062096
1607064691.763062000
1607064691.863065243
1607064691.963045359
1607064692.063058376
1607064692.163066149
1607064692.263064623
1607064692.363062382
1607064692.463059902
1607064692.563065290
1607064692.663066149
1607064692.763062000
1607064692.863056421
1607064692.963062525
1607064693.063053370
1607064693.163064480
1607064693.263054132
1607064693.363060713
1607064693.463088751
1607064693.563081980
1607064693.663067341
1607064693.763030052
1607064693.863055944
1607064693.963063240
1607064694.063066959
1607064694.163069010
1607064694.263063669
1607064694.363064289
1607064694.463060617
1607064694.563066959
1607064694.663055897
1607064694.763062954
1607064694.863063812
1607064694.963062525
1607064695.063031435
1607064695.163058519
1607064695.263067007
1607064695.363052368
1607064695.463064671
1607064695.563066721
1607064695.663033009
1607064695.763063192
1607064695.863061428
1607064695.963061810
1607064696.063054323
1607064696.163088799
1607064696.263056040
1607064696.363064766
1607064696.463064194
1607064696.563062906
1607064696.663064718
1607064696.763065100
1607064696.863054037
1607064696.963066578
1607064697.063065052
1607064697.163065910
1607064697.263063192
1607064697.363062382
1607064697.463038206
1607064697.563062906
1607064697.663062334
1607064697.763063908
1607064697.863066673
1607064697.963063955
1607064698.063045263
1607064698.163064480
1607064698.263055801
1607064698.363063097
1607064698.463067770
1607064698.563046932
1607064698.663063049
1607064698.763062954
1607064698.863088131
1607064698.963076353
1607064699.062926292
1607064699.163026094
1607064699.263063908
1607064699.363063812
1607064699.463063955
1607064699.563066483
1607064699.663066626
1607064699.763063908
1607064699.863056421
1607064699.962943792
1607064700.063069344
1607064700.163062334
1607064700.263065577
1607064700.363048315
1607064700.463031530
1607064700.563053846
1607064700.663063765
1607064700.763064384
1607064700.863035679
1607064700.963057280
1607064701.063063383
1607064701.163067818
1607064701.263065338
1607064701.363061428
1607064701.463047028
1607064701.563078880
1607064701.663068771
1607064701.763062954
1607064701.863063812
1607064701.963067293
1607064702.063040972
1607064702.163066149
1607064702.263065100
1607064702.363055229
1607064702.463062525
1607064702.563065052
1607064702.663050652
1607064702.763062716
1607064702.863063812
1607064702.963058949
1607064703.063066721
1607064703.163064241
1607064703.263062000
1607064703.363066196
1607064703.463068485
1607064703.563062906
1607064703.663062572
1607064703.762901545
1607064703.863061190
1607064703.963063002
1607064704.063062191
1607064704.163091183
1607064704.263090372
1607064704.363065481
1607064704.463033915
1607064704.563068390
1607064704.663061619
1607064704.763063669
1607064704.863034487
1607064704.963066101
1607064705.063044310
1607064705.163064003
1607064705.263063192
1607064705.363064051
1607064705.462914467
1607064705.562963247
1607064705.663064957
1607064705.763056278
1607064705.862930298
1607064705.963065147
1607064706.063058615
1607064706.163063288
1607064706.263064384
1607064706.363064051
1607064706.463053465
1607064706.563040733
1607064706.663062572
1607064706.763064861
1607064706.863078833
1607064706.963086605
1607064707.063069582
1607064707.163054943
1607064707.263064623
1607064707.363065481
1607064707.463064671
1607064707.563059568
1607064707.663038969
1607064707.763065815
1607064707.863062620
1607064707.963062048
1607064708.063040257
1607064708.163062572
1607064708.263032675
1607064708.363063097
1607064708.463063717
1607064708.563054800
1607064708.663058519
1607064708.763054132
1607064708.862915277
1607064708.963058233
1607064709.063055992
1607064709.163058758
1607064709.263055801
1607064709.363055944
1607064709.463036537
1607064709.562966585
1607064709.663069010
1607064709.763060331
1607064709.862988949
1607064709.963057756
1607064710.062964916
1607064710.162971497
1607064710.262971401
1607064710.362964153
1607064710.462969542
1607064710.563057661
1607064710.662966251
1607064710.762964725
1607064710.862957239
1607064710.962896347
1607064711.063000917
1607064711.163064957
1607064711.263012171
1607064711.363061666
1607064711.463062525
1607064711.563065290
1607064711.663068295
1607064711.763062716
1607064711.862981319
1607064711.963064194
1607064712.063065052
1607064712.163074017
1607064712.263063908
1607064712.363068104
1607064712.463044643
1607064712.563064814
1607064712.662953138
1607064712.763064623
1607064712.863062620
1607064712.963068247
1607064713.063055038
1607064713.163087845
1607064713.263088465
1607064713.363075495
1607064713.463070869
1607064713.563048124
1607064713.663053751
1607064713.763062477
1607064713.863056898
1607064713.963063002
1607064714.063055277
1607064714.163033485
1607064714.263063669
1607064714.362964392
1607064714.462931156
1607064714.563063860
1607064714.663062811
1607064714.763026953
1607064714.863063097
1607064714.963067293
1607064715.063062906
1607064715.163054466
1607064715.263068438
1607064715.363040209
1607064715.463062525
1607064715.563067913
1607064715.663062334
1607064715.763067484
1607064715.863062859
1607064715.963063240
1607064716.063069344
1607064716.163055658
1607064716.263064861
1607064716.363065004
1607064716.463068008
1607064716.563055277
1607064716.663062572
1607064716.763065577
1607064716.863069773
1607064716.963058472
1607064717.063029528
1607064717.163039923
1607064717.263078213
1607064717.363063574
1607064717.463063955
1607064717.562966824
1607064717.663062096
1607064717.763046265
1607064717.863064051
1607064717.963070154
1607064718.063063145
1607064718.163054943
1607064718.263062000
1607064718.363055468
1607064718.462967873
1607064718.563062906
1607064718.663065195
1607064718.763062716
1607064718.863029957
1607064718.963063955
1607064719.063067675
1607064719.163062811
1607064719.263056517
1607064719.363066435
1607064719.463065863
1607064719.563055038
1607064719.663064003
1607064719.762931347
1607064719.863090515
1607064719.963075161
1607064720.062919617
1607064720.163058758
1607064720.263062477
1607064720.363064289
1607064720.463065386
1607064720.563066006
1607064720.663030624
1607064720.763066769
1607064720.863066196
1607064720.963061571
1607064721.063062191
1607064721.163067579
1607064721.263043404
1607064721.363063097
1607064721.463064432
1607064721.563066959
1607064721.663069248
1607064721.763064384
1607064721.863049030
1607064721.963068724
1607064722.063062668
1607064722.163064003
1607064722.263065577
1607064722.363055468
1607064722.463036299
1607064722.563089371
1607064722.663074255
1607064722.763067007
1607064722.863062143
1607064722.963064909
1607064723.062944412
1607064723.162965298
1607064723.263057470
1607064723.363068819
1607064723.463068008
1607064723.563064098
1607064723.663064480
1607064723.763034344
1607064723.863065481
1607064723.963064432
1607064724.063064098
1607064724.163057804
1607064724.263068438
1607064724.363031626
1607064724.463066101
1607064724.563047647
1607064724.663065910
1607064724.763040543
1607064724.863070011
1607064724.962929964
1607064725.063040018
1607064725.163091898
1607064725.263093472
1607064725.363073826
1607064725.463058949
1607064725.563056707
1607064725.663033009
1607064725.763069391
1607064725.863066196
1607064725.963068962
1607064726.063053608
1607064726.163037300
1607064726.263062954
1607064726.363058805
1607064726.463056564
1607064726.563055515
1607064726.663060427
1607064726.763041019
1607064726.863059044
1607064726.963055134
1607064727.063055277
1607064727.163032293
1607064727.263055086
1607064727.363055229
1607064727.463056087
1607064727.563060522
1607064727.662967205
1607064727.763057947
1607064727.863086939
1607064727.963080883
1607064728.063056231
1607064728.163001299
1607064728.263056278
1607064728.362970114
1607064728.463056564
1607064728.563055515
1607064728.663034916
1607064728.763055801
1607064728.863060236
1607064728.963056326
1607064729.063042402
1607064729.163030863
1607064729.262968302
1607064729.362966061
1607064729.463056564
1607064729.562969685
1607064729.662966251
1607064729.762969971
1607064729.862895250
1607064729.963036299
1607064730.063034058
1607064730.163027763
1607064730.263025045
1607064730.362937927
1607064730.463063002
1607064730.563081741
1607064730.663080215
1607064730.763071060
1607064730.862995386
1607064730.963064194
1607064731.063055754
1607064731.163053036
1607064731.263065338
1607064731.363065720
1607064731.463063002
1607064731.563063860
1607064731.663058996
1607064731.763051271
1607064731.863063812
1607064731.963067532
1607064732.062963247
1607064732.162926674
1607064732.263054132
1607064732.363065720
1607064732.463059187
1607064732.563066483
1607064732.663070202
1607064732.763058662
1607064732.863052845
1607064732.963063002
1607064733.062936783
1607064733.163064003
1607064733.263088465
1607064733.363072634
1607064733.462927580
1607064733.563052416
1607064733.663062811
1607064733.763065577
1607064733.863067865
1607064733.963054657
1607064734.063054562
1607064734.163065672
1607064734.263063431
1607064734.363062620
1607064734.463063478
1607064734.563053846
1607064734.663053751
1607064734.763065338
1607064734.863063335
1607064734.963065386
1607064735.062891245
1607064735.163045406
1607064735.262946606
1607064735.363065958
1607064735.463061810
1607064735.563056707
1607064735.662930489
1607064735.763055801
1607064735.863054514
1607064735.962979555
1607064736.063074112
1607064736.162930012
1607064736.263060570
1607064736.363054991
1607064736.463056326
1607064736.562899590
1607064736.663067818
1607064736.763064384
1607064736.863050938
1607064736.963054180
1607064737.063062906
1607064737.163062811
1607064737.263065577
1607064737.363032818
1607064737.463053465
1607064737.562967539
1607064737.663067102
1607064737.763053894
1607064737.863055468
1607064737.962971687
1607064738.062961578
1607064738.163055182
1607064738.263062239
1607064738.363065720
1607064738.462965727
1607064738.563054323
1607064738.663078547
1607064738.763073683
1607064738.863064051
1607064738.963063955
1607064739.063052893
1607064739.163071394
1607064739.263068914
1607064739.363064766
1607064739.463063955
1607064739.563065052
1607064739.663043499
1607064739.763065100
1607064739.863064766
1607064739.963065624
1607064740.063066721
1607064740.163067579
1607064740.263070107
1607064740.363067389
1607064740.463065147
1607064740.563064575
1607064740.663067818
1607064740.763071060
