1607065165.774485111
1607065165.874924421
1607065165.975383520
1607065166.075885773
1607065166.176324129
1607065166.276693344
1607065166.377074242
1607065166.477396727
1607065166.577705860
1607065166.678147793
1607065166.778504610
1607065166.878980875
1607065166.979427099
1607065167.079821825
1607065167.180306435
1607065167.280599117
1607065167.380984306
1607065167.481393337
1607065167.581767321
1607065167.682160378
1607065167.782461643
1607065167.882774830
1607065167.983152151
1607065168.083598375
1607065168.183976889
1607065168.284377337
1607065168.384811640
1607065168.485227108
1607065168.585602999
1607065168.685893059
1607065168.786289454
1607065168.886704206
1607065168.987091780
1607065169.087464094
1607065169.187955618
1607065169.288446665
1607065169.388910770
1607065169.489328146
1607065169.589776039
1607065169.690187216
1607065169.790600777
1607065169.890955210
1607065169.991349220
1607065170.091786623
1607065170.192184687
1607065170.292580843
1607065170.393048048
1607065170.493396044
1607065170.593866110
1607065170.694321156
1607065170.794720173
1607065170.895053864
1607065170.995525122
1607065171.095917225
1607065171.196380615
1607065171.296796799
1607065171.397210598
1607065171.497705460
1607065171.598201036
1607065171.698596478
1607065171.798990965
1607065171.899297714
1607065171.999691010
1607065172.100146294
1607065172.200519800
1607065172.300981998
1607065172.401376009
1607065172.501708269
1607065172.602144003
1607065172.702544212
1607065172.802939892
1607065172.903367996
1607065173.003827572
1607065173.104325294
1607065173.204705238
1607065173.305181503
1607065173.405591249
1607065173.506055117
1607065173.606381655
1607065173.706781387
1607065173.807207584
1607065173.907677174
1607065174.008150578
1607065174.108620405
1607065174.209025383
1607065174.309375286
1607065174.409755468
1607065174.510151625
1607065174.610625982
1607065174.711120129
1607065174.811421394
1607065174.911893368
1607065175.012320995
1607065175.112717390
1607065175.213225126
1607065175.313634157
1607065175.413981915
1607065175.514274359
1607065175.614700079
1607065175.715162277
1607065175.815582514
1607065175.916070938
1607065176.016453505
1607065176.116860867
1607065176.217246294
1607065176.317534924
1607065176.417887211
1607065176.518270969
1607065176.618634224
1607065176.719005585
1607065176.819391489
1607065176.919779778
1607065177.020180941
1607065177.120569468
1607065177.220980644
1607065177.321376801
1607065177.421755314
1607065177.522139549
1607065177.622429371
1607065177.722750187
1607065177.823135376
1607065177.923511505
1607065178.023896217
1607065178.124277353
1607065178.224666595
1607065178.325062990
1607065178.425464392
1607065178.525767803
1607065178.626086712
1607065178.726473808
1607065178.826862097
1607065178.927151442
1607065179.027409554
1607065179.127795458
1607065179.228186131
1607065179.328569651
1607065179.428969860
1607065179.529353857
1607065179.629765511
1607065179.730148077
1607065179.830543518
1607065179.930914879
1607065180.031293869
1607065180.131700039
1607065180.232083082
1607065180.332492828
1607065180.432741404
1607065180.533128977
1607065180.633529425
1607065180.733912945
1607065180.834194660
1607065180.934605598
1607065181.034988165
1607065181.135364056
1607065181.235775232
1607065181.336155891
1607065181.436567307
1607065181.536948919
1607065181.637333632
1607065181.737550974
1607065181.837943077
1607065181.938230515
1607065182.038604021
1607065182.138926744
1607065182.239310503
1607065182.339694023
1607065182.440077066
1607065182.540463448
1607065182.640825987
1607065182.741219759
1607065182.841613293
1607065182.941900730
1607065183.042285919
1607065183.142670393
1607065183.243049860
1607065183.343454361
1607065183.443840027
1607065183.544123650
1607065183.644536734
1607065183.744893312
1607065183.845293522
1607065183.945511818
1607065184.045902729
1607065184.146290779
1607065184.246699572
1607065184.347087383
1607065184.447377443
1607065184.547788143
1607065184.648176193
1607065184.748592138
1607065184.848888874
1607065184.949282646
1607065185.049673080
1607065185.150058270
1607065185.250426292
1607065185.350799561
1607065185.451188087
1607065185.551584005
1607065185.651972532
1607065185.752377748
1607065185.852732420
1607065185.953151226
1607065186.053540707
1607065186.153830767
1607065186.254151344
1607065186.354536057
1607065186.454905510
1607065186.555289030
1607065186.655673265
1607065186.756060362
1607065186.856446743
1607065186.956840277
1607065187.057226896
1607065187.157608986
1607065187.257965803
1607065187.358348131
1607065187.458759785
1607065187.559146166
1607065187.659562588
1607065187.759946585
1607065187.860361099
1607065187.960747480
1607065188.061167955
1607065188.161552668
1607065188.261970282
1607065188.362259626
1607065188.462649584
1607065188.563008308
1607065188.663393497
1607065188.763774633
1607065188.864160299
1607065188.964545012
1607065189.064929008
1607065189.165314913
1607065189.265698433
1607065189.365949392
1607065189.466362476
1607065189.566653967
1607065189.667036057
1607065189.767420053
1607065189.867709637
1607065189.968095064
1607065190.068486452
1607065190.168865442
1607065190.269285917
1607065190.369668484
1607065190.470069647
1607065190.570436716
1607065190.670807123
1607065190.771216869
1607065190.871600866
1607065190.972015619
1607065191.072387934
1607065191.172769308
1607065191.273163557
1607065191.373571396
1607065191.473917723
1607065191.574193239
1607065191.674582958
1607065191.774638653
1607065191.874616146
1607065191.974637985
1607065192.074507952
1607065192.174543381
1607065192.274666548
1607065192.374664545
1607065192.474650621
1607065192.574647903
1607065192.674638748
1607065192.774562597
1607065192.874638319
1607065192.974551678
1607065193.074636459
1607065193.174636126
1607065193.274637938
1607065193.374614716
1607065193.474635601
1607065193.574640989
1607065193.674639225
1607065193.774544954
1607065193.874638796
1607065193.974612951
1607065194.074638844
1607065194.174638271
1607065194.274527788
1607065194.374637127
1607065194.474641800
1607065194.574619293
1607065194.674539804
1607065194.774642706
1607065194.874662638
1607065194.974663258
1607065195.074663639
1607065195.174568176
1607065195.274569750
1607065195.374639273
1607065195.474621058
1607065195.574637890
1607065195.674640179
1607065195.774604082
1607065195.874636173
1607065195.974621058
1607065196.074637890
1607065196.174640179
1607065196.274638414
1607065196.374537230
1607065196.474636078
1607065196.574636459
1607065196.674635172
1607065196.774638653
1607065196.874621391
1607065196.974540710
1607065197.074620008
1607065197.174640417
1607065197.274545670
1607065197.374638081
1607065197.474642038
1607065197.574621439
1607065197.674547195
1607065197.774663448
1607065197.874649525
1607065197.974635839
1607065198.074640751
1607065198.174629450
1607065198.274637699
1607065198.374621153
1607065198.474638224
1607065198.574547052
1607065198.674640894
1607065198.774647713
1607065198.874637127
1607065198.974619865
1607065199.074637651
1607065199.174636126
1607065199.274539232
1607065199.374620438
1607065199.474548340
1607065199.574545860
1607065199.674638748
1607065199.774637938
1607065199.874649763
1607065199.974543333
1607065200.074643135
1607065200.174623251
1607065200.274542332
1607065200.374648809
1607065200.474670887
1607065200.574645042
1607065200.674637318
1607065200.774553776
1607065200.874636889
1607065200.974621296
1607065201.074558735
1607065201.174622297
1607065201.274638653
1607065201.374637365
1607065201.474639416
1607065201.574537754
1607065201.674618721
1607065201.774605274
1607065201.874535799
1607065201.974604130
1607065202.074638367
1607065202.174627542
1607065202.274507284
1607065202.374620199
1607065202.474637747
1607065202.574536324
1607065202.674503565
1607065202.774636507
1607065202.874637365
1607065202.974611044
1607065203.074646235
1607065203.174661875
1607065203.274646282
1607065203.374635458
1607065203.474640846
1607065203.574527740
1607065203.674637556
1607065203.774644375
1607065203.874543428
1607065203.974637032
1607065204.074637175
1607065204.174624681
1607065204.274636984
1607065204.374545574
1607065204.474641085
1607065204.574540377
1607065204.674621105
1607065204.774548292
1607065204.874636889
1607065204.974639654
1607065205.074637890
1607065205.174640894
1607065205.274624109
1607065205.374636889
1607065205.474637032
1607065205.574640989
1607065205.674545527
1607065205.774545431
1607065205.874658108
1607065205.974638939
1607065206.074640274
1607065206.174553394
1607065206.274641752
1607065206.374639034
1607065206.474610090
1607065206.574546337
1607065206.674551725
1607065206.774639845
1607065206.874637842
1607065206.974540710
1607065207.074620247
1607065207.174638987
1607065207.274635792
1607065207.374640226
1607065207.474548578
1607065207.574544668
1607065207.674596548
1607065207.774623394
1607065207.874536753
1607065207.974543333
1607065208.074635983
1607065208.174635410
1607065208.274603367
1607065208.374500275
1607065208.474644423
1607065208.574641943
1607065208.674638748
1607065208.774570704
1607065208.874635935
1607065208.974638700
1607065209.074647665
1607065209.174638033
1607065209.274473429
1607065209.374604464
1607065209.474637985
1607065209.574637413
1607065209.674637318
1607065209.774641275
1607065209.874639034
1607065209.974601746
1607065210.074546099
1607065210.174644947
1607065210.274638176
1607065210.374637604
1607065210.474642515
1607065210.574617386
1607065210.674637556
1607065210.774641514
1607065210.874545336
1607065210.974659681
1607065211.074662924
1607065211.174664259
1607065211.274646282
1607065211.374620676
1607065211.474529266
1607065211.574640512
1607065211.674636364
1607065211.774542332
1607065211.874641657
1607065211.974634647
1607065212.074635744
1607065212.174636364
1607065212.274503946
1607065212.374531746
1607065212.474634647
1607065212.574618816
1607065212.674540520
1607065212.774634123
1607065212.874634266
1607065212.974638700
1607065213.074638128
1607065213.174547672
1607065213.274620056
1607065213.374637365
1607065213.474636078
1607065213.574611187
1607065213.674656868
1607065213.774663448
1607065213.874665976
1607065213.974634171
1607065214.074636221
1607065214.174637318
1607065214.274607420
1607065214.374634504
1607065214.474502563
1607065214.574641466
1607065214.674638748
1607065214.774620771
1607065214.874501944
1607065214.974636316
1607065215.074636459
1607065215.174600840
1607065215.274634838
1607065215.374542713
1607065215.474614620
1607065215.574636459
1607065215.674639702
1607065215.774637938
1607065215.874622345
1607065215.974637032
1607065216.074597120
1607065216.174635649
1607065216.274523020
1607065216.374645233
1607065216.474643230
1607065216.574641705
1607065216.674643993
1607065216.774636269
1607065216.874639750
1607065216.974635363
1607065217.074619770
1607065217.174607038
1607065217.274617672
1607065217.374617577
1607065217.474639177
1607065217.574641705
1607065217.674621582
1607065217.774623632
1607065217.874533176
1607065217.974618435
1607065218.074620008
1607065218.174615860
1607065218.274603844
1607065218.374575377
1607065218.474636078
1607065218.574638605
1607065218.674639702
1607065218.774520874
1607065218.874619961
1607065218.974634409
1607065219.074640274
1607065219.174663067
1607065219.274646282
1607065219.374627590
1607065219.474639893
1607065219.574635029
1607065219.674518824
1607065219.774635553
1607065219.874641657
1607065219.974635601
1607065220.074639082
1607065220.174621344
1607065220.274618864
1607065220.374635458
1607065220.474635839
1607065220.574523449
1607065220.674635649
1607065220.774634838
1607065220.874621391
1607065220.974620342
1607065221.074638367
1607065221.174637556
1607065221.274638414
1607065221.374538898
1607065221.474507093
1607065221.574621439
1607065221.674641132
1607065221.774663925
1607065221.874541044
1607065221.974640846
1607065222.074620247
1607065222.174623013
1607065222.274635792
1607065222.374639511
1607065222.474640131
1607065222.574633837
1607065222.674536228
1607065222.774537563
1607065222.874638796
1607065222.974620819
1607065223.074639559
1607065223.174636364
1607065223.274621248
1607065223.374637604
1607065223.474619627
1607065223.574500084
1607065223.674506903
1607065223.774543285
1607065223.874636412
1607065223.974542618
1607065224.074615240
1607065224.174635410
1607065224.274621487
1607065224.374649286
1607065224.474663019
1607065224.574661732
1607065224.674646854
1607065224.774621010
1607065224.874600887
1607065224.974614143
1607065225.074635506
1607065225.174637318
1607065225.274537086
1607065225.374617100
1607065225.474642277
1607065225.574636459
1607065225.674619675
1607065225.774636030
1607065225.874641657
1607065225.974608421
1607065226.074634790
1607065226.174534559
1607065226.274636507
1607065226.374637127
1607065226.474615812
1607065226.574531794
1607065226.674635410
1607065226.774638653
1607065226.874637842
1607065226.974620342
1607065227.074610949
1607065227.174666643
1607065227.274501801
1607065227.374641180
1607065227.474567413
1607065227.574635267
1607065227.674637794
1607065227.774635315
1607065227.874546051
1607065227.974618435
1607065228.074640512
1607065228.174637079
1607065228.274640083
1607065228.374639273
1607065228.474638462
1607065228.574617624
1607065228.674620152
1607065228.774617195
1607065228.874642372
1607065228.974636078
1607065229.074644566
1607065229.174638510
1607065229.274635792
1607065229.374534130
1607065229.474639893
1607065229.574621439
1607065229.674665928
1607065229.774668455
1607065229.874666214
1607065229.974643946
1607065230.074636221
1607065230.174636126
1607065230.274635077
1607065230.374634981
1607065230.474636316
1607065230.574636221
1607065230.674639463
1607065230.774639130
1607065230.874624014
1607065230.974624395
1607065231.074623823
1607065231.174618006
1607065231.274608135
1607065231.374609947
1607065231.474599123
1607065231.574524641
1607065231.674648523
1607065231.774640083
1607065231.874617815
1607065231.974635363
1607065232.074619055
1607065232.174640894
1607065232.274637222
1607065232.374649763
1607065232.474651814
1607065232.574643612
1607065232.674626112
1607065232.774637938
1607065232.874536276
1607065232.974636078
1607065233.074635744
1607065233.174643993
1607065233.274637699
1607065233.374661207
1607065233.474665165
1607065233.574664831
1607065233.674643278
1607065233.774555445
1607065233.874635220
1607065233.974638939
1607065234.074618816
1607065234.174538374
1607065234.274639368
1607065234.374639034
1607065234.474634886
1607065234.574524403
1607065234.674636364
1607065234.774641514
1607065234.874612093
1607065234.974601269
1607065235.074601173
1607065235.174487352
1607065235.274635792
1607065235.374641895
1607065235.474640131
1607065235.574527025
1607065235.674636364
1607065235.774624348
1607065235.874638557
1607065235.974635601
1607065236.074636221
1607065236.174649239
1607065236.274639606
1607065236.374637604
1607065236.474537373
1607065236.574637890
1607065236.674640894
1607065236.774634838
1607065236.874636173
1607065236.974640846
1607065237.074634790
1607065237.174636602
1607065237.274550676
1607065237.374610662
1607065237.474662781
1607065237.574651241
1607065237.674642563
1607065237.774617672
1607065237.874544859
1607065237.974627733
1607065238.074618340
1607065238.174638033
1607065238.274621010
1607065238.374638319
1607065238.474535942
1607065238.574603558
1607065238.674621105
1607065238.774617672
1607065238.874620438
1607065238.974637747
1607065239.074538946
1607065239.174617052
1607065239.274621487
1607065239.374619246
1607065239.474621773
1607065239.574632168
1607065239.674621105
1607065239.774504185
1607065239.874541044
1607065239.974605799
1607065240.074554682
1607065240.174675941
1607065240.274646521
1607065240.374620199
1607065240.474626780
1607065240.574617624
1607065240.674508095
1607065240.774616003
1607065240.874605656
1607065240.974630117
1607065241.074525356
1607065241.174618721
1607065241.274637461
1607065241.374635696
1607065241.474636793
1607065241.574538946
1607065241.674635410
1607065241.774619818
1607065241.874622822
1607065241.974617958
1607065242.074618578
1607065242.174605608
1607065242.274641752
1607065242.374636173
1607065242.474540234
1607065242.574635744
1607065242.674655437
1607065242.774648428
1607065242.874665499
1607065242.974646568
1607065243.074636698
1607065243.174638033
1607065243.274638414
1607065243.374505043
1607065243.474638462
1607065243.574636221
1607065243.674619436
1607065243.774503469
1607065243.874635220
1607065243.974623919
1607065244.074625015
1607065244.174635649
1607065244.274544477
1607065244.374637842
1607065244.474639177
1607065244.574635506
1607065244.674502850
1607065244.774639606
1607065244.874650478
1607065244.974637270
1607065245.074623823
1607065245.174634457
1607065245.274636984
1607065245.374661684
1607065245.474661827
1607065245.574541330
1607065245.674628019
1607065245.774626970
1607065245.874621868
1607065245.974639177
1607065246.074641228
1607065246.174639225
1607065246.274639606
1607065246.374638319
1607065246.474637270
1607065246.574644089
1607065246.674486637
1607065246.774637461
1607065246.874641895
1607065246.974614143
1607065247.074639797
1607065247.174637079
1607065247.274638414
1607065247.374638796
1607065247.474643707
1607065247.574610233
1607065247.674623013
1607065247.774640322
1607065247.874644995
1607065247.974637270
1607065248.074664116
1607065248.174636364
1607065248.274647713
1607065248.374647141
1607065248.474636793
1607065248.574641228
1607065248.674524307
1607065248.774650335
1607065248.874640703
1607065248.974622250
1607065249.074536324
1607065249.174620867
1607065249.274645090
1607065249.374622822
1607065249.474628687
1607065249.574538469
1607065249.674621344
1607065249.774638176
1607065249.874546528
1607065249.974532127
1607065250.074634552
1607065250.174621344
1607065250.274638891
1607065250.374640942
1607065250.474544764
1607065250.574636698
1607065250.674606800
1607065250.774668217
1607065250.874526024
1607065250.974567652
1607065251.074645996
1607065251.174639702
1607065251.274546146
1607065251.374622822
1607065251.474640131
1607065251.574641943
1607065251.674623489
1607065251.774540901
1607065251.874557018
1607065251.974635363
1607065252.074540138
1607065252.174539089
1607065252.274646759
1607065252.374649048
1607065252.474638462
1607065252.574634790
1607065252.674540281
1607065252.774626255
1607065252.874621391
1607065252.974619865
1607065253.074537992
1607065253.174621105
1607065253.274641752
1607065253.374667168
1607065253.474669933
1607065253.574522972
1607065253.674638987
1607065253.774643898
1607065253.874636650
1607065253.974547625
1607065254.074542522
1607065254.174542189
1607065254.274637938
1607065254.374477625
1607065254.474544764
1607065254.574638605
1607065254.674638271
1607065254.774640083
1607065254.874546528
1607065254.974537849
1607065255.074636936
1607065255.174636364
1607065255.274543762
1607065255.374542236
1607065255.474636316
1607065255.574636459
1607065255.674623489
1607065255.774547100
1607065255.874546528
1607065255.974624634
1607065256.074672222
1607065256.174533129
1607065256.274544239
1607065256.374650240
1607065256.474620819
1607065256.574624300
1607065256.674545288
1607065256.774640322
1607065256.874620199
1607065256.974635363
1607065257.074533939
1607065257.174614906
1607065257.274619818
1607065257.374606371
1607065257.474487305
1607065257.574542761
1607065257.674506426
1607065257.774636030
1607065257.874643087
1607065257.974635363
1607065258.074618340
1607065258.174635887
1607065258.274508476
1607065258.374635696
1607065258.474635601
1607065258.574637890
1607065258.674639463
1607065258.774660587
1607065258.874664545
1607065258.974567652
1607065259.074646235
1607065259.174636364
1607065259.274640322
1607065259.374641657
1607065259.474634409
1607065259.574618340
1607065259.674620152
1607065259.774639606
1607065259.874634504
1607065259.974555731
1607065260.074635983
1607065260.174642086
1607065260.274636984
1607065260.374636173
1607065260.474615097
1607065260.574605942
1607065260.674637079
1607065260.774636030
1607065260.874636650
1607065260.974637270
1607065261.074638367
1607065261.174620152
1607065261.274640322
1607065261.374621868
1607065261.474664688
1607065261.574662447
1607065261.674657583
1607065261.774642467
1607065261.874621868
1607065261.974641800
1607065262.074539900
1607065262.174638033
1607065262.274546146
1607065262.374638796
1607065262.474607944
1607065262.574642181
1607065262.674640656
1607065262.774642706
1607065262.874638319
1607065262.974643469
1607065263.074607849
1607065263.174640179
1607065263.274643421
1607065263.374636173
1607065263.474637747
1607065263.574643612
1607065263.674542665
1607065263.774636269
1607065263.874638081
1607065263.974638224
1607065264.074544907
1607065264.174549103
1607065264.274669647
1607065264.374651909
1607065264.474572897
1607065264.574620485
1607065264.674551725
1607065264.774621964
1607065264.874639988
1607065264.974551201
1607065265.074543238
1607065265.174625397
1607065265.274619341
1607065265.374543667
1607065265.474628687
1607065265.574637651
1607065265.674639940
1607065265.774643421
