1607065480.785864115
1607065480.888266563
1607065480.989959478
1607065481.091652155
1607065481.193371534
1607065481.294568300
1607065481.396119833
1607065481.497923136
1607065481.599693298
1607065481.701276064
1607065481.803020716
1607065481.904591799
1607065482.006020069
1607065482.107738495
1607065482.209376574
1607065482.311076164
1607065482.412507772
1607065482.513854742
1607065482.615400314
1607065482.716972589
1607065482.818400621
1607065482.920014381
1607065483.021707773
1607065483.123499155
1607065483.225010872
1607065483.326767683
1607065483.428186417
1607065483.529945135
1607065483.631704330
1607065483.733269453
1607065483.834690809
1607065483.936458111
1607065484.037993431
1607065484.139747381
1607065484.241568565
1607065484.343049526
1607065484.444795132
1607065484.546318293
1607065484.647854328
1607065484.749632120
1607065484.851166964
1607065484.952958584
1607065485.054758549
1607065485.156521320
1607065485.258081675
1607065485.359627008
1607065485.461407661
1607065485.563004017
1607065485.664751530
1607065485.766123533
1607065485.867619038
1607065485.969378471
1607065486.070936680
1607065486.172630548
1607065486.274020910
1607065486.375763655
1607065486.477563143
1607065486.579234362
1607065486.680685520
1607065486.782435417
1607065486.883979797
1607065486.985541582
1607065487.086031914
1607065487.185994625
1607065487.286022902
1607065487.386101007
1607065487.486112118
1607065487.586089134
1607065487.686017275
1607065487.786113739
1607065487.886110544
1607065487.985731125
1607065488.086013079
1607065488.186069012
1607065488.285987616
1607065488.386009216
1607065488.486057997
1607065488.586063862
1607065488.686000109
1607065488.786041260
1607065488.886012077
1607065488.986033201
1607065489.086032867
1607065489.186039448
1607065489.286041260
1607065489.386002779
1607065489.486057281
1607065489.586061001
1607065489.685989618
1607065489.786088943
1607065489.886113882
1607065489.986071110
1607065490.085664272
1607065490.186085701
1607065490.286010265
1607065490.386024475
1607065490.486038446
1607065490.586016417
1607065490.686087370
1607065490.786087036
1607065490.886085272
1607065490.986016035
1607065491.086090326
1607065491.186086178
1607065491.286023378
1607065491.386070013
1607065491.486088037
1607065491.586088419
1607065491.686057568
1607065491.786081791
1607065491.885915995
1607065491.986030579
1607065492.086055279
1607065492.185993433
1607065492.285984755
1607065492.386057377
1607065492.486085892
1607065492.586090803
1607065492.686090946
1607065492.786022425
1607065492.886083841
1607065492.986098528
1607065493.086012125
1607065493.186071396
1607065493.286009550
1607065493.386095047
1607065493.486066341
1607065493.586024046
1607065493.686087847
1607065493.786094427
1607065493.886082411
1607065493.986015558
1607065494.086075783
1607065494.186057329
1607065494.285924911
1607065494.385710955
1607065494.486070395
1607065494.586014271
1607065494.686033010
1607065494.786055326
1607065494.885732889
1607065494.986059666
1607065495.086057186
1607065495.186091185
1607065495.285974979
1607065495.386028767
1607065495.486087799
1607065495.586089611
1607065495.686017513
1607065495.786015749
1607065495.886088371
1607065495.986115217
1607065496.085988998
1607065496.185974598
1607065496.285911798
1607065496.386184216
1607065496.486156225
1607065496.586085558
1607065496.686027765
1607065496.786095142
1607065496.886083364
1607065496.986088514
1607065497.085955620
1607065497.186028242
1607065497.286062479
1607065497.386061907
1607065497.485987663
1607065497.586058140
1607065497.686046362
1607065497.786091089
1607065497.886089563
1607065497.986020803
1607065498.086094618
1607065498.186126471
1607065498.285684347
1607065498.386082888
1607065498.486011267
1607065498.586018562
1607065498.686095715
1607065498.786131382
1607065498.886005640
1607065498.986089230
1607065499.086084604
1607065499.186092138
1607065499.286086798
1607065499.386095285
1607065499.486068964
1607065499.586087942
1607065499.686086178
1607065499.786090374
1607065499.886072874
1607065499.986062765
1607065500.085993528
1607065500.185995340
1607065500.286061525
1607065500.385994434
1607065500.486069441
1607065500.585993052
1607065500.686055660
1607065500.786072016
1607065500.886074781
1607065500.986070395
1607065501.086065531
1607065501.186077595
1607065501.286064863
1607065501.385999680
1607065501.485995770
1607065501.586097956
1607065501.686096191
1607065501.786084414
1607065501.886031151
1607065501.986028194
1607065502.086097479
1607065502.186022997
1607065502.286039114
1607065502.386104584
1607065502.486097336
1607065502.586034298
1607065502.686086655
1607065502.786091566
1607065502.886006355
1607065502.986095190
1607065503.086083412
1607065503.186022997
1607065503.286015272
1607065503.386086702
1607065503.486109018
1607065503.586064339
1607065503.686023474
1607065503.786056042
1607065503.886064529
1607065503.986057758
1607065504.085692167
1607065504.185974598
1607065504.286061287
1607065504.386059523
1607065504.485917568
1607065504.585994959
1607065504.685679913
1607065504.786033154
1607065504.885983229
1607065504.985681295
1607065505.086055279
1607065505.186056852
1607065505.285997868
1607065505.385994673
1607065505.486086607
1607065505.586089134
1607065505.686085224
1607065505.785690069
1607065505.885714054
1607065505.985719204
1607065506.086084366
1607065506.186023235
1607065506.286085367
1607065506.386056900
1607065506.486087799
1607065506.586020231
1607065506.686091423
1607065506.786082506
1607065506.886092663
1607065506.986079693
1607065507.086082458
1607065507.186071873
1607065507.286086798
1607065507.386083603
1607065507.485994816
1607065507.586021662
1607065507.686059237
1607065507.786060333
1607065507.886060476
1607065507.985971212
1607065508.086086750
1607065508.185992718
1607065508.286090851
1607065508.386025906
1607065508.486087322
1607065508.586064100
1607065508.686090231
1607065508.786086321
1607065508.886017561
1607065508.986093760
1607065509.086088419
1607065509.186005831
1607065509.286028147
1607065509.386024952
1607065509.486082315
1607065509.586087227
1607065509.686054707
1607065509.785708427
1607065509.886087179
1607065509.986080408
1607065510.086016893
1607065510.186020851
1607065510.286024332
1607065510.385967970
1607065510.486060858
1607065510.585998058
1607065510.685992479
1607065510.786122322
1607065510.886084795
1607065510.985842228
1607065511.085664034
1607065511.185966253
1607065511.286090851
1607065511.386064291
1607065511.486067772
1607065511.586023569
1607065511.686087608
1607065511.786078930
1607065511.886090755
1607065511.986014366
1607065512.086017847
1607065512.186022282
1607065512.286019802
1607065512.385950565
1607065512.486038208
1607065512.586077929
1607065512.686085463
1607065512.786068201
1607065512.885708094
1607065512.986064196
1607065513.086044073
1607065513.185985804
1607065513.286057711
1607065513.386095762
1607065513.486084700
1607065513.586003542
1607065513.686076880
1607065513.785997629
1607065513.886089802
1607065513.986095905
1607065514.086084604
1607065514.185684681
1607065514.286081314
1607065514.386091471
1607065514.486081123
1607065514.585741043
1607065514.685964584
1607065514.785932779
1607065514.886169672
1607065514.986174345
1607065515.085714340
1607065515.186091661
1607065515.286085129
1607065515.385964870
1607065515.485710382
1607065515.586061716
1607065515.686063051
1607065515.786079645
1607065515.886060476
1607065515.985816240
1607065516.085987806
1607065516.186087608
1607065516.286085367
1607065516.386089087
1607065516.486087561
1607065516.586061716
1607065516.686081409
1607065516.786124468
1607065516.886016369
1607065516.986090899
1607065517.086102486
1607065517.186074972
1607065517.285708666
1607065517.386028528
1607065517.486086130
1607065517.586086035
1607065517.685992479
1607065517.786021948
1607065517.886086464
1607065517.985754490
1607065518.086085081
1607065518.186038971
1607065518.285990000
1607065518.386056423
1607065518.486060858
1607065518.586065054
1607065518.686056852
1607065518.786090851
1607065518.885957003
1607065518.986018181
1607065519.085692406
1607065519.186002970
1607065519.286089897
1607065519.385709047
1607065519.486022234
1607065519.586069345
1607065519.686087608
1607065519.786088228
1607065519.886084795
1607065519.986108303
1607065520.086084127
1607065520.186089277
1607065520.285759211
1607065520.386026621
1607065520.486081839
1607065520.586055517
1607065520.686086416
1607065520.786025763
1607065520.886065006
1607065520.986022472
1607065521.086058140
1607065521.185656548
1607065521.286059141
1607065521.386065245
1607065521.486088037
1607065521.585708618
1607065521.686096191
1607065521.786093950
1607065521.886085987
1607065521.986015081
1607065522.085683823
1607065522.186009884
1607065522.286072016
1607065522.386086226
1607065522.485683441
1607065522.585959673
1607065522.686084986
1607065522.786038160
1607065522.886087179
1607065522.986091614
1607065523.086088657
1607065523.186083078
1607065523.286090612
1607065523.386028767
1607065523.486079454
1607065523.585857630
1607065523.686015368
1607065523.785966873
1607065523.885825634
1607065523.985920906
1607065524.085961342
1607065524.186006546
1607065524.286087513
1607065524.386130333
1607065524.486056089
1607065524.586091280
1607065524.686012506
1607065524.786092520
1607065524.886088371
1607065524.985751390
1607065525.086004019
1607065525.186095238
1607065525.286003351
1607065525.386128426
1607065525.486058712
1607065525.586024284
1607065525.685984850
1607065525.786094904
1607065525.886011839
1607065525.986020088
1607065526.086080074
1607065526.186081409
1607065526.285985708
1607065526.385962486
1607065526.485988855
1607065526.585997581
1607065526.686063290
1607065526.786086321
1607065526.885902405
1607065526.985988617
1607065527.086089134
1607065527.186019182
1607065527.286051750
1607065527.386088848
1607065527.486067057
1607065527.586089373
1607065527.686087370
1607065527.785936594
1607065527.886085749
1607065527.986079931
1607065528.086013556
1607065528.185968637
1607065528.286016941
1607065528.386087894
1607065528.486085653
1607065528.586086035
1607065528.686014891
1607065528.786083698
1607065528.886072636
1607065528.985989809
1607065529.086054087
1607065529.185975313
1607065529.286061764
1607065529.386058092
1607065529.485945940
1607065529.585985184
1607065529.686089277
1607065529.786059141
1607065529.886008978
1607065529.985738039
1607065530.086021662
1607065530.186015368
1607065530.286014557
1607065530.385651350
1607065530.486011982
1607065530.586024284
1607065530.686012983
1607065530.786021471
1607065530.886018038
1607065530.985985041
1607065531.085924149
1607065531.185933352
1607065531.285943031
1607065531.385926723
1607065531.485924721
1607065531.585967064
1607065531.686120987
1607065531.786078930
1607065531.886058331
1607065531.986025572
1607065532.085929394
1607065532.186085224
1607065532.286088228
1607065532.386086464
1607065532.486012697
1607065532.586089849
1607065532.686057091
1607065532.786086321
1607065532.886085272
1607065532.986094475
1607065533.086089373
1607065533.186089754
1607065533.286075592
1607065533.386093616
1607065533.486083508
1607065533.586019754
1607065533.686089516
1607065533.786090136
1607065533.886070013
1607065533.986018419
1607065534.086084366
1607065534.186085939
1607065534.286056995
1607065534.386059046
1607065534.486029863
1607065534.585978746
1607065534.685984612
1607065534.785991907
1607065534.886087894
1607065534.986063957
1607065535.086088896
1607065535.186090231
1607065535.286087751
1607065535.386085987
1607065535.486004353
1607065535.586027145
1607065535.686082125
1607065535.786087513
1607065535.886089802
1607065535.985655069
1607065536.086083651
1607065536.186079264
1607065536.286087036
1607065536.385980606
1607065536.486019135
1607065536.586090565
1607065536.686101437
1607065536.786083460
1607065536.886072636
1607065536.986064434
1607065537.086057186
1607065537.185998678
1607065537.285973787
1607065537.386002779
1607065537.486090660
1607065537.585980415
1607065537.686089039
1607065537.786087990
1607065537.886069059
1607065537.986016989
1607065538.086086512
1607065538.186085463
1607065538.286086798
1607065538.386088848
1607065538.486046791
1607065538.586014748
1607065538.686070204
1607065538.786090374
1607065538.886086702
1607065538.986051798
1607065539.086086750
1607065539.186089277
1607065539.286086082
1607065539.386084795
1607065539.486015320
1607065539.586076021
1607065539.686062098
1607065539.786058903
1607065539.885715008
1607065539.986007929
1607065540.086054325
1607065540.186074972
1607065540.285992146
1607065540.386087656
1607065540.486084938
1607065540.586085081
1607065540.686027527
1607065540.786071539
1607065540.886022091
1607065540.985952139
1607065541.086061239
1607065541.186059952
1607065541.286053896
1607065541.386053801
1607065541.485946417
1607065541.586104631
1607065541.686094761
1607065541.786081553
1607065541.886132956
1607065541.986114502
1607065542.086113214
1607065542.186098099
1607065542.286077738
1607065542.386060715
1607065542.486085415
1607065542.585998297
1607065542.686059952
1607065542.786059856
1607065542.886086464
1607065542.986089706
1607065543.086073637
1607065543.186089039
1607065543.286088705
1607065543.386021614
1607065543.486092091
1607065543.586116314
1607065543.686086416
1607065543.786090851
1607065543.886082172
1607065543.986023426
1607065544.086088657
1607065544.185957670
1607065544.286084652
1607065544.386017323
1607065544.486082554
1607065544.586096287
1607065544.686080933
1607065544.786035061
1607065544.886077642
1607065544.986020565
1607065545.086060047
1607065545.186060429
1607065545.286056995
1607065545.386027575
1607065545.486052513
1607065545.586087942
1607065545.685991049
1607065545.786085606
1607065545.886084557
1607065545.986108780
1607065546.086071014
1607065546.186090469
1607065546.286087513
1607065546.386088848
1607065546.486021757
1607065546.586048126
1607065546.686092138
1607065546.786089182
1607065546.886018991
1607065546.986086369
1607065547.086087704
1607065547.186057568
1607065547.286015987
1607065547.386035919
1607065547.486081123
1607065547.586014271
1607065547.686008215
1607065547.785984755
1607065547.885944366
1607065547.986003160
1607065548.085736275
1607065548.185984850
1607065548.285981178
1607065548.385681152
1607065548.485735178
1607065548.585729837
1607065548.685734510
1607065548.786016226
1607065548.886021137
1607065548.986076832
1607065549.085683823
1607065549.186014652
1607065549.285681725
1607065549.386009216
1607065549.485764265
1607065549.586004972
1607065549.686132193
1607065549.786179781
1607065549.886084557
1607065549.986088753
1607065550.086083412
1607065550.186057568
1607065550.286081076
1607065550.386012077
1607065550.486052990
1607065550.585997105
1607065550.686056137
1607065550.786029339
1607065550.886069059
1607065550.986059189
1607065551.086074591
1607065551.186068773
1607065551.286067009
1607065551.386029005
1607065551.486068964
1607065551.585998297
1607065551.686075926
1607065551.786065817
1607065551.885993958
1607065551.986069202
1607065552.086096764
1607065552.186103106
1607065552.286036491
1607065552.386103868
1607065552.486090183
1607065552.586133957
1607065552.686022997
1607065552.786098480
1607065552.886041164
1607065552.985710382
1607065553.086092472
1607065553.186064959
1607065553.286086798
1607065553.386082649
1607065553.486012220
1607065553.586080551
1607065553.686081886
1607065553.785999537
1607065553.885948181
1607065553.985667706
1607065554.085972071
1607065554.186008453
1607065554.286056757
1607065554.385960579
1607065554.486038446
1607065554.585992336
1607065554.686066628
1607065554.786067724
1607065554.886058331
1607065554.986015797
1607065555.086063385
1607065555.186064482
1607065555.286055326
1607065555.386006355
1607065555.486059189
1607065555.586023808
1607065555.686060190
1607065555.785995722
1607065555.886083126
1607065555.986092329
1607065556.086088657
1607065556.186025381
1607065556.285932779
1607065556.386086941
1607065556.486091375
1607065556.586076498
1607065556.686021090
1607065556.786090136
1607065556.886091709
1607065556.986025810
1607065557.086086273
1607065557.186089754
1607065557.286096096
1607065557.385995150
1607065557.486071110
1607065557.586091280
1607065557.686080933
1607065557.786085367
1607065557.886076689
1607065557.985991478
1607065558.086018562
1607065558.186060429
1607065558.286056042
1607065558.385946274
1607065558.485997915
1607065558.585968494
1607065558.686089754
1607065558.786092043
1607065558.886012077
1607065558.986087799
1607065559.086090088
1607065559.186060429
1607065559.286086082
1607065559.386084557
1607065559.486088276
1607065559.586091042
1607065559.686012983
1607065559.786056519
1607065559.886016607
1607065559.985954046
1607065560.086087227
1607065560.186076403
1607065560.285933256
1607065560.386001587
1607065560.486019373
1607065560.586078405
1607065560.686060667
1607065560.786059856
1607065560.886056900
1607065560.985965490
1607065561.085919857
1607065561.185992956
1607065561.286088228
1607065561.386090279
1607065561.486066103
1607065561.586082220
1607065561.686093092
1607065561.786097527
1607065561.886023760
1607065561.986058950
1607065562.086090565
1607065562.186030388
1607065562.286084175
1607065562.386017323
1607065562.486086369
1607065562.586026669
1607065562.685676098
1607065562.786047935
1607065562.886086226
1607065562.986093521
1607065563.086086273
1607065563.186089039
1607065563.286065340
1607065563.386033773
1607065563.486057520
1607065563.585988998
1607065563.686052799
1607065563.786057949
1607065563.886049032
1607065563.986102819
1607065564.085958481
1607065564.186083078
1607065564.285940409
1607065564.386021852
1607065564.486129999
1607065564.586095095
1607065564.686130762
1607065564.786089897
1607065564.886084318
1607065564.986039162
1607065565.086011887
1607065565.186088324
1607065565.286085844
1607065565.385960340
1607065565.486016512
1607065565.586089373
1607065565.686053753
1607065565.786088467
1607065565.886012077
1607065565.986066580
1607065566.086062670
1607065566.185997725
1607065566.286003351
1607065566.385978699
1607065566.486094713
1607065566.585990429
1607065566.685909033
1607065566.786015272
1607065566.886069775
1607065566.986059427
1607065567.085988760
1607065567.186145782
1607065567.286104202
1607065567.386121035
1607065567.486016750
1607065567.586073160
1607065567.686088085
1607065567.786091089
1607065567.886085749
1607065567.986088037
1607065568.085715055
1607065568.186027527
1607065568.286081076
1607065568.386018515
1607065568.485712767
1607065568.586016178
1607065568.686067820
1607065568.786063433
1607065568.886059999
1607065568.985933781
1607065569.086060047
1607065569.186049223
1607065569.286087036
1607065569.385680676
1607065569.486030817
1607065569.586091995
1607065569.686086416
1607065569.786047697
1607065569.886086941
1607065569.986094236
1607065570.086088419
1607065570.186090708
1607065570.285692692
1607065570.386060476
1607065570.486084223
1607065570.586025476
1607065570.686070442
1607065570.786087751
1607065570.886087894
1607065570.986117125
1607065571.086084604
1607065571.185719728
1607065571.286023617
1607065571.386022806
1607065571.486065865
1607065571.585708618
1607065571.685988665
1607065571.786059856
1607065571.886088371
1607065571.985988140
1607065572.086018324
1607065572.186054945
1607065572.286088467
1607065572.386094570
1607065572.486088037
1607065572.586097717
1607065572.686086416
1607065572.786000252
1607065572.886023283
1607065572.986025810
1607065573.086087227
1607065573.186089993
1607065573.285708904
1607065573.386013985
1607065573.486084938
1607065573.586086035
1607065573.685709953
1607065573.786023855
1607065573.886117697
1607065573.986071348
1607065574.086019516
1607065574.186061144
1607065574.286058664
1607065574.385989189
1607065574.486069441
1607065574.585988760
1607065574.685890913
1607065574.786087275
1607065574.886091948
1607065574.986090660
1607065575.086000443
1607065575.186043024
1607065575.286088943
1607065575.386023521
1607065575.486086845
1607065575.586094856
1607065575.686078548
1607065575.786093473
1607065575.886091948
1607065575.986028433
1607065576.086087227
1607065576.186110497
1607065576.286086559
1607065576.385677338
1607065576.486085415
1607065576.586087227
1607065576.686066628
1607065576.785715342
1607065576.885999441
1607065576.986064911
1607065577.086058378
1607065577.186059952
1607065577.286087513
1607065577.385886908
1607065577.486088037
1607065577.586091042
1607065577.686083078
1607065577.786029339
1607065577.886088848
1607065577.986036062
1607065578.086083412
1607065578.186089039
1607065578.286074162
1607065578.385927916
1607065578.486092567
1607065578.585989475
1607065578.686067820
1607065578.786089659
1607065578.886088848
1607065578.986092806
1607065579.086016893
1607065579.186083078
1607065579.286083937
1607065579.385696888
1607065579.486059427
1607065579.586069107
1607065579.686091661
1607065579.786060095
1607065579.885717154
1607065579.985986948
1607065580.086092472
1607065580.186088800
1607065580.286053896
1607065580.385929823
1607065580.486089945
1607065580.586090803
1607065580.686084747
1607065580.786089659
