1607065375.781721115
1607065375.883185625
1607065375.984183311
1607065376.085275888
1607065376.186080933
1607065376.287053585
1607065376.387901068
1607065376.488726139
1607065376.589564562
1607065376.690503120
1607065376.791383982
1607065376.892259359
1607065376.993093252
1607065377.094177008
1607065377.194983721
1607065377.296098709
1607065377.396848917
1607065377.497746706
1607065377.598739386
1607065377.699517965
1607065377.800563574
1607065377.901678324
1607065378.002798319
1607065378.103679180
1607065378.204775333
1607065378.305731297
1607065378.406563282
1607065378.507693052
1607065378.608818769
1607065378.709971189
1607065378.810809135
1607065378.911644936
1607065379.012597322
1607065379.113486052
1607065379.214349031
1607065379.315435648
1607065379.416152477
1607065379.516874790
1607065379.617755651
1607065379.718855858
1607065379.819972754
1607065379.920850992
1607065380.021507263
1607065380.122580767
1607065380.223427057
1607065380.324531794
1607065380.425411224
1607065380.526572466
1607065380.627609968
1607065380.728425980
1607065380.829300880
1607065380.930385113
1607065381.031479836
1607065381.132357359
1607065381.233459234
1607065381.334511995
1607065381.435602903
1607065381.536478519
1607065381.637197018
1607065381.737879276
1607065381.838967562
1607065381.940067291
1607065382.040904284
1607065382.142040730
1607065382.242908955
1607065382.344014645
1607065382.444871902
1607065382.546035290
1607065382.647122145
1607065382.747973204
1607065382.849025249
1607065382.949955702
1607065383.051047802
1607065383.151927233
1607065383.252782822
1607065383.353563786
1607065383.454597473
1607065383.555663586
1607065383.656523943
1607065383.757617474
1607065383.858579874
1607065383.959496021
1607065384.060614109
1607065384.161581516
1607065384.262670279
1607065384.363677025
1607065384.464548588
1607065384.565423965
1607065384.666544676
1607065384.767615318
1607065384.868450165
1607065384.969288826
1607065385.070123911
1607065385.170948267
1607065385.272034407
1607065385.373168945
1607065385.474089861
1607065385.574946880
1607065385.676000118
1607065385.776952744
1607065385.877867937
1607065385.978745937
1607065386.079581738
1607065386.180321693
1607065386.281048775
1607065386.381729841
1607065386.481737614
1607065386.581726789
1607065386.681617260
1607065386.781614780
1607065386.881717443
1607065386.981729984
1607065387.081589460
1607065387.181569576
1607065387.281707287
1607065387.381706238
1607065387.481709242
1607065387.581581593
1607065387.681586027
1607065387.781738520
1607065387.881709814
1607065387.981564283
1607065388.081583500
1607065388.181703329
1607065388.281716347
1607065388.381731033
1607065388.481587648
1607065388.581582546
1607065388.681744337
1607065388.781732082
1607065388.881589413
1607065388.981582165
1607065389.081735134
1607065389.181730032
1607065389.281733036
1607065389.381627321
1607065389.481737137
1607065389.581697702
1607065389.681709051
1607065389.781604290
1607065389.881708384
1607065389.981715441
1607065390.081657648
1607065390.181520224
1607065390.281613350
1607065390.381729841
1607065390.481709003
1607065390.581701517
1607065390.681530476
1607065390.781699181
1607065390.881596804
1607065390.981716156
1607065391.081527948
1607065391.181560993
1607065391.281687975
1607065391.381731033
1607065391.481737614
1607065391.581523418
1607065391.681738138
1607065391.781750202
1607065391.881734848
1607065391.981527567
1607065392.081641436
1607065392.181582928
1607065392.281710148
1607065392.381689548
1607065392.481612682
1607065392.581591368
1607065392.681496620
1607065392.781579971
1607065392.881582975
1607065392.981572390
1607065393.081495523
1607065393.181484699
1607065393.281565428
1607065393.381576538
1607065393.481493950
1607065393.581548691
1607065393.681557178
1607065393.781637430
1607065393.881714582
1607065393.981590271
1607065394.081759691
1607065394.181731224
1607065394.281733990
1607065394.381730318
1607065394.481738091
1607065394.581734180
1607065394.681721687
1607065394.781727791
1607065394.881718159
1607065394.981672525
1607065395.081708908
1607065395.181703091
1607065395.281613588
1607065395.381708384
1607065395.481704712
1607065395.581581116
1607065395.681709290
1607065395.781706810
1607065395.881595612
1607065395.981607676
1607065396.081708670
1607065396.181703091
1607065396.281704426
1607065396.381578684
1607065396.481707811
1607065396.581617832
1607065396.681704044
1607065396.781727076
1607065396.881742477
1607065396.981576920
1607065397.081735611
1607065397.181702614
1607065397.281736612
1607065397.381729603
1607065397.481729746
1607065397.581716061
1607065397.681706190
1607065397.781702518
1607065397.881630421
1607065397.981549501
1607065398.081708670
1607065398.181593657
1607065398.281708717
1607065398.381701946
1607065398.481707096
1607065398.581705093
1607065398.681574821
1607065398.781576395
1607065398.881680965
1607065398.981611490
1607065399.081618309
1607065399.181592464
1607065399.281708479
1607065399.381712914
1607065399.481564283
1607065399.581725836
1607065399.681733608
1607065399.781619787
1607065399.881735086
1607065399.981759071
1607065400.081713915
1607065400.181604624
1607065400.281617403
1607065400.381701946
1607065400.481706381
1607065400.581703186
1607065400.681709766
1607065400.781702995
1607065400.881622314
1607065400.981590986
1607065401.081706524
1607065401.181580782
1607065401.281610012
1607065401.381705761
1607065401.481706142
1607065401.581701279
1607065401.681568384
1607065401.781616449
1607065401.881614208
1607065401.981582403
1607065402.081638813
1607065402.181487322
1607065402.281594992
1607065402.381727695
1607065402.481705189
1607065402.581572533
1607065402.681714296
1607065402.781728029
1607065402.881654978
1607065402.981618881
1607065403.081680059
1607065403.181569815
1607065403.281709671
1607065403.381703615
1607065403.481587410
1607065403.581583261
1607065403.681705952
1607065403.781685591
1607065403.881712437
1607065403.981502295
1607065404.081530809
1607065404.181676865
1607065404.281715631
1607065404.381491899
1607065404.481705189
1607065404.581700802
1607065404.681741476
1607065404.781728506
1607065404.881739378
1607065404.981563091
1607065405.081740856
1607065405.181731462
1607065405.281734467
1607065405.381729364
1607065405.481737375
1607065405.581647635
1607065405.681617975
1607065405.781706572
1607065405.881630898
1607065405.981701374
1607065406.081707478
1607065406.181697845
1607065406.281706572
1607065406.381702423
1607065406.481591225
1607065406.581706762
1607065406.681595802
1607065406.781698942
1607065406.881707668
1607065406.981724501
1607065407.081709623
1607065407.181703329
1607065407.281629801
1607065407.381552219
1607065407.481607914
1607065407.581726074
1607065407.681735277
1607065407.781742811
1607065407.881589413
1607065407.981650352
1607065408.081624031
1607065408.181731224
1607065408.281723976
1607065408.381603956
1607065408.481716871
1607065408.581705093
1607065408.681708097
1607065408.781719208
1607065408.881706715
1607065408.981543779
1607065409.081703424
1607065409.181698561
1607065409.281705856
1607065409.381699562
1607065409.481708765
1607065409.581590891
1607065409.681709051
1607065409.781703949
1607065409.881705999
1607065409.981708050
1607065410.081598759
1607065410.181711912
1607065410.281619787
1607065410.381621599
1607065410.481642962
1607065410.581616163
1607065410.681638718
1607065410.781651974
1607065410.881647348
1607065410.981553555
1607065411.081632614
1607065411.181700945
1607065411.281603336
1607065411.381637573
1607065411.481711864
1607065411.581702232
1607065411.681709528
1607065411.781704426
1607065411.881614208
1607065411.981575012
1607065412.081707716
1607065412.181704760
1607065412.281614542
1607065412.381587029
1607065412.481708765
1607065412.581708908
1607065412.681589842
1607065412.781710386
1607065412.881715775
1607065412.981574535
1607065413.081616640
1607065413.181518078
1607065413.281592846
1607065413.381715298
1607065413.481719732
1607065413.581526279
1607065413.681616068
1607065413.781727552
1607065413.881695986
1607065413.981729507
1607065414.081526041
1607065414.181628466
1607065414.281733513
1607065414.381726265
1607065414.481551647
1607065414.581630468
1607065414.681710720
1607065414.781704903
1607065414.881707907
1607065414.981652260
1607065415.081699371
1607065415.181706905
1607065415.281707287
1607065415.381608248
1607065415.481713533
1607065415.581705093
1607065415.681686163
1607065415.781593561
1607065415.881706953
1607065415.981730938
1607065416.081706524
1607065416.181700468
1607065416.281683445
1607065416.381583452
1607065416.481601000
1607065416.581584930
1607065416.681712627
1607065416.781702757
1607065416.881700277
1607065416.981486320
1607065417.081582546
1607065417.181580067
1607065417.281706572
1607065417.381672859
1607065417.481594324
1607065417.581701756
1607065417.681738615
1607065417.781736612
1607065417.881731510
1607065417.981726170
1607065418.081646681
1607065418.181730270
1607065418.281737089
1607065418.381538153
1607065418.481753588
1607065418.581703424
1607065418.681708336
1607065418.781700611
1607065418.881614685
1607065418.981733322
1607065419.081706524
1607065419.181704044
1607065419.281607866
1607065419.381697893
1607065419.481600046
1607065419.581598282
1607065419.681553125
1607065419.781703234
1607065419.881714106
1607065419.981562376
1607065420.081706762
1607065420.181702614
1607065420.281762838
1607065420.381588936
1607065420.481595278
1607065420.581727505
1607065420.681735516
1607065420.781729937
1607065420.881735325
1607065420.981722832
1607065421.081607580
1607065421.181724548
1607065421.281712770
1607065421.381700039
1607065421.481705189
1607065421.581700325
1607065421.681707144
1607065421.781701088
1607065421.881710768
1607065421.981603861
1607065422.081676722
1607065422.181704044
1607065422.281713963
1607065422.381609201
1607065422.481711864
1607065422.581703901
1607065422.681680679
1607065422.781557083
1607065422.881609201
1607065422.981691837
1607065423.081738234
1607065423.181730032
1607065423.281723738
1607065423.381735563
1607065423.481628180
1607065423.581610441
1607065423.681737185
1607065423.781732798
1607065423.881717920
1607065423.981657505
1607065424.081711769
1607065424.181704283
1607065424.281706810
1607065424.381552219
1607065424.481712580
1607065424.581705332
1607065424.681705713
1607065424.781701326
1607065424.881709337
1607065424.981682301
1607065425.081585407
1607065425.181579590
1607065425.281707764
1607065425.381702900
1607065425.481709242
1607065425.581579447
1607065425.681720495
1607065425.781733751
1607065425.881734133
1607065425.981730461
1607065426.081709862
1607065426.181732655
1607065426.281735897
1607065426.381734610
1607065426.481733561
1607065426.581715345
1607065426.681612492
1607065426.781706095
1607065426.881705046
1607065426.981719732
1607065427.081707716
1607065427.181703806
1607065427.281683683
1607065427.381703138
1607065427.481594563
1607065427.581701517
1607065427.681704760
1607065427.781684875
1607065427.881587029
1607065427.981543064
1607065428.081715822
1607065428.181708336
1607065428.281614780
1607065428.381698370
1607065428.481713772
1607065428.581702232
1607065428.681715965
1607065428.781729937
1607065428.881615162
1607065428.981626034
1607065429.081605911
1607065429.181727886
1607065429.281718016
1607065429.381514549
1607065429.481705904
1607065429.581603765
1607065429.681712389
1607065429.781580448
1607065429.881591797
1607065429.981706381
1607065430.081709862
1607065430.181590080
1607065430.281591654
1607065430.381704569
1607065430.481712818
1607065430.581579685
1607065430.681595087
1607065430.781726360
1607065430.881588697
1607065430.981607437
1607065431.081585646
1607065431.181578875
1607065431.281730652
1607065431.381702662
1607065431.481626749
1607065431.581610918
1607065431.681734324
1607065431.781727791
1607065431.881627083
1607065431.981640816
1607065432.081615925
1607065432.181702614
1607065432.281629086
1607065432.381503105
1607065432.481610298
1607065432.581578493
1607065432.681590796
1607065432.781580448
1607065432.881559372
1607065432.981542587
1607065433.081684113
1607065433.181703568
1607065433.281708241
1607065433.381696939
1607065433.481693268
1607065433.581681013
1607065433.681568384
1607065433.781675339
1607065433.881550550
1607065433.981723785
1607065434.081554890
1607065434.181587458
1607065434.281640768
1607065434.381607294
1607065434.481617928
1607065434.581598759
1607065434.681635141
1607065434.781715870
1607065434.881578445
1607065434.981601954
1607065435.081507683
1607065435.181601048
1607065435.281709194
1607065435.381614447
1607065435.481614113
1607065435.581594229
1607065435.681712866
1607065435.781702995
1607065435.881548882
1607065435.981644869
1607065436.081598520
1607065436.181702375
1607065436.281525373
1607065436.381518602
1607065436.481734514
1607065436.581617355
1607065436.681597233
1607065436.781517744
1607065436.881737709
1607065436.981730461
1607065437.081736803
1607065437.181643009
1607065437.281613350
1607065437.381608725
1607065437.481710672
1607065437.581712246
1607065437.681599140
1607065437.781585217
1607065437.881606340
1607065437.981707335
1607065438.081589460
1607065438.181702852
1607065438.281709909
1607065438.381702185
1607065438.481694460
1607065438.581552267
1607065438.681591749
1607065438.781704426
1607065438.881707191
1607065438.981487513
1607065439.081551552
1607065439.181726694
1607065439.281739473
1607065439.381728649
1607065439.481606245
1607065439.581631184
1607065439.681763411
1607065439.781734228
1607065439.881678820
1607065439.981647253
1607065440.081620693
1607065440.181704044
1607065440.281705618
1607065440.381519079
1607065440.481707811
1607065440.581707716
1607065440.681579351
1607065440.781614304
1607065440.881672621
1607065440.981705904
1607065441.081689358
1607065441.181700468
1607065441.281526804
1607065441.381600857
1607065441.481682777
1607065441.581694126
1607065441.681619644
1607065441.781681061
1607065441.881735802
1607065441.981699705
1607065442.081730366
1607065442.181590796
1607065442.281736374
1607065442.381762028
1607065442.481738806
1607065442.581602812
1607065442.681616545
1607065442.781701326
1607065442.881708145
1607065442.981578588
1607065443.081604481
1607065443.181701183
1607065443.281670570
1607065443.381518364
1607065443.481708527
1607065443.581699848
1607065443.681708097
1607065443.781599998
1607065443.881586790
1607065443.981618881
1607065444.081628799
1607065444.181702614
1607065444.281605721
1607065444.381676435
1607065444.481738329
1607065444.581581831
1607065444.681736708
1607065444.781616688
1607065444.881625652
1607065444.981610298
1607065445.081615925
1607065445.181716204
1607065445.281713963
1607065445.381707668
1607065445.481614113
1607065445.581569433
1607065445.681708813
1607065445.781707048
1607065445.881601095
1607065445.981569052
1607065446.081586599
1607065446.181685925
1607065446.281710386
1607065446.381710291
1607065446.481714249
1607065446.581703663
1607065446.681708097
1607065446.781548023
1607065446.881618738
1607065446.981553078
1607065447.081709862
1607065447.181732655
1607065447.281740427
1607065447.381697416
1607065447.481736183
1607065447.581731558
1607065447.681617737
1607065447.781727791
1607065447.881733894
1607065447.981698513
1607065448.081612587
1607065448.181607008
1607065448.281705141
1607065448.381701708
1607065448.481600046
1607065448.581665277
1607065448.681710958
1607065448.781705379
1607065448.881706953
1607065448.981703281
1607065449.081707239
1607065449.181615591
1607065449.281711340
1607065449.381700754
1607065449.481706858
1607065449.581702709
1607065449.681706429
1607065449.781682968
1607065449.881736755
1607065449.981735468
1607065450.081735373
1607065450.181729317
1607065450.281725168
1607065450.381605625
1607065450.481548071
1607065450.581729174
1607065450.681725979
1607065450.781644106
1607065450.881706238
1607065450.981569529
1607065451.081716299
1607065451.181620836
1607065451.281706333
1607065451.381694317
1607065451.481709003
1607065451.581520081
1607065451.681702375
1607065451.781705141
1607065451.881707191
1607065451.981662512
1607065452.081707954
1607065452.181702137
1607065452.281706333
1607065452.381701946
1607065452.481751442
1607065452.581722975
1607065452.681731701
1607065452.781725407
1607065452.881608725
1607065452.981541872
1607065453.081714869
1607065453.181726694
1607065453.281623602
1607065453.381620884
1607065453.481707573
1607065453.581705570
1607065453.681702614
1607065453.781701326
1607065453.881607294
1607065453.981585026
1607065454.081708670
1607065454.181730270
1607065454.281707287
1607065454.381707430
1607065454.481708050
1607065454.581699848
1607065454.681592703
1607065454.781725407
1607065454.881709576
1607065454.981576681
1607065455.081711531
1607065455.181731701
1607065455.281597137
1607065455.381581068
1607065455.481735945
1607065455.581578255
1607065455.681735039
1607065455.781604767
1607065455.881612301
1607065455.981677771
1607065456.081714869
1607065456.181636333
1607065456.281707525
1607065456.381700277
1607065456.481592655
1607065456.581700087
1607065456.681706667
1607065456.781702757
1607065456.881704569
1607065456.981576681
1607065457.081595659
1607065457.181703091
1607065457.281679630
1607065457.381490469
1607065457.481707096
1607065457.581707001
1607065457.681705475
1607065457.781488657
1607065457.881620169
1607065457.981750727
1607065458.081734180
1607065458.181727648
1607065458.281656742
1607065458.381606817
1607065458.481732845
1607065458.581728458
1607065458.681633472
1607065458.781706333
1607065458.881616592
1607065458.981651068
1607065459.081709862
1607065459.181700706
1607065459.281710625
1607065459.381704092
1607065459.481708050
1607065459.581527472
1607065459.681707144
1607065459.781700850
1607065459.881706953
1607065459.981621027
1607065460.081604481
1607065460.181703091
1607065460.281697989
1607065460.381585598
1607065460.481586218
1607065460.581577063
1607065460.681589842
1607065460.781574249
1607065460.881572723
1607065460.981608391
1607065461.081617832
1607065461.181509018
1607065461.281640768
1607065461.381611824
1607065461.481595755
1607065461.581606865
1607065461.681618929
1607065461.781573534
1607065461.881566763
1607065461.981493235
1607065462.081557274
1607065462.181548834
1607065462.281560421
1607065462.381550074
1607065462.481603622
1607065462.581730843
1607065462.681702614
1607065462.781679869
1607065462.881705999
1607065462.981531382
1607065463.081612825
1607065463.181693077
1607065463.281597376
1607065463.381715536
1607065463.481718540
1607065463.581708670
1607065463.681718111
1607065463.781687498
1607065463.881625414
1607065463.981677532
1607065464.081715822
1607065464.181632280
1607065464.281616688
1607065464.381703854
1607065464.481589079
1607065464.581727982
1607065464.681731224
1607065464.781585693
1607065464.881748915
1607065464.981597185
1607065465.081518888
1607065465.181703091
1607065465.281706333
1607065465.381603479
1607065465.481713295
1607065465.581599712
1607065465.681708336
1607065465.781737089
1607065465.881714106
1607065465.981709480
1607065466.081703901
1607065466.181706667
1607065466.281704903
1607065466.381552458
1607065466.481709957
1607065466.581704140
1607065466.681690216
1607065466.781703472
1607065466.881708145
1607065466.981724977
1607065467.081705570
1607065467.181702614
1607065467.281612873
1607065467.381705046
1607065467.481712580
1607065467.581701756
1607065467.681711912
1607065467.781707048
1607065467.881552219
1607065467.981603622
1607065468.081599951
1607065468.181730270
1607065468.281733990
1607065468.381725550
1607065468.481559277
1607065468.581729412
1607065468.681614637
1607065468.781731606
1607065468.881734610
1607065468.981715918
1607065469.081592083
1607065469.181636333
1607065469.281706095
1607065469.381585360
1607065469.481602192
1607065469.581706762
1607065469.681696177
1607065469.781700611
1607065469.881707191
1607065469.981525898
1607065470.081707954
1607065470.181699514
1607065470.281701803
1607065470.381590605
1607065470.481707811
1607065470.581698179
1607065470.681709051
1607065470.781720877
1607065470.881715059
1607065470.981761932
1607065471.081583261
1607065471.181735754
1607065471.281738758
1607065471.381733179
1607065471.481706619
1607065471.581730366
1607065471.681719303
1607065471.781606197
1607065471.881708145
1607065471.981619835
1607065472.081604719
1607065472.181725502
1607065472.281708956
1607065472.381702185
1607065472.481706142
1607065472.581591845
1607065472.681709290
1607065472.781707525
1607065472.881709576
1607065472.981704235
1607065473.081559896
1607065473.181701183
1607065473.281712055
1607065473.381704807
1607065473.481736183
1607065473.581726551
1607065473.681581497
1607065473.781730890
1607065473.881617785
1607065473.981727839
1607065474.081732512
1607065474.181733608
1607065474.281761885
1607065474.381710291
1607065474.481712341
1607065474.581700087
1607065474.681706190
1607065474.781700134
1607065474.881626368
1607065474.981725693
1607065475.081712961
1607065475.181701899
1607065475.281619072
1607065475.381581306
1607065475.481709242
1607065475.581703186
1607065475.681600571
1607065475.781701803
