1607064535.760995626
1607064535.861301899
1607064535.961617231
1607064536.061926603
1607064536.162232637
1607064536.262552738
1607064536.362901211
1607064536.463208199
1607064536.563515425
1607064536.663807631
1607064536.764118195
1607064536.864389181
1607064536.964718819
1607064537.065023661
1607064537.165329218
1607064537.265636206
1607064537.365923166
1607064537.466228247
1607064537.566476345
1607064537.666786194
1607064537.767121315
1607064537.867331505
1607064537.967635632
1607064538.067937374
1607064538.168245316
1607064538.268452644
1607064538.368755579
1607064538.469057322
1607064538.569364309
1607064538.669671297
1607064538.769978762
1607064538.870194674
1607064538.970494986
1607064539.070829868
1607064539.171136379
1607064539.271442890
1607064539.371760368
1607064539.472034454
1607064539.572339296
1607064539.672642946
1607064539.772954226
1607064539.873263836
1607064539.973564148
1607064540.073834419
1607064540.174150944
1607064540.274460793
1607064540.374766588
1607064540.475074053
1607064540.575382471
1607064540.675717354
1607064540.776023149
1607064540.876327753
1607064540.976633310
1607064541.076939821
1607064541.177276373
1607064541.277579069
1607064541.377884388
1607064541.478190184
1607064541.578462362
1607064541.678758860
1607064541.779058933
1607064541.879368544
1607064541.979671717
1607064542.080008745
1607064542.180322647
1607064542.280550718
1607064542.380780220
1607064542.480979204
1607064542.581154108
1607064542.681330204
1607064542.781530142
1607064542.881835699
1607064542.981978655
1607064543.082230091
1607064543.182506561
1607064543.282807827
1607064543.383084774
1607064543.483361959
1607064543.583645344
1607064543.683924675
1607064543.784114838
1607064543.884418011
1607064543.984697104
1607064544.084977150
1607064544.185258865
1607064544.285398960
1607064544.385707378
1607064544.485993385
1607064544.586278677
1607064544.686565161
1607064544.786881208
1607064544.887171268
1607064544.987469673
1607064545.087764502
1607064545.188059807
1607064545.288352251
1607064545.388645411
1607064545.488936901
1607064545.589269161
1607064545.689569950
1607064545.789873123
1607064545.890078068
1607064545.990290403
1607064546.090623379
1607064546.190927982
1607064546.291233540
1607064546.391535282
1607064546.491806507
1607064546.592108965
1607064546.692418814
1607064546.792724848
1607064546.893032074
1607064546.993334770
1607064547.093630791
1607064547.193899632
1607064547.294201136
1607064547.394484282
1607064547.494790077
1607064547.595098734
1607064547.695410728
1607064547.795714378
1607064547.896018505
1607064547.996223688
1607064548.096529245
1607064548.196830750
1607064548.297130346
1607064548.397444248
1607064548.497775555
1607064548.598078251
1607064548.698363304
1607064548.798653841
1607064548.898961067
1607064548.999261856
1607064549.099567175
1607064549.199774027
1607064549.300072670
1607064549.400383711
1607064549.500715017
1607064549.601021051
1607064549.701323509
1607064549.801461697
1607064549.901662588
1607064550.001968622
1607064550.102277994
1607064550.202566147
1607064550.302851915
1607064550.403018713
1607064550.503323317
1607064550.603625536
1607064550.703931570
1607064550.804163456
1607064550.904464006
1607064551.004667521
1607064551.104996443
1607064551.205305815
1607064551.305442333
1607064551.405644655
1607064551.505855560
1607064551.606157303
1607064551.706459761
1607064551.806750536
1607064551.906950474
1607064552.007247686
1607064552.107553482
1607064552.207883120
1607064552.308186054
1607064552.408487558
1607064552.508786678
1607064552.609092474
1607064552.709406376
1607064552.809713840
1607064552.909917831
1607064553.010123491
1607064553.110406399
1607064553.210702419
1607064553.311007023
1607064553.411337852
1607064553.511623383
1607064553.611923456
1607064553.712224722
1607064553.812524796
1607064553.912827492
1607064554.013130426
1607064554.113346815
1607064554.213486671
1607064554.313789606
1607064554.413961649
1607064554.514285088
1607064554.614588737
1607064554.714883566
1607064554.815057039
1607064554.915359020
1607064555.015661240
1607064555.115964174
1607064555.216273069
1607064555.316577673
1607064555.416882753
1607064555.517193317
1607064555.617503881
1607064555.717813492
1607064555.818123579
1607064555.918428183
1607064556.018716812
1607064556.119018078
1607064556.219294786
1607064556.319596529
1607064556.419925690
1607064556.520226955
1607064556.620530367
1607064556.720816851
1607064556.821022987
1607064556.921326160
1607064557.021546841
1607064557.121856689
1607064557.222152233
1607064557.322454691
1607064557.422758102
1607064557.523062229
1607064557.623365402
1607064557.723658085
1607064557.823958874
1607064557.924259186
1607064558.024563789
1607064558.124871731
1607064558.225185156
1607064558.325382471
1607064558.425686598
1607064558.526019812
1607064558.626327515
1607064558.726631880
1607064558.826935053
1607064558.927238703
1607064559.027543068
1607064559.127851725
1607064559.228155613
1607064559.328447819
1607064559.428752899
1607064559.529056072
1607064559.629227161
1607064559.729352236
1607064559.829669237
1607064559.929957390
1607064560.030161381
1607064560.130368233
1607064560.230669975
1607064560.330965757
1607064560.431266785
1607064560.531568766
1607064560.631870985
1607064560.732175589
1607064560.832506895
1607064560.932650089
1607064561.032955408
1607064561.133289576
1607064561.233590841
1607064561.333904505
1607064561.434116125
1607064561.534420013
1607064561.634724379
1607064561.735030651
1607064561.835242987
1607064561.935548067
1607064562.035835266
1607064562.136138678
1607064562.236467123
1607064562.336768866
1607064562.437074184
1607064562.537349463
1607064562.637653828
1607064562.737928391
1607064562.838230133
1607064562.938531876
1607064563.038862944
1607064563.139166594
1607064563.239469051
1607064563.339773893
1607064563.440075636
1607064563.540385723
1607064563.640668154
1607064563.740995646
1607064563.841299295
1607064563.941601992
1607064564.041907072
1607064564.142092943
1607064564.242394447
1607064564.342700958
1607064564.443008900
1607064564.543308258
1607064564.643600225
1607064564.743900776
1607064564.844205379
1607064564.944412470
1607064565.044715881
1607064565.145020723
1607064565.245323420
1607064565.345463753
1607064565.445768118
1607064565.546077490
1607064565.646411657
1607064565.746691704
1607064565.846996784
1607064565.947302580
1607064566.047605038
1607064566.147910357
1607064566.248128176
1607064566.348434210
1607064566.448741436
1607064566.549072742
1607064566.649379015
1607064566.749684811
1607064566.849981070
1607064566.950290918
1607064567.050596476
1607064567.150902033
1607064567.251213789
1607064567.351524591
1607064567.451827049
1607064567.552131653
1607064567.652436256
1607064567.752741575
1607064567.853069544
1607064567.953388691
1607064568.053550720
1607064568.153820276
1607064568.254129410
1607064568.354434729
1607064568.454640865
1607064568.554945707
1607064568.655249834
1607064568.755556107
1607064568.855861425
1607064568.956196547
1607064569.056509733
1607064569.156816959
1607064569.257124662
1607064569.357442617
1607064569.457713366
1607064569.557988882
1607064569.658290625
1607064569.758620739
1607064569.858925819
1607064569.959229946
1607064570.059523344
1607064570.159720182
1607064570.259998798
1607064570.360269308
1607064570.460487843
1607064570.560801744
1607064570.661109209
1607064570.761231184
1607064570.861244440
1607064570.961240768
1607064571.061264753
1607064571.161272764
1607064571.261266470
1607064571.361227512
1607064571.461240053
1607064571.561244965
1607064571.661250591
1607064571.761238575
1607064571.861247301
1607064571.961216211
1607064572.061144829
1607064572.161135197
1607064572.261248589
1607064572.361242294
1607064572.461225986
1607064572.561152697
1607064572.661239147
1607064572.761240959
1607064572.861237288
1607064572.961203575
1607064573.061251640
1607064573.161242247
1607064573.261244297
1607064573.361241817
1607064573.461240292
1607064573.561240673
1607064573.661238194
1607064573.761262655
1607064573.861268759
1607064573.961246729
1607064574.061240196
1607064574.161204576
1607064574.261242628
1607064574.361245871
1607064574.461238384
1607064574.561238289
1607064574.661251545
1607064574.761231184
1607064574.861237764
1607064574.961236954
1607064575.061245680
1607064575.161104918
1607064575.261251211
1607064575.361214876
1607064575.461250067
1607064575.561238289
1607064575.661240578
1607064575.761244297
1607064575.861237526
1607064575.961223602
1607064576.061254025
1607064576.161241055
1607064576.261240959
1607064576.361237526
1607064576.461272001
1607064576.561258078
1607064576.661247253
1607064576.761238098
1607064576.861238480
1607064576.961254835
1607064577.061240196
1607064577.161247730
1607064577.261243582
1607064577.361238241
1607064577.461240053
1607064577.561240435
1607064577.661238670
1607064577.761254787
1607064577.861238480
1607064577.961240292
1607064578.061239481
1607064578.161238432
1607064578.261241674
1607064578.361222982
1607064578.461238623
1607064578.561146259
1607064578.661241055
1607064578.761250973
1607064578.861238241
1607064578.961215973
1607064579.061246872
1607064579.161262751
1607064579.261250496
1607064579.361243725
1607064579.461217642
1607064579.561219692
1607064579.661215782
1607064579.761209965
1607064579.861105680
1607064579.961122751
1607064580.061252117
1607064580.161137104
1607064580.261251450
1607064580.361239910
1607064580.461229086
1607064580.561242104
1607064580.661240578
1607064580.761239767
1607064580.861253023
1607064580.961238146
1607064581.061238050
1607064581.161241770
1607064581.261242390
1607064581.361212969
1607064581.461238623
1607064581.561251640
1607064581.661251783
1607064581.761238813
1607064581.861266613
1607064581.961249113
1607064582.061171293
1607064582.161241770
1607064582.261239052
1607064582.361260414
1607064582.461254120
1607064582.561218500
1607064582.661240101
1607064582.761237621
1607064582.861240149
1607064582.961244583
1607064583.061245918
1607064583.161234856
1607064583.261237621
1607064583.361246109
1607064583.461237669
1607064583.561245203
1607064583.661249638
1607064583.761148930
1607064583.861133814
1607064583.961247683
1607064584.061239719
1607064584.161237478
1607064584.261147976
1607064584.361238241
1607064584.461237669
1607064584.561265230
1607064584.661250353
1607064584.761245728
1607064584.861225367
1607064584.961241961
1607064585.061251402
1607064585.161215067
1607064585.261239529
1607064585.361246586
1607064585.461248159
1607064585.561251163
1607064585.661243439
1607064585.761245728
1607064585.861242056
1607064585.961243868
1607064586.061247349
1607064586.161249876
1607064586.261249304
1607064586.361251116
1607064586.461252689
1607064586.561247587
1607064586.661188126
1607064586.761105776
1607064586.861232758
1607064586.961224318
1607064587.061105728
1607064587.161167145
1607064587.261267424
1607064587.361247301
1607064587.461243629
1607064587.561241627
1607064587.661247969
1607064587.761243343
1607064587.861156464
1607064587.961241484
1607064588.061248541
1607064588.161244631
1607064588.261239052
1607064588.361241817
1607064588.461207390
1607064588.561241388
1607064588.661253452
1607064588.761240959
1607064588.861238241
1607064588.961208344
1607064589.061253548
1607064589.161236763
1607064589.261239052
1607064589.361240625
1607064589.461248398
1607064589.561214447
1607064589.661238432
1607064589.761244059
1607064589.861269951
1607064589.961256027
1607064590.061237097
1607064590.161229849
1607064590.261247635
1607064590.361251831
1607064590.461240292
1607064590.561238766
1607064590.661239147
1607064590.761150837
1607064590.861238718
1607064590.961241007
1607064591.061246157
1607064591.161250591
1607064591.261206865
1607064591.361238956
1607064591.461238861
1607064591.561242342
1607064591.661103249
1607064591.761250496
1607064591.861109972
1607064591.961237669
1607064592.061103821
1607064592.161252975
1607064592.261245012
1607064592.361102819
1607064592.461241961
1607064592.561272383
1607064592.661259413
1607064592.761246204
1607064592.861240625
1607064592.961131811
1607064593.061234713
1607064593.161243200
1607064593.261244297
1607064593.361248255
1607064593.461239576
1607064593.561242342
1607064593.661224842
1607064593.761146784
1607064593.861237526
1607064593.961244822
1607064594.061246634
1607064594.161146402
1607064594.261220932
1607064594.361251116
1607064594.461240292
1607064594.561238050
1607064594.661240816
1607064594.761240721
1607064594.861228704
1607064594.961239815
1607064595.061248541
1607064595.161240816
1607064595.261152744
1607064595.361254454
1607064595.461234808
1607064595.561239958
1607064595.661242723
1607064595.761241198
1607064595.861243248
1607064595.961229324
1607064596.061243534
1607064596.161243916
1607064596.261238337
1607064596.361241817
1607064596.461258411
1607064596.561208963
1607064596.661238432
1607064596.761251926
1607064596.861239672
1607064596.961239100
1607064597.061249256
1607064597.161238194
1607064597.261147022
1607064597.361240387
1607064597.461241722
1607064597.561241150
1607064597.661249876
1607064597.761238575
1607064597.861243486
1607064597.961267471
1607064598.061253309
1607064598.161237955
1607064598.261247158
1607064598.361248970
1607064598.461238623
1607064598.561237812
1607064598.661240101
1607064598.761242628
1607064598.861204147
1607064598.961239815
1607064599.061242342
1607064599.161245584
1607064599.261237383
1607064599.361238956
1607064599.461237192
1607064599.561247349
1607064599.661238670
1607064599.761240005
1607064599.861240625
1607064599.961146116
1607064600.061245918
1607064600.161241055
1607064600.261244059
1607064600.361147642
1607064600.461241245
1607064600.561240435
1607064600.661251783
1607064600.761256933
1607064600.861246109
1607064600.961241007
1607064601.061240435
1607064601.161240578
1607064601.261234999
1607064601.361248732
1607064601.461254358
1607064601.561242104
1607064601.661243200
1607064601.761248589
1607064601.861245871
1607064601.961238861
1607064602.061244965
1607064602.161227226
1607064602.261245966
1607064602.361248016
1607064602.461218596
1607064602.561238050
1607064602.661245823
1607064602.761238098
1607064602.861244440
1607064602.961217642
1607064603.061255932
1607064603.161241293
1607064603.261267424
1607064603.361265182
1607064603.461256266
1607064603.561230659
1607064603.661238909
1607064603.761239052
1607064603.861112833
1607064603.961241484
1607064604.061245680
1607064604.161239386
1607064604.261236668
1607064604.361241102
1607064604.461228132
1607064604.561238289
1607064604.661206961
1607064604.761248827
1607064604.861257792
1607064604.961238384
1607064605.061240673
1607064605.161248922
1607064605.261250496
1607064605.361230850
1607064605.461243868
1607064605.561246395
1607064605.661238432
1607064605.761152744
1607064605.861241817
1607064605.961264610
1607064606.061262131
1607064606.161105156
1607064606.261237621
1607064606.361250639
1607064606.461122751
1607064606.561251163
1607064606.661238194
1607064606.761147976
1607064606.861146450
1607064606.961148024
1607064607.061204672
1607064607.161170721
1607064607.261240482
1607064607.361247063
1607064607.461238623
1607064607.561206579
1607064607.661240816
1607064607.761238813
1607064607.861240387
1607064607.961103678
1607064608.061251402
1607064608.161233664
1607064608.261255503
1607064608.361245394
1607064608.461241484
1607064608.561239243
1607064608.661263943
1607064608.761072159
1607064608.861251593
1607064608.961242199
1607064609.061246395
1607064609.161242723
1607064609.261240005
1607064609.361232758
1607064609.461240292
1607064609.561237335
1607064609.661247015
1607064609.761239052
1607064609.861248255
1607064609.961238146
1607064610.061238527
1607064610.161237240
1607064610.261239767
1607064610.361238480
1607064610.461250544
1607064610.561158180
1607064610.661237717
1607064610.761238813
1607064610.861241579
1607064610.961240530
1607064611.061238527
1607064611.161208868
1607064611.261238098
1607064611.361265898
1607064611.461256266
1607064611.561245203
1607064611.661239147
1607064611.761241913
1607064611.861244678
1607064611.961240292
1607064612.061248541
1607064612.161239386
1607064612.261239290
1607064612.361207008
1607064612.461243629
1607064612.561238527
1607064612.661238909
1607064612.761247635
1607064612.861241817
1607064612.961238384
1607064613.061238289
1607064613.161238432
1607064613.261243105
1607064613.361243010
1607064613.461111546
1607064613.561252832
1607064613.661252737
1607064613.761239290
1607064613.861238241
1607064613.961239815
1607064614.061266661
1607064614.161251545
1607064614.261242151
1607064614.361246347
1607064614.461239338
1607064614.561238527
1607064614.661218405
1607064614.761239529
1607064614.861227512
1607064614.961235285
1607064615.061251879
1607064615.161246538
1607064615.261239052
1607064615.361237526
1607064615.461246014
1607064615.561238527
1607064615.661238670
1607064615.761204720
1607064615.861108303
1607064615.961237192
1607064616.061239481
1607064616.161239386
1607064616.261241436
1607064616.361233711
1607064616.461238146
1607064616.561239719
1607064616.661257744
1607064616.761248827
1607064616.861240149
1607064616.961221457
1607064617.061241627
1607064617.161250591
1607064617.261242867
1607064617.361234426
1607064617.461246252
1607064617.561230183
1607064617.661263227
1607064617.761262178
1607064617.861245155
1607064617.961238623
1607064618.061249256
1607064618.161223173
1607064618.261238813
1607064618.361225367
1607064618.461244583
1607064618.561239243
1607064618.661165714
1607064618.761241198
1607064618.861241579
1607064618.961214542
1607064619.061241150
1607064619.161239386
1607064619.261238098
1607064619.361211777
1607064619.461238623
1607064619.561242819
1607064619.661238432
1607064619.761249304
1607064619.861240149
1607064619.961239100
1607064620.061237574
1607064620.161239624
1607064620.261243820
1607064620.361078024
1607064620.461239815
1607064620.561249495
1607064620.661239862
1607064620.761240482
1607064620.861238718
1607064620.961216211
1607064621.061243057
1607064621.161242962
1607064621.261242390
1607064621.361252785
1607064621.461241484
1607064621.561205864
1607064621.661266804
1607064621.761252165
1607064621.861240625
1607064621.961240053
1607064622.061254978
1607064622.161115170
1607064622.261249781
1607064622.361240387
1607064622.461245060
1607064622.561239481
1607064622.661104202
1607064622.761246204
1607064622.861228943
1607064622.961247444
1607064623.061251879
1607064623.161243916
1607064623.261242151
1607064623.361245871
1607064623.461238623
1607064623.561086655
1607064623.661259413
1607064623.761105537
1607064623.861134291
1607064623.961225748
1607064624.061243773
1607064624.161223650
1607064624.261149406
1607064624.361104727
1607064624.461249590
1607064624.561239958
1607064624.661246777
1607064624.761249304
1607064624.861238003
1607064624.961238861
1607064625.061239481
1607064625.161240101
1607064625.261153936
1607064625.361239672
1607064625.461238146
1607064625.561245441
1607064625.661103964
1607064625.761243582
1607064625.861234188
1607064625.961240292
1607064626.061250448
1607064626.161248207
1607064626.261245728
1607064626.361194134
1607064626.461243153
1607064626.561105728
1607064626.661249638
1607064626.761237621
1607064626.861245394
1607064626.961158276
1607064627.061271429
1607064627.161264181
1607064627.261240482
1607064627.361239910
1607064627.461158514
1607064627.561227560
1607064627.661235809
1607064627.761229277
1607064627.861103058
1607064627.961231470
1607064628.061205626
1607064628.161215305
1607064628.261211634
1607064628.361135006
1607064628.461106539
1607064628.561251402
1607064628.661153316
1607064628.761156082
1607064628.861241341
1607064628.961239338
1607064629.061241865
1607064629.161252975
1607064629.261236191
1607064629.361236811
1607064629.461240530
1607064629.561240435
1607064629.661263227
1607064629.761234999
1607064629.861246109
1607064629.961244106
1607064630.061250210
1607064630.161241770
1607064630.261240244
1607064630.361152649
1607064630.461242437
1607064630.561243773
1607064630.661238432
1607064630.761237621
1607064630.861239195
1607064630.961237431
1607064631.061151028
1607064631.161242247
1607064631.261244059
1607064631.361240149
1607064631.461237669
1607064631.561238289
1607064631.661214590
1607064631.761253595
1607064631.861239910
1607064631.961240530
1607064632.061238527
1607064632.161239862
1607064632.261126995
1607064632.361268044
1607064632.461261272
1607064632.561182737
1607064632.661249638
1607064632.761250496
1607064632.861240864
1607064632.961236954
1607064633.061251879
1607064633.161239624
1607064633.261238098
1607064633.361238241
1607064633.461257935
1607064633.561263800
1607064633.661241055
1607064633.761237621
1607064633.861088514
1607064633.961238146
1607064634.061245203
1607064634.161237001
1607064634.261242867
1607064634.361242294
1607064634.461241722
1607064634.561238050
1607064634.661246300
1607064634.761100292
1607064634.861237764
1607064634.961239815
1607064635.061272621
1607064635.161256075
1607064635.261255026
1607064635.361227036
1607064635.461237669
1607064635.561240911
1607064635.661244154
1607064635.761243582
