1607064745.764647007
1607064745.864985704
1607064745.965296030
1607064746.065608263
1607064746.165936470
1607064746.266247034
1607064746.366448879
1607064746.466744423
1607064746.567057133
1607064746.667373180
1607064746.767549753
1607064746.867846251
1607064746.968156815
1607064747.068463087
1607064747.168636799
1607064747.268947840
1607064747.369251966
1607064747.469562292
1607064747.569869518
1607064747.670176983
1607064747.770489931
1607064747.870827913
1607064747.971126080
1607064748.071325779
1607064748.171638489
1607064748.271945000
1607064748.372253656
1607064748.472541571
1607064748.572836161
1607064748.673178434
1607064748.773486853
1607064748.873793364
1607064748.973953724
1607064749.074258804
1607064749.174565315
1607064749.274911642
1607064749.375225782
1607064749.475558281
1607064749.575847626
1607064749.676155090
1607064749.776464701
1607064749.876676083
1607064749.976991653
1607064750.077182055
1607064750.177490950
1607064750.277711153
1607064750.378024340
1607064750.478332520
1607064750.578639030
1607064750.678955078
1607064750.779175282
1607064750.879477978
1607064750.979782581
1607064751.080079317
1607064751.180296659
1607064751.280502796
1607064751.380831480
1607064751.481137753
1607064751.581459045
1607064751.681764126
1607064751.781977892
1607064751.882287502
1607064751.982571125
1607064752.082781315
1607064752.183090210
1607064752.283398151
1607064752.383703947
1607064752.484010935
1607064752.584316254
1607064752.684690237
1607064752.784987211
1607064752.885294676
1607064752.985492229
1607064753.085771084
1607064753.186078072
1607064753.286386490
1607064753.386598110
1607064753.486904860
1607064753.587214231
1607064753.687523842
1607064753.787849903
1607064753.888164043
1607064753.988471746
1607064754.088782072
1607064754.189089537
1607064754.289304018
1607064754.389590502
1607064754.489942551
1607064754.590275049
1607064754.690584183
1607064754.790892363
1607064754.891202450
1607064754.991507769
1607064755.091816902
1607064755.192018986
1607064755.292327642
1607064755.392663717
1607064755.492954969
1607064755.593260288
1607064755.693475723
1607064755.793783903
1607064755.894093275
1607064755.994367361
1607064756.094636917
1607064756.194934368
1607064756.295239210
1607064756.395546436
1607064756.495739937
1607064756.596068621
1607064756.696374893
1607064756.796681166
1607064756.896986246
1607064756.997195959
1607064757.097491264
1607064757.197796106
1607064757.298071861
1607064757.398255110
1607064757.498542786
1607064757.598838329
1607064757.699142456
1607064757.799445391
1607064757.899750948
1607064758.000057220
1607064758.100366592
1607064758.200699091
1607064758.301003933
1607064758.401311398
1607064758.501620531
1607064758.601802111
1607064758.702108145
1607064758.802396059
1607064758.902706146
1607064759.003003120
1607064759.103307247
1607064759.203450680
1607064759.303755999
1607064759.404062033
1607064759.504367590
1607064759.604695797
1607064759.705000162
1607064759.805283308
1607064759.905595303
1607064760.005904436
1607064760.106209517
1607064760.206514835
1607064760.306841612
1607064760.407143116
1607064760.507451296
1607064760.607756138
1607064760.708063841
1607064760.808367968
1607064760.908669472
1607064761.008977175
1607064761.109282494
1607064761.209590435
1607064761.309899330
1607064761.410070181
1607064761.510380745
1607064761.610683918
1607064761.710988283
1607064761.811295033
1607064761.911507607
1607064762.011825085
1607064762.112128735
1607064762.212435722
1607064762.312741041
1607064762.413048267
1607064762.513324261
1607064762.613633871
1607064762.713907242
1607064762.814213753
1607064762.914520264
1607064763.014806032
1607064763.115110159
1607064763.215447187
1607064763.315752029
1607064763.416059256
1607064763.516363859
1607064763.616666794
1607064763.716971159
1607064763.817311525
1607064763.917617083
1607064764.017921686
1607064764.118090630
1607064764.218394756
1607064764.318700790
1607064764.419003963
1607064764.519285917
1607064764.619579792
1607064764.719889641
1607064764.820221663
1607064764.920527697
1607064765.020831585
1607064765.121136427
1607064765.221458197
1607064765.321762800
1607064765.421990633
1607064765.522273540
1607064765.622605324
1607064765.722893238
1607064765.823065758
1607064765.923383713
1607064766.023689270
1607064766.123979330
1607064766.224261045
1607064766.324546099
1607064766.424850702
1607064766.525161743
1607064766.625354767
1607064766.725528479
1607064766.825832129
1607064766.926134825
1607064767.026442289
1607064767.126747608
1607064767.226919174
1607064767.327211857
1607064767.427515507
1607064767.527820587
1607064767.628133774
1607064767.728452444
1607064767.828724384
1607064767.929026604
1607064768.029330969
1607064768.129622936
1607064768.229928732
1607064768.330237150
1607064768.430547714
1607064768.530734539
1607064768.631041050
1607064768.731349945
1607064768.831654310
1607064768.931983948
1607064769.032289982
1607064769.132598639
1607064769.232905388
1607064769.333219528
1607064769.433390141
1607064769.533656597
1607064769.633972645
1607064769.734256983
1607064769.834563732
1607064769.934870005
1607064770.035194874
1607064770.135501623
1607064770.235808849
1607064770.335985422
1607064770.436292171
1607064770.536598682
1607064770.636877537
1607064770.737186193
1607064770.837499857
1607064770.937798023
1607064771.038075686
1607064771.138278008
1607064771.238593578
1607064771.338904142
1607064771.439179659
1607064771.539487839
1607064771.639709473
1607064771.740019083
1607064771.840324879
1607064771.940634489
1607064772.040946484
1607064772.141261101
1607064772.241435766
1607064772.341649771
1607064772.441849232
1607064772.542025566
1607064772.642193556
1607064772.742399693
1607064772.842566013
1607064772.942779303
1607064773.043024063
1607064773.143293858
1607064773.243487597
1607064773.343722582
1607064773.443893671
1607064773.544063807
1607064773.644279957
1607064773.744518995
1607064773.844748020
1607064773.944988489
1607064774.045236111
1607064774.145479679
1607064774.245668888
1607064774.345879078
1607064774.446145773
1607064774.546416283
1607064774.646687269
1607064774.746990204
1607064774.847269773
1607064774.947577000
1607064775.047866106
1607064775.148153067
1607064775.248441935
1607064775.348729610
1607064775.449018955
1607064775.549312115
1607064775.649480820
1607064775.749752045
1607064775.850045204
1607064775.950329065
1607064776.050626278
1607064776.150933743
1607064776.251241922
1607064776.351556063
1607064776.451859713
1607064776.552053928
1607064776.652265310
1607064776.752494335
1607064776.852700949
1607064776.953006268
1607064777.053356886
1607064777.153499603
1607064777.253712893
1607064777.353925943
1607064777.454134464
1607064777.554345608
1607064777.654518843
1607064777.754808426
1607064777.855021954
1607064777.955326080
1607064778.055653572
1607064778.155957937
1607064778.256241798
1607064778.356544971
1607064778.456849575
1607064778.557164669
1607064778.657346249
1607064778.757489920
1607064778.857693434
1607064778.957914352
1607064779.058131933
1607064779.158345699
1607064779.258636475
1607064779.358943462
1607064779.459244490
1607064779.559554338
1607064779.659862041
1607064779.760167837
1607064779.860471249
1607064779.960682869
1607064780.060985327
1607064780.161297083
1607064780.261439085
1607064780.361646414
1607064780.461858749
1607064780.562078238
1607064780.662294865
1607064780.762610674
1607064780.862905502
1607064780.963208199
1607064781.063481569
1607064781.163789749
1607064781.264102936
1607064781.364408493
1607064781.464737177
1607064781.564895153
1607064781.664892912
1607064781.764891148
1607064781.864894629
1607064781.964887619
1607064782.064893246
1607064782.164892197
1607064782.264890432
1607064782.364889860
1607064782.464889050
1607064782.564890146
1607064782.664885283
1607064782.764864206
1607064782.864882708
1607064782.964797497
1607064783.064768553
1607064783.164794683
1607064783.264796734
1607064783.364723444
1607064783.464879036
1607064783.564922333
1607064783.664912462
1607064783.764896870
1607064783.864890575
1607064783.964889288
1607064784.064889669
1607064784.164896488
1607064784.264894724
1607064784.364892244
1607064784.464894295
1607064784.564884663
1607064784.664896727
1607064784.764888525
1607064784.864794016
1607064784.964890957
1607064785.064789534
1607064785.164898157
1607064785.264757395
1607064785.364891768
1607064785.464793444
1607064785.564900637
1607064785.664890528
1607064785.764892340
1607064785.864893913
1607064785.964893818
1607064786.064857006
1607064786.164871693
1607064786.264918804
1607064786.364906073
1607064786.464896917
1607064786.564889908
1607064786.664894104
1607064786.764878750
1607064786.864892483
1607064786.964894056
1607064787.064893961
1607064787.164889812
1607064787.264895201
1607064787.364882708
1607064787.464900017
1607064787.564888716
1607064787.664894104
1607064787.764891386
1607064787.864891768
1607064787.964889050
1607064788.064895868
1607064788.164895773
1607064788.264891624
1607064788.364896536
1607064788.464894533
1607064788.564908266
1607064788.664890289
1607064788.764890909
1607064788.864918470
1607064788.964918613
1607064789.064903736
1607064789.164883852
1607064789.264889002
1607064789.364892483
1607064789.464892626
1607064789.564892530
1607064789.664897203
1607064789.764794350
1607064789.864760637
1607064789.964894295
1607064790.064893246
1607064790.164897680
1607064790.264900208
1607064790.364865541
1607064790.464890003
1607064790.564890862
1607064790.664890289
1607064790.764896870
1607064790.864894867
1607064790.964893103
1607064791.064891815
1607064791.164898634
1607064791.264892340
1607064791.364896536
1607064791.464790583
1607064791.564864397
1607064791.664918423
1607064791.764903069
1607064791.864891291
1607064791.964802980
1607064792.064891577
1607064792.164891243
1607064792.264899731
1607064792.364795208
1607064792.464895248
1607064792.564892292
1607064792.664895296
1607064792.764874697
1607064792.864892006
1607064792.964891434
1607064793.064894915
1607064793.164893150
1607064793.264891863
1607064793.364873886
1607064793.464891672
1607064793.564889908
1607064793.664892435
1607064793.764894962
1607064793.864896774
1607064793.964855909
1607064794.064894676
1607064794.164759398
1607064794.264919519
1607064794.364920139
1607064794.464900255
1607064794.564890623
1607064794.664891958
1607064794.764892340
1607064794.864895821
1607064794.964893579
1607064795.064890385
1607064795.164890289
1607064795.264896870
1607064795.364889145
1607064795.464889765
1607064795.564893484
1607064795.664878130
1607064795.764870644
1607064795.865221500
1607064795.964728594
1607064796.064892769
1607064796.164891958
1607064796.264894724
1607064796.364863396
1607064796.464893818
1607064796.564893007
1607064796.664892197
1607064796.764894962
1607064796.864894152
1607064796.964875221
1607064797.064917326
1607064797.164794445
1607064797.264890909
1607064797.364893675
1607064797.464896441
1607064797.564893007
1607064797.664892197
1607064797.764894962
1607064797.864898443
1607064797.964892387
1607064798.064892769
1607064798.164890289
1607064798.264885664
1607064798.364885092
1607064798.464889288
1607064798.564893007
1607064798.664893150
1607064798.764894247
1607064798.864870071
1607064798.964895725
1607064799.064889908
1607064799.164790630
1607064799.264894247
1607064799.364894629
1607064799.464875698
1607064799.564891815
1607064799.664919138
1607064799.764909983
1607064799.864758492
1607064799.964900732
1607064800.064897060
1607064800.164889336
1607064800.264775276
1607064800.364892721
1607064800.464792967
1607064800.564893007
1607064800.664892197
1607064800.764892101
1607064800.864893675
1607064800.964890480
1607064801.064893007
1607064801.164889812
1607064801.264891148
1607064801.364891768
1607064801.464890718
1607064801.564756155
1607064801.664895058
1607064801.764880419
1607064801.864757538
1607064801.964897394
1607064802.064864874
1607064802.164876699
1607064802.264777899
1607064802.364916801
1607064802.464900017
1607064802.564889193
1607064802.664892197
1607064802.764888763
1607064802.864892960
1607064802.964890718
1607064803.064888954
1607064803.164723873
1607064803.264894724
1607064803.364882231
1607064803.464890957
1607064803.564872980
1607064803.664890051
1607064803.764858007
1607064803.864889622
1607064803.964762688
1607064804.064856529
1607064804.164890766
1607064804.264773846
1607064804.364892006
1607064804.464892626
1607064804.564897776
1607064804.664762020
1607064804.764889479
1607064804.864894629
1607064804.964889526
1607064805.064916134
1607064805.164899826
1607064805.264866590
1607064805.364889622
1607064805.464889765
1607064805.564891815
1607064805.664894819
1607064805.764793873
1607064805.864798069
1607064805.964892149
1607064806.064777613
1607064806.164891005
1607064806.264891624
1607064806.364890575
1607064806.464726925
1607064806.564887524
1607064806.664892435
1607064806.764894009
1607064806.864891768
1607064806.964889288
1607064807.064890385
1607064807.164789438
1607064807.264890909
1607064807.364889383
1607064807.464893818
1607064807.564889669
1607064807.664898634
1607064807.764892101
1607064807.864896059
1607064807.964891434
1607064808.064892292
1607064808.164890051
1607064808.264895439
1607064808.364886522
1607064808.464890718
1607064808.564888954
1607064808.664915800
1607064808.764908552
1607064808.864896774
1607064808.964872599
1607064809.064890623
1607064809.164892435
1607064809.264892101
1607064809.364893198
1607064809.464890480
1607064809.564890862
1607064809.664887905
1607064809.764791727
1607064809.864891529
1607064809.964891195
1607064810.064890862
1607064810.164893866
1607064810.264888048
1607064810.364888191
1607064810.464888811
1607064810.564882278
1607064810.664891958
1607064810.764897585
1607064810.864889860
1607064810.964890480
1607064811.064892292
1607064811.164889812
1607064811.264867783
1607064811.364807129
1607064811.464889526
1607064811.564890862
1607064811.664889097
1607064811.764889717
1607064811.864888191
1607064811.964874029
1607064812.064890623
1607064812.164888382
1607064812.264890194
1607064812.364889622
1607064812.464878798
1607064812.564865828
1607064812.664745569
1607064812.764911175
1607064812.864893913
1607064812.964892387
1607064813.064805508
1607064813.164888859
1607064813.264892340
1607064813.364892006
1607064813.464727640
1607064813.564889193
1607064813.664757252
1607064813.764892101
1607064813.864896059
1607064813.964890003
1607064814.064894199
1607064814.164895296
1607064814.264876366
1607064814.364890337
1607064814.464890718
1607064814.564893961
1607064814.664890289
1607064814.764891863
1607064814.864857197
1607064814.964893818
1607064815.064892292
1607064815.164892673
1607064815.264918804
1607064815.364921570
1607064815.464791059
1607064815.564890146
1607064815.664890528
1607064815.764901638
1607064815.864890337
1607064815.964890480
1607064816.064792633
1607064816.164888859
1607064816.264891386
1607064816.364893198
1607064816.464889526
1607064816.564888477
1607064816.664783001
1607064816.764893293
1607064816.864892244
1607064816.964891672
1607064817.064893961
1607064817.164891720
1607064817.264886618
1607064817.364796638
1607064817.464888096
1607064817.564893007
1607064817.664890051
1607064817.764891863
1607064817.864890575
1607064817.964916945
1607064818.064917564
1607064818.164897919
1607064818.264894724
1607064818.364865303
1607064818.464880943
1607064818.564891338
1607064818.664890766
1607064818.764889002
1607064818.864897966
1607064818.964888096
1607064819.064893723
1607064819.164796352
1607064819.264892578
1607064819.364892483
1607064819.464787483
1607064819.564887524
1607064819.664889097
1607064819.764897108
1607064819.864725113
1607064819.964892626
1607064820.064804792
1607064820.164892197
1607064820.264889240
1607064820.364891291
1607064820.464858770
1607064820.564896345
1607064820.664907694
1607064820.764909744
1607064820.864899397
1607064820.964889288
1607064821.064893246
1607064821.164889097
1607064821.264864683
1607064821.364888430
1607064821.464731932
1607064821.564889193
1607064821.664895058
1607064821.764889002
1607064821.864891291
1607064821.964889526
1607064822.064895868
1607064822.164889812
1607064822.264882088
1607064822.364893436
1607064822.464890003
1607064822.564886093
1607064822.664872885
1607064822.764891624
1607064822.864889860
1607064822.964891195
1607064823.064892054
1607064823.164895058
1607064823.264889240
1607064823.364917517
1607064823.464904308
1607064823.564895153
1607064823.664890051
1607064823.764890671
1607064823.864889622
1607064823.964890718
1607064824.064889431
1607064824.164891958
1607064824.264894247
1607064824.364887476
1607064824.464890003
1607064824.564890862
1607064824.664897442
1607064824.764889956
1607064824.864756346
1607064824.964867115
1607064825.064890385
1607064825.164890766
1607064825.264890909
1607064825.364865541
1607064825.464888334
1607064825.564861774
1607064825.664891720
1607064825.764865160
1607064825.864891291
1607064825.964893341
1607064826.064918995
1607064826.164893627
1607064826.264882326
1607064826.364888906
1607064826.464893341
1607064826.564889193
1607064826.664864302
1607064826.764868021
1607064826.864892244
1607064826.964890242
1607064827.064891577
1607064827.164891958
1607064827.264896393
1607064827.364882946
1607064827.464890242
1607064827.564782619
1607064827.664889336
1607064827.764891148
1607064827.864894152
1607064827.964856148
1607064828.064888954
1607064828.164888382
1607064828.264892101
1607064828.364895105
1607064828.464862347
1607064828.564874411
1607064828.664920807
1607064828.764915466
1607064828.864897966
1607064828.964891434
1607064829.064876556
1607064829.164891005
1607064829.264890671
1607064829.364891768
1607064829.464890957
1607064829.564859867
1607064829.664892673
1607064829.764892578
1607064829.864890575
1607064829.964890242
1607064830.064894199
1607064830.164894819
1607064830.264890909
1607064830.364890337
1607064830.464889288
1607064830.564896107
1607064830.664803982
1607064830.764895439
1607064830.864890099
1607064830.964892864
1607064831.064889193
1607064831.164890289
1607064831.264904737
1607064831.364916325
1607064831.464908361
1607064831.564896345
1607064831.664891958
1607064831.764888287
1607064831.864887953
1607064831.964884758
1607064832.064879179
1607064832.164874554
1607064832.264870167
1607064832.364789963
1607064832.464863539
1607064832.564867735
1607064832.664756060
1607064832.764850855
1607064832.864893913
1607064832.964888573
1607064833.064894915
1607064833.164883852
1607064833.264876366
1607064833.364869118
1607064833.464796066
1607064833.564756632
1607064833.664859056
1607064833.764889002
1607064833.864889860
1607064833.964895010
1607064834.064915180
1607064834.164912224
1607064834.264893055
1607064834.364893198
1607064834.464890003
1607064834.564890385
1607064834.664891720
1607064834.764891148
1607064834.864860535
1607064834.964890480
1607064835.064894915
1607064835.164888382
1607064835.264890194
1607064835.364891052
1607064835.464875937
1607064835.564762115
1607064835.664891005
1607064835.764897823
1607064835.864890575
1607064835.964785576
1607064836.064877033
1607064836.164893389
1607064836.264890671
1607064836.364894152
1607064836.464890718
1607064836.564906836
1607064836.664897919
1607064836.764918089
1607064836.864897490
1607064836.964891434
1607064837.064894915
1607064837.164890051
1607064837.264889717
1607064837.364889383
1607064837.464891434
1607064837.564895153
1607064837.664894819
1607064837.764890432
1607064837.864892006
1607064837.964890718
1607064838.064889669
1607064838.164890289
1607064838.264837742
1607064838.364871740
1607064838.464889765
1607064838.564796448
1607064838.664891243
1607064838.764892101
1607064838.864892721
1607064838.964892864
1607064839.064891815
1607064839.164869070
1607064839.264888763
1607064839.364892960
1607064839.464918137
1607064839.564905405
1607064839.664891958
1607064839.764891863
1607064839.864890337
1607064839.964890003
1607064840.064897299
1607064840.164889574
1607064840.264891863
1607064840.364877939
1607064840.464891195
1607064840.564893961
1607064840.664893389
1607064840.764881372
1607064840.864892960
1607064840.964894295
1607064841.064894199
1607064841.164894819
1607064841.264890194
1607064841.364863157
1607064841.464751959
1607064841.564889431
1607064841.664888859
1607064841.764894962
1607064841.864890337
1607064841.964890957
1607064842.064881563
1607064842.164916277
1607064842.264892340
1607064842.364891291
1607064842.464860201
1607064842.564889669
1607064842.664771557
1607064842.764890194
1607064842.864893198
1607064842.964890480
1607064843.064891815
1607064843.164892197
1607064843.264885187
1607064843.364889622
1607064843.464756727
1607064843.564892292
1607064843.664891005
1607064843.764890194
1607064843.864752293
1607064843.964890718
1607064844.064889908
1607064844.164891005
1607064844.264889717
1607064844.364892960
1607064844.464884996
1607064844.564892292
1607064844.664893150
1607064844.764916182
1607064844.864907026
1607064844.964898109
1607064845.064892292
1607064845.164890289
1607064845.264889956
1607064845.364889145
1607064845.464892626
1607064845.564890862
1607064845.664871216
1607064845.764888763
