1607064225.753986359
1607064225.854166269
1607064225.954374552
1607064226.054582596
1607064226.154818058
1607064226.255019903
1607064226.355232000
1607064226.455531120
1607064226.555752277
1607064226.656054258
1607064226.756366253
1607064226.856697798
1607064226.956994057
1607064227.057303190
1607064227.157441378
1607064227.257612944
1607064227.357918262
1607064227.458195210
1607064227.558404207
1607064227.658691406
1607064227.758995056
1607064227.859298706
1607064227.959600687
1607064228.059904575
1607064228.160226345
1607064228.260526180
1607064228.360828876
1607064228.461024284
1607064228.561169147
1607064228.661297083
1607064228.761405468
1607064228.861655474
1607064228.961966515
1607064229.062233686
1607064229.162557602
1607064229.262855053
1607064229.363157511
1607064229.463464260
1607064229.563755274
1607064229.664056063
1607064229.764384747
1607064229.864685535
1607064229.964988232
1607064230.065304756
1607064230.165608406
1607064230.265915155
1607064230.366216898
1607064230.466544390
1607064230.566848278
1607064230.667144299
1607064230.767453671
1607064230.867758512
1607064230.968062639
1607064231.068390369
1607064231.168694258
1607064231.268995762
1607064231.369298220
1607064231.469599724
1607064231.569902420
1607064231.670210361
1607064231.770521164
1607064231.870808840
1607064231.971104383
1607064232.071408987
1607064232.171715021
1607064232.272003174
1607064232.372305155
1607064232.472612619
1607064232.572912693
1607064232.673217297
1607064232.773417711
1607064232.873723030
1607064232.974025011
1607064233.074328661
1607064233.174656153
1607064233.274922848
1607064233.375220776
1607064233.475526810
1607064233.575829744
1607064233.676131248
1607064233.776432037
1607064233.876700163
1607064233.976941109
1607064234.077267885
1607064234.177459955
1607064234.277789593
1607064234.378091812
1607064234.478390932
1607064234.578558683
1607064234.678866148
1607064234.779168129
1607064234.879475594
1607064234.979674816
1607064235.079977512
1607064235.180277824
1607064235.280577421
1607064235.380878687
1607064235.481182098
1607064235.581502199
1607064235.681807995
1607064235.782112360
1607064235.882394791
1607064235.982607603
1607064236.082762480
1607064236.183088541
1607064236.283359766
1607064236.383529186
1607064236.483813763
1607064236.584142447
1607064236.684436560
1607064236.784739017
1607064236.885039091
1607064236.985339403
1607064237.085640669
1607064237.185912132
1607064237.286078215
1607064237.386358976
1607064237.486661673
1607064237.586954117
1607064237.687124491
1607064237.787409067
1607064237.887717009
1607064237.988014936
1607064238.088315010
1607064238.188618422
1607064238.288898468
1607064238.389199257
1607064238.489364862
1607064238.589530230
1607064238.689800024
1607064238.790026188
1607064238.890310287
1607064238.990588188
1607064239.090862036
1607064239.191055059
1607064239.291363478
1607064239.391564369
1607064239.491900444
1607064239.592200518
1607064239.692500830
1607064239.792705536
1607064239.893004894
1607064239.993312120
1607064240.093446255
1607064240.193750143
1607064240.294027328
1607064240.394331455
1607064240.494620800
1607064240.594925165
1607064240.695122957
1607064240.795421362
1607064240.895689249
1607064240.995976925
1607064241.096278429
1607064241.196499825
1607064241.296800613
1607064241.397100925
1607064241.497345686
1607064241.597515821
1607064241.697729349
1607064241.798010826
1607064241.898220778
1607064241.998526573
1607064242.098731518
1607064242.199033499
1607064242.299339771
1607064242.399646282
1607064242.499861240
1607064242.600159883
1607064242.700460196
1607064242.800763130
1607064242.900929451
1607064243.001238108
1607064243.101428032
1607064243.201648235
1607064243.301950693
1607064243.402160168
1607064243.502464771
1607064243.602793455
1607064243.703028917
1607064243.803336143
1607064243.903643608
1607064244.003942966
1607064244.104249954
1607064244.204552650
1607064244.304884434
1607064244.405189991
1607064244.505491734
1607064244.605795860
1607064244.706073523
1607064244.806379080
1607064244.906676292
1607064245.006982088
1607064245.107312918
1607064245.207613945
1607064245.307916880
1607064245.408153057
1607064245.508455038
1607064245.608758450
1607064245.709068775
1607064245.809373379
1607064245.909702778
1607064246.009910583
1607064246.110211849
1607064246.210515738
1607064246.310819626
1607064246.411123037
1607064246.511404991
1607064246.611709833
1607064246.712016582
1607064246.812347651
1607064246.912650108
1607064247.012952566
1607064247.113255024
1607064247.213560820
1607064247.313862801
1607064247.414167166
1607064247.514372826
1607064247.614685297
1607064247.714987516
1607064247.815295219
1607064247.915476561
1607064248.015782833
1607064248.115985155
1607064248.216319799
1607064248.316619873
1607064248.416923046
1607064248.517227173
1607064248.617535353
1607064248.717826366
1607064248.818020344
1607064248.918324471
1607064249.018609524
1607064249.118901491
1607064249.219161034
1607064249.319463968
1607064249.419763327
1607064249.520065784
1607064249.620261669
1607064249.720567465
1607064249.820770264
1607064249.921068907
1607064250.021337509
1607064250.121521235
1607064250.221822262
1607064250.322125435
1607064250.422332048
1607064250.522613287
1607064250.622818470
1607064250.723118305
1607064250.823418856
1607064250.923558950
1607064251.023773909
1607064251.124068022
1607064251.224366903
1607064251.324666500
1607064251.424965143
1607064251.525270700
1607064251.625408173
1607064251.725606918
1607064251.825907946
1607064251.926212311
1607064252.026494503
1607064252.126785755
1607064252.227080107
1607064252.327380419
1607064252.427680731
1607064252.528008461
1607064252.628211021
1607064252.728533506
1607064252.828829765
1607064252.929126024
1607064253.029438496
1607064253.129632711
1607064253.229837656
1607064253.330052376
1607064253.430284739
1607064253.530565500
1607064253.630872965
1607064253.731079102
1607064253.831386805
1607064253.931686878
1607064254.031991005
1607064254.132291079
1607064254.232503891
1607064254.332804441
1607064254.433133841
1607064254.533346653
1607064254.633651257
1607064254.733962297
1607064254.834258080
1607064254.934543133
1607064255.034700394
1607064255.134991169
1607064255.235307455
1607064255.335612297
1607064255.435767889
1607064255.536071301
1607064255.636375189
1607064255.736677170
1607064255.836952209
1607064255.937262774
1607064256.037397623
1607064256.137594938
1607064256.237898827
1607064256.338110685
1607064256.438396692
1607064256.538685799
1607064256.638985872
1607064256.739287376
1607064256.839586258
1607064256.939855576
1607064257.040155411
1607064257.140486479
1607064257.240695953
1607064257.341029882
1607064257.441339731
1607064257.541634321
1607064257.641847134
1607064257.742159367
1607064257.842464924
1607064257.942773819
1607064258.042980433
1607064258.143277168
1607064258.243583679
1607064258.343891621
1607064258.444208145
1607064258.544513464
1607064258.644821405
1607064258.745126724
1607064258.845443487
1607064258.945746183
1607064259.046089649
1607064259.146393299
1607064259.246675253
1607064259.346977711
1607064259.447291374
1607064259.547592640
1607064259.647895813
1607064259.748169184
1607064259.848469734
1607064259.948770761
1607064260.049081326
1607064260.149384737
1607064260.249697924
1607064260.349864721
1607064260.450166941
1607064260.550472498
1607064260.650775433
1607064260.751069546
1607064260.851347923
1607064260.951648235
1607064261.051940680
1607064261.152249336
1607064261.252553463
1607064261.352864265
1607064261.453173399
1607064261.553358793
1607064261.653560638
1607064261.753889322
1607064261.854193211
1607064261.954194546
1607064262.054226160
1607064262.154228687
1607064262.254226446
1607064262.354227066
1607064262.454253197
1607064262.554094076
1607064262.654226303
1607064262.754226923
1607064262.854224920
1607064262.954226017
1607064263.054226160
1607064263.154194832
1607064263.254229546
1607064263.354225874
1607064263.454133987
1607064263.554225206
1607064263.654231548
1607064263.754193544
1607064263.854199886
1607064263.954230309
1607064264.054226398
1607064264.154197693
1607064264.254225492
1607064264.354202509
1607064264.454226017
1607064264.554225922
1607064264.654096603
1607064264.754202127
1607064264.854230881
1607064264.954133987
1607064265.054254293
1607064265.154226780
1607064265.254233599
1607064265.354209423
1607064265.454202890
1607064265.554113865
1607064265.654200554
1607064265.754226446
1607064265.854230165
1607064265.954226017
1607064266.054098129
1607064266.154201746
1607064266.254227877
1607064266.354230642
1607064266.454092264
1607064266.554201365
1607064266.654202223
1607064266.754195452
1607064266.854089737
1607064266.954202890
1607064267.054226637
1607064267.154227018
1607064267.254230738
1607064267.354202986
1607064267.454133511
1607064267.554228067
1607064267.654230595
1607064267.754205227
1607064267.854251623
1607064267.954235077
1607064268.054224491
1607064268.154137135
1607064268.254138231
1607064268.354230404
1607064268.454226732
1607064268.554076672
1607064268.654132605
1607064268.754137516
1607064268.854137182
1607064268.954225779
1607064269.054224968
1607064269.154135227
1607064269.254135609
1607064269.354134321
1607064269.454226255
1607064269.554230690
1607064269.654232025
1607064269.754131794
1607064269.854135275
1607064269.954131365
1607064270.054126263
1607064270.154226065
1607064270.254092932
1607064270.354132414
1607064270.454092503
1607064270.554240704
1607064270.654237270
1607064270.754226208
1607064270.854199409
1607064270.954130888
1607064271.054132700
1607064271.154133320
1607064271.254137278
1607064271.354062796
1607064271.454226017
1607064271.554129362
1607064271.654130697
1607064271.754064322
1607064271.854226112
1607064271.954227924
1607064272.054228067
1607064272.154128551
1607064272.254090309
1607064272.354203701
1607064272.454225063
1607064272.554227829
1607064272.654100418
1607064272.754128695
1607064272.854136467
1607064272.954133034
1607064273.054199219
1607064273.154199600
1607064273.254247189
1607064273.354119778
1607064273.454163074
1607064273.554132700
1607064273.654225349
1607064273.754202604
1607064273.854225397
1607064273.954130888
1607064274.054133654
1607064274.154132366
1607064274.254228830
1607064274.354225636
1607064274.454224825
1607064274.554128885
1607064274.654134512
1607064274.754132986
1607064274.854230881
1607064274.954205275
1607064275.054232836
1607064275.154128551
1607064275.254132986
1607064275.354225159
1607064275.454230070
1607064275.554225922
1607064275.654228926
1607064275.754131556
1607064275.854132891
1607064275.954132557
1607064276.054134369
1607064276.154202461
1607064276.254226208
1607064276.354228973
1607064276.454133511
1607064276.554133654
1607064276.654225826
1607064276.754225731
1607064276.854224682
1607064276.954228640
1607064277.054132462
1607064277.154138088
1607064277.254199028
1607064277.354227781
1607064277.454228640
1607064277.554091692
1607064277.654135942
1607064277.754130840
1607064277.854202509
1607064277.954230070
1607064278.054227352
1607064278.154224873
1607064278.254128695
1607064278.354136467
1607064278.454225302
1607064278.554251432
1607064278.654236317
1607064278.754228830
1607064278.854146004
1607064278.954140425
1607064279.054130316
1607064279.154232264
1607064279.254231691
1607064279.354225636
1607064279.454133034
1607064279.554133892
1607064279.654133558
1607064279.754226208
1607064279.854226828
1607064279.954206228
1607064280.054128408
1607064280.154131413
1607064280.254204988
1607064280.354199409
1607064280.454229832
1607064280.554091215
1607064280.654128551
1607064280.754133224
1607064280.854134321
1607064280.954200983
1607064281.054225922
1607064281.154227018
1607064281.254133701
1607064281.354132891
1607064281.454159975
1607064281.554228544
1607064281.654227734
1607064281.754120350
1607064281.854054928
1607064281.954138279
1607064282.054130554
1607064282.154137611
1607064282.254128456
1607064282.354088306
1607064282.454132557
1607064282.554127216
1607064282.654134274
1607064282.754105806
1607064282.854134798
1607064282.954137564
1607064283.054076910
1607064283.154226065
1607064283.254203081
1607064283.354219437
1607064283.454213858
1607064283.554208279
1607064283.654091358
1607064283.754203558
1607064283.854198456
1607064283.954195976
1607064284.054108858
1607064284.154136896
1607064284.254178524
1607064284.354225874
1607064284.454225540
1607064284.554226398
1607064284.654204845
1607064284.754226208
1607064284.854200363
1607064284.954226494
1607064285.054217815
1607064285.154226542
1607064285.254211426
1607064285.354229927
1607064285.454202175
1607064285.554226160
1607064285.654201984
1607064285.754203081
1607064285.854106426
1607064285.954201221
1607064286.054201126
1607064286.154226065
1607064286.254203796
1607064286.354130030
1607064286.454202652
1607064286.554227114
1607064286.654207230
1607064286.754215240
1607064286.854203701
1607064286.954210758
1607064287.054203987
1607064287.154203176
1607064287.254194736
1607064287.354195118
1607064287.454062700
1607064287.554091215
1607064287.654233217
1607064287.754226446
1607064287.854121685
1607064287.954207182
1607064288.054201841
1607064288.154226303
1607064288.254232168
1607064288.354230881
1607064288.454232931
1607064288.554226875
1607064288.654226780
1607064288.754206657
1607064288.854251146
1607064288.954241514
1607064289.054111958
1607064289.154226780
1607064289.254226685
1607064289.354227543
1607064289.454228640
1607064289.554226160
1607064289.654224873
1607064289.754199982
1607064289.854232073
1607064289.954199791
1607064290.054200888
1607064290.154226542
1607064290.254201412
1607064290.354226351
1607064290.454226255
1607064290.554228544
1607064290.654226542
1607064290.754203320
1607064290.854227304
1607064290.954228401
1607064291.054205656
1607064291.154229164
1607064291.254228115
1607064291.354204178
1607064291.454226017
1607064291.554092169
1607064291.654238224
1607064291.754228354
1607064291.854199409
1607064291.954128742
1607064292.054230213
1607064292.154129267
1607064292.254228592
1607064292.354227781
1607064292.454092979
1607064292.554193735
1607064292.654232025
1607064292.754226446
1607064292.854090929
1607064292.954199076
1607064293.054225445
1607064293.154197931
1607064293.254226208
1607064293.354202747
1607064293.454227686
1607064293.554228067
1607064293.654226542
1607064293.754211187
1607064293.854230881
1607064293.954225302
1607064294.054204464
1607064294.154205322
1607064294.254259348
1607064294.354219198
1607064294.454226255
1607064294.554231167
1607064294.654141426
1607064294.754225731
1607064294.854224920
1607064294.954206467
1607064295.054091692
1607064295.154226542
1607064295.254225731
1607064295.354227781
1607064295.454226255
1607064295.554092169
1607064295.654199839
1607064295.754231215
1607064295.854226351
1607064295.954091787
1607064296.054198742
1607064296.154133081
1607064296.254221678
1607064296.354227066
1607064296.454202175
1607064296.554225922
1607064296.654227018
1607064296.754228115
1607064296.854223728
1607064296.954251528
1607064297.054224014
1607064297.154227972
1607064297.254203796
1607064297.354225636
1607064297.454224586
1607064297.554226398
1607064297.654231548
1607064297.754125834
1607064297.854226112
1607064297.954230309
1607064298.054217577
1607064298.154208899
1607064298.254227877
1607064298.354225636
1607064298.454200029
1607064298.554206848
1607064298.654202461
1607064298.754225731
1607064298.854226589
1607064298.954225540
1607064299.054204464
1607064299.154206991
1607064299.254191637
1607064299.354114532
1607064299.454226971
1607064299.554199934
1607064299.654252052
1607064299.754235983
1607064299.854216337
1607064299.954204082
1607064300.054199219
1607064300.154128075
1607064300.254227161
1607064300.354201555
1607064300.454131603
1607064300.554132938
1607064300.654133320
1607064300.754224539
1607064300.854228497
1607064300.954200506
1607064301.054132462
1607064301.154130459
1607064301.254232645
1607064301.354226351
1607064301.454225063
1607064301.554141998
1607064301.654132366
1607064301.754124880
1607064301.854199648
1607064301.954226732
1607064302.054227114
1607064302.154225349
1607064302.254132509
1607064302.354133368
1607064302.454232931
1607064302.554228067
1607064302.654142141
1607064302.754229784
1607064302.854128838
1607064302.954134464
1607064303.054091454
1607064303.154227734
1607064303.254226923
1607064303.354228020
1607064303.454135418
1607064303.554133654
1607064303.654134274
1607064303.754225492
1607064303.854229450
1607064303.954226017
1607064304.054130793
1607064304.154131174
1607064304.254207134
1607064304.354228020
1607064304.454225779
1607064304.554225445
1607064304.654133558
1607064304.754132986
1607064304.854230165
1607064304.954253197
1607064305.054251909
1607064305.154216051
1607064305.254059315
1607064305.354145288
1607064305.454133034
1607064305.554229736
1607064305.654131651
1607064305.754199982
1607064305.854231119
1607064305.954224586
1607064306.054202795
1607064306.154227257
1607064306.254225254
1607064306.354226112
1607064306.454231501
1607064306.554095745
1607064306.654230118
1607064306.754230976
1607064306.854228020
1607064306.954124212
1607064307.054224968
1607064307.154221058
1607064307.254225731
1607064307.354198933
1607064307.454232216
1607064307.554202080
1607064307.654093504
1607064307.754248142
1607064307.854092121
1607064307.954202890
1607064308.054225922
1607064308.154191971
1607064308.254094839
1607064308.354225397
1607064308.454226494
1607064308.554230928
1607064308.654226065
1607064308.754092932
1607064308.854207754
1607064308.954229116
1607064309.054204226
1607064309.154129028
1607064309.254227877
1607064309.354226112
1607064309.454226732
1607064309.554137945
1607064309.654201984
1607064309.754228830
1607064309.854225874
1607064309.954225779
1607064310.054095030
1607064310.154196024
1607064310.254226446
1607064310.354251385
1607064310.454226017
1607064310.554234982
1607064310.654226065
1607064310.754190445
1607064310.854226828
1607064310.954231262
1607064311.054226398
1607064311.154228687
1607064311.254199505
1607064311.354219437
1607064311.454228640
1607064311.554228306
1607064311.654227257
1607064311.754226923
1607064311.854192495
1607064311.954226971
1607064312.054216146
1607064312.154096365
1607064312.254225969
1607064312.354229689
1607064312.454194069
1607064312.554228067
1607064312.654113293
1607064312.754202843
1607064312.854226351
1607064312.954257727
1607064313.054198503
1607064313.154242277
1607064313.254231691
1607064313.354225636
1607064313.454229355
1607064313.554226637
1607064313.654191017
1607064313.754225492
1607064313.854232788
1607064313.954226255
1607064314.054225683
1607064314.154224634
1607064314.254202366
1607064314.354203701
1607064314.454224825
1607064314.554228067
1607064314.654225826
1607064314.754225969
1607064314.854187012
1607064314.954203129
1607064315.054200888
1607064315.154201031
1607064315.254225016
1607064315.354203701
1607064315.454199314
1607064315.554225922
1607064315.654127598
1607064315.754258156
1607064315.854238272
1607064315.954212904
1607064316.054156542
1607064316.154141188
1607064316.254228592
1607064316.354227543
1607064316.454227686
1607064316.554225445
1607064316.654225349
1607064316.754228115
1607064316.854236841
1607064316.954226017
1607064317.054225922
1607064317.154230595
1607064317.254228592
1607064317.354228020
1607064317.454228163
1607064317.554233313
1607064317.654226780
1607064317.754226923
1607064317.854223967
1607064317.954221249
1607064318.054203749
1607064318.154225588
1607064318.254205227
1607064318.354230165
1607064318.454134226
1607064318.554236174
1607064318.654227018
1607064318.754225969
1607064318.854226112
1607064318.954232693
1607064319.054089785
1607064319.154201984
1607064319.254228592
1607064319.354229450
1607064319.454227686
1607064319.554064274
1607064319.654129028
1607064319.754130125
1607064319.854135275
1607064319.954135180
1607064320.054142714
1607064320.154191732
1607064320.254225969
1607064320.354098558
1607064320.454091549
1607064320.554143429
1607064320.654229403
1607064320.754229546
1607064320.854135036
1607064320.954132318
1607064321.054134846
1607064321.154249430
1607064321.254214287
1607064321.354159832
1607064321.454142332
1607064321.554199457
1607064321.654226065
1607064321.754200220
1607064321.854128361
1607064321.954132080
1607064322.054135799
1607064322.154201984
1607064322.254228115
1607064322.354127645
1607064322.454097033
1607064322.554069281
1607064322.654198647
1607064322.754235744
1607064322.854225874
1607064322.954200506
1607064323.054133415
1607064323.154133320
1607064323.254226446
1607064323.354228497
1607064323.454229355
1607064323.554057121
1607064323.654126167
1607064323.754064560
1607064323.854131460
1607064323.954222679
1607064324.054160595
1607064324.154202461
1607064324.254226685
1607064324.354214668
1607064324.454229355
1607064324.554226875
1607064324.654194593
1607064324.754137039
1607064324.854230642
1607064324.954210043
1607064325.054131508
1607064325.154196739
1607064325.254130840
1607064325.354227543
1607064325.454228401
1607064325.554139137
1607064325.654205561
1607064325.754201889
