1607065590.795172453
1607065590.900619745
1607065591.004258633
1607065591.107793570
1607065591.211322308
1607065591.313923597
1607065591.416447639
1607065591.520080090
1607065591.622609615
1607065591.726178885
1607065591.828782558
1607065591.931581974
1607065592.035104752
1607065592.138642788
1607065592.241261482
1607065592.343526840
1607065592.447039127
1607065592.549627304
1607065592.652173519
1607065592.755770683
1607065592.859102964
1607065592.961960554
1607065593.064411402
1607065593.166767120
1607065593.270253897
1607065593.373825073
1607065593.476239920
1607065593.579838991
1607065593.682336807
1607065593.784683943
1607065593.886526108
1607065593.989627361
1607065594.092151403
1607065594.193747759
1607065594.294103861
1607065594.394165754
1607065594.494133711
1607065594.594135761
1607065594.694098949
1607065594.793744564
1607065594.894106627
1607065594.994190454
1607065595.094112396
1607065595.193742990
1607065595.293702126
1607065595.394193411
1607065595.493695021
1607065595.593737125
1607065595.693710566
1607065595.794204473
1607065595.893704176
1607065595.994186640
1607065596.094128370
1607065596.194201231
1607065596.293697357
1607065596.393766403
1607065596.493725538
1607065596.593788624
1607065596.694098949
1607065596.794168234
1607065596.893717527
1607065596.994044781
1607065597.094095707
1607065597.194172144
1607065597.293694735
1607065597.393754244
1607065597.493691444
1607065597.594162464
1607065597.693700314
1607065597.793730974
1607065597.893713713
1607065597.994181395
1607065598.094071865
1607065598.194100142
1607065598.294123650
1607065598.394219875
1607065598.494136572
1607065598.594220400
1607065598.694129467
1607065598.794201851
1607065598.894129992
1607065598.994225264
1607065599.094138145
1607065599.194198370
1607065599.294123650
1607065599.394173145
1607065599.494095325
1607065599.594168901
1607065599.694108009
1607065599.794172525
1607065599.894099712
1607065599.994171143
1607065600.094193697
1607065600.194189787
1607065600.294105291
1607065600.394168377
1607065600.494097710
1607065600.594208717
1607065600.694121361
1607065600.794197559
1607065600.894125938
1607065600.994197607
1607065601.094132423
1607065601.194200516
1607065601.294125795
1607065601.394196749
1607065601.494123697
1607065601.594192982
1607065601.694121599
1607065601.794188976
1607065601.894123793
1607065601.994154930
1607065602.094079971
1607065602.194074631
1607065602.294143915
1607065602.394254446
1607065602.494095087
1607065602.594177485
1607065602.694098949
1607065602.794152021
1607065602.894101143
1607065602.994171619
1607065603.094095230
1607065603.194211245
1607065603.294102907
1607065603.394194126
1607065603.494122267
1607065603.594202995
1607065603.694126844
1607065603.794193268
1607065603.894127131
1607065603.994200945
1607065604.093719244
1607065604.194190264
1607065604.294118166
1607065604.394194841
1607065604.494114637
1607065604.594208479
1607065604.694108009
1607065604.794173717
1607065604.894096375
1607065604.994175673
1607065605.094095469
1607065605.194172859
1607065605.294077635
1607065605.393756628
1607065605.494108200
1607065605.594181776
1607065605.694103241
1607065605.794203281
1607065605.893702269
1607065605.994194508
1607065606.094135523
1607065606.194190264
1607065606.294124126
1607065606.394209623
1607065606.494105101
1607065606.594170570
1607065606.694124937
1607065606.794195175
1607065606.894117117
1607065606.994230032
1607065607.094110250
1607065607.193810940
1607065607.294111729
1607065607.394189835
1607065607.494097710
1607065607.594189882
1607065607.693704128
1607065607.794168949
1607065607.894100428
1607065607.994170904
1607065608.094125032
1607065608.194166183
1607065608.294098854
1607065608.394174576
1607065608.494096994
1607065608.594198704
1607065608.694100857
1607065608.794167280
1607065608.894116163
1607065608.994202852
1607065609.094120502
1607065609.194196939
1607065609.294046164
1607065609.394050360
1607065609.494123220
1607065609.594198942
1607065609.694115639
1607065609.794198751
1607065609.893755198
1607065609.994170666
1607065610.094108343
1607065610.194169521
1607065610.294100761
1607065610.394192219
1607065610.493944168
1607065610.594172955
1607065610.694095612
1607065610.793759346
1607065610.894099712
1607065610.994168758
1607065611.094109535
1607065611.193761826
1607065611.294095755
1607065611.394200325
1607065611.494125128
1607065611.594201565
1607065611.694110155
1607065611.794203997
1607065611.894123316
1607065611.994199276
1607065612.094153166
1607065612.194194078
1607065612.294126272
1607065612.394189596
1607065612.494123459
1607065612.594182730
1607065612.694104910
1607065612.794168472
1607065612.894124508
1607065612.994196415
1607065613.094108105
1607065613.194172382
1607065613.294110775
1607065613.394199371
1607065613.494119167
1607065613.594188929
1607065613.694096565
1607065613.794181824
1607065613.894099474
1607065613.994205952
1607065614.094106197
1607065614.194201231
1607065614.294128895
1607065614.394210815
1607065614.494125366
1607065614.594210386
1607065614.693701029
1607065614.794203043
1607065614.894118547
1607065614.994196415
1607065615.094126463
1607065615.194157839
1607065615.294112682
1607065615.394172430
1607065615.494094849
1607065615.594186544
1607065615.694113731
1607065615.794151545
1607065615.894101858
1607065615.994173288
1607065616.094111204
1607065616.194160700
1607065616.294111967
1607065616.393766403
1607065616.494098425
1607065616.594195843
1607065616.694099903
1607065616.794213533
1607065616.894131660
1607065616.994206190
1607065617.094127893
1607065617.194190741
1607065617.294146538
1607065617.394194365
1607065617.494136095
1607065617.594183683
1607065617.694106579
1607065617.794183254
1607065617.894113779
1607065617.994175196
1607065618.094099522
1607065618.194145918
1607065618.294010162
1607065618.394090414
1607065618.494009972
1607065618.594092369
1607065618.694018602
1607065618.794143200
1607065618.894008160
1607065618.994088173
1607065619.093815327
1607065619.194089890
1607065619.294038534
1607065619.394081593
1607065619.494014025
1607065619.594252348
1607065619.694137335
1607065619.794197083
1607065619.894092083
1607065619.994196415
1607065620.093713522
1607065620.194190264
1607065620.293994427
1607065620.394200087
1607065620.494100571
1607065620.594184160
1607065620.694105625
1607065620.794182062
1607065620.894104242
1607065620.994189262
1607065621.093707085
1607065621.194171429
1607065621.294102430
1607065621.394180775
1607065621.494096994
1607065621.594186306
1607065621.694092751
1607065621.794176579
1607065621.894099951
1607065621.994207859
1607065622.094121456
1607065622.194169760
1607065622.294130325
1607065622.394199610
1607065622.494127035
1607065622.594210625
1607065622.694123268
1607065622.794182301
1607065622.894110441
1607065622.993775129
1607065623.094116449
1607065623.194186926
1607065623.294118166
1607065623.394234419
1607065623.494104147
1607065623.594173193
1607065623.694097519
1607065623.794178247
1607065623.893725395
1607065623.994194984
1607065624.094108582
1607065624.194168091
1607065624.294140339
1607065624.394167185
1607065624.494067430
1607065624.594192028
1607065624.694092512
1607065624.793729305
1607065624.894134998
1607065624.994223356
1607065625.094036341
1607065625.193725348
1607065625.294138193
1607065625.394196749
1607065625.494121790
1607065625.594209433
1607065625.694039583
1607065625.794187307
1607065625.894118786
1607065625.994193792
1607065626.093711615
1607065626.194199800
1607065626.294096947
1607065626.394173622
1607065626.494137287
1607065626.594192743
1607065626.694102287
1607065626.794178009
1607065626.894093752
1607065626.993765831
1607065627.094012022
1607065627.194169283
1607065627.294124603
1607065627.394218683
1607065627.494110823
1607065627.594178915
1607065627.694105625
1607065627.794187307
1607065627.893733978
1607065627.994186640
1607065628.094114780
1607065628.194204330
1607065628.294100761
1607065628.394204140
1607065628.493986368
1607065628.594222784
1607065628.694118023
1607065628.794196844
1607065628.894115448
1607065628.994189262
1607065629.094116449
1607065629.194169521
1607065629.294105053
1607065629.394174814
1607065629.494112730
1607065629.594178677
1607065629.694119215
1607065629.794170380
1607065629.893717766
1607065629.994221210
1607065630.094112396
1607065630.194180012
1607065630.293972731
1607065630.394186258
1607065630.494113922
1607065630.594181776
1607065630.694108009
1607065630.794178009
1607065630.894152641
1607065630.994170904
1607065631.094098806
1607065631.194181919
1607065631.294101715
1607065631.394165039
1607065631.494112968
1607065631.594160557
1607065631.693716049
1607065631.794170618
1607065631.894095659
1607065631.993938684
1607065632.094156265
1607065632.194173574
1607065632.294089079
1607065632.394186020
1607065632.494106770
1607065632.593718767
1607065632.694150209
1607065632.794181824
1607065632.894115210
1607065632.994174957
1607065633.094107628
1607065633.194189310
1607065633.294095993
1607065633.394167185
1607065633.494018793
1607065633.594179392
1607065633.694098473
1607065633.794178963
1607065633.894106150
1607065633.994173050
1607065634.094096184
1607065634.194180489
1607065634.294102907
1607065634.394193411
1607065634.494096279
1607065634.594177961
1607065634.694094658
1607065634.794165373
1607065634.894099474
1607065634.993984222
1607065635.093754768
1607065635.194203854
1607065635.294122934
1607065635.394194841
1607065635.494132996
1607065635.594177723
1607065635.694123268
1607065635.793771744
1607065635.894120216
1607065635.994187832
1607065636.094075203
1607065636.194191456
1607065636.294106722
1607065636.394181013
1607065636.494094610
1607065636.594106913
1607065636.694093466
1607065636.793770552
1607065636.894071102
1607065636.993853569
1607065637.094131947
1607065637.194241762
1607065637.294122219
1607065637.394174576
1607065637.494094133
1607065637.594213247
1607065637.694132328
1607065637.794195175
1607065637.893877983
1607065637.994196653
1607065638.094126701
1607065638.193773270
1607065638.294127941
1607065638.394200802
1607065638.494092464
1607065638.594186306
1607065638.694113016
1607065638.794192791
1607065638.894120216
1607065638.994109154
1607065639.094094515
1607065639.194173574
1607065639.294096708
1607065639.394151688
1607065639.494097471
1607065639.594171047
1607065639.694096565
1607065639.794169426
1607065639.894096136
1607065639.994173288
1607065640.094112873
1607065640.193742037
1607065640.294079065
1607065640.394191742
1607065640.494138479
1607065640.594199896
1607065640.694125414
1607065640.794193983
1607065640.893972158
1607065640.994196653
1607065641.094115973
1607065641.194185972
1607065641.294064045
1607065641.394217253
1607065641.494110584
1607065641.594197989
1607065641.694099426
1607065641.794164181
1607065641.894100666
1607065641.994184017
1607065642.094091654
1607065642.194172621
1607065642.294100285
1607065642.394167662
1607065642.494101286
1607065642.594133377
1607065642.694096327
1607065642.794162035
1607065642.894021749
1607065642.994205713
1607065643.094126463
1607065643.194168568
1607065643.294113159
1607065643.394197702
1607065643.494133949
1607065643.594212055
1607065643.694076061
1607065643.794220209
1607065643.894103050
1607065643.994066238
1607065644.094141006
1607065644.194180727
1607065644.294114351
1607065644.394257307
1607065644.494112968
1607065644.594177008
1607065644.694102764
1607065644.794169664
1607065644.893940449
1607065644.994160414
1607065645.094098330
1607065645.194181442
1607065645.294111490
1607065645.394173384
1607065645.494105577
1607065645.594178677
1607065645.694098473
1607065645.794018745
1607065645.894139528
1607065645.994201899
1607065646.094091654
1607065646.194054604
1607065646.294143677
1607065646.394190788
1607065646.494115353
1607065646.594206572
1607065646.693712234
1607065646.794204235
1607065646.894120693
1607065646.994180441
1607065647.094139814
1607065647.194175005
1607065647.294085503
1607065647.394174337
1607065647.494099140
1607065647.594170094
1607065647.694081783
1607065647.794059515
1607065647.894067526
1607065647.994087934
1607065648.093948603
1607065648.194203377
1607065648.294110537
1607065648.394218683
1607065648.494140863
1607065648.594200850
1607065648.694150925
1607065648.794216156
1607065648.894177675
1607065648.994219780
1607065649.094117165
1607065649.194191217
1607065649.294160128
1607065649.394184589
1607065649.494112015
1607065649.594130516
1607065649.694101095
1607065649.794162750
1607065649.894068003
1607065649.994155407
1607065650.094017982
1607065650.193735600
1607065650.294118166
1607065650.394182920
1607065650.494105577
1607065650.594238520
1607065650.694125414
1607065650.794190645
1607065650.894112349
1607065650.994230509
1607065651.093709469
1607065651.194212437
1607065651.294110060
1607065651.394234419
1607065651.494125605
1607065651.594196558
1607065651.694117069
1607065651.794192076
1607065651.894086361
1607065651.993919849
1607065652.094139099
1607065652.194191456
1607065652.294118404
1607065652.393747330
1607065652.494097233
1607065652.594172001
1607065652.694099426
1607065652.794175863
1607065652.894110203
1607065652.994171619
1607065653.094082594
1607065653.194178104
1607065653.294092894
1607065653.394168377
1607065653.494091034
1607065653.594219685
1607065653.694020033
1607065653.794083357
1607065653.894003868
1607065653.994115114
1607065654.094123602
1607065654.194114923
1607065654.294044018
1607065654.394109011
1607065654.493694067
1607065654.594123840
1607065654.694029093
1607065654.793906689
1607065654.894066572
1607065654.993859291
1607065655.094101906
1607065655.194167137
1607065655.294103146
1607065655.394231558
1607065655.494086504
1607065655.594172239
1607065655.694098711
1607065655.794170856
1607065655.893688917
1607065655.994195700
1607065656.094098806
1607065656.194196939
1607065656.293894291
1607065656.394211769
1607065656.494126320
1607065656.594210625
1607065656.694106817
1607065656.794125080
1607065656.894124269
1607065656.994213820
1607065657.093715429
1607065657.194199800
1607065657.294108868
1607065657.394196987
1607065657.494113207
1607065657.594208479
1607065657.694110632
1607065657.794187069
1607065657.894095182
1607065657.994177103
1607065658.094100475
1607065658.194168329
1607065658.294100046
1607065658.393759727
1607065658.494097710
1607065658.594169140
1607065658.694106102
1607065658.794179678
1607065658.894106150
1607065658.994208813
1607065659.094100237
1607065659.194201708
1607065659.293716669
1607065659.394200802
1607065659.494115353
1607065659.594195127
1607065659.694131374
1607065659.794188738
1607065659.894119740
1607065659.994196415
1607065660.094144583
1607065660.193789482
1607065660.294118643
1607065660.394166231
1607065660.494099617
1607065660.594176531
1607065660.694081306
1607065660.794170618
1607065660.894103050
1607065660.994172096
1607065661.093860149
1607065661.194181919
1607065661.293944597
1607065661.394175291
1607065661.494134903
1607065661.594217300
1607065661.694097519
1607065661.794200897
1607065661.894092560
1607065661.993849754
1607065662.094129324
1607065662.194202423
1607065662.294123888
1607065662.393757582
1607065662.494124651
1607065662.594189644
1607065662.694120407
1607065662.794187069
1607065662.893750668
1607065662.994190216
1607065663.094118595
1607065663.194173098
1607065663.294099569
1607065663.394170761
1607065663.494096279
1607065663.594170094
1607065663.694081545
1607065663.794177532
1607065663.894099474
1607065663.994168520
1607065664.094115257
1607065664.194166660
1607065664.294071913
1607065664.394193888
1607065664.494125843
1607065664.594203234
1607065664.694122314
1607065664.794194698
1607065664.893812656
1607065664.994195461
1607065665.094127655
1607065665.194194794
1607065665.294111967
1607065665.394197941
1607065665.494112492
1607065665.594192505
1607065665.694112778
1607065665.794174671
1607065665.894100428
1607065665.994143724
1607065666.094099045
1607065666.194169044
1607065666.294099092
1607065666.394169092
1607065666.494093418
1607065666.594020367
1607065666.694101810
1607065666.794172049
1607065666.894109964
1607065666.994199276
1607065667.094097376
1607065667.194219828
1607065667.294136286
1607065667.394199371
1607065667.494124889
1607065667.594201326
1607065667.694124699
1607065667.794217587
1607065667.894118309
1607065667.994193316
1607065668.094129801
1607065668.193972588
1607065668.294127464
1607065668.394187212
1607065668.494091749
1607065668.594173431
1607065668.694099903
1607065668.794173956
1607065668.894013405
1607065668.994180441
1607065669.093816519
1607065669.194182873
1607065669.294104338
1607065669.394182205
1607065669.493667603
1607065669.594164133
1607065669.694094181
1607065669.794203043
1607065669.894125700
1607065669.994211912
1607065670.094123602
1607065670.194213629
1607065670.294131041
1607065670.394198656
1607065670.494124413
1607065670.594192743
1607065670.694112778
1607065670.794204950
1607065670.894118071
1607065670.994197130
1607065671.094105959
1607065671.194173574
1607065671.294094324
1607065671.394189358
1607065671.494102240
1607065671.594180822
1607065671.694095135
1607065671.794156790
1607065671.894068956
1607065671.994003534
1607065672.093765020
1607065672.194275379
1607065672.294152498
1607065672.394205570
1607065672.493718624
1607065672.594216585
1607065672.694129705
1607065672.794201851
1607065672.894037485
1607065672.993762255
1607065673.094134808
1607065673.194184303
1607065673.294119358
1607065673.394192934
1607065673.494031668
1607065673.594200850
1607065673.694129944
1607065673.794178486
1607065673.894107819
1607065673.994169950
1607065674.094094038
1607065674.194173336
1607065674.294013977
1607065674.394173384
1607065674.494011641
1607065674.594172955
1607065674.693960667
1607065674.794179440
1607065674.894117117
1607065674.994189978
1607065675.094093800
1607065675.194213390
1607065675.294134140
1607065675.394201040
1607065675.494061232
1607065675.594106197
1607065675.694139481
1607065675.794196367
1607065675.894040823
1607065675.994193316
1607065676.093729258
1607065676.194185495
1607065676.294110060
1607065676.394188404
1607065676.493920803
1607065676.594185829
1607065676.694108486
1607065676.794178486
1607065676.894009829
1607065676.994176149
1607065677.094104767
1607065677.194172382
1607065677.294107199
1607065677.394209385
1607065677.494101048
1607065677.594208002
1607065677.694098473
1607065677.794187546
1607065677.893945932
1607065677.994176865
1607065678.094102621
1607065678.194179535
1607065678.293880224
1607065678.394219637
1607065678.494098663
1607065678.594208717
1607065678.693949461
1607065678.794215679
1607065678.894139528
1607065678.994220495
1607065679.094119310
1607065679.194173574
1607065679.294113636
1607065679.394186258
1607065679.494106054
1607065679.594114304
1607065679.694125891
1607065679.794180155
1607065679.894102812
1607065679.994190216
1607065680.094124794
1607065680.194179296
1607065680.294112444
1607065680.394176960
1607065680.494105816
1607065680.594178200
1607065680.694102526
1607065680.794184208
1607065680.893985748
1607065680.994179964
1607065681.094104290
1607065681.194177389
1607065681.294101954
1607065681.394175529
1607065681.494091749
1607065681.594188213
1607065681.694107294
1607065681.794170856
1607065681.894099951
1607065681.994197130
1607065682.094093084
1607065682.194162369
1607065682.294095755
1607065682.394175053
1607065682.494096041
1607065682.594212532
1607065682.694092512
1607065682.794186592
1607065682.894114256
1607065682.994174242
1607065683.094105244
1607065683.194196224
1607065683.294107199
1607065683.394172430
1607065683.494102478
1607065683.594211817
1607065683.694099426
1607065683.794086695
1607065683.894102335
1607065683.994178534
1607065684.094108582
1607065684.194171667
1607065684.294103861
1607065684.394143343
1607065684.494106054
1607065684.594176769
1607065684.694097996
1607065684.794171095
1607065684.894093037
1607065684.994156361
1607065685.094096184
1607065685.194165945
1607065685.294100285
1607065685.394251347
1607065685.494127750
1607065685.594203234
1607065685.694120169
1607065685.794251442
1607065685.894048452
1607065685.994195700
1607065686.093762875
1607065686.194188833
1607065686.294045925
1607065686.394198179
1607065686.494114399
1607065686.594187260
1607065686.693721294
1607065686.794115782
1607065686.894111872
1607065686.994158983
1607065687.094135046
1607065687.194109440
1607065687.294108391
1607065687.393967390
1607065687.494090080
1607065687.593794584
1607065687.694094181
1607065687.794198751
1607065687.894118786
1607065687.994233131
1607065688.094145775
1607065688.194217205
1607065688.294126987
1607065688.394196749
1607065688.493691921
1607065688.594182253
1607065688.694040298
1607065688.794227362
1607065688.893758535
1607065688.994273663
1607065689.094111204
1607065689.194194317
1607065689.294115782
1607065689.394106150
1607065689.494101286
1607065689.594112635
1607065689.694092035
1607065689.794214964
1607065689.894099951
1607065689.994167566
1607065690.094101429
1607065690.194195032
1607065690.294100285
1607065690.394176483
1607065690.494104624
1607065690.594206810
1607065690.694147110
1607065690.794229746
