1607064955.768479824
1607064955.868743658
1607064955.969058514
1607064956.069370031
1607064956.169697285
1607064956.270076752
1607064956.370398998
1607064956.470726252
1607064956.571055889
1607064956.671378851
1607064956.771707296
1607064956.871964216
1607064956.972342253
1607064957.072668314
1607064957.172993660
1607064957.273350000
1607064957.373677731
1607064957.474059343
1607064957.574389696
1607064957.674715996
1607064957.775044441
1607064957.875426054
1607064957.975721359
1607064958.076070309
1607064958.176402807
1607064958.276730776
1607064958.377057314
1607064958.477392673
1607064958.577730417
1607064958.678018570
1607064958.778321028
1607064958.878628731
1607064958.978934765
1607064959.079282045
1607064959.179612160
1607064959.279994011
1607064959.380320311
1607064959.480654955
1607064959.580971479
1607064959.681301355
1607064959.781713963
1607064959.882041216
1607064959.982271433
1607064960.082577229
1607064960.182909727
1607064960.283230543
1607064960.383554220
1607064960.483964443
1607064960.584292650
1607064960.684611320
1607064960.784934998
1607064960.885329008
1607064960.985507011
1607064961.085832357
1607064961.186023951
1607064961.286356688
1607064961.386666536
1607064961.486901045
1607064961.587291002
1607064961.687620878
1607064961.787956715
1607064961.888279676
1607064961.988600969
1607064962.088981152
1607064962.189321756
1607064962.289453506
1607064962.389676332
1607064962.489887953
1607064962.590272427
1607064962.690604687
1607064962.790927887
1607064962.891158819
1607064962.991483688
1607064963.091810226
1607064963.192134619
1607064963.292484522
1607064963.392877102
1607064963.493206978
1607064963.593392372
1607064963.693693638
1607064963.793989420
1607064963.894345999
1607064963.994633913
1607064964.094949007
1607064964.195275784
1607064964.295599222
1607064964.395951509
1607064964.496264935
1607064964.596493006
1607064964.696815968
1607064964.797150612
1607064964.897481203
1607064964.997809649
1607064965.098041296
1607064965.198330402
1607064965.298654556
1607064965.399002314
1607064965.499324799
1607064965.599612951
1607064965.699934244
1607064965.800259590
1607064965.900475502
1607064966.000796318
1607064966.101122141
1607064966.201290131
1607064966.301466942
1607064966.401755333
1607064966.502077103
1607064966.602397203
1607064966.702723742
1607064966.803037882
1607064966.903358698
1607064967.003681421
1607064967.104003906
1607064967.204158545
1607064967.304479122
1607064967.404808998
1607064967.505148172
1607064967.605471134
1607064967.705757618
1607064967.805981398
1607064967.906209707
1607064968.006530523
1607064968.106854439
1607064968.207178831
1607064968.307401657
1607064968.407745123
1607064968.507969141
1607064968.608300209
1607064968.708620310
1607064968.808942556
1607064968.909271479
1607064969.009494066
1607064969.109816790
1607064969.210138798
1607064969.310459852
1607064969.410760164
1607064969.511085510
1607064969.611406803
1607064969.711762905
1607064969.812085867
1607064969.912406445
1607064970.012727261
1607064970.113053560
1607064970.213373184
1607064970.313659668
1607064970.413986683
1607064970.514159918
1607064970.614482880
1607064970.714818239
1607064970.815137148
1607064970.915430784
1607064971.015753508
1607064971.116071939
1607064971.216395140
1607064971.316715479
1607064971.417042971
1607064971.517367125
1607064971.617592335
1607064971.717915773
1607064971.818243265
1607064971.918575764
1607064972.018887520
1607064972.119181156
1607064972.219500780
1607064972.319824219
1607064972.420160294
1607064972.520346642
1607064972.620668173
1607064972.720988512
1607064972.821308136
1607064972.921628952
1607064973.021856308
1607064973.122082233
1607064973.222403288
1607064973.322726727
1607064973.423014164
1607064973.523269892
1607064973.623594522
1607064973.723916531
1607064973.824238539
1607064973.924558163
1607064974.024904013
1607064974.125226974
1607064974.225550413
1607064974.325874567
1607064974.426195621
1607064974.526510000
1607064974.626837730
1607064974.727159739
1607064974.827481270
1607064974.927799225
1607064975.028024673
1607064975.128247976
1607064975.228446007
1607064975.328785181
1607064975.429105759
1607064975.529354095
1607064975.629644156
1607064975.729965687
1607064975.830285549
1607064975.930616856
1607064976.030909061
1607064976.131240368
1607064976.231536865
1607064976.331846237
1607064976.432145357
1607064976.532438040
1607064976.632750988
1607064976.732936859
1607064976.833207130
1607064976.933559179
1607064977.033848047
1607064977.134077549
1607064977.234396696
1607064977.334715605
1607064977.435035229
1607064977.535386562
1607064977.635707378
1607064977.736029625
1607064977.836341143
1607064977.936662436
1607064978.037009239
1607064978.137329817
1607064978.237652302
1607064978.337937355
1607064978.438257933
1607064978.538609266
1607064978.638928652
1607064978.739254951
1607064978.839495420
1607064978.939814568
1607064979.040142059
1607064979.140461922
1607064979.240791798
1607064979.341113806
1607064979.441441298
1607064979.541734457
1607064979.642053604
1607064979.742374659
1607064979.842694044
1607064979.943043947
1607064980.043361187
1607064980.143648386
1607064980.243968725
1607064980.344288111
1607064980.444636583
1607064980.544956446
1607064980.645288229
1607064980.745607853
1607064980.845927238
1607064980.946244478
1607064981.046566725
1607064981.146872282
1607064981.247195482
1607064981.347514629
1607064981.447860003
1607064981.548070192
1607064981.648388624
1607064981.748709917
1607064981.849032402
1607064981.949356079
1607064982.049701452
1607064982.149997234
1607064982.250322580
1607064982.350622416
1607064982.450941563
1607064982.551295280
1607064982.651590347
1607064982.751914501
1607064982.852234840
1607064982.952555656
1607064983.052905798
1607064983.153226614
1607064983.253445864
1607064983.353736877
1607064983.454056978
1607064983.554376841
1607064983.654699326
1607064983.755027771
1607064983.855349541
1607064983.955679655
1607064984.055999279
1607064984.156318903
1607064984.256620884
1607064984.356950998
1607064984.457273245
1607064984.557593346
1607064984.657913923
1607064984.758233309
1607064984.858551025
1607064984.958900690
1607064985.059223413
1607064985.159543276
1607064985.259863615
1607064985.360176802
1607064985.460524559
1607064985.560851574
1607064985.661180496
1607064985.761500359
1607064985.861801386
1607064985.962149382
1607064986.062470198
1607064986.162789345
1607064986.263104439
1607064986.363399506
1607064986.463746071
1607064986.564066887
1607064986.664393663
1607064986.764713287
1607064986.865035534
1607064986.965357065
1607064987.065544605
1607064987.165833473
1607064987.266022205
1607064987.366372824
1607064987.466678143
1607064987.567007780
1607064987.667330503
1607064987.767642021
1607064987.867986441
1607064987.968176365
1607064988.068522930
1607064988.168715000
1607064988.268724203
1607064988.368727684
1607064988.468725681
1607064988.568722963
1607064988.668724775
1607064988.768729925
1607064988.868731022
1607064988.968727827
1607064989.068729877
1607064989.168720484
1607064989.268723249
1607064989.368726015
1607064989.468724489
1607064989.568726063
1607064989.668725491
1607064989.768722773
1607064989.868733883
1607064989.968752861
1607064990.068752766
1607064990.168734312
1607064990.268727064
1607064990.368705511
1607064990.468724251
1607064990.568728924
1607064990.668728590
1607064990.768725872
1607064990.868730783
1607064990.968637943
1607064991.068723679
1607064991.168724537
1607064991.268725157
1607064991.368730068
1607064991.468724012
1607064991.568696737
1607064991.668731213
1607064991.768728733
1607064991.868722916
1607064991.968627214
1607064992.068731785
1607064992.168709040
1607064992.268725872
1607064992.368725300
1607064992.468726873
1607064992.568723679
1607064992.668591738
1607064992.768749952
1607064992.868737936
1607064992.968726397
1607064993.068728685
1607064993.168736696
1607064993.268627405
1607064993.368722439
1607064993.468728542
1607064993.568730354
1607064993.668628693
1607064993.768707991
1607064993.868694067
1607064993.968727827
1607064994.068726301
1607064994.168628693
1607064994.268727541
1607064994.368715763
1607064994.468626976
1607064994.568729162
1607064994.668728113
1607064994.768731594
1607064994.868726015
1607064994.968723059
1607064995.068727970
1607064995.168590784
1607064995.268754721
1607064995.368628263
1607064995.468739748
1607064995.568727970
1607064995.668728113
1607064995.768728256
1607064995.868724823
1607064995.968726397
1607064996.068728924
1607064996.168722630
1607064996.268626928
1607064996.368727446
1607064996.468590975
1607064996.568725586
1607064996.668724298
1607064996.768719196
1607064996.868725538
1607064996.968729019
1607064997.068725824
1607064997.168728113
1607064997.268723726
1607064997.368725777
1607064997.468724489
1607064997.568726301
1607064997.668623686
1607064997.768722296
1607064997.868626595
1607064997.968730688
1607064998.068624258
1607064998.168727160
1607064998.268722057
1607064998.368715048
1607064998.468622684
1607064998.568722248
1607064998.668624401
1607064998.768725395
1607064998.868624687
1607064998.968628407
1607064999.068623543
1607064999.168627739
1607064999.268558741
1607064999.368729591
1607064999.468633652
1607064999.568727255
1607064999.668725252
1607064999.768720865
1607064999.868627071
1607064999.968731642
1607065000.068725109
1607065000.168725014
1607065000.268627644
1607065000.368697643
1607065000.468723536
1607065000.568726063
1607065000.668627024
1607065000.768725872
1607065000.868630409
1607065000.968722105
1607065001.068705797
1607065001.168725491
1607065001.268628597
1607065001.368725061
1607065001.468675852
1607065001.568720579
1607065001.668725729
1607065001.768724680
1607065001.868632793
1607065001.968726397
1607065002.068724394
1607065002.168701172
1607065002.268591642
1607065002.368726254
1607065002.468729019
1607065002.568729639
1607065002.668723822
1607065002.768689632
1607065002.868727684
1607065002.968754530
1607065003.068740845
1607065003.168730259
1607065003.268727541
1607065003.368733406
1607065003.468726397
1607065003.568724871
1607065003.668728828
1607065003.768726587
1607065003.868723631
1607065003.968708992
1607065004.068731070
1607065004.168725491
1607065004.268727541
1607065004.368724108
1607065004.468730211
1607065004.568711758
1607065004.668725252
1607065004.768726826
1607065004.868724108
1607065004.968633175
1607065005.068726063
1607065005.168726206
1607065005.268726826
1607065005.368728161
1607065005.468728304
1607065005.568746090
1607065005.668751955
1607065005.768735647
1607065005.868727446
1607065005.968724966
1607065006.068724632
1607065006.168727160
1607065006.268729448
1607065006.368723154
1607065006.468724966
1607065006.568728924
1607065006.668728113
1607065006.768724918
1607065006.868694067
1607065006.968726158
1607065007.068727493
1607065007.168725252
1607065007.268725872
1607065007.368725061
1607065007.468586206
1607065007.568724871
1607065007.668725014
1607065007.768728256
1607065007.868726254
1607065007.968726635
1607065008.068638086
1607065008.168735266
1607065008.268600464
1607065008.368758440
1607065008.468734741
1607065008.568730354
1607065008.668686867
1607065008.768703938
1607065008.868728399
1607065008.968724966
1607065009.068725348
1607065009.168710470
1607065009.268693686
1607065009.368725061
1607065009.468727112
1607065009.568727255
1607065009.668723583
1607065009.768724442
1607065009.868691683
1607065009.968725204
1607065010.068723917
1607065010.168723822
1607065010.268725634
1607065010.368727446
1607065010.468720675
1607065010.568726540
1607065010.668728113
1607065010.768725634
1607065010.868726254
1607065010.968754530
1607065011.068742037
1607065011.168733358
1607065011.268656492
1607065011.368725777
1607065011.468725681
1607065011.568723202
1607065011.668713808
1607065011.768728256
1607065011.868701696
1607065011.968725204
1607065012.068725348
1607065012.168728828
1607065012.268736362
1607065012.368723869
1607065012.468726635
1607065012.568728924
1607065012.668725014
1607065012.768726587
1607065012.868724823
1607065012.968725681
1607065013.068723440
1607065013.168726921
1607065013.268726110
1607065013.368727446
1607065013.468722820
1607065013.568722725
1607065013.668753386
1607065013.768749475
1607065013.868730783
1607065013.968726873
1607065014.068725824
1607065014.168723583
1607065014.268725395
1607065014.368633986
1607065014.468725443
1607065014.568721771
1607065014.668722630
1607065014.768618822
1607065014.868726969
1607065014.968722343
1607065015.068726301
1607065015.168724060
1607065015.268723249
1607065015.368690252
1607065015.468720436
1607065015.568628073
1607065015.668620348
1607065015.768558741
1607065015.868698359
1607065015.968729019
1607065016.068691969
1607065016.168723822
1607065016.268724442
1607065016.368757963
1607065016.468742609
1607065016.568732977
1607065016.668727398
1607065016.768724918
1607065016.868725061
1607065016.968721151
1607065017.068728447
1607065017.168729305
1607065017.268728971
1607065017.368726254
1607065017.468729734
1607065017.568730116
1607065017.668725491
1607065017.768724442
1607065017.868699789
1607065017.968722820
1607065018.068726540
1607065018.168725491
1607065018.268725872
1607065018.368726730
1607065018.468698025
1607065018.568728209
1607065018.668724775
1607065018.768725395
1607065018.868726254
1607065018.968757629
1607065019.068752050
1607065019.168741226
1607065019.268726587
1607065019.368731737
1607065019.468725443
1607065019.568655014
1607065019.668727875
1607065019.768725872
1607065019.868723154
1607065019.968726873
1607065020.068730354
1607065020.168592453
1607065020.268726110
1607065020.368726969
1607065020.468725920
1607065020.568724155
1607065020.668723345
1607065020.768728256
1607065020.868699312
1607065020.968723297
1607065021.068733215
1607065021.168727160
1607065021.268729925
1607065021.368725300
1607065021.468713045
1607065021.568727255
1607065021.668752432
1607065021.768754005
1607065021.868741274
1607065021.968725681
1607065022.068700314
1607065022.168724775
1607065022.268723965
1607065022.368724585
1607065022.468724012
1607065022.568724632
1607065022.668707609
1607065022.768725157
1607065022.868725777
1607065022.968726635
1607065023.068728209
1607065023.168724775
1607065023.268711090
1607065023.368727684
1607065023.468727589
1607065023.568725824
1607065023.668724060
1607065023.768725395
1607065023.868627548
1607065023.968724012
1607065024.068726540
1607065024.168729782
1607065024.268727779
1607065024.368704557
1607065024.468624830
1607065024.568727493
1607065024.668724537
1607065024.768724918
1607065024.868724346
1607065024.968724728
1607065025.068725586
1607065025.168723106
1607065025.268725157
1607065025.368724108
1607065025.468725443
1607065025.568727016
1607065025.668730021
1607065025.768723249
1607065025.868728161
1607065025.968727589
1607065026.068725348
1607065026.168724775
1607065026.268727064
1607065026.368709326
1607065026.468724489
1607065026.568723917
1607065026.668726206
1607065026.768726110
1607065026.868726969
1607065026.968724489
1607065027.068625212
1607065027.168749332
1607065027.268650532
1607065027.368730545
1607065027.468737602
1607065027.568722486
1607065027.668725491
1607065027.768724203
1607065027.868723869
1607065027.968724728
1607065028.068741560
1607065028.168723822
1607065028.268728256
1607065028.368592739
1607065028.468724728
1607065028.568725109
1607065028.668729305
1607065028.768725395
1607065028.868628740
1607065028.968723536
1607065029.068730831
1607065029.168720722
1607065029.268626928
1607065029.368732452
1607065029.468739033
1607065029.568720579
1607065029.668725729
1607065029.768738985
1607065029.868743420
1607065029.968731165
1607065030.068729639
1607065030.168728113
1607065030.268725634
1607065030.368724346
1607065030.468726873
1607065030.568709850
1607065030.668632269
1607065030.768725872
1607065030.868727684
1607065030.968722343
1607065031.068622112
1607065031.168725967
1607065031.268731117
1607065031.368723631
1607065031.468726635
1607065031.568704605
1607065031.668727875
1607065031.768722773
1607065031.868712664
1607065031.968698740
1607065032.068637133
1607065032.168694019
1607065032.268724680
1607065032.368751764
1607065032.468750715
1607065032.568719864
1607065032.668725252
1607065032.768697500
1607065032.868631363
1607065032.968724728
1607065033.068727732
1607065033.168723345
1607065033.268727064
1607065033.368690729
1607065033.468625546
1607065033.568568230
1607065033.668625832
1607065033.768722534
1607065033.868728399
1607065033.968705654
1607065034.068627834
1607065034.168723106
1607065034.268726826
1607065034.368721485
1607065034.468626022
1607065034.568712950
1607065034.668628693
1607065034.768700600
1607065034.868627071
1607065034.968691349
1607065035.068576574
1607065035.168636084
1607065035.268737316
1607065035.368727922
1607065035.468725681
1607065035.568725348
1607065035.668729544
1607065035.768589973
1607065035.868724108
1607065035.968727350
1607065036.068726063
1607065036.168725967
1607065036.268724680
1607065036.368702173
1607065036.468726158
1607065036.568725109
1607065036.668726444
1607065036.768632174
1607065036.868733168
1607065036.968708515
1607065037.068727016
1607065037.168725967
1607065037.268725395
1607065037.368634701
1607065037.468699932
1607065037.568732023
1607065037.668724775
1607065037.768753767
1607065037.868753910
1607065037.968728781
1607065038.068705082
1607065038.168725491
1607065038.268726826
1607065038.368726254
1607065038.468724251
1607065038.568726063
1607065038.668633223
1607065038.768724442
1607065038.868727207
1607065038.968723059
1607065039.068726540
1607065039.168723583
1607065039.268725634
1607065039.368725538
1607065039.468730450
1607065039.568724155
1607065039.668730974
1607065039.768726826
1607065039.868732214
1607065039.968723536
1607065040.068724632
1607065040.168724060
1607065040.268727064
1607065040.368723869
1607065040.468761444
1607065040.568626642
1607065040.668731928
1607065040.768725157
1607065040.868728161
1607065040.968725681
1607065041.068718910
1607065041.168715715
1607065041.268725634
1607065041.368634939
1607065041.468726635
1607065041.568691015
1607065041.668694735
1607065041.768734217
1607065041.868714094
1607065041.968726635
1607065042.068730831
1607065042.168726683
1607065042.268728971
1607065042.368727446
1607065042.468722582
1607065042.568728447
1607065042.668730974
1607065042.768697977
1607065042.868724108
1607065042.968727827
1607065043.068726301
1607065043.168751717
1607065043.268629074
1607065043.368594885
1607065043.468729258
1607065043.568727732
1607065043.668730974
1607065043.768729687
1607065043.868729830
1607065043.968697071
1607065044.068725824
1607065044.168727398
1607065044.268724918
1607065044.368731260
1607065044.468727589
1607065044.568692684
1607065044.668727636
1607065044.768728018
1607065044.868727684
1607065044.968730450
1607065045.068728685
1607065045.168729305
1607065045.268727064
1607065045.368731022
1607065045.468726158
1607065045.568728924
1607065045.668726921
1607065045.768751144
1607065045.868742466
1607065045.968739510
1607065046.068729877
1607065046.168731451
1607065046.268726349
1607065046.368729830
1607065046.468693495
1607065046.568727493
1607065046.668728590
1607065046.768728018
1607065046.868726015
1607065046.968716383
1607065047.068723679
1607065047.168710709
1607065047.268728971
1607065047.368728161
1607065047.468725920
1607065047.568726778
1607065047.668730736
1607065047.768686295
1607065047.868720293
1607065047.968708038
1607065048.068698645
1607065048.168607473
1607065048.268727541
1607065048.368728161
1607065048.468735456
1607065048.568727255
1607065048.668738127
1607065048.768730402
1607065048.868726730
1607065048.968727350
1607065049.068734646
1607065049.168732882
1607065049.268727779
1607065049.368727207
1607065049.468752861
1607065049.568743467
1607065049.668719769
1607065049.768726349
1607065049.868724108
1607065049.968724966
1607065050.068728924
1607065050.168727160
1607065050.268653870
1607065050.368726254
1607065050.468727350
1607065050.568726301
1607065050.668729305
1607065050.768727779
1607065050.868728161
1607065050.968724728
1607065051.068727016
1607065051.168727160
1607065051.268729210
1607065051.368729830
1607065051.468727350
1607065051.568708420
1607065051.668727398
1607065051.768733263
1607065051.868725061
1607065051.968727112
1607065052.068726778
1607065052.168697357
1607065052.268726587
1607065052.368727922
1607065052.468725920
1607065052.568726778
1607065052.668729782
1607065052.768717527
1607065052.868730783
1607065052.968723774
1607065053.068731070
1607065053.168728590
1607065053.268733978
1607065053.368746281
1607065053.468753099
1607065053.568738699
1607065053.668730974
1607065053.768725634
1607065053.868724585
1607065053.968715906
1607065054.068727016
1607065054.168728828
1607065054.268628359
1607065054.368730545
1607065054.468703747
1607065054.568728447
1607065054.668730497
1607065054.768726349
1607065054.868727684
1607065054.968727350
1607065055.068592548
1607065055.168730497
1607065055.268727064
1607065055.368727207
1607065055.468729019
1607065055.568724871
1607065055.668732643
1607065055.768714428
