1607064430.857712030
1607064430.957637787
1607064431.057754755
1607064431.157801628
1607064431.257808447
1607064431.357803822
1607064431.457804441
1607064431.557804823
1607064431.657806396
1607064431.757710695
1607064431.857705355
1607064431.957716227
1607064432.057670832
1607064432.157714605
1607064432.257712364
1607064432.357717991
1607064432.457710743
1607064432.557712555
1607064432.657711983
1607064432.757736921
1607064432.857729197
1607064432.957725763
1607064433.057708979
1607064433.157709599
1607064433.257638931
1607064433.357794762
1607064433.457805157
1607064433.557807684
1607064433.657806873
1607064433.757805347
1607064433.857806683
1607064433.957809687
1607064434.057772875
1607064434.157771587
1607064434.257790804
1607064434.357813120
1607064434.457807064
1607064434.557772875
1607064434.657810688
1607064434.757816792
1607064434.857772589
1607064434.957715988
1607064435.057700157
1607064435.157833338
1607064435.257800817
1607064435.357818127
1607064435.457807302
1607064435.557807446
1607064435.657812834
1607064435.757808685
1607064435.857716322
1607064435.957807779
1607064436.057699919
1607064436.157802582
1607064436.257807732
1607064436.357769966
1607064436.457806826
1607064436.557810307
1607064436.657784939
1607064436.757711172
1607064436.857778311
1607064436.957809210
1607064437.057806492
1607064437.157672167
1607064437.257751942
1607064437.357805967
1607064437.457807064
1607064437.557806253
1607064437.657694578
1607064437.757774591
1607064437.857771397
1607064437.957828999
1607064438.057675600
1607064438.157780886
1607064438.257714033
1607064438.357703447
1607064438.457807064
1607064438.557812691
1607064438.657807350
1607064438.757802010
1607064438.857807398
1607064438.957714319
1607064439.057806015
1607064439.157811642
1607064439.257806778
1607064439.357807636
1607064439.457771778
1607064439.557723284
1607064439.657808065
1607064439.757772923
1607064439.857806921
1607064439.957808495
1607064440.057700157
1607064440.157709122
1607064440.257776737
1607064440.357804775
1607064440.457808018
1607064440.557835817
1607064440.657826662
1607064440.757672548
1607064440.857808113
1607064440.957807541
1607064441.057703495
1607064441.157808781
1607064441.257714033
1607064441.357807875
1607064441.457806349
1607064441.557809591
1607064441.657808304
1607064441.757811069
1607064441.857807398
1607064441.957671165
1607064442.057810783
1607064442.157810450
1607064442.257806778
1607064442.357806683
1607064442.457772255
1607064442.557808638
1607064442.657798052
1607064442.757808685
1607064442.857708693
1607064442.957806349
1607064443.057806730
1607064443.157809019
1607064443.257835150
1607064443.357710838
1607064443.457707405
1607064443.557805300
1607064443.657804489
1607064443.757771492
1607064443.857712746
1607064443.957807302
1607064444.057708740
1607064444.157669067
1607064444.257807732
1607064444.357782125
1607064444.457805395
1607064444.557707310
1607064444.657707453
1607064444.757767677
1607064444.857805967
1607064444.957773447
1607064445.057668209
1607064445.157768965
1607064445.257808685
1607064445.357804537
1607064445.457809687
1607064445.557786226
1607064445.657808542
1607064445.757807732
1607064445.857770920
1607064445.957672119
1607064446.057814598
1607064446.157811165
1607064446.257788420
1607064446.357804060
1607064446.457707882
1607064446.557810307
1607064446.657663822
1607064446.757806063
1607064446.857802868
1607064446.957807064
1607064447.057770729
1607064447.157806635
1607064447.257773876
1607064447.357804775
1607064447.457794666
1607064447.557805538
1607064447.657805204
1607064447.757808208
1607064447.857711792
1607064447.957807541
1607064448.057774067
1607064448.157807350
1607064448.257807970
1607064448.357805014
1607064448.457804203
1607064448.557804346
1607064448.657830477
1607064448.757818222
1607064448.857804775
1607064448.957807064
1607064449.057807207
1607064449.157715559
1607064449.257805109
1607064449.357808352
1607064449.457807541
1607064449.557807922
1607064449.657804728
1607064449.757709265
1607064449.857804775
1607064449.957805157
1607064450.057770491
1607064450.157805920
1607064450.257808924
1607064450.357770443
1607064450.457699776
1607064450.557807684
1607064450.657811880
1607064450.757707119
1607064450.857793093
1607064450.957715750
1607064451.057805538
1607064451.157710791
1607064451.257805824
1607064451.357832432
1607064451.457670927
1607064451.557810068
1607064451.657809258
1607064451.757806301
1607064451.857807636
1607064451.957773447
1607064452.057777882
1607064452.157712698
1607064452.257714272
1607064452.357713223
1607064452.457707644
1607064452.557656527
1607064452.657639742
1607064452.757712126
1607064452.857715607
1607064452.957712650
1607064453.057700872
1607064453.157808781
1607064453.257639170
1607064453.357712507
1607064453.457711458
1607064453.557805538
1607064453.657805920
1607064453.757712603
1607064453.857707024
1607064453.957711220
1607064454.057712078
1607064454.157812595
1607064454.257669926
1607064454.357776403
1607064454.457713366
1607064454.557716131
1607064454.657715559
1607064454.757804632
1607064454.857805490
1607064454.957805634
1607064455.057774544
1607064455.157713175
1607064455.257708311
1607064455.357713223
1607064455.457773447
1607064455.557804585
1607064455.657671690
1607064455.757709742
1607064455.857712746
1607064455.957713366
1607064456.057710886
1607064456.157806158
1607064456.257646322
1607064456.357754707
1607064456.457705498
1607064456.557661533
1607064456.657831430
1607064456.757831335
1607064456.857813835
1607064456.957641125
1607064457.057714701
1607064457.157711267
1607064457.257805347
1607064457.357777357
1607064457.457803965
1607064457.557805300
1607064457.657664061
1607064457.757702351
1607064457.857806206
1607064457.957807541
1607064458.057811022
1607064458.157775402
1607064458.257715702
1607064458.357715607
1607064458.457713366
1607064458.557805777
1607064458.657805204
1607064458.757708073
1607064458.857703447
1607064458.957704306
1607064459.057770252
1607064459.157672405
1607064459.257805586
1607064459.357618570
1607064459.457670450
1607064459.557700872
1607064459.657774210
1607064459.757807732
1607064459.857805490
1607064459.957799196
1607064460.057807207
1607064460.157807827
1607064460.257809877
1607064460.357700825
1607064460.457714796
1607064460.557806253
1607064460.657806158
1607064460.757805586
1607064460.857810020
1607064460.957672119
1607064461.057777166
1607064461.157810926
1607064461.257771492
1607064461.357808352
1607064461.457805395
1607064461.557804823
1607064461.657814980
1607064461.757810831
1607064461.857806444
1607064461.957809210
1607064462.057774544
1607064462.157815218
1607064462.257811308
1607064462.357812405
1607064462.457806587
1607064462.557806253
1607064462.657806396
1607064462.757807016
1607064462.857772112
1607064462.957804441
1607064463.057806015
1607064463.157804489
1607064463.257808208
1607064463.357804537
1607064463.457718611
1607064463.557769775
1607064463.657804728
1607064463.757806301
1607064463.857805729
1607064463.957808971
1607064464.057787418
1607064464.157806396
1607064464.257808685
1607064464.357703924
1607064464.457806587
1607064464.557807207
1607064464.657805204
1607064464.757836580
1607064464.857812166
1607064464.957808018
1607064465.057772160
1607064465.157725811
1607064465.257676601
1607064465.357772112
1607064465.457807064
1607064465.557805061
1607064465.657808542
1607064465.757678032
1607064465.857771873
1607064465.957806349
1607064466.057808399
1607064466.157672167
1607064466.257787943
1607064466.357806206
1607064466.457806587
1607064466.557809830
1607064466.657771349
1607064466.757809877
1607064466.857769966
1607064466.957804441
1607064467.057717323
1607064467.157770872
1607064467.257805347
1607064467.357805014
1607064467.457673073
1607064467.557797909
1607064467.657806635
1607064467.757804632
1607064467.857773781
1607064467.957774639
1607064468.057773590
1607064468.157804966
1607064468.257771015
1607064468.357707024
1607064468.457776308
1607064468.557712078
1607064468.657805204
1607064468.757807255
1607064468.857806683
1607064468.957773209
1607064469.057774067
1607064469.157790422
1607064469.257806301
1607064469.357807875
1607064469.457806110
1607064469.557807684
1607064469.657804966
1607064469.757781267
1607064469.857805490
1607064469.957804203
1607064470.057676077
1607064470.157770395
1607064470.257818222
1607064470.357805967
1607064470.457805872
1607064470.557773352
1607064470.657811403
1607064470.757805347
1607064470.857804537
1607064470.957669735
1607064471.057771683
1607064471.157805681
1607064471.257806063
1607064471.357677221
1607064471.457774639
1607064471.557770252
1607064471.657807112
1607064471.757811308
1607064471.857772827
1607064471.957804203
1607064472.057808161
1607064472.157774925
1607064472.257709265
1607064472.357700825
1607064472.457806349
1607064472.557805777
1607064472.657804012
1607064472.757831573
1607064472.857836246
1607064472.957813978
1607064473.057808638
1607064473.157713652
1607064473.257770538
1607064473.357805490
1607064473.457807064
1607064473.557812452
1607064473.657778263
1607064473.757804632
1607064473.857805252
1607064473.957809210
1607064474.057712793
1607064474.157707691
1607064474.257808447
1607064474.357808590
1607064474.457773209
1607064474.557805061
1607064474.657809258
1607064474.757799864
1607064474.857804298
1607064474.957771540
1607064475.057770967
1607064475.157805681
1607064475.257713318
1607064475.357806444
1607064475.457823753
1607064475.557813168
1607064475.657807827
1607064475.757807732
1607064475.857813597
1607064475.957771301
1607064476.057806730
1607064476.157805681
1607064476.257805586
1607064476.357705355
1607064476.457829475
1607064476.557818890
1607064476.657806873
1607064476.757671595
1607064476.857806683
1607064476.957806587
1607064477.057773829
1607064477.157677412
1607064477.257701874
1607064477.357805490
1607064477.457805872
1607064477.557770252
1607064477.657785892
1607064477.757805109
1607064477.857804775
1607064477.957715511
1607064478.057670116
1607064478.157773495
1607064478.257791996
1607064478.357809782
1607064478.457668543
1607064478.557770967
1607064478.657804489
1607064478.757806778
1607064478.857792616
1607064478.957707882
1607064479.057805300
1607064479.157771587
1607064479.257804871
1607064479.357640982
1607064479.457774639
1607064479.557799816
1607064479.657789469
1607064479.757786512
1607064479.857774019
1607064479.957772255
1607064480.057772160
1607064480.157663584
1607064480.257662296
1607064480.357786655
1607064480.457831860
1607064480.557812214
1607064480.657669544
1607064480.757727861
1607064480.857720613
1607064480.957803965
1607064481.057815075
1607064481.157805204
1607064481.257772923
1607064481.357775927
1607064481.457805395
1607064481.557807446
1607064481.657808065
1607064481.757810593
1607064481.857773066
1607064481.957771540
1607064482.057807446
1607064482.157808065
1607064482.257804871
1607064482.357804537
1607064482.457709074
1607064482.557810545
1607064482.657805204
1607064482.757804155
1607064482.857808828
1607064482.957701683
1607064483.057770491
1607064483.157831907
1607064483.257674694
1607064483.357805252
1607064483.457805872
1607064483.557719707
1607064483.657801151
1607064483.757770300
1607064483.857770920
1607064483.957772255
1607064484.057776928
1607064484.157702923
1607064484.257774353
1607064484.357696772
1607064484.457770348
1607064484.557721615
1607064484.657814026
1607064484.757661104
1607064484.857807159
1607064484.957806587
1607064485.057807922
1607064485.157807827
1607064485.257712603
1607064485.357785702
1607064485.457811117
1607064485.557797909
1607064485.657661676
1607064485.757782221
1607064485.857829094
1607064485.957797766
1607064486.057736874
1607064486.157819271
1607064486.257807255
1607064486.357772589
1607064486.457807302
1607064486.557793617
1607064486.657807350
1607064486.757807016
1607064486.857712746
1607064486.957813025
1607064487.057806253
1607064487.157791615
1607064487.257811785
1607064487.357806921
1607064487.457806587
1607064487.557810068
1607064487.657808781
1607064487.757806540
1607064487.857806444
1607064487.957809448
1607064488.057812452
1607064488.157713652
1607064488.257807016
1607064488.357662678
1607064488.457834959
1607064488.557824373
1607064488.657714605
1607064488.757744789
1607064488.857774973
1607064488.957807541
1607064489.057774782
1607064489.157710791
1607064489.257807493
1607064489.357771635
1607064489.457809448
1607064489.557814360
1607064489.657807827
1607064489.757807970
1607064489.857807398
1607064489.957779408
1607064490.057770729
1607064490.157813311
1607064490.257807732
1607064490.357807159
1607064490.457805157
1607064490.557807207
1607064490.657806873
1607064490.757805824
1607064490.857808352
1607064490.957810879
1607064491.057807207
1607064491.157840729
1607064491.257819414
1607064491.357808828
1607064491.457805395
1607064491.557804108
1607064491.657804966
1607064491.757774353
1607064491.857807159
1607064491.957807064
1607064492.057776451
1607064492.157712936
1607064492.257775307
1607064492.357798338
1607064492.457811832
1607064492.557769537
1607064492.657806873
1607064492.757810116
1607064492.857808828
1607064492.957806349
1607064493.057771921
1607064493.157809734
1607064493.257777691
1607064493.357807159
1607064493.457803011
1607064493.557713032
1607064493.657670259
1607064493.757805347
1607064493.857832670
1607064493.957818747
1607064494.057805061
1607064494.157730818
1607064494.257712364
1607064494.357810020
1607064494.457711458
1607064494.557670593
1607064494.657808542
1607064494.757707834
1607064494.857702732
1607064494.957702398
1607064495.057770967
1607064495.157804012
1607064495.257807255
1607064495.357779264
1607064495.457714796
1607064495.557713032
1607064495.657810688
1607064495.757805347
1607064495.857810736
1607064495.957801104
1607064496.057715416
1607064496.157713413
1607064496.257698298
1607064496.357805967
1607064496.457803488
1607064496.557686806
1607064496.657699585
1607064496.757730961
1607064496.857807398
1607064496.957696199
1607064497.057805777
1607064497.157805443
1607064497.257710934
1607064497.357712746
1607064497.457703829
1607064497.557776213
1607064497.657811165
1607064497.757804394
1607064497.857705355
1607064497.957709789
1607064498.057701588
1607064498.157804728
1607064498.257811546
1607064498.357807875
1607064498.457809210
1607064498.557710409
1607064498.657716513
1607064498.757805586
1607064498.857777834
1607064498.957805872
1607064499.057711363
1607064499.157719612
1607064499.257711411
1607064499.357812405
1607064499.457807064
1607064499.557811975
1607064499.657653093
1607064499.757706642
1607064499.857808352
1607064499.957808733
1607064500.057771206
1607064500.157807827
1607064500.257640362
1607064500.357704878
1607064500.457718372
1607064500.557670116
1607064500.657716274
1607064500.757712603
1607064500.857710123
1607064500.957708836
1607064501.057708025
1607064501.157713890
1607064501.257713318
1607064501.357716560
1607064501.457707405
1607064501.557638645
1607064501.657699585
1607064501.757809401
1607064501.857833624
1607064501.957832575
1607064502.057703733
1607064502.157807112
1607064502.257809877
1607064502.357807636
1607064502.457814455
1607064502.557707310
1607064502.657773256
1607064502.757773399
1607064502.857809067
1607064502.957807302
1607064503.057805300
1607064503.157774210
1607064503.257776737
1607064503.357807875
1607064503.457811594
1607064503.557810068
1607064503.657809734
1607064503.757807970
1607064503.857810259
1607064503.957670927
1607064504.057769537
1607064504.157808542
1607064504.257807255
1607064504.357811928
1607064504.457721949
1607064504.557835340
1607064504.657828569
1607064504.757787943
1607064504.857672215
1607064504.957807302
1607064505.057806015
1607064505.157796144
1607064505.257808208
1607064505.357676029
1607064505.457773924
1607064505.557806969
1607064505.657673359
1607064505.757774591
1607064505.857774258
1607064505.957711697
1607064506.057805777
1607064506.157674313
1607064506.257777452
1607064506.357809305
1607064506.457808971
1607064506.557714701
1607064506.657806873
1607064506.757807970
1607064506.857808352
1607064506.957808256
1607064507.057712555
1607064507.157809019
1607064507.257773161
1607064507.357823372
1607064507.457811832
1607064507.557722330
1607064507.657807589
1607064507.757807255
1607064507.857807636
1607064507.957673788
1607064508.057809830
1607064508.157806873
1607064508.257807493
1607064508.357810497
1607064508.457808256
1607064508.557807684
1607064508.657811403
1607064508.757810831
1607064508.857676268
1607064508.957807779
1607064509.057808638
1607064509.157777786
1607064509.257809162
1607064509.357772350
1607064509.457808733
1607064509.557807207
1607064509.657772064
1607064509.757764339
1607064509.857838154
1607064509.957708120
1607064510.057802677
1607064510.157780409
1607064510.257806778
1607064510.357800484
1607064510.457807541
1607064510.557805061
1607064510.657809258
1607064510.757807255
1607064510.857772350
1607064510.957781315
1607064511.057808161
1607064511.157807589
1607064511.257772207
1607064511.357811451
1607064511.457806110
1607064511.557715893
1607064511.657674074
1607064511.757809162
1607064511.857806683
1607064511.957808733
1607064512.057807446
1607064512.157811642
1607064512.257799149
1607064512.357811689
1607064512.457776308
1607064512.557809353
1607064512.657832623
1607064512.757819891
1607064512.857787848
1607064512.957807541
1607064513.057773829
1607064513.157809258
1607064513.257772923
1607064513.357806921
1607064513.457790375
1607064513.557807446
1607064513.657775402
1607064513.757807732
1607064513.857806921
1607064513.957806587
1607064514.057773590
1607064514.157808781
1607064514.257807255
1607064514.357810497
1607064514.457806110
1607064514.557809830
1607064514.657708168
1607064514.757703781
1607064514.857807398
1607064514.957807541
1607064515.057773352
1607064515.157671928
1607064515.257772207
1607064515.357831478
1607064515.457816124
1607064515.557781935
1607064515.657808542
1607064515.757810831
1607064515.857807636
1607064515.957812786
1607064516.057669878
1607064516.157706976
1607064516.257815361
1607064516.357707262
1607064516.457658529
1607064516.557705641
1607064516.657757759
1607064516.757807732
1607064516.857811928
1607064516.957716942
1607064517.057714462
1607064517.157716513
1607064517.257715225
1607064517.357715607
1607064517.457806349
1607064517.557807207
1607064517.657771587
1607064517.757715702
1607064517.857813120
1607064517.957772017
1607064518.057825804
1607064518.157713413
1607064518.257736683
1607064518.357722521
1607064518.457812309
1607064518.557806253
1607064518.657712460
1607064518.757807255
1607064518.857807398
1607064518.957794905
1607064519.057772875
1607064519.157809734
1607064519.257818937
1607064519.357811928
1607064519.457712173
1607064519.557806492
1607064519.657811165
1607064519.757808208
1607064519.857808590
1607064519.957809687
1607064520.057772398
1607064520.157781601
1607064520.257811546
1607064520.357662201
1607064520.457702398
1607064520.557807446
1607064520.657840729
1607064520.757831573
1607064520.857808828
1607064520.957807302
1607064521.057811737
1607064521.157807589
1607064521.257810116
1607064521.357791901
1607064521.457815886
1607064521.557811975
1607064521.657806873
1607064521.757771492
1607064521.857807398
1607064521.957740068
1607064522.057710648
1607064522.157811165
1607064522.257807255
1607064522.357807636
1607064522.457808733
1607064522.557778358
1607064522.657795668
1607064522.757807016
1607064522.857812166
1607064522.957807064
1607064523.057807684
1607064523.157807112
1607064523.257793903
1607064523.357833862
1607064523.457817078
1607064523.557808399
1607064523.657812834
1607064523.757806778
1607064523.857808352
1607064523.957807541
1607064524.057778358
1607064524.157807112
1607064524.257807016
1607064524.357794762
1607064524.457813263
1607064524.557808638
1607064524.657807589
1607064524.757811069
1607064524.857675314
1607064524.957780123
1607064525.057770967
1607064525.157810926
1607064525.257772446
1607064525.357808590
1607064525.457819700
1607064525.557791948
1607064525.657645702
1607064525.757773876
1607064525.857815027
1607064525.957816839
1607064526.057816505
1607064526.157673836
1607064526.257779360
1607064526.357808113
1607064526.457771540
1607064526.557811022
1607064526.657806158
1607064526.757807493
1607064526.857781887
1607064526.957715750
1607064527.057714462
1607064527.157714844
1607064527.257740259
1607064527.357729435
1607064527.457718849
1607064527.557715893
1607064527.657714128
1607064527.757715702
1607064527.857714653
1607064527.957714081
1607064528.057710886
1607064528.157713890
1607064528.257704496
1607064528.357711554
1607064528.457716465
1607064528.557714462
1607064528.657720089
1607064528.757715702
1607064528.857713938
1607064528.957715034
1607064529.057709217
1607064529.157710791
1607064529.257708549
1607064529.357707977
1607064529.457707644
1607064529.557660580
1607064529.657638311
1607064529.757726669
1607064529.857775450
1607064529.957812071
1607064530.057713032
1607064530.157809496
1607064530.257809401
1607064530.357806683
1607064530.457711220
1607064530.557805777
1607064530.657807589
1607064530.757806778
