1607064120.852479935
1607064120.952377319
1607064121.052498817
1607064121.152485609
1607064121.252476692
1607064121.352405310
1607064121.452476740
1607064121.552478313
1607064121.652476072
1607064121.752471209
1607064121.852473259
1607064121.952482939
1607064122.052459478
1607064122.152476072
1607064122.252473831
1607064122.352462530
1607064122.452446699
1607064122.552339315
1607064122.652449846
1607064122.752473116
1607064122.852477074
1607064122.952475071
1607064123.052477837
1607064123.152474403
1607064123.252441168
1607064123.352472305
1607064123.452472925
1607064123.552475214
1607064123.652476311
1607064123.752450466
1607064123.852472544
1607064123.952473879
1607064124.052473307
1607064124.152474642
1607064124.252337456
1607064124.352336407
1607064124.452335596
1607064124.552345514
1607064124.652347803
1607064124.752316475
1607064124.852366686
1607064124.952472210
1607064125.052374601
1607064125.152379513
1607064125.252456427
1607064125.352463961
1607064125.452334642
1607064125.552482367
1607064125.652346611
1607064125.752311230
1607064125.852329969
1607064125.952471018
1607064126.052376270
1607064126.152378321
1607064126.252337933
1607064126.352378368
1607064126.452343464
1607064126.552484989
1607064126.652378798
1607064126.752361059
1607064126.852366447
1607064126.952373981
1607064127.052453995
1607064127.152311325
1607064127.252371550
1607064127.352450848
1607064127.452377081
1607064127.552470207
1607064127.652383566
1607064127.752352238
1607064127.852464914
1607064127.952332735
1607064128.052315235
1607064128.152477503
1607064128.252336740
1607064128.352380514
1607064128.452449083
1607064128.552474976
1607064128.652323723
1607064128.752339840
1607064128.852375746
1607064128.952310801
1607064129.052339792
1607064129.152376890
1607064129.252338886
1607064129.352392673
1607064129.452313900
1607064129.552315474
1607064129.652335644
1607064129.752330303
1607064129.852383614
1607064129.952334642
1607064130.052383900
1607064130.152378798
1607064130.252304792
1607064130.352368116
1607064130.452326775
1607064130.552342892
1607064130.652472734
1607064130.752475739
1607064130.852473021
1607064130.952478170
1607064131.052374601
1607064131.152375937
1607064131.252351999
1607064131.352336407
1607064131.452373981
1607064131.552357197
1607064131.652374744
1607064131.752375364
1607064131.852363825
1607064131.952377319
1607064132.052474022
1607064132.152379513
1607064132.252306938
1607064132.352338791
1607064132.452340126
1607064132.552336454
1607064132.652376413
1607064132.752335548
1607064132.852335691
1607064132.952306986
1607064133.052335739
1607064133.152442217
1607064133.252338171
1607064133.352376699
1607064133.452329397
1607064133.552384138
1607064133.652339220
1607064133.752336502
1607064133.852337122
1607064133.952335119
1607064134.052374363
1607064134.152339458
1607064134.252379179
1607064134.352440119
1607064134.452309608
1607064134.552376032
1607064134.652374506
1607064134.752343178
1607064134.852356672
1607064134.952345848
1607064135.052332401
1607064135.152374744
1607064135.252339602
1607064135.352336407
1607064135.452459097
1607064135.552336216
1607064135.652375698
1607064135.752336264
1607064135.852345943
1607064135.952376127
1607064136.052339315
1607064136.152337790
1607064136.252377987
1607064136.352472305
1607064136.452458620
1607064136.552383661
1607064136.652479172
1607064136.752474546
1607064136.852474689
1607064136.952477455
1607064137.052472591
1607064137.152473450
1607064137.252478361
1607064137.352481127
1607064137.452473402
1607064137.552478552
1607064137.652477026
1607064137.752478838
1607064137.852472067
1607064137.952381611
1607064138.052475691
1607064138.152501583
1607064138.252487183
1607064138.352482557
1607064138.452480316
1607064138.552474022
1607064138.652477741
1607064138.752475500
1607064138.852448225
1607064138.952472925
1607064139.052474737
1607064139.152476311
1607064139.252464533
1607064139.352476358
1607064139.452400923
1607064139.552480221
1607064139.652475595
1607064139.752477646
1607064139.852475405
1607064139.952471972
1607064140.052387714
1607064140.152476549
1607064140.252475023
1607064140.352473736
1607064140.452472687
1607064140.552475691
1607064140.652478456
1607064140.752472639
1607064140.852470636
1607064140.952475071
1607064141.052342176
1607064141.152468681
1607064141.252463102
1607064141.352453232
1607064141.452328205
1607064141.552452564
1607064141.652443171
1607064141.752372265
1607064141.852371931
1607064141.952455997
1607064142.052474976
1607064142.152504444
1607064142.252480507
1607064142.352477551
1607064142.452474356
1607064142.552484989
1607064142.652475357
1607064142.752474785
1607064142.852477551
1607064142.952473879
1607064143.052475452
1607064143.152477980
1607064143.252473354
1607064143.352379322
1607064143.452471018
1607064143.552467346
1607064143.652462959
1607064143.752457857
1607064143.852452755
1607064143.952452183
1607064144.052379370
1607064144.152439833
1607064144.252355099
1607064144.352482557
1607064144.452475786
1607064144.552476406
1607064144.652475119
1607064144.752445459
1607064144.852501154
1607064144.952483416
1607064145.052480221
1607064145.152474642
1607064145.252456188
1607064145.352474928
1607064145.452477217
1607064145.552476883
1607064145.652475119
1607064145.752474308
1607064145.852379799
1607064145.952476740
1607064146.052472830
1607064146.152475119
1607064146.252475023
1607064146.352476120
1607064146.452476025
1607064146.552444220
1607064146.652472496
1607064146.752473831
1607064146.852480412
1607064146.952473164
1607064147.052473545
1607064147.152455330
1607064147.252476931
1607064147.352473974
1607064147.452476263
1607064147.552503824
1607064147.652494669
1607064147.752470970
1607064147.852475643
1607064147.952473879
1607064148.052475452
1607064148.152477503
1607064148.252454519
1607064148.352475882
1607064148.452474594
1607064148.552341461
1607064148.652476311
1607064148.752480030
1607064148.852472782
1607064148.952479362
1607064149.052473545
1607064149.152477264
1607064149.252476454
1607064149.352473021
1607064149.452449799
1607064149.552474737
1607064149.652478456
1607064149.752453566
1607064149.852478743
1607064149.952410221
1607064150.052472591
1607064150.152481794
1607064150.252503633
1607064150.352485657
1607064150.452478409
1607064150.552438736
1607064150.652473688
1607064150.752475500
1607064150.852477074
1607064150.952480316
1607064151.052479982
1607064151.152474642
1607064151.252452135
1607064151.352473497
1607064151.452480078
1607064151.552474260
1607064151.652476788
1607064151.752475023
1607064151.852454901
1607064151.952474594
1607064152.052477121
1607064152.152474403
1607064152.252481937
1607064152.352477789
1607064152.452463388
1607064152.552474976
1607064152.652472258
1607064152.752475739
1607064152.852476120
1607064152.952500105
1607064153.052483797
1607064153.152480364
1607064153.252475977
1607064153.352478743
1607064153.452477455
1607064153.552463055
1607064153.652474403
1607064153.752471924
1607064153.852472544
1607064153.952474356
1607064154.052476168
1607064154.152465343
1607064154.252452850
1607064154.352474928
1607064154.452477694
1607064154.552477121
1607064154.652474880
1607064154.752475023
1607064154.852472544
1607064154.952381134
1607064155.052339077
1607064155.152472258
1607064155.252476692
1607064155.352368355
1607064155.452473402
1607064155.552475691
1607064155.652500391
1607064155.752483368
1607064155.852473497
1607064155.952441692
1607064156.052473545
1607064156.152473211
1607064156.252476692
1607064156.352474928
1607064156.452478647
1607064156.552441835
1607064156.652474880
1607064156.752477169
1607064156.852482319
1607064156.952473879
1607064157.052473307
1607064157.152472258
1607064157.252447128
1607064157.352466822
1607064157.452452421
1607064157.552339792
1607064157.652426720
1607064157.752457857
1607064157.852475405
1607064157.952474117
1607064158.052474499
1607064158.152474642
1607064158.252506733
1607064158.352389812
1607064158.452486277
1607064158.552473783
1607064158.652475357
1607064158.752474785
1607064158.852477074
1607064158.952444792
1607064159.052474499
1607064159.152472734
1607064159.252476215
1607064159.352370739
1607064159.452474117
1607064159.552445650
1607064159.652474403
1607064159.752477884
1607064159.852474689
1607064159.952455044
1607064160.052473068
1607064160.152456999
1607064160.252370119
1607064160.352475643
1607064160.452472210
1607064160.552475691
1607064160.652474880
1607064160.752458334
1607064160.852477074
1607064160.952489853
1607064161.052501917
1607064161.152486086
1607064161.252480268
1607064161.352473974
1607064161.452467918
1607064161.552475929
1607064161.652474642
1607064161.752475739
1607064161.852472067
1607064161.952476978
1607064162.052460194
1607064162.152474642
1607064162.252476931
1607064162.352480888
1607064162.452476501
1607064162.552478790
1607064162.652476072
1607064162.752479076
1607064162.852473736
1607064162.952474833
1607064163.052475691
1607064163.152474165
1607064163.252439737
1607064163.352484465
1607064163.452474594
1607064163.552475691
1607064163.652505159
1607064163.752501011
1607064163.852471352
1607064163.952477694
1607064164.052481413
1607064164.152476311
1607064164.252474546
1607064164.352475166
1607064164.452467203
1607064164.552479029
1607064164.652475834
1607064164.752477884
1607064164.852477789
1607064164.952473879
1607064165.052472830
1607064165.152365208
1607064165.252474546
1607064165.352475882
1607064165.452476978
1607064165.552476645
1607064165.652488232
1607064165.752472878
1607064165.852461576
1607064165.952472210
1607064166.052471876
1607064166.152472258
1607064166.252444983
1607064166.352499962
1607064166.452499151
1607064166.552477598
1607064166.652476311
1607064166.752472639
1607064166.852442503
1607064166.952475071
1607064167.052476168
1607064167.152478695
1607064167.252475977
1607064167.352455139
1607064167.452381611
1607064167.552378178
1607064167.652476549
1607064167.752475977
1607064167.852477074
1607064167.952472925
1607064168.052469015
1607064168.152476549
1607064168.252475500
1607064168.352472782
1607064168.452461720
1607064168.552473545
1607064168.652472258
1607064168.752473116
1607064168.852476358
1607064168.952474356
1607064169.052500486
1607064169.152369261
1607064169.252471685
1607064169.352473736
1607064169.452400446
1607064169.552470684
1607064169.652474642
1607064169.752456427
1607064169.852473974
1607064169.952469110
1607064170.052478552
1607064170.152447462
1607064170.252476931
1607064170.352443457
1607064170.452459812
1607064170.552335978
1607064170.652474642
1607064170.752479553
1607064170.852474689
1607064170.952475309
1607064171.052474499
1607064171.152469873
1607064171.252472401
1607064171.352474451
1607064171.452477455
1607064171.552481890
1607064171.652379036
1607064171.752498627
1607064171.852490664
1607064171.952481508
1607064172.052470684
1607064172.152475595
1607064172.252368927
1607064172.352471352
1607064172.452475071
1607064172.552478552
1607064172.652477503
1607064172.752475023
1607064172.852465153
1607064172.952477932
1607064173.052476168
1607064173.152474642
1607064173.252474546
1607064173.352475882
1607064173.452449560
1607064173.552473068
1607064173.652474403
1607064173.752475023
1607064173.852472544
1607064173.952381611
1607064174.052339554
1607064174.152479172
1607064174.252479315
1607064174.352476358
1607064174.452501297
1607064174.552490234
1607064174.652457714
1607064174.752448797
1607064174.852341652
1607064174.952478647
1607064175.052477837
1607064175.152478218
1607064175.252374887
1607064175.352473736
1607064175.452473402
1607064175.552475929
1607064175.652475357
1607064175.752475977
1607064175.852482319
1607064175.952480316
1607064176.052471876
1607064176.152474880
1607064176.252474785
1607064176.352477789
1607064176.452464342
1607064176.552474022
1607064176.652475595
1607064176.752473593
1607064176.852476358
1607064176.952476501
1607064177.052452803
1607064177.152499676
1607064177.252490282
1607064177.352480173
1607064177.452476740
1607064177.552479267
1607064177.652474165
1607064177.752475977
1607064177.852473259
1607064177.952474594
1607064178.052474737
1607064178.152454853
1607064178.252465010
1607064178.352474928
1607064178.452476501
1607064178.552474022
1607064178.652479887
1607064178.752467871
1607064178.852474689
1607064178.952474117
1607064179.052475214
1607064179.152476072
1607064179.252477646
1607064179.352451086
1607064179.452474833
1607064179.552477121
1607064179.652476311
1607064179.752344608
1607064179.852501631
1607064179.952478409
1607064180.052470684
1607064180.152475119
1607064180.252474070
1607064180.352478743
1607064180.452474356
1607064180.552474022
1607064180.652474403
1607064180.752483130
1607064180.852475643
1607064180.952472925
1607064181.052480459
1607064181.152472258
1607064181.252371073
1607064181.352477789
1607064181.452472210
1607064181.552475929
1607064181.652477026
1607064181.752452374
1607064181.852481365
1607064181.952476025
1607064182.052477121
1607064182.152476311
1607064182.252477169
1607064182.352474451
1607064182.452475786
1607064182.552505255
1607064182.652483702
1607064182.752473593
1607064182.852478743
1607064182.952461004
1607064183.052478075
1607064183.152452469
1607064183.252480030
1607064183.352469921
1607064183.452476978
1607064183.552472591
1607064183.652384758
1607064183.752472162
1607064183.852476835
1607064183.952478647
1607064184.052334785
1607064184.152473688
1607064184.252376080
1607064184.352476835
1607064184.452475309
1607064184.552380800
1607064184.652481556
1607064184.752475977
1607064184.852453232
1607064184.952371597
1607064185.052474260
1607064185.152504921
1607064185.252500296
1607064185.352487087
1607064185.452454329
1607064185.552475929
1607064185.652474642
1607064185.752474546
1607064185.852341652
1607064185.952476501
1607064186.052443981
1607064186.152476788
1607064186.252481699
1607064186.352477789
1607064186.452481508
1607064186.552476168
1607064186.652476549
1607064186.752373219
1607064186.852476597
1607064186.952484131
1607064187.052476645
1607064187.152355194
1607064187.252390385
1607064187.352476597
1607064187.452474594
1607064187.552476168
1607064187.652474403
1607064187.752476931
1607064187.852441549
1607064187.952480793
1607064188.052475929
1607064188.152464151
1607064188.252461195
1607064188.352452755
1607064188.452447414
1607064188.552442312
1607064188.652443409
1607064188.752392530
1607064188.852504015
1607064188.952342272
1607064189.052483082
1607064189.152481556
1607064189.252474308
1607064189.352474451
1607064189.452476740
1607064189.552458525
1607064189.652475357
1607064189.752475977
1607064189.852338076
1607064189.952473879
1607064190.052474499
1607064190.152450562
1607064190.252378702
1607064190.352475166
1607064190.452471972
1607064190.552470922
1607064190.652462721
1607064190.752378464
1607064190.852457047
1607064190.952450514
1607064191.052447319
1607064191.152355433
1607064191.252393484
1607064191.352397680
1607064191.452482224
1607064191.552473783
1607064191.652476311
1607064191.752483845
1607064191.852476120
1607064191.952446938
1607064192.052376747
1607064192.152479410
1607064192.252473593
1607064192.352434874
1607064192.452375412
1607064192.552473068
1607064192.652474403
1607064192.752474785
1607064192.852502108
1607064192.952372551
1607064193.052478075
1607064193.152458191
1607064193.252377272
1607064193.352374792
1607064193.452478409
1607064193.552477121
1607064193.652477980
1607064193.752450943
1607064193.852472544
1607064193.952474833
1607064194.052474260
1607064194.152479649
1607064194.252346754
1607064194.352481604
1607064194.452475309
1607064194.552481413
1607064194.652474880
1607064194.752476454
1607064194.852476597
1607064194.952475786
1607064195.052476406
1607064195.152352571
1607064195.252477169
1607064195.352475643
1607064195.452476025
1607064195.552502632
1607064195.652490854
1607064195.752477646
1607064195.852476597
1607064195.952476263
1607064196.052478313
1607064196.152475595
1607064196.252342463
1607064196.352473497
1607064196.452476025
1607064196.552479029
1607064196.652477980
1607064196.752477407
1607064196.852476358
1607064196.952469110
1607064197.052475452
1607064197.152473211
1607064197.252341986
1607064197.352454662
1607064197.452448130
1607064197.552341223
1607064197.652388573
1607064197.752472878
1607064197.852478266
1607064197.952474833
1607064198.052483559
1607064198.152464867
1607064198.252503633
1607064198.352487564
1607064198.452477455
1607064198.552473068
1607064198.652474880
1607064198.752452850
1607064198.852475405
1607064198.952476978
1607064199.052474022
1607064199.152479649
1607064199.252379656
1607064199.352471352
1607064199.452476740
1607064199.552477360
1607064199.652476549
1607064199.752482414
1607064199.852443457
1607064199.952473164
1607064200.052474260
1607064200.152480602
1607064200.252473831
1607064200.352474689
1607064200.452445030
1607064200.552441835
1607064200.652480841
1607064200.752475023
1607064200.852474689
1607064200.952503443
1607064201.052483082
1607064201.152473927
1607064201.252475023
1607064201.352479458
1607064201.452357531
1607064201.552479267
1607064201.652470350
1607064201.752476692
1607064201.852474689
1607064201.952472448
1607064202.052478075
1607064202.152474403
1607064202.252482414
1607064202.352480173
1607064202.452477455
1607064202.552464485
1607064202.652476072
1607064202.752411604
1607064202.852478027
1607064202.952476263
1607064203.052476168
1607064203.152475834
1607064203.252476454
1607064203.352464199
1607064203.452479839
1607064203.552504301
1607064203.652501106
1607064203.752484322
1607064203.852415562
1607064203.952392340
1607064204.052473068
1607064204.152473211
1607064204.252476215
1607064204.352476358
1607064204.452487946
1607064204.552472353
1607064204.652481079
1607064204.752472162
1607064204.852478027
1607064204.952478647
1607064205.052373648
1607064205.152456760
1607064205.252477407
1607064205.352464199
1607064205.452476025
1607064205.552374840
1607064205.652473450
1607064205.752468586
1607064205.852475405
1607064205.952477694
1607064206.052475452
1607064206.152448416
1607064206.252485514
1607064206.352500677
1607064206.452484608
1607064206.552474737
1607064206.652475834
1607064206.752476692
1607064206.852479458
1607064206.952454090
1607064207.052470207
1607064207.152328968
1607064207.252482176
1607064207.352476597
1607064207.452467680
1607064207.552478552
1607064207.652474642
1607064207.752379894
1607064207.852474451
1607064207.952478886
1607064208.052474976
1607064208.152339935
1607064208.252468824
1607064208.352482557
1607064208.452374697
1607064208.552476883
1607064208.652441263
1607064208.752464294
1607064208.852453470
1607064208.952504873
1607064209.052359104
1607064209.152482510
1607064209.252476931
1607064209.352474213
1607064209.452474594
1607064209.552480221
1607064209.652479649
1607064209.752479792
1607064209.852444410
1607064209.952375889
1607064210.052457571
1607064210.152477264
1607064210.252475977
1607064210.352360964
1607064210.452477694
1607064210.552474976
1607064210.652481318
1607064210.752479076
1607064210.852380753
1607064210.952473164
1607064211.052473307
1607064211.152478456
1607064211.252476215
1607064211.352476358
1607064211.452476501
1607064211.552475452
1607064211.652509689
1607064211.752382278
1607064211.852483511
1607064211.952478647
1607064212.052483797
1607064212.152479172
1607064212.252478600
1607064212.352477074
1607064212.452476978
1607064212.552477837
1607064212.652481318
1607064212.752479076
1607064212.852476358
1607064212.952476978
1607064213.052476168
1607064213.152477741
1607064213.252475023
1607064213.352442980
1607064213.452474833
1607064213.552476406
1607064213.652460814
1607064213.752480268
1607064213.852342367
1607064213.952445030
1607064214.052477121
1607064214.152468681
1607064214.252340078
1607064214.352442026
1607064214.452378035
1607064214.552471876
1607064214.652474403
1607064214.752471447
1607064214.852472782
1607064214.952476978
1607064215.052474499
1607064215.152480602
1607064215.252474785
1607064215.352477551
1607064215.452372074
1607064215.552474737
1607064215.652476549
1607064215.752312422
1607064215.852473259
1607064215.952476501
1607064216.052474260
1607064216.152473927
1607064216.252475023
1607064216.352337837
1607064216.452366114
1607064216.552473307
1607064216.652479887
1607064216.752477646
1607064216.852475405
1607064216.952476263
1607064217.052499771
1607064217.152496815
1607064217.252482414
1607064217.352474451
1607064217.452474117
1607064217.552480221
1607064217.652464867
1607064217.752478123
1607064217.852475166
1607064217.952478409
1607064218.052474499
1607064218.152441025
1607064218.252475500
1607064218.352474451
1607064218.452476263
1607064218.552476406
1607064218.652479649
1607064218.752441645
1607064218.852474451
1607064218.952475309
1607064219.052476168
1607064219.152474165
1607064219.252480984
1607064219.352474928
1607064219.452472687
1607064219.552473783
1607064219.652475834
1607064219.752504587
1607064219.852492332
1607064219.952483416
1607064220.052468777
1607064220.152477503
1607064220.252474785
1607064220.352472544
1607064220.452439070
1607064220.552473307
1607064220.652470589
1607064220.752475023
