1607065060.770431519
1607065060.870824099
1607065060.971168041
1607065061.071594000
1607065061.171943426
1607065061.272295475
1607065061.372744560
1607065061.472993374
1607065061.573354244
1607065061.673704863
1607065061.774022102
1607065061.874282837
1607065061.974686623
1607065062.075064182
1607065062.175411940
1607065062.275854349
1607065062.376202583
1607065062.476559162
1607065062.576916456
1607065062.677304745
1607065062.777489185
1607065062.877808571
1607065062.978129625
1607065063.078539133
1607065063.178722143
1607065063.279095411
1607065063.379446745
1607065063.479895353
1607065063.580247402
1607065063.680497885
1607065063.780842066
1607065063.881197453
1607065063.981482029
1607065064.081801891
1607065064.182156086
1607065064.282553673
1607065064.382905245
1607065064.483258963
1607065064.583573341
1607065064.683921814
1607065064.784250975
1607065064.884692430
1607065064.985038280
1607065065.085373163
1607065065.185720921
1607065065.285972595
1607065065.386298180
1607065065.486650467
1607065065.587026119
1607065065.687448740
1607065065.787827015
1607065065.888077974
1607065065.988498211
1607065066.088845968
1607065066.189209223
1607065066.289559126
1607065066.389877558
1607065066.490224838
1607065066.590481043
1607065066.690835238
1607065066.791181564
1607065066.891628265
1607065066.991978645
1607065067.092323303
1607065067.192761898
1607065067.293108225
1607065067.393558979
1607065067.493809462
1607065067.594068766
1607065067.694417238
1607065067.794632196
1607065067.894992828
1607065067.995410919
1607065068.095759869
1607065068.196109772
1607065068.296465397
1607065068.396817923
1607065068.497239113
1607065068.597573042
1607065068.697947264
1607065068.798365355
1607065068.898741961
1607065068.999081135
1607065069.099428892
1607065069.199875116
1607065069.300106287
1607065069.400461674
1607065069.500809669
1607065069.601214409
1607065069.701400995
1607065069.801649094
1607065069.901936293
1607065070.002171755
1607065070.102562904
1607065070.202903748
1607065070.303246498
1607065070.403665543
1607065070.504015446
1607065070.604393005
1607065070.704730749
1607065070.805071115
1607065070.905391932
1607065071.005690813
1607065071.105962753
1607065071.206308842
1607065071.306656122
1607065071.406995773
1607065071.507340193
1607065071.607679367
1607065071.708019257
1607065071.808388233
1607065071.908723354
1607065072.009066582
1607065072.109412193
1607065072.209717274
1607065072.310046196
1607065072.410386801
1607065072.510725975
1607065072.610977173
1607065072.711301088
1607065072.811613560
1607065072.911859512
1607065073.012098551
1607065073.112310648
1607065073.212662697
1607065073.313005924
1607065073.413388014
1607065073.513612986
1607065073.613956451
1607065073.714306831
1607065073.814561367
1607065073.914919615
1607065074.015166521
1607065074.115512848
1607065074.215856552
1607065074.316205263
1607065074.416435957
1607065074.516774178
1607065074.617122889
1607065074.717475653
1607065074.817816019
1607065074.918051243
1607065075.018393040
1607065075.118737221
1607065075.219079971
1607065075.319399118
1607065075.419763327
1607065075.520026922
1607065075.620367050
1607065075.720709801
1607065075.821077347
1607065075.921430826
1607065076.021772861
1607065076.122113705
1607065076.222460032
1607065076.322808027
1607065076.423149586
1607065076.523518801
1607065076.623841524
1607065076.724183321
1607065076.824528217
1607065076.924872398
1607065077.025217295
1607065077.125427485
1607065077.225735426
1607065077.326077938
1607065077.426418781
1607065077.526762247
1607065077.627105474
1607065077.727437973
1607065077.827781677
1607065077.928126335
1607065078.028491259
1607065078.128835440
1607065078.229166985
1607065078.329371214
1607065078.429577589
1607065078.529921055
1607065078.630262136
1607065078.730630398
1607065078.830966234
1607065078.931310654
1607065079.031681061
1607065079.132029057
1607065079.232369423
1607065079.332722902
1607065079.433069229
1607065079.533410549
1607065079.633721352
1607065079.734090805
1607065079.834431648
1607065079.934754610
1607065080.035094738
1607065080.135464430
1607065080.235677958
1607065080.336023808
1607065080.436366320
1607065080.536692858
1607065080.637061119
1607065080.737404585
1607065080.837744951
1607065080.938090324
1607065081.038440466
1607065081.138677835
1607065081.239026308
1607065081.339367867
1607065081.439734697
1607065081.540076256
1607065081.640419006
1607065081.740764856
1607065081.841109276
1607065081.941396475
1607065082.041738749
1607065082.142086506
1607065082.242429018
1607065082.342772245
1607065082.443113804
1607065082.543452263
1607065082.643793344
1607065082.744164228
1607065082.844505072
1607065082.944846392
1607065083.045166492
1607065083.145371199
1607065083.245710611
1607065083.345945597
1607065083.446288824
1607065083.546622753
1607065083.646935463
1607065083.747276068
1607065083.847643375
1607065083.947985411
1607065084.048331022
1607065084.148674488
1607065084.248923540
1607065084.349298477
1607065084.449638367
1607065084.549987793
1607065084.650241613
1607065084.750615597
1607065084.850956678
1607065084.951300144
1607065085.051666498
1607065085.152008295
1607065085.252352238
1607065085.352675200
1607065085.453041077
1607065085.553254604
1607065085.653597116
1607065085.753943205
1607065085.854284763
1607065085.954492569
1607065086.054840565
1607065086.155181646
1607065086.255521536
1607065086.355844975
1607065086.456194639
1607065086.556545734
1607065086.656885386
1607065086.757225990
1607065086.857399464
1607065086.957718134
1607065087.058061838
1607065087.158403635
1607065087.258771658
1607065087.359115839
1607065087.459455490
1607065087.559802532
1607065087.660150051
1607065087.760495901
1607065087.860731125
1607065087.961071491
1607065088.061422825
1607065088.161689758
1607065088.262031078
1607065088.362376690
1607065088.462718487
1607065088.563063145
1607065088.663407326
1607065088.763751030
1607065088.864119053
1607065088.964439154
1607065089.064782858
1607065089.165128946
1607065089.265480995
1607065089.365823984
1607065089.466130972
1607065089.566474676
1607065089.666840076
1607065089.767183542
1607065089.867427826
1607065089.967769623
1607065090.068118572
1607065090.168474197
1607065090.268811464
1607065090.369164705
1607065090.469376326
1607065090.569691181
1607065090.670056105
1607065090.770400524
1607065090.870686293
1607065090.970684290
1607065091.070683002
1607065091.170682907
1607065091.270665646
1607065091.370686054
1607065091.470682383
1607065091.570685625
1607065091.670680523
1607065091.770685911
1607065091.870685339
1607065091.970683575
1607065092.070683479
1607065092.170648575
1607065092.270670414
1607065092.370669603
1607065092.470665693
1607065092.570687771
1607065092.670667887
1607065092.770684004
1607065092.870667934
1607065092.970665932
1607065093.070546389
1607065093.170678854
1607065093.270684004
1607065093.370672226
1607065093.470669031
1607065093.570666790
1607065093.670682907
1607065093.770684004
1607065093.870681763
1607065093.970560312
1607065094.070689678
1607065094.170691013
1607065094.270684004
1607065094.370610952
1607065094.470685482
1607065094.570683718
1607065094.670679808
1607065094.770685434
1607065094.870566368
1607065094.970666170
1607065095.070577383
1607065095.170665264
1607065095.270682335
1607065095.370685577
1607065095.470688105
1607065095.570684671
1607065095.670680523
1607065095.770648479
1607065095.870681763
1607065095.970669985
1607065096.070549965
1607065096.170685291
1607065096.270683289
1607065096.370685339
1607065096.470671177
1607065096.570653915
1607065096.670585155
1607065096.770682812
1607065096.870682716
1607065096.970586061
1607065097.070663214
1607065097.170666456
1607065097.270684719
1607065097.370669842
1607065097.470667124
1607065097.570686102
1607065097.670671225
1607065097.770665884
1607065097.870546579
1607065097.970692873
1607065098.070709705
1607065098.170691967
1607065098.270547390
1607065098.370666265
1607065098.470681190
1607065098.570687294
1607065098.670680046
1607065098.770683289
1607065098.870666981
1607065098.970593214
1607065099.070671558
1607065099.170592308
1607065099.270665884
1607065099.370687008
1607065099.470583677
1607065099.570590258
1607065099.670663118
1607065099.770669222
1607065099.870682478
1607065099.970668316
1607065100.070668697
1607065100.170586586
1607065100.270595312
1607065100.370592594
1607065100.470582962
1607065100.570590258
1607065100.670515537
1607065100.770591259
1607065100.870599747
1607065100.970609665
1607065101.070595741
1607065101.170543909
1607065101.270670176
1607065101.370586872
1607065101.470670938
1607065101.570688248
1607065101.670681953
1607065101.770683527
1607065101.870586395
1607065101.970664263
1607065102.070682526
1607065102.170683622
1607065102.270685911
1607065102.370684385
1607065102.470664740
1607065102.570666313
1607065102.670684338
1607065102.770682573
1607065102.870681524
1607065102.970590353
1607065103.070687771
1607065103.170590639
1607065103.270707846
1607065103.370709419
1607065103.470698118
1607065103.570665836
1607065103.670669079
1607065103.770665407
1607065103.870685101
1607065103.970684290
1607065104.070587158
1607065104.170587301
1607065104.270683527
1607065104.370685101
1607065104.470582724
1607065104.570671797
1607065104.670681953
1607065104.770661116
1607065104.870679140
1607065104.970672607
1607065105.070683718
1607065105.170685530
1607065105.270689964
1607065105.370551109
1607065105.470668077
1607065105.570688963
1607065105.670688868
1607065105.770685196
1607065105.870592594
1607065105.970691442
1607065106.070713758
1607065106.170698166
1607065106.270550489
1607065106.370685339
1607065106.470681906
1607065106.570685148
1607065106.670666695
1607065106.770550728
1607065106.870682001
1607065106.970685005
1607065107.070685387
1607065107.170551300
1607065107.270684242
1607065107.370687246
1607065107.470684052
1607065107.570672750
1607065107.670682430
1607065107.770590544
1607065107.870592594
1607065107.970670938
1607065108.070589781
1607065108.170669556
1607065108.270687580
1607065108.370674372
1607065108.470683575
1607065108.570651770
1607065108.670712471
1607065108.770708323
1607065108.870582581
1607065108.970549107
1607065109.070667744
1607065109.170683384
1607065109.270687103
1607065109.370550871
1607065109.470681190
1607065109.570683002
1607065109.670681953
1607065109.770687580
1607065109.870670795
1607065109.970684528
1607065110.070664406
1607065110.170682907
1607065110.270545483
1607065110.370669842
1607065110.470685244
1607065110.570682526
1607065110.670662880
1607065110.770685673
1607065110.870648146
1607065110.970659733
1607065111.070679665
1607065111.170551300
1607065111.270689726
1607065111.370709658
1607065111.470698595
1607065111.570692539
1607065111.670681000
1607065111.770665646
1607065111.870683432
1607065111.970685005
1607065112.070679188
1607065112.170684099
1607065112.270683050
1607065112.370686293
1607065112.470684528
1607065112.570684671
1607065112.670674324
1607065112.770683050
1607065112.870681286
1607065112.970682859
1607065113.070683479
1607065113.170685530
1607065113.270667076
1607065113.370683908
1607065113.470664978
1607065113.570683956
1607065113.670682907
1607065113.770657301
1607065113.870684385
1607065113.970706701
1607065114.070708036
1607065114.170706272
1607065114.270689249
1607065114.370676279
1607065114.470588684
1607065114.570670366
1607065114.670684099
1607065114.770683765
1607065114.870681763
1607065114.970667362
1607065115.070681810
1607065115.170669317
1607065115.270681143
1607065115.370687962
1607065115.470640659
1607065115.570674658
1607065115.670682907
1607065115.770666599
1607065115.870684624
1607065115.970685005
1607065116.070664883
1607065116.170683384
1607065116.270682812
1607065116.370688677
1607065116.470684528
1607065116.570667982
1607065116.670668125
1607065116.770711422
1607065116.870695591
1607065116.970689297
1607065117.070670843
1607065117.170667887
1607065117.270668507
1607065117.370663643
1607065117.470647812
1607065117.570590973
1607065117.670653820
1607065117.770668983
1607065117.870686769
1607065117.970686913
1607065118.070685148
1607065118.170684099
1607065118.270682096
1607065118.370688915
1607065118.470655918
1607065118.570551157
1607065118.670684814
1607065118.770693779
1607065118.870680809
1607065118.970683098
1607065119.070581913
1607065119.170669556
1607065119.270680904
1607065119.370711803
1607065119.470712900
1607065119.570694923
1607065119.670681715
1607065119.770683527
1607065119.870688200
1607065119.970683813
1607065120.070685863
1607065120.170658112
1607065120.270682335
1607065120.370670795
1607065120.470680952
1607065120.570684195
1607065120.670680285
1607065120.770652533
1607065120.870682478
1607065120.970687866
1607065121.070681334
1607065121.170673847
1607065121.270681620
1607065121.370643854
1607065121.470679522
1607065121.570584774
1607065121.670681238
1607065121.770527840
1607065121.870667696
1607065121.970682621
1607065122.070695639
1607065122.170709372
1607065122.270694733
1607065122.370687962
1607065122.470670938
1607065122.570652008
1607065122.670681238
1607065122.770684242
1607065122.870680571
1607065122.970670223
1607065123.070683956
1607065123.170665503
1607065123.270681381
1607065123.370670795
1607065123.470683336
1607065123.570688009
1607065123.670681238
1607065123.770676851
1607065123.870665073
1607065123.970685482
1607065124.070681572
1607065124.170686245
1607065124.270586252
1607065124.370683432
1607065124.470683098
1607065124.570682764
1607065124.670584202
1607065124.770693541
1607065124.870680332
1607065124.970691919
1607065125.070684195
1607065125.170594454
1607065125.270684719
1607065125.370690107
1607065125.470665932
1607065125.570588112
1607065125.670669079
1607065125.770684242
1607065125.870664597
1607065125.970682859
1607065126.070657015
1607065126.170686007
1607065126.270682096
1607065126.370684862
1607065126.470670700
1607065126.570694923
1607065126.670641184
1607065126.770682812
1607065126.870663881
1607065126.970670700
1607065127.070681572
1607065127.170687199
1607065127.270655632
1607065127.370712042
1607065127.470707178
1607065127.570698261
1607065127.670693159
1607065127.770670414
1607065127.870658875
1607065127.970690250
1607065128.070689917
1607065128.170686007
1607065128.270683527
1607065128.370684624
1607065128.470681190
1607065128.570685625
1607065128.670683146
1607065128.770686626
1607065128.870666027
1607065128.970685005
1607065129.070683956
1607065129.170685053
1607065129.270683527
1607065129.370658636
1607065129.470684290
1607065129.570551872
1607065129.670683146
1607065129.770686388
1607065129.870588064
1607065129.970687151
1607065130.070673943
1607065130.170684814
1607065130.270698547
1607065130.370690107
1607065130.470604181
1607065130.570678711
1607065130.670685291
1607065130.770664692
1607065130.870559454
1607065130.970667362
1607065131.070685625
1607065131.170685768
1607065131.270682812
1607065131.370585442
1607065131.470686197
1607065131.570686102
1607065131.670667887
1607065131.770551920
1607065131.870684385
1607065131.970689058
1607065132.070683718
1607065132.170686007
1607065132.270548344
1607065132.370668650
1607065132.470684528
1607065132.570583344
1607065132.670681477
1607065132.770710707
1607065132.870709181
1607065132.970695496
1607065133.070626020
1607065133.170684099
1607065133.270684719
1607065133.370684147
1607065133.470667839
1607065133.570667505
1607065133.670579433
1607065133.770676374
1607065133.870657444
1607065133.970649242
1607065134.070573568
1607065134.170667648
1607065134.270660877
1607065134.370659590
1607065134.470649242
1607065134.570536375
1607065134.670613050
1607065134.770543337
1607065134.870666981
1607065134.970676184
1607065135.070683718
1607065135.170668840
1607065135.270591021
1607065135.370588779
1607065135.470709324
1607065135.570684433
1607065135.670689106
1607065135.770683765
1607065135.870685577
1607065135.970685005
1607065136.070681334
1607065136.170683384
1607065136.270670652
1607065136.370686293
1607065136.470680952
1607065136.570658684
1607065136.670680285
1607065136.770684481
1607065136.870679855
1607065136.970685959
1607065137.070664883
1607065137.170682430
1607065137.270683050
1607065137.370688677
1607065137.470665455
1607065137.570683956
1607065137.670681238
1607065137.770690203
1607065137.870547771
1607065137.970690727
1607065138.070681095
1607065138.170722485
1607065138.270708084
1607065138.370690823
1607065138.470683098
1607065138.570683002
1607065138.670667410
1607065138.770685434
1607065138.870687008
1607065138.970683575
1607065139.070646048
1607065139.170681953
1607065139.270686626
1607065139.370683670
1607065139.470536470
1607065139.570666790
1607065139.670675993
1607065139.770684004
1607065139.870680332
1607065139.970687151
1607065140.070680141
1607065140.170684338
1607065140.270665646
1607065140.370690107
1607065140.470681906
1607065140.570684195
1607065140.670681238
1607065140.770665646
1607065140.870706320
1607065140.970705032
1607065141.070683479
1607065141.170684576
1607065141.270683289
1607065141.370665550
1607065141.470664740
1607065141.570683718
1607065141.670683384
1607065141.770668268
1607065141.870573521
1607065141.970687628
1607065142.070682287
1607065142.170683861
1607065142.270680904
1607065142.370682955
1607065142.470651627
1607065142.570667267
1607065142.670681000
1607065142.770682812
1607065142.870687962
1607065142.970688581
1607065143.070660353
1607065143.170688391
1607065143.270684958
1607065143.370667696
1607065143.470690727
1607065143.570692301
1607065143.670589209
1607065143.770668507
1607065143.870665550
1607065143.970682859
1607065144.070684433
1607065144.170683861
1607065144.270683289
1607065144.370568037
1607065144.470712900
1607065144.570708513
1607065144.670688152
1607065144.770686865
1607065144.870664358
1607065144.970680714
1607065145.070681810
1607065145.170684099
1607065145.270666122
1607065145.370682716
1607065145.470665216
1607065145.570687294
1607065145.670669794
1607065145.770686150
1607065145.870684624
1607065145.970687389
1607065146.070683241
1607065146.170684814
1607065146.270686150
1607065146.370682955
1607065146.470658302
1607065146.570666552
1607065146.670698166
1607065146.770683050
1607065146.870667219
1607065146.970684052
1607065147.070691824
1607065147.170682430
1607065147.270670891
1607065147.370689631
1607065147.470686436
1607065147.570683479
1607065147.670682430
1607065147.770683289
1607065147.870645523
1607065147.970683575
1607065148.070650339
1607065148.170686483
1607065148.270680666
1607065148.370711327
1607065148.470700741
1607065148.570700407
1607065148.670686007
1607065148.770576477
1607065148.870685339
1607065148.970653534
1607065149.070665836
1607065149.170671463
1607065149.270682335
1607065149.370682955
1607065149.470665932
1607065149.570683002
1607065149.670668125
1607065149.770674706
1607065149.870655060
1607065149.970601797
1607065150.070552588
1607065150.170684814
1607065150.270665407
1607065150.370665073
1607065150.470546246
1607065150.570688725
1607065150.670691013
1607065150.770666122
1607065150.870681286
1607065150.970552921
1607065151.070691824
1607065151.170713902
1607065151.270689249
1607065151.370549917
1607065151.470665216
1607065151.570692301
1607065151.670683146
1607065151.770669937
1607065151.870657206
1607065151.970685244
1607065152.070681810
1607065152.170686960
1607065152.270547390
1607065152.370666265
1607065152.470648289
1607065152.570683241
1607065152.670666933
1607065152.770683289
1607065152.870684147
1607065152.970686674
1607065153.070571661
1607065153.170682669
1607065153.270690680
1607065153.370686293
1607065153.470665932
1607065153.570686102
1607065153.670579672
1607065153.770714521
1607065153.870707273
1607065153.970697641
1607065154.070539713
1607065154.170688391
1607065154.270671606
1607065154.370688677
1607065154.470547438
1607065154.570668697
1607065154.670680761
1607065154.770683527
1607065154.870691061
1607065154.970589399
1607065155.070680857
1607065155.170669556
1607065155.270666361
1607065155.370685816
1607065155.470683336
1607065155.570686340
1607065155.670689344
1607065155.770668507
1607065155.870588779
1607065155.970655918
1607065156.070681572
1607065156.170684338
1607065156.270547152
1607065156.370689869
1607065156.470707178
1607065156.570697308
1607065156.670691252
1607065156.770689487
1607065156.870684862
1607065156.970687628
1607065157.070681334
1607065157.170677900
1607065157.270683050
1607065157.370687246
1607065157.470688820
1607065157.570684671
1607065157.670699358
1607065157.770686626
1607065157.870682955
1607065157.970687389
1607065158.070683479
1607065158.170688152
1607065158.270689487
1607065158.370593071
1607065158.470683098
1607065158.570592403
1607065158.670686245
1607065158.770686150
1607065158.870587111
1607065158.970667839
1607065159.070549965
1607065159.170713186
1607065159.270705223
1607065159.370692968
1607065159.470656872
1607065159.570674181
1607065159.670664787
1607065159.770693064
1607065159.870591164
1607065159.970684528
1607065160.070683002
1607065160.170690298
1607065160.270668030
1607065160.370687008
1607065160.470668316
1607065160.570540667
1607065160.670587301
1607065160.770688534
