1607241997.451416731
1607241997.551750660
1607241997.651971102
1607241997.752251863
1607241997.852558851
1607241997.952870846
1607241998.053183079
1607241998.153398037
1607241998.253708601
1607241998.354017258
1607241998.454334974
1607241998.554643869
1607241998.654950380
1607241998.755249262
1607241998.855561256
1607241998.955897331
1607241999.056180000
1607241999.156486273
1607241999.256775618
1607241999.357128143
1607241999.457424879
1607241999.557757378
1607241999.658065796
1607241999.758373737
1607241999.858677864
1607241999.958987951
1607242000.059299707
1607242000.159609556
1607242000.259933233
1607242000.360156059
1607242000.460443020
1607242000.560748577
1607242000.661061525
1607242000.761371136
1607242000.861655235
1607242000.961966515
1607242001.062331438
1607242001.162640810
1607242001.262948036
1607242001.363256693
1607242001.463481903
1607242001.563792944
1607242001.664101362
1607242001.764314175
1607242001.864489079
1607242001.964781046
1607242002.065090656
1607242002.165401220
1607242002.265735865
1607242002.366043329
1607242002.466351509
1607242002.566664934
1607242002.666974783
1607242002.767236233
1607242002.867550135
1607242002.967863321
1607242003.068169832
1607242003.168478012
1607242003.268796921
1607242003.369107962
1607242003.469419003
1607242003.569726229
1607242003.670039892
1607242003.770349026
1607242003.870655298
1607242003.970973492
1607242004.071282864
1607242004.171586990
1607242004.271893263
1607242004.372214079
1607242004.472551823
1607242004.572858095
1607242004.673154354
1607242004.773500443
1607242004.873808146
1607242004.974147797
1607242005.074456692
1607242005.174750805
1607242005.275061131
1607242005.375370026
1607242005.475690603
1607242005.576027155
1607242005.676312208
1607242005.776621103
1607242005.876794100
1607242005.977097273
1607242006.077404737
1607242006.177760363
1607242006.278067827
1607242006.378402710
1607242006.478710890
1607242006.579017162
1607242006.679325819
1607242006.779649734
1607242006.879957199
1607242006.980267286
1607242007.080584049
1607242007.180893421
1607242007.281181097
1607242007.381492853
1607242007.481802940
1607242007.582114697
1607242007.682423353
1607242007.782692194
1607242007.883004665
1607242007.983212709
1607242008.083525658
1607242008.183855534
1607242008.284160852
1607242008.384467840
1607242008.484750748
1607242008.585057735
1607242008.685366869
1607242008.785676956
1607242008.885955572
1607242008.986284733
1607242009.086588383
1607242009.186893940
1607242009.287199974
1607242009.387371063
1607242009.487617016
1607242009.587829590
1607242009.688135862
1607242009.788436413
1607242009.888717651
1607242009.989023685
1607242010.089331627
1607242010.189636946
1607242010.289974213
1607242010.390281200
1607242010.490554094
1607242010.590768337
1607242010.691072941
1607242010.791390419
1607242010.891697407
1607242010.992002964
1607242011.092282534
1607242011.192615986
1607242011.292926073
1607242011.393231869
1607242011.493537664
1607242011.593840837
1607242011.694146633
1607242011.794458151
1607242011.894784689
1607242011.995100737
1607242012.095312595
1607242012.195617676
1607242012.295924425
1607242012.396233559
1607242012.496406317
1607242012.596691608
1607242012.696995258
1607242012.797305346
1607242012.897581339
1607242012.997888088
1607242013.098194599
1607242013.198480844
1607242013.298786879
1607242013.399092436
1607242013.499434471
1607242013.599641323
1607242013.699854374
1607242013.800147057
1607242013.900458574
1607242014.000733852
1607242014.100906610
1607242014.201130629
1607242014.301413059
1607242014.401762724
1607242014.502080917
1607242014.602386236
1607242014.702698469
1607242014.803017139
1607242014.903324604
1607242015.003671169
1607242015.103977442
1607242015.204283476
1607242015.304594755
1607242015.404909611
1607242015.505250692
1607242015.605559826
1607242015.705704451
1607242015.806039333
1607242015.906316042
1607242016.006617785
1607242016.106906414
1607242016.207211256
1607242016.307516575
1607242016.407821655
1607242016.508016109
1607242016.608325958
1607242016.708636999
1607242016.808957815
1607242016.909265280
1607242017.009574652
1607242017.109867334
1607242017.210171938
1607242017.310480356
1607242017.410790682
1607242017.511096478
1607242017.611371994
1607242017.711707830
1607242017.812016487
1607242017.912322760
1607242018.012626410
1607242018.112931490
1607242018.213217974
1607242018.313497066
1607242018.413805008
1607242018.514114380
1607242018.614442587
1607242018.714749098
1607242018.815053940
1607242018.915364265
1607242019.015680075
1607242019.115952253
1607242019.216284037
1607242019.316568851
1607242019.416875362
1607242019.517182350
1607242019.617357731
1607242019.717664003
1607242019.817969322
1607242019.918277025
1607242020.018479347
1607242020.118790627
1607242020.219095230
1607242020.319411039
1607242020.419722319
1607242020.520033598
1607242020.620341301
1607242020.720646620
1607242020.820955276
1607242020.921267748
1607242021.021599770
1607242021.121903419
1607242021.222211123
1607242021.322385073
1607242021.422693729
1607242021.522976637
1607242021.623281479
1607242021.723590136
1607242021.823897362
1607242021.924234390
1607242022.024430037
1607242022.124739170
1607242022.225061655
1607242022.325363159
1607242022.425669670
1607242022.525973797
1607242022.626261950
1607242022.726567984
1607242022.826872826
1607242022.927181721
1607242023.027492762
1607242023.127715349
1607242023.228020430
1607242023.328232527
1607242023.428536892
1607242023.528841496
1607242023.629149199
1607242023.729460001
1607242023.829765558
1607242023.930073500
1607242024.030378103
1607242024.130687714
1607242024.230982304
1607242024.331315041
1607242024.431621313
1607242024.531889200
1607242024.632199287
1607242024.732509851
1607242024.832820654
1607242024.933131218
1607242025.033454657
1607242025.133760214
1607242025.233932972
1607242025.334104300
1607242025.434409380
1607242025.534715414
1607242025.635035515
1607242025.735340595
1607242025.835585117
1607242025.935780525
1607242026.036088467
1607242026.136398077
1607242026.236592531
1607242026.336860657
1607242026.437168360
1607242026.537475348
1607242026.637779713
1607242026.738088608
1607242026.838420153
1607242026.938709736
1607242027.039017916
1607242027.139225960
1607242027.239530563
1607242027.339836597
1607242027.440144062
1607242027.540449619
1607242027.640736580
1607242027.741040945
1607242027.841355562
1607242027.941568375
1607242028.041804075
1607242028.142103195
1607242028.242408514
1607242028.342661858
1607242028.442880392
1607242028.543184757
1607242028.643491268
1607242028.743685246
1607242028.843989134
1607242028.944197416
1607242029.044504166
1607242029.144810200
1607242029.245114326
1607242029.345446348
1607242029.445753574
1607242029.546061516
1607242029.646361589
1607242029.746655226
1607242029.846963644
1607242029.947270393
1607242030.047603846
1607242030.147907734
1607242030.248184919
1607242030.348493814
1607242030.448799849
1607242030.549108267
1607242030.649440765
1607242030.749747276
1607242030.850052118
1607242030.950357437
1607242031.050662756
1607242031.150969505
1607242031.251152754
1607242031.351458311
1607242031.451660872
1607242031.551592112
1607242031.651660204
1607242031.751660585
1607242031.851631403
1607242031.951657772
1607242032.051662445
1607242032.151585817
1607242032.251656771
1607242032.351583958
1607242032.451644182
1607242032.551660061
1607242032.651657820
1607242032.751657248
1607242032.851656437
1607242032.951658249
1607242033.051555872
1607242033.151659966
1607242033.251664400
1607242033.351656437
1607242033.451585531
1607242033.551657438
1607242033.651589394
1607242033.751685619
1607242033.851584435
1607242033.951668501
1607242034.051656961
1607242034.151660919
1607242034.251657248
1607242034.351658583
1607242034.451656818
1607242034.551658630
1607242034.651494026
1607242034.751645565
1607242034.851660252
1607242034.951660156
1607242035.051663876
1607242035.151658773
1607242035.251657248
1607242035.351660967
1607242035.451657057
1607242035.551657677
1607242035.651657581
1607242035.751659632
1607242035.851623058
1607242035.951659918
1607242036.051523685
1607242036.151657820
1607242036.251657724
1607242036.351583958
1607242036.451678991
1607242036.551681757
1607242036.651666403
1607242036.751657724
1607242036.851656199
1607242036.951585531
1607242037.051625967
1607242037.151583433
1607242037.251658440
1607242037.351657152
1607242037.451587915
1607242037.551656246
1607242037.651662111
1607242037.751580954
1607242037.851586580
1607242037.951658010
1607242038.051665545
1607242038.151581526
1607242038.251649857
1607242038.351445675
1607242038.451587677
1607242038.551659346
1607242038.651494980
1607242038.751523733
1607242038.851577044
1607242038.951496124
1607242039.051510096
1607242039.151659489
1607242039.251554966
1607242039.351667643
1607242039.451661825
1607242039.551660538
1607242039.651492596
1607242039.751583099
1607242039.851657391
1607242039.951645851
1607242040.051585674
1607242040.151657820
1607242040.251660109
1607242040.351657867
1607242040.451588631
1607242040.551662445
1607242040.651657104
1607242040.751657724
1607242040.851587772
1607242040.951658487
1607242041.051662445
1607242041.151643515
1607242041.251658440
1607242041.351658821
1607242041.451656818
1607242041.551656961
1607242041.651658058
1607242041.751644135
1607242041.851656914
1607242041.951686382
1607242042.051667690
1607242042.151664019
1607242042.251658440
1607242042.351629972
1607242042.451660633
1607242042.551658392
1607242042.651658297
1607242042.751657248
1607242042.851659536
1607242042.951634884
1607242043.051659584
1607242043.151585102
1607242043.251658440
1607242043.351660967
1607242043.451660633
1607242043.551660538
1607242043.651658773
1607242043.751660109
1607242043.851592541
1607242043.951555014
1607242044.051659584
1607242044.151650429
1607242044.251661301
1607242044.351662159
1607242044.451525450
1607242044.551662922
1607242044.651684284
1607242044.751671314
1607242044.851660013
1607242044.951612473
1607242045.051658630
1607242045.151661873
1607242045.251598120
1607242045.351667404
1607242045.451568365
1607242045.551656961
1607242045.651586056
1607242045.751656771
1607242045.851523876
1607242045.951586485
1607242046.051659584
1607242046.151656866
1607242046.251582623
1607242046.351658583
1607242046.451566696
1607242046.551657915
1607242046.651658773
1607242046.751590967
1607242046.851657152
1607242046.951659918
1607242047.051555634
1607242047.151658773
1607242047.251657486
1607242047.351669073
1607242047.451660156
1607242047.551663399
1607242047.651594877
1607242047.751662016
1607242047.851658821
1607242047.951660395
1607242048.051657438
1607242048.151676416
1607242048.251657486
1607242048.351684093
1607242048.451680183
1607242048.551614761
1607242048.651656389
1607242048.751658440
1607242048.851648092
1607242048.951589108
1607242049.051659346
1607242049.151659727
1607242049.251657963
1607242049.351586342
1607242049.451655865
1607242049.551594496
1607242049.651566267
1607242049.751657724
1607242049.851657391
1607242049.951666117
1607242050.051650763
1607242050.151587963
1607242050.251591206
1607242050.351656914
1607242050.451656103
1607242050.551659346
1607242050.651582241
1607242050.751662493
1607242050.851658344
1607242050.951661348
1607242051.051658869
1607242051.151568174
1607242051.251657963
1607242051.351661444
1607242051.451657057
1607242051.551607132
1607242051.651584387
1607242051.751637697
1607242051.851658106
1607242051.951662302
1607242052.051660061
1607242052.151656151
1607242052.251659632
1607242052.351627111
1607242052.451585293
1607242052.551664114
1607242052.651657581
1607242052.751658201
1607242052.851656437
1607242052.951635122
1607242053.051659346
1607242053.151658297
1607242053.251582861
1607242053.351659775
1607242053.451658249
1607242053.551657200
1607242053.651657104
1607242053.751659393
1607242053.851664066
1607242053.951657534
1607242054.051584005
1607242054.151520729
1607242054.251658678
1607242054.351657867
1607242054.451658487
1607242054.551662683
1607242054.651525736
1607242054.751580477
1607242054.851663113
1607242054.951584816
1607242055.051564693
1607242055.151583195
1607242055.251565456
1607242055.351555586
1607242055.451516628
1607242055.551600695
1607242055.651584625
1607242055.751657009
1607242055.851657152
1607242055.951525211
1607242056.051588297
1607242056.151658535
1607242056.251661777
1607242056.351587534
1607242056.451658487
1607242056.551555157
1607242056.651659012
1607242056.751657248
1607242056.851657152
1607242056.951657057
1607242057.051662922
1607242057.151563168
1607242057.251663208
1607242057.351665020
1607242057.451658249
1607242057.551659346
1607242057.651577711
1607242057.751662731
1607242057.851684093
1607242057.951674938
1607242058.051663876
1607242058.151657343
1607242058.251658201
1607242058.351649761
1607242058.451660633
1607242058.551658154
1607242058.651660204
1607242058.751659870
1607242058.851659775
1607242058.951579809
1607242059.051591873
1607242059.151581526
1607242059.251657248
1607242059.351635456
1607242059.451567411
1607242059.551633358
1607242059.651656866
1607242059.751491547
1607242059.851657867
1607242059.951668024
1607242060.051648378
1607242060.151659727
1607242060.251581907
1607242060.351657391
1607242060.451662302
1607242060.551684380
1607242060.651658058
1607242060.751667023
1607242060.851662159
1607242060.951663733
1607242061.051586390
1607242061.151658297
1607242061.251641989
1607242061.351567268
1607242061.451657057
1607242061.551658392
1607242061.651490211
1607242061.751497269
1607242061.851453781
1607242061.951457500
1607242062.051510572
1607242062.151494026
1607242062.251518011
1607242062.351519108
1607242062.451523066
1607242062.551521778
1607242062.651488304
1607242062.751489401
1607242062.851521730
1607242062.951519012
1607242063.051491499
1607242063.151494741
1607242063.251494169
1607242063.351493120
1607242063.451518774
1607242063.551487923
1607242063.651489973
1607242063.751541138
1607242063.851522446
1607242063.951524496
1607242064.051524639
1607242064.151462078
1607242064.251461029
1607242064.351499319
1607242064.451455593
1607242064.551455975
1607242064.651588678
1607242064.751586199
1607242064.851618052
1607242064.951657534
1607242065.051662445
1607242065.151556253
1607242065.251656532
1607242065.351658344
1607242065.451657057
1607242065.551661015
1607242065.651555300
1607242065.751571417
1607242065.851661205
1607242065.951660395
1607242066.051584005
1607242066.151585579
1607242066.251660347
1607242066.351543903
1607242066.451586485
1607242066.551652670
1607242066.651665211
1607242066.751656771
1607242066.851657629
1607242066.951658010
1607242067.051657438
1607242067.151657581
1607242067.251585484
1607242067.351583958
1607242067.451657534
1607242067.551553726
1607242067.651623487
1607242067.751562595
1607242067.851590157
1607242067.951658726
1607242068.051662445
1607242068.151582241
1607242068.251522779
1607242068.351554394
1607242068.451657534
1607242068.551656246
1607242068.651658773
1607242068.751686811
1607242068.851640463
1607242068.951665163
1607242069.051661730
1607242069.151658297
1607242069.251657724
1607242069.351584435
1607242069.451489925
1607242069.551588058
1607242069.651578903
1607242069.751657486
1607242069.851660252
1607242069.951585770
1607242070.051624537
1607242070.151658773
1607242070.251656294
1607242070.351588726
1607242070.451660395
1607242070.551663637
1607242070.651658297
1607242070.751500130
1607242070.851656914
1607242070.951657295
1607242071.051659346
1607242071.151587963
1607242071.251514912
1607242071.351656914
1607242071.451688290
1607242071.551584959
1607242071.651616812
1607242071.751658916
1607242071.851595402
1607242071.951579332
1607242072.051658392
1607242072.151659489
1607242072.251661539
1607242072.351589441
1607242072.451581955
1607242072.551584482
1607242072.651586056
1607242072.751575947
1607242072.851567984
1607242072.951565981
1607242073.051529646
1607242073.151657104
1607242073.251490831
1607242073.351490974
1607242073.451589346
1607242073.551585674
1607242073.651580811
1607242073.751663685
1607242073.851583719
1607242073.951661348
1607242074.051657438
1607242074.151648045
1607242074.251586914
1607242074.351583481
1607242074.451656342
1607242074.551657677
1607242074.651661634
1607242074.751645088
1607242074.851657152
1607242074.951659918
1607242075.051586628
1607242075.151660681
1607242075.251657009
1607242075.351549149
1607242075.451656580
1607242075.551589489
1607242075.651486158
1607242075.751665592
1607242075.851587057
1607242075.951657295
1607242076.051649809
1607242076.151660204
1607242076.251657009
1607242076.351584435
1607242076.451663971
1607242076.551659107
1607242076.651584148
1607242076.751657248
1607242076.851493835
1607242076.951589108
1607242077.051675320
1607242077.151663542
1607242077.251527548
1607242077.351591110
1607242077.451663733
1607242077.551661015
1607242077.651663542
1607242077.751660109
1607242077.851663351
1607242077.951663017
1607242078.051658869
1607242078.151584148
1607242078.251659155
1607242078.351644754
1607242078.451626539
1607242078.551661491
1607242078.651661158
1607242078.751661062
1607242078.851658821
1607242078.951583624
1607242079.051642418
1607242079.151658535
1607242079.251523018
1607242079.351632118
1607242079.451661110
1607242079.551586628
1607242079.651641846
1607242079.751673460
1607242079.851493120
1607242079.951611519
1607242080.051660299
1607242080.151659012
1607242080.251662254
1607242080.351494551
1607242080.451611280
1607242080.551657438
1607242080.651660442
1607242080.751582384
1607242080.851562977
1607242080.951586246
1607242081.051659107
1607242081.151657820
1607242081.251524925
1607242081.351586342
1607242081.451659441
1607242081.551662922
1607242081.651585340
1607242081.751660585
1607242081.851660728
1607242081.951659679
1607242082.051659822
1607242082.151656866
1607242082.251662493
1607242082.351586819
1607242082.451684475
1607242082.551654816
1607242082.651587248
1607242082.751657009
1607242082.851657867
1607242082.951660633
1607242083.051656723
1607242083.151555061
1607242083.251659632
1607242083.351585150
1607242083.451659679
1607242083.551552773
1607242083.651659250
1607242083.751657248
1607242083.851657391
1607242083.951543093
1607242084.051589012
1607242084.151657104
1607242084.251658201
1607242084.351595879
1607242084.451657295
1607242084.551660061
1607242084.651657820
1607242084.751661539
1607242084.851545334
1607242084.951591730
1607242085.051671267
1607242085.151684284
1607242085.251525640
1607242085.351617575
1607242085.451659441
1607242085.551658154
1607242085.651584148
1607242085.751659632
1607242085.851658106
1607242085.951657772
1607242086.051584244
1607242086.151524305
1607242086.251587391
1607242086.351584435
1607242086.451658964
1607242086.551659346
1607242086.651581287
1607242086.751632690
1607242086.851658583
1607242086.951589108
1607242087.051656961
1607242087.151658058
1607242087.251664877
1607242087.351550341
1607242087.451586485
1607242087.551665306
1607242087.651656628
1607242087.751659632
1607242087.851684093
1607242087.951590061
1607242088.051658154
1607242088.151658773
1607242088.251592159
1607242088.351588488
1607242088.451657534
1607242088.551657438
1607242088.651617765
1607242088.751657248
1607242088.851585388
1607242088.951660395
1607242089.051663399
1607242089.151661873
1607242089.251539707
1607242089.351597071
1607242089.451656342
1607242089.551658869
1607242089.651586294
1607242089.751554489
1607242089.851666927
1607242089.951656342
1607242090.051659107
1607242090.151657104
1607242090.251661062
1607242090.351586580
1607242090.451633930
1607242090.551586866
1607242090.651679039
1607242090.751668692
1607242090.851657152
1607242090.951571941
1607242091.051545620
1607242091.151660919
1607242091.251658678
1607242091.351595163
1607242091.451661110
1607242091.551659346
1607242091.651587248
1607242091.751659632
1607242091.851474524
1607242091.951586485
1607242092.051663160
1607242092.151588678
1607242092.251630306
1607242092.351492643
1607242092.451491356
1607242092.551661968
1607242092.651585817
1607242092.751595736
1607242092.851582766
1607242092.951654911
1607242093.051586151
1607242093.151664019
1607242093.251685858
1607242093.351495504
1607242093.451582909
1607242093.551660538
1607242093.651605606
1607242093.751581669
1607242093.851570606
1607242093.951535463
1607242094.051554680
1607242094.151526928
1607242094.251661062
1607242094.351492405
1607242094.451584101
1607242094.551658154
1607242094.651661634
1607242094.751585722
1607242094.851658821
1607242094.951657295
1607242095.051662922
1607242095.151657343
1607242095.251581669
1607242095.351631641
1607242095.451656818
1607242095.551657677
1607242095.651657343
1607242095.751661062
1607242095.851590633
1607242095.951631069
1607242096.051587343
1607242096.151587248
1607242096.251657486
1607242096.351656675
1607242096.451659918
1607242096.551625252
1607242096.651485920
1607242096.751588821
1607242096.851583719
1607242096.951584578
1607242097.051588774
1607242097.151663303
1607242097.251589775
1607242097.351660490
1607242097.451583862
