1607241372.542454004
1607241372.642432690
1607241372.742331266
1607241372.842426300
1607241372.942334652
1607241373.042433262
1607241373.142435551
1607241373.242435694
1607241373.342431784
1607241373.442429781
1607241373.542432308
1607241373.642436743
1607241373.742356300
1607241373.842434168
1607241373.942335367
1607241374.042433500
1607241374.142432690
1607241374.242409945
1607241374.342441320
1607241374.442436457
1607241374.542433262
1607241374.642458677
1607241374.742444754
1607241374.842405319
1607241374.942364931
1607241375.042321920
1607241375.142438173
1607241375.242435694
1607241375.342434406
1607241375.442401171
1607241375.542433023
1607241375.642440796
1607241375.742336035
1607241375.842432022
1607241375.942330122
1607241376.042423487
1607241376.142337322
1607241376.242435217
1607241376.342435598
1607241376.442433119
1607241376.542432785
1607241376.642403126
1607241376.742438316
1607241376.842430592
1607241376.942434072
1607241377.042298317
1607241377.142434359
1607241377.242425680
1607241377.342433214
1607241377.442461014
1607241377.542341471
1607241377.642438412
1607241377.742431879
1607241377.842432499
1607241377.942337990
1607241378.042433262
1607241378.142435312
1607241378.242438555
1607241378.342432499
1607241378.442430019
1607241378.542436600
1607241378.642438650
1607241378.742434263
1607241378.842430592
1607241378.942397118
1607241379.042409420
1607241379.142434835
1607241379.242433071
1607241379.342430353
1607241379.442438364
1607241379.542438030
1607241379.642318010
1607241379.742429972
1607241379.842412233
1607241379.942438841
1607241380.042437315
1607241380.142341852
1607241380.242439747
1607241380.342431545
1607241380.442434072
1607241380.542433500
1607241380.642436028
1607241380.742433310
1607241380.842402220
1607241380.942439556
1607241381.042297840
1607241381.142438889
1607241381.242460012
1607241381.342447758
1607241381.442437172
1607241381.542408943
1607241381.642435551
1607241381.742434502
1607241381.842431545
1607241381.942293406
1607241382.042434216
1607241382.142421961
1607241382.242440462
1607241382.342432737
1607241382.442435503
1607241382.542437553
1607241382.642299175
1607241382.742434502
1607241382.842337132
1607241382.942339659
1607241383.042434216
1607241383.142434359
1607241383.242337942
1607241383.342431307
1607241383.442433834
1607241383.542430639
1607241383.642433405
1607241383.742432833
1607241383.842398882
1607241383.942438841
1607241384.042433739
1607241384.142433643
1607241384.242434740
1607241384.342434883
1607241384.442404032
1607241384.542434454
1607241384.642430305
1607241384.742434740
1607241384.842436075
1607241384.942336082
1607241385.042404652
1607241385.142434120
1607241385.242436171
1607241385.342459679
1607241385.442451477
1607241385.542440176
1607241385.642436028
1607241385.742424726
1607241385.842436790
1607241385.942436695
1607241386.042433977
1607241386.142434835
1607241386.242436647
1607241386.342337370
1607241386.442433596
1607241386.542437792
1607241386.642441511
1607241386.742436647
1607241386.842433929
1607241386.942409039
1607241387.042434454
1607241387.142433882
1607241387.242334843
1607241387.342435598
1607241387.442405939
1607241387.542437077
1607241387.642433405
1607241387.742432356
1607241387.842437744
1607241387.942404509
1607241388.042443275
1607241388.142295599
1607241388.242453337
1607241388.342441797
1607241388.442435503
1607241388.542431116
1607241388.642419577
1607241388.742434263
1607241388.842434645
1607241388.942434072
1607241389.042331219
1607241389.142437696
1607241389.242349386
1607241389.342431784
1607241389.442436218
1607241389.542437315
1607241389.642431498
1607241389.742434978
1607241389.842401028
1607241389.942336559
1607241390.042436600
1607241390.142435551
1607241390.242440939
1607241390.342433453
1607241390.442400694
1607241390.542436123
1607241390.642299891
1607241390.742402315
1607241390.842273712
1607241390.942405701
1607241391.042448282
1607241391.142326593
1607241391.242437124
1607241391.342434168
1607241391.442435026
1607241391.542436600
1607241391.642405510
1607241391.742435217
1607241391.842435122
1607241391.942439556
1607241392.042336702
1607241392.142435789
1607241392.242435217
1607241392.342433453
1607241392.442433596
1607241392.542435169
1607241392.642417431
1607241392.742435455
1607241392.842405558
1607241392.942341566
1607241393.042338610
1607241393.142439127
1607241393.242434978
1607241393.342338800
1607241393.442321539
1607241393.542437553
1607241393.642437220
1607241393.742458344
1607241393.842336416
1607241393.942338467
1607241394.042401552
1607241394.142431021
1607241394.242432594
1607241394.342433214
1607241394.442431927
1607241394.542436123
1607241394.642400503
1607241394.742433786
1607241394.842436075
1607241394.942437887
1607241395.042434216
1607241395.142434120
1607241395.242434263
1607241395.342413664
1607241395.442434072
1607241395.542432308
1607241395.642436743
1607241395.742434263
1607241395.842435360
1607241395.942336321
1607241396.042434216
1607241396.142437935
1607241396.242438793
1607241396.342296839
1607241396.442432880
1607241396.542453527
1607241396.642448425
1607241396.742439270
1607241396.842431545
1607241396.942324877
1607241397.042432547
1607241397.142401695
1607241397.242425680
1607241397.342432499
1607241397.442425489
1607241397.542439461
1607241397.642439842
1607241397.742407560
1607241397.842432261
1607241397.942297697
1607241398.042433500
1607241398.142335415
1607241398.242438793
1607241398.342432737
1607241398.442435026
1607241398.542435408
1607241398.642436981
1607241398.742434740
1607241398.842434406
1607241398.942414045
1607241399.042433023
1607241399.142434597
1607241399.242431879
1607241399.342462540
1607241399.442443371
1607241399.542428493
1607241399.642437935
1607241399.742434025
1607241399.842433453
1607241399.942425013
1607241400.042432308
1607241400.142423868
1607241400.242436171
1607241400.342429638
1607241400.442433357
1607241400.542421341
1607241400.642435312
1607241400.742411375
1607241400.842431307
1607241400.942406416
1607241401.042437077
1607241401.142447948
1607241401.242434978
1607241401.342406511
1607241401.442431450
1607241401.542436123
1607241401.642436981
1607241401.742432117
1607241401.842433691
1607241401.942413092
1607241402.042323828
1607241402.142457962
1607241402.242442369
1607241402.342432261
1607241402.442432642
1607241402.542435646
1607241402.642434597
1607241402.742432356
1607241402.842435122
1607241402.942418575
1607241403.042430162
1607241403.142433643
1607241403.242426634
1607241403.342436075
1607241403.442432165
1607241403.542434454
1607241403.642434597
1607241403.742433310
1607241403.842409849
1607241403.942434549
1607241404.042433977
1607241404.142435789
1607241404.242432117
1607241404.342437983
1607241404.442416906
1607241404.542434454
1607241404.642346859
1607241404.742431402
1607241404.842453480
1607241404.942460299
1607241405.042431116
1607241405.142432928
1607241405.242432594
1607241405.342433929
1607241405.442437649
1607241405.542339325
1607241405.642432213
1607241405.742431402
1607241405.842431307
1607241405.942337275
1607241406.042433262
1607241406.142426729
1607241406.242431402
1607241406.342334986
1607241406.442431211
1607241406.542434692
1607241406.642423630
1607241406.742298365
1607241406.842285395
1607241406.942425489
1607241407.042439938
1607241407.142431736
1607241407.242416143
1607241407.342432976
1607241407.442431688
1607241407.542437077
1607241407.642461061
1607241407.742458582
1607241407.842435122
1607241407.942434788
1607241408.042341232
1607241408.142432213
1607241408.242438078
1607241408.342434406
1607241408.442418098
1607241408.542335510
1607241408.642435551
1607241408.742440224
1607241408.842433453
1607241408.942330599
1607241409.042403221
1607241409.142434835
1607241409.242434263
1607241409.342437506
1607241409.442433119
1607241409.542432070
1607241409.642408848
1607241409.742440701
1607241409.842337847
1607241409.942432404
1607241410.042432070
1607241410.142432451
1607241410.242398977
1607241410.342434883
1607241410.442458153
1607241410.542451382
1607241410.642442465
1607241410.742358923
1607241410.842434645
1607241410.942434072
1607241411.042434931
1607241411.142336607
1607241411.242432833
1607241411.342432737
1607241411.442436934
1607241411.542423725
1607241411.642340183
1607241411.742438078
1607241411.842432022
1607241411.942333221
1607241412.042433262
1607241412.142422438
1607241412.242431879
1607241412.342398643
1607241412.442436218
1607241412.542432547
1607241412.642399311
1607241412.742433786
1607241412.842432499
1607241412.942436695
1607241413.042437315
1607241413.142433882
1607241413.242457390
1607241413.342448235
1607241413.442338467
1607241413.542434216
1607241413.642431498
1607241413.742403507
1607241413.842433214
1607241413.942434788
1607241414.042432070
1607241414.142433405
1607241414.242430925
1607241414.342379808
1607241414.442435980
1607241414.542433739
1607241414.642335653
1607241414.742433548
1607241414.842432737
1607241414.942331553
1607241415.042337418
1607241415.142435312
1607241415.242433071
1607241415.342432499
1607241415.442435741
1607241415.542304993
1607241415.642436028
1607241415.742432356
1607241415.842432499
1607241415.942457438
1607241416.042461395
1607241416.142448902
1607241416.242432594
1607241416.342438936
1607241416.442435265
1607241416.542440176
1607241416.642433405
1607241416.742336035
1607241416.842336416
1607241416.942433119
1607241417.042435169
1607241417.142431736
1607241417.242436409
1607241417.342432499
1607241417.442427397
1607241417.542429447
1607241417.642432213
1607241417.742434263
1607241417.842436314
1607241417.942326069
1607241418.042427778
1607241418.142295361
1607241418.242437840
1607241418.342432976
1607241418.442431211
1607241418.542432070
1607241418.642428875
1607241418.742434025
1607241418.842459440
1607241418.942441225
1607241419.042430639
1607241419.142440319
1607241419.242345095
1607241419.342429876
1607241419.442431211
1607241419.542433977
1607241419.642432928
1607241419.742435217
1607241419.842275143
1607241419.942430019
1607241420.042433023
1607241420.142432213
1607241420.242430925
1607241420.342431545
1607241420.442441940
1607241420.542433262
1607241420.642434597
1607241420.742433071
1607241420.842424631
1607241420.942323208
1607241421.042439461
1607241421.142428637
1607241421.242298365
1607241421.342336893
1607241421.442433596
1607241421.542461157
1607241421.642458916
1607241421.742335558
1607241421.842433453
1607241421.942431211
1607241422.042430162
1607241422.142332077
1607241422.242435217
1607241422.342414856
1607241422.442430496
1607241422.542435884
1607241422.642411709
1607241422.742435217
1607241422.842430830
1607241422.942418337
1607241423.042298555
1607241423.142433643
1607241423.242432117
1607241423.342431307
1607241423.442430496
1607241423.542402267
1607241423.642336845
1607241423.742335796
1607241423.842336893
1607241423.942301512
1607241424.042403698
1607241424.142375469
1607241424.242433310
1607241424.342456102
1607241424.442451954
1607241424.542438745
1607241424.642431974
1607241424.742432594
1607241424.842430592
1607241424.942434788
1607241425.042429447
1607241425.142431974
1607241425.242435694
1607241425.342435360
1607241425.442425013
1607241425.542436838
1607241425.642431021
1607241425.742429972
1607241425.842433453
1607241425.942438602
1607241426.042429447
1607241426.142430782
1607241426.242431402
1607241426.342431545
1607241426.442432642
1607241426.542434216
1607241426.642431736
1607241426.742432117
1607241426.842431068
1607241426.942325830
1607241427.042429686
1607241427.142410994
1607241427.242443323
1607241427.342435837
1607241427.442434072
1607241427.542430639
1607241427.642437696
1607241427.742429018
1607241427.842430353
1607241427.942433596
1607241428.042432070
1607241428.142433405
1607241428.242414236
1607241428.342430592
1607241428.442432404
1607241428.542431355
1607241428.642436981
1607241428.742434502
1607241428.842400074
1607241428.942429066
1607241429.042429686
1607241429.142433405
1607241429.242433071
1607241429.342432022
1607241429.442431927
1607241429.542431116
1607241429.642434597
1607241429.742433071
1607241429.842462778
1607241429.942465305
1607241430.042433262
1607241430.142434359
1607241430.242431879
1607241430.342435360
1607241430.442430735
1607241430.542436600
1607241430.642415762
1607241430.742430925
1607241430.842432261
1607241430.942434788
1607241431.042430162
1607241431.142431498
1607241431.242430687
1607241431.342293978
1607241431.442434549
1607241431.542434454
1607241431.642431021
1607241431.742362022
1607241431.842335939
1607241431.942431688
1607241432.042435646
1607241432.142430782
1607241432.242296934
1607241432.342396259
1607241432.442429781
1607241432.542432308
1607241432.642442703
1607241432.742337704
1607241432.842433929
1607241432.942439795
1607241433.042433262
1607241433.142338037
1607241433.242432833
1607241433.342435122
1607241433.442431211
1607241433.542375088
1607241433.642457008
1607241433.742455482
1607241433.842437744
1607241433.942435026
1607241434.042423248
1607241434.142418623
1607241434.242431879
1607241434.342432499
1607241434.442432880
1607241434.542432547
1607241434.642430544
1607241434.742398977
1607241434.842432737
1607241434.942297459
1607241435.042413712
1607241435.142439365
1607241435.242429018
1607241435.342436790
1607241435.442437172
1607241435.542431116
1607241435.642431259
1607241435.742430925
1607241435.842297077
1607241435.942296028
1607241436.042338610
1607241436.142432928
1607241436.242431879
1607241436.342431784
1607241436.442432404
1607241436.542430162
1607241436.642334223
1607241436.742341518
1607241436.842430830
1607241436.942433119
1607241437.042304993
1607241437.142438173
1607241437.242405415
1607241437.342432499
1607241437.442431211
1607241437.542433977
1607241437.642430067
1607241437.742460728
1607241437.842446327
1607241437.942437887
1607241438.042550325
1607241438.142435074
1607241438.242429733
1607241438.342431545
1607241438.442427874
1607241438.542431355
1607241438.642429590
1607241438.742434025
1607241438.842428684
1607241438.942430973
1607241439.042430878
1607241439.142430544
1607241439.242336988
1607241439.342429638
1607241439.442340136
1607241439.542396784
1607241439.642338276
1607241439.742429256
1607241439.842301130
1607241439.942431450
1607241440.042421818
1607241440.142406225
1607241440.242296696
1607241440.342441797
1607241440.442432880
1607241440.542459488
1607241440.642443419
1607241440.742435694
1607241440.842437029
1607241440.942431211
1607241441.042436838
1607241441.142431498
1607241441.242432356
1607241441.342424870
1607241441.442430735
1607241441.542433262
1607241441.642430544
1607241441.742433548
1607241441.842408419
1607241441.942435265
1607241442.042432785
1607241442.142433643
1607241442.242296457
1607241442.342436790
1607241442.442399979
1607241442.542431355
1607241442.642433405
1607241442.742431402
1607241442.842430830
1607241442.942431688
1607241443.042431831
1607241443.142431259
1607241443.242463827
1607241443.342457771
1607241443.442443371
1607241443.542431831
1607241443.642420769
1607241443.742431879
1607241443.842428684
1607241443.942431211
1607241444.042433023
1607241444.142435312
1607241444.242430449
1607241444.342435598
1607241444.442434072
1607241444.542434692
1607241444.642434835
1607241444.742430687
1607241444.842437506
1607241444.942432642
1607241445.042433500
1607241445.142432451
1607241445.242431164
1607241445.342297316
1607241445.442434549
1607241445.542439222
1607241445.642435789
1607241445.742436886
1607241445.842337132
1607241445.942435265
1607241446.042416811
1607241446.142456055
1607241446.242437124
1607241446.342437983
1607241446.442434549
1607241446.542433739
1607241446.642401457
1607241446.742431164
1607241446.842464209
1607241446.942434072
1607241447.042434454
1607241447.142430544
1607241447.242421150
1607241447.342434406
1607241447.442432642
1607241447.542434216
1607241447.642432928
1607241447.742431164
1607241447.842409611
1607241447.942430258
1607241448.042436600
1607241448.142431736
1607241448.242433548
1607241448.342431068
1607241448.442340374
1607241448.542435646
1607241448.642433167
1607241448.742431641
1607241448.842457771
1607241448.942450762
1607241449.042438269
1607241449.142432213
1607241449.242432833
1607241449.342431545
1607241449.442434072
1607241449.542408943
1607241449.642433405
1607241449.742440701
1607241449.842430115
1607241449.942434311
1607241450.042429209
1607241450.142432690
1607241450.242432356
1607241450.342434645
1607241450.442437887
1607241450.542432785
1607241450.642338276
1607241450.742339134
1607241450.842431068
1607241450.942433834
1607241451.042421341
1607241451.142297506
1607241451.242432833
1607241451.342437267
1607241451.442434311
1607241451.542432070
1607241451.642460108
1607241451.742443562
1607241451.842432022
1607241451.942432404
1607241452.042321205
1607241452.142340183
1607241452.242431402
1607241452.342431307
1607241452.442408800
1607241452.542335749
1607241452.642430305
1607241452.742435455
1607241452.842435360
1607241452.942432165
1607241453.042398930
1607241453.142421722
1607241453.242431641
1607241453.342432022
1607241453.442431211
1607241453.542431593
1607241453.642402649
1607241453.742432356
1607241453.842338562
1607241453.942431688
1607241454.042415142
1607241454.142435551
1607241454.242343187
1607241454.342457771
1607241454.442457199
1607241454.542445898
1607241454.642430305
1607241454.742430449
1607241454.842432976
1607241454.942418575
1607241455.042433023
1607241455.142433405
1607241455.242432833
1607241455.342430353
1607241455.442413807
1607241455.542430878
1607241455.642431021
1607241455.742434263
1607241455.842434883
1607241455.942427158
1607241456.042415142
1607241456.142401695
1607241456.242338181
1607241456.342342854
1607241456.442430496
1607241456.542430878
1607241456.642404795
1607241456.742431879
1607241456.842433214
1607241456.942435026
1607241457.042436123
1607241457.142459393
1607241457.242445707
1607241457.342468262
1607241457.442432404
1607241457.542432547
1607241457.642434597
1607241457.742419243
1607241457.842432976
1607241457.942436218
1607241458.042432547
1607241458.142435551
1607241458.242435455
1607241458.342430830
1607241458.442426443
1607241458.542431593
1607241458.642438173
1607241458.742432117
1607241458.842433929
1607241458.942431927
1607241459.042420626
1607241459.142335415
1607241459.242433071
1607241459.342439651
1607241459.442431211
1607241459.542432308
1607241459.642263889
1607241459.742429256
1607241459.842431545
1607241459.942459583
1607241460.042443275
1607241460.142432213
1607241460.242434025
1607241460.342433691
1607241460.442429543
1607241460.542433739
1607241460.642435312
1607241460.742433548
1607241460.842336178
1607241460.942430258
1607241461.042432547
1607241461.142431736
1607241461.242433310
1607241461.342432976
1607241461.442313194
1607241461.542430639
1607241461.642430067
1607241461.742436647
1607241461.842431784
1607241461.942430735
1607241462.042433739
1607241462.142427206
1607241462.242432356
1607241462.342432976
1607241462.442430019
1607241462.542431593
1607241462.642456293
1607241462.742454529
1607241462.842438936
1607241462.942433119
1607241463.042436123
1607241463.142431974
1607241463.242436409
1607241463.342435122
1607241463.442430258
1607241463.542433262
1607241463.642433167
1607241463.742433071
1607241463.842437029
1607241463.942434788
1607241464.042433023
1607241464.142438889
1607241464.242351532
1607241464.342430592
1607241464.442372322
1607241464.542431116
1607241464.642344713
1607241464.742410898
1607241464.842432261
1607241464.942431927
1607241465.042427063
1607241465.142431259
1607241465.242429733
1607241465.342459679
1607241465.442461014
1607241465.542443752
1607241465.642338753
1607241465.742430210
1607241465.842435360
1607241465.942432404
1607241466.042430878
1607241466.142439365
1607241466.242422819
1607241466.342432976
1607241466.442433834
1607241466.542438030
1607241466.642436028
1607241466.742430210
1607241466.842433453
1607241466.942431450
1607241467.042436838
1607241467.142429829
1607241467.242433786
1607241467.342431545
1607241467.442432165
1607241467.542434931
1607241467.642432690
1607241467.742431402
1607241467.842434406
1607241467.942431211
1607241468.042416573
1607241468.142455816
1607241468.242463827
1607241468.342440367
1607241468.442435026
1607241468.542433023
1607241468.642431974
1607241468.742432594
1607241468.842436075
1607241468.942433834
1607241469.042329311
1607241469.142433405
1607241469.242397785
1607241469.342431068
1607241469.442431450
1607241469.542434216
1607241469.642433882
1607241469.742430925
1607241469.842405796
1607241469.942323923
1607241470.042432308
1607241470.142434120
1607241470.242435455
1607241470.342431307
1607241470.442298174
1607241470.542431355
1607241470.642432451
1607241470.742432117
1607241470.842432737
1607241470.942462444
1607241471.042347908
1607241471.142429590
1607241471.242429972
1607241471.342437029
1607241471.442431688
1607241471.542431831
1607241471.642397404
1607241471.742339849
1607241471.842430830
1607241471.942434072
1607241472.042444944
1607241472.142431498
1607241472.242398739
1607241472.342407942
1607241472.442344189
