1607241892.449470758
1607241892.549761295
1607241892.650044441
1607241892.750245571
1607241892.850550413
1607241892.950843811
1607241893.051180601
1607241893.151488543
1607241893.251627684
1607241893.351941824
1607241893.452279568
1607241893.552586555
1607241893.652790785
1607241893.753166199
1607241893.853475332
1607241893.953785181
1607241894.053999186
1607241894.154305458
1607241894.254608393
1607241894.354908228
1607241894.455217600
1607241894.555537939
1607241894.655766487
1607241894.756071806
1607241894.856386185
1607241894.956677914
1607241895.056991100
1607241895.157299042
1607241895.257604837
1607241895.357910872
1607241895.458242893
1607241895.558548212
1607241895.658854246
1607241895.759065628
1607241895.859277487
1607241895.959585667
1607241896.059892893
1607241896.160169840
1607241896.260386705
1607241896.360675097
1607241896.460982561
1607241896.561287642
1607241896.661593676
1607241896.761813641
1607241896.862199068
1607241896.962509632
1607241897.062819004
1607241897.163029194
1607241897.263333082
1607241897.363661289
1607241897.463974476
1607241897.564282417
1607241897.664593458
1607241897.764884710
1607241897.865166664
1607241897.965474367
1607241898.065780640
1607241898.166087627
1607241898.266391039
1607241898.366705656
1607241898.467027187
1607241898.567331553
1607241898.667663097
1607241898.767972469
1607241898.868248463
1607241898.968553066
1607241899.068861246
1607241899.169174194
1607241899.269484997
1607241899.369707584
1607241899.470041513
1607241899.570348501
1607241899.670653820
1607241899.770960093
1607241899.871268034
1607241899.971580982
1607241900.071945190
1607241900.172224522
1607241900.272506237
1607241900.372817039
1607241900.473116159
1607241900.573420763
1607241900.673728228
1607241900.774064779
1607241900.874369383
1607241900.974651814
1607241901.074955940
1607241901.175201893
1607241901.275521994
1607241901.375828028
1607241901.476159573
1607241901.576465845
1607241901.676770210
1607241901.777081013
1607241901.877390385
1607241901.977696180
1607241902.078012466
1607241902.178316355
1607241902.278626919
1607241902.378931522
1607241902.479235172
1607241902.579548597
1607241902.679853678
1607241902.780185223
1607241902.880490541
1607241902.980795383
1607241903.080996990
1607241903.181301355
1607241903.281606913
1607241903.381910801
1607241903.482215166
1607241903.582521915
1607241903.682830572
1607241903.783137798
1607241903.883279800
1607241903.983585119
1607241904.083891153
1607241904.184197187
1607241904.284506083
1607241904.384838343
1607241904.485146046
1607241904.585456848
1607241904.685732841
1607241904.785903931
1607241904.886220217
1607241904.986526012
1607241905.086830139
1607241905.187141418
1607241905.287473679
1607241905.387777805
1607241905.488086224
1607241905.588256598
1607241905.688536882
1607241905.788851738
1607241905.889146090
1607241905.989452839
1607241906.089621305
1607241906.189926147
1607241906.290230274
1607241906.390530825
1607241906.490835667
1607241906.591140747
1607241906.691473722
1607241906.791774750
1607241906.892051697
1607241906.992356300
1607241907.092639208
1607241907.192949295
1607241907.293246508
1607241907.393415928
1607241907.493724346
1607241907.594031096
1607241907.694349289
1607241907.794663906
1607241907.894974232
1607241907.995263577
1607241908.095576048
1607241908.195879698
1607241908.296209335
1607241908.396511555
1607241908.496833801
1607241908.597143412
1607241908.697452068
1607241908.797759533
1607241908.898062229
1607241908.998366356
1607241909.098668337
1607241909.198971987
1607241909.299303055
1607241909.399605513
1607241909.499916077
1607241909.600125074
1607241909.700431347
1607241909.800744534
1607241909.901051283
1607241910.001358271
1607241910.101691246
1607241910.201990128
1607241910.302294731
1607241910.402606249
1607241910.502911568
1607241910.603211641
1607241910.703390360
1607241910.803695917
1607241910.904002190
1607241911.004307985
1607241911.104458332
1607241911.204776049
1607241911.305081606
1607241911.405412436
1607241911.505728960
1607241911.606037378
1607241911.706312656
1607241911.806593895
1607241911.906888962
1607241912.007195711
1607241912.107491970
1607241912.207821608
1607241912.307956457
1607241912.408260584
1607241912.508593082
1607241912.608883619
1607241912.709183216
1607241912.809487581
1607241912.909785986
1607241913.010093212
1607241913.110396147
1607241913.210700512
1607241913.310872078
1607241913.411184072
1607241913.511497974
1607241913.611639023
1607241913.711787462
1607241913.812037230
1607241913.912242413
1607241914.012449980
1607241914.112614155
1607241914.212749481
1607241914.312960386
1607241914.413270473
1607241914.513574839
1607241914.613861084
1607241914.714176655
1607241914.814485073
1607241914.914793253
1607241915.014947176
1607241915.115264893
1607241915.215576887
1607241915.315757751
1607241915.416061640
1607241915.516230822
1607241915.616463900
1607241915.716767311
1607241915.817089081
1607241915.917393208
1607241916.017700911
1607241916.118009806
1607241916.218312263
1607241916.318615913
1607241916.418920994
1607241916.519228935
1607241916.619538784
1607241916.719844818
1607241916.820147753
1607241916.920458794
1607241917.020766973
1607241917.121064186
1607241917.221395493
1607241917.321676970
1607241917.421984196
1607241917.522293091
1607241917.622599125
1607241917.722907066
1607241917.823216915
1607241917.923527718
1607241918.023836613
1607241918.124048471
1607241918.224294186
1607241918.324589968
1607241918.424869537
1607241918.525178432
1607241918.625489473
1607241918.725643396
1607241918.825973272
1607241918.926284313
1607241919.026588678
1607241919.126739025
1607241919.227062941
1607241919.327365875
1607241919.427684069
1607241919.527959108
1607241919.628232718
1607241919.728536606
1607241919.828842163
1607241919.929177999
1607241920.029484749
1607241920.129719734
1607241920.230024815
1607241920.330334902
1607241920.430644989
1607241920.530950546
1607241920.631230354
1607241920.731555939
1607241920.831857681
1607241920.932010889
1607241921.032326698
1607241921.132630348
1607241921.232927322
1607241921.333098888
1607241921.433417082
1607241921.533728600
1607241921.634030104
1607241921.734308958
1607241921.834483385
1607241921.934789181
1607241922.034993410
1607241922.135306835
1607241922.235480070
1607241922.335786819
1607241922.436095715
1607241922.536401749
1607241922.636711597
1607241922.737002850
1607241922.837307453
1607241922.937610865
1607241923.037941217
1607241923.138244867
1607241923.238551378
1607241923.338820457
1607241923.439121008
1607241923.539425373
1607241923.639587641
1607241923.739755154
1607241923.840065956
1607241923.940366507
1607241924.040671825
1607241924.140839815
1607241924.241146326
1607241924.341417551
1607241924.441721201
1607241924.541892529
1607241924.642206192
1607241924.742511749
1607241924.842822790
1607241924.943110228
1607241925.043321609
1607241925.143626928
1607241925.243933916
1607241925.344206810
1607241925.444376230
1607241925.544672728
1607241925.644944668
1607241925.745246410
1607241925.845550776
1607241925.945821047
1607241926.046123266
1607241926.146424532
1607241926.246730328
1607241926.346899748
1607241926.447203398
1607241926.547483206
1607241926.647811651
1607241926.747980118
1607241926.848285437
1607241926.948614836
1607241927.048917532
1607241927.149208307
1607241927.249516487
1607241927.349711418
1607241927.449714184
1607241927.549717903
1607241927.649576426
1607241927.749711990
1607241927.849710941
1607241927.949711084
1607241928.049713373
1607241928.149711370
1607241928.249726772
1607241928.349710941
1607241928.449712753
1607241928.549711466
1607241928.649712086
1607241928.749711752
1607241928.849676609
1607241928.949729204
1607241929.049718857
1607241929.149713278
1607241929.249713898
1607241929.349713087
1607241929.449582100
1607241929.549710989
1607241929.649714231
1607241929.749711990
1607241929.849557400
1607241929.949712515
1607241930.049719572
1607241930.149701595
1607241930.249711037
1607241930.349691629
1607241930.449711800
1607241930.549715281
1607241930.649713993
1607241930.749694586
1607241930.849704504
1607241930.949717283
1607241931.049711943
1607241931.149711132
1607241931.249713659
1607241931.349707842
1607241931.449715137
1607241931.549711466
1607241931.649616718
1607241931.749724150
1607241931.849712610
1607241931.949711800
1607241932.049712420
1607241932.149712086
1607241932.249715328
1607241932.349714041
1607241932.449714422
1607241932.549715281
1607241932.649576902
1607241932.749712706
1607241932.849575758
1607241932.949709892
1607241933.049713135
1607241933.149700880
1607241933.249716043
1607241933.349712133
1607241933.449710846
1607241933.549712896
1607241933.649711132
1607241933.749577761
1607241933.849716425
1607241933.949719667
1607241934.049714327
1607241934.149715662
1607241934.249714136
1607241934.349591732
1607241934.449727297
1607241934.549717665
1607241934.649618387
1607241934.749710560
1607241934.849719048
1607241934.949711800
1607241935.049712420
1607241935.149712324
1607241935.249713421
1607241935.349717140
1607241935.449691296
1607241935.549600124
1607241935.649713516
1607241935.749711990
1607241935.849717379
1607241935.949710131
1607241936.049694300
1607241936.149709702
1607241936.249714136
1607241936.349713802
1607241936.449712515
1607241936.549710035
1607241936.649697781
1607241936.749679565
1607241936.849554539
1607241936.949720860
1607241937.049738646
1607241937.149719000
1607241937.249713421
1607241937.349713802
1607241937.449713469
1607241937.549711943
1607241937.649718523
1607241937.749709845
1607241937.849718094
1607241937.949712276
1607241938.049717665
1607241938.149712086
1607241938.249715567
1607241938.349712849
1607241938.449712276
1607241938.549692154
1607241938.649712324
1607241938.749715805
1607241938.849717379
1607241938.949709892
1607241939.049711704
1607241939.149714231
1607241939.249712944
1607241939.349711657
1607241939.449696541
1607241939.549713850
1607241939.649716139
1607241939.749730587
1607241939.849583626
1607241939.949720383
1607241940.049712658
1607241940.149712086
1607241940.249713659
1607241940.349714756
1607241940.449712992
1607241940.549711704
1607241940.649713755
1607241940.749689341
1607241940.849712610
1607241940.949714661
1607241941.049705744
1607241941.149712563
1607241941.249685049
1607241941.349717140
1607241941.449688673
1607241941.549711704
1607241941.649617195
1607241941.749710321
1607241941.849713087
1607241941.949599028
1607241942.049716234
1607241942.149709940
1607241942.249713182
1607241942.349712133
1607241942.449716806
1607241942.549711227
1607241942.649720907
1607241942.749713182
1607241942.849716187
1607241942.949713945
1607241943.049716711
1607241943.149724245
1607241943.249712467
1607241943.349716902
1607241943.449579477
1607241943.549716473
1607241943.649713993
1607241943.749668360
1607241943.849613667
1607241943.949712753
1607241944.049713373
1607241944.149716377
1607241944.249717951
1607241944.349675894
1607241944.449712038
1607241944.549713373
1607241944.649713278
1607241944.749715567
1607241944.849715233
1607241944.949715137
1607241945.049708843
1607241945.149727345
1607241945.249738455
1607241945.349729300
1607241945.449718952
1607241945.549712420
1607241945.649722576
1607241945.749714613
1607241945.849717140
1607241945.949715614
1607241946.049710512
1607241946.149715424
1607241946.249712944
1607241946.349710703
1607241946.449712038
1607241946.549712896
1607241946.649713993
1607241946.749716997
1607241946.849584103
1607241946.949711323
1607241947.049714327
1607241947.149713039
1607241947.249713659
1607241947.349618196
1607241947.449713707
1607241947.549705029
1607241947.649718285
1607241947.749579191
1607241947.849713326
1607241947.949741602
1607241948.049737930
1607241948.149724007
1607241948.249690533
1607241948.349715233
1607241948.449712753
1607241948.549712658
1607241948.649692297
1607241948.749716043
1607241948.849542856
1607241948.949712038
1607241949.049716711
1607241949.149715185
1607241949.249679089
1607241949.349713326
1607241949.449691534
1607241949.549716234
1607241949.649710894
1607241949.749713182
1607241949.849712610
1607241949.949714422
1607241950.049712658
1607241950.149713039
1607241950.249715567
1607241950.349689960
1607241950.449713945
1607241950.549713373
1607241950.649722338
1607241950.749610901
1607241950.849710703
1607241950.949714184
1607241951.049688101
1607241951.149716139
1607241951.249716759
1607241951.349719524
1607241951.449713707
1607241951.549712658
1607241951.649743080
1607241951.749734879
1607241951.849723339
1607241951.949712515
1607241952.049714804
1607241952.149712086
1607241952.249718666
1607241952.349711418
1607241952.449711561
1607241952.549705267
1607241952.649730682
1607241952.749682426
1607241952.849658728
1607241952.949716330
1607241953.049715042
1607241953.149712801
1607241953.249713421
1607241953.349714041
1607241953.449681997
1607241953.549714804
1607241953.649718761
1607241953.749715805
1607241953.849619389
1607241953.949712276
1607241954.049710751
1607241954.149713755
1607241954.249713659
1607241954.349713564
1607241954.449716806
1607241954.549720764
1607241954.649713516
1607241954.749714851
1607241954.849720716
1607241954.949712515
1607241955.049716234
1607241955.149711609
1607241955.249719381
1607241955.349712849
1607241955.449721098
1607241955.549713612
1607241955.649676561
1607241955.749727011
1607241955.849720478
1607241955.949711800
1607241956.049713850
1607241956.149714470
1607241956.249715567
1607241956.349700212
1607241956.449708939
1607241956.549711943
1607241956.649714947
1607241956.749712944
1607241956.849714041
1607241956.949707508
1607241957.049716473
1607241957.149717569
1607241957.249711275
1607241957.349715471
1607241957.449713469
1607241957.549702883
1607241957.649715185
1607241957.749712944
1607241957.849712610
1607241957.949714661
1607241958.049714804
1607241958.149580002
1607241958.249712944
1607241958.349713564
1607241958.449742794
1607241958.549724817
1607241958.649718523
1607241958.749689817
1607241958.849709034
1607241958.949714899
1607241959.049679518
1607241959.149715900
1607241959.249712467
1607241959.349720240
1607241959.449716330
1607241959.549711466
1607241959.649714708
1607241959.749716520
1607241959.849715710
1607241959.949712753
1607241960.049713850
1607241960.149698496
1607241960.249712229
1607241960.349712372
1607241960.449712038
1607241960.549715281
1607241960.649709940
1607241960.749689579
1607241960.849714994
1607241960.949721336
1607241961.049712896
1607241961.149738312
1607241961.249728441
1607241961.349702358
1607241961.449712992
1607241961.549715042
1607241961.649681568
1607241961.749711990
1607241961.849714041
1607241961.949621916
1607241962.049713373
1607241962.149717093
1607241962.249715328
1607241962.349718571
1607241962.449712515
1607241962.549682140
1607241962.649713039
1607241962.749714375
1607241962.849710464
1607241962.949714184
1607241963.049717903
1607241963.149710894
1607241963.249715805
1607241963.349716663
1607241963.449712992
1607241963.549713135
1607241963.649691105
1607241963.749717236
1607241963.849738836
1607241963.949730396
1607241964.049720764
1607241964.149715185
1607241964.249696970
1607241964.349712372
1607241964.449616671
1607241964.549714565
1607241964.649556398
1607241964.749713421
1607241964.849585533
1607241964.949714661
1607241965.049714565
1607241965.149718761
1607241965.249614716
1607241965.349715948
1607241965.449679613
1607241965.549717426
1607241965.649746180
1607241965.749718189
1607241965.849719524
1607241965.949716091
1607241966.049715042
1607241966.149697542
1607241966.249682426
1607241966.349715710
1607241966.449718952
1607241966.549579382
1607241966.649736404
1607241966.749713659
1607241966.849711180
1607241966.949714899
1607241967.049711704
1607241967.149703741
1607241967.249621391
1607241967.349694014
1607241967.449715614
1607241967.549714327
1607241967.649619341
1607241967.749709129
1607241967.849713326
1607241967.949693680
1607241968.049715996
1607241968.149714231
1607241968.249716043
1607241968.349714518
1607241968.449716806
1607241968.549628019
1607241968.649709463
1607241968.749614477
1607241968.849615335
1607241968.949619293
1607241969.049714327
1607241969.149713039
1607241969.249581337
1607241969.349739552
1607241969.449729919
1607241969.549715996
1607241969.649641752
1607241969.749692678
1607241969.849716902
1607241969.949711800
1607241970.049713612
1607241970.149720669
1607241970.249711752
1607241970.349714756
1607241970.449578285
1607241970.549713850
1607241970.649712324
1607241970.749711514
1607241970.849714279
1607241970.949712753
1607241971.049685478
1607241971.149712324
1607241971.249719381
1607241971.349579811
1607241971.449712038
1607241971.549714088
1607241971.649616480
1607241971.749712229
1607241971.849715710
1607241971.949720860
1607241972.049741268
1607241972.149731874
1607241972.249608517
1607241972.349712133
1607241972.449713469
1607241972.549713373
1607241972.649610281
1607241972.749712944
1607241972.849681616
1607241972.949715614
1607241973.049712420
1607241973.149582148
1607241973.249711990
1607241973.349715948
1607241973.449695587
1607241973.549715281
1607241973.649568319
1607241973.749711990
1607241973.849712610
1607241973.949712753
1607241974.049713373
1607241974.149712563
1607241974.249715805
1607241974.349717379
1607241974.449712753
1607241974.549713612
1607241974.649701357
1607241974.749746561
1607241974.849727154
1607241974.949718714
1607241975.049717426
1607241975.149719715
1607241975.249712706
1607241975.349578619
1607241975.449710846
1607241975.549711466
1607241975.649711847
1607241975.749718428
1607241975.849716187
1607241975.949711561
1607241976.049715757
1607241976.149713516
1607241976.249713659
1607241976.349715948
1607241976.449680567
1607241976.549690247
1607241976.649711132
1607241976.749713182
1607241976.849711180
1607241976.949715376
1607241977.049713612
1607241977.149710655
1607241977.249616861
1607241977.349710703
1607241977.449714422
1607241977.549739361
1607241977.649708509
1607241977.749711990
1607241977.849712372
1607241977.949713945
1607241978.049715042
1607241978.149712086
1607241978.249681711
1607241978.349718332
1607241978.449711323
1607241978.549713612
1607241978.649713755
1607241978.749615908
1607241978.849702597
1607241978.949714899
1607241979.049714565
1607241979.149711847
1607241979.249712229
1607241979.349711895
1607241979.449711561
1607241979.549712420
1607241979.649567842
1607241979.749716043
1607241979.849712372
1607241979.949621439
1607241980.049710035
1607241980.149718523
1607241980.249738693
1607241980.349726677
1607241980.449717522
1607241980.549692392
1607241980.649714708
1607241980.749683380
1607241980.849715710
1607241980.949647665
1607241981.049711227
1607241981.149619341
1607241981.249713898
1607241981.349713087
1607241981.449714661
1607241981.549715281
1607241981.649711132
1607241981.749685049
1607241981.849713087
1607241981.949712992
1607241982.049704552
1607241982.149714947
1607241982.249719381
1607241982.349698544
1607241982.449578285
1607241982.549711466
1607241982.649720192
1607241982.749714851
1607241982.849715233
1607241982.949721813
1607241983.049735785
1607241983.149724722
1607241983.249712706
1607241983.349714994
1607241983.449715137
1607241983.549711466
1607241983.649620771
1607241983.749713898
1607241983.849714994
1607241983.949713230
1607241984.049687624
1607241984.149710894
1607241984.249714613
1607241984.349722385
1607241984.449713469
1607241984.549618721
1607241984.649617910
1607241984.749714136
1607241984.849618435
1607241984.949548006
1607241985.049695015
1607241985.149681330
1607241985.249585867
1607241985.349714994
1607241985.449629068
1607241985.549711466
1607241985.649616718
1607241985.749744654
1607241985.849614143
1607241985.949711800
1607241986.049715757
1607241986.149716854
1607241986.249714136
1607241986.349716187
1607241986.449631453
1607241986.549712896
1607241986.649715900
1607241986.749622583
1607241986.849716187
1607241986.949713469
1607241987.049717426
1607241987.149705172
1607241987.249712229
1607241987.349714518
1607241987.449713707
1607241987.549714565
1607241987.649579763
1607241987.749686241
1607241987.849714756
1607241987.949713707
1607241988.049580336
1607241988.149710894
1607241988.249713659
1607241988.349692583
1607241988.449738741
1607241988.549615145
1607241988.649686098
1607241988.749712229
1607241988.849714279
1607241988.949614763
1607241989.049711943
1607241989.149714708
1607241989.249617338
1607241989.349718094
1607241989.449712753
1607241989.549682856
1607241989.649712086
1607241989.749711037
1607241989.849581480
1607241989.949716568
1607241990.049717665
1607241990.149673939
1607241990.249717712
1607241990.349714279
1607241990.449712038
1607241990.549713373
1607241990.649713039
1607241990.749616861
1607241990.849711180
1607241990.949715614
1607241991.049711943
1607241991.149578094
1607241991.249720812
1607241991.349717140
1607241991.449699402
1607241991.549708605
1607241991.649617672
1607241991.749714136
1607241991.849717140
1607241991.949712276
1607241992.049576283
1607241992.149711847
1607241992.249713182
1607241992.349714994
1607241992.449702740
