1607242417.459634066
1607242417.560552597
1607242417.661133289
1607242417.761626244
1607242417.862011194
1607242417.962457180
1607242418.063018084
1607242418.163491011
1607242418.263970852
1607242418.364440203
1607242418.464745998
1607242418.565247297
1607242418.665723324
1607242418.766146183
1607242418.866757393
1607242418.967299461
1607242419.067816496
1607242419.168285131
1607242419.268614769
1607242419.369020224
1607242419.469501257
1607242419.569961786
1607242419.670356512
1607242419.770817757
1607242419.871279716
1607242419.971667051
1607242420.071943760
1607242420.172327757
1607242420.272738218
1607242420.373201370
1607242420.473670959
1607242420.574067831
1607242420.674459934
1607242420.774938107
1607242420.875319242
1607242420.975743055
1607242421.076212645
1607242421.177006960
1607242421.277449369
1607242421.377847195
1607242421.478298187
1607242421.578689814
1607242421.679076195
1607242421.779478550
1607242421.879928350
1607242421.980509520
1607242422.080897331
1607242422.181265116
1607242422.281717539
1607242422.382114649
1607242422.482574940
1607242422.582970381
1607242422.683367491
1607242422.783678055
1607242422.884138584
1607242422.984497309
1607242423.084804296
1607242423.185195923
1607242423.285585165
1607242423.386008978
1607242423.486472607
1607242423.586885452
1607242423.687390804
1607242423.788014650
1607242423.888675928
1607242423.989068985
1607242424.089452982
1607242424.189754963
1607242424.290238857
1607242424.390657187
1607242424.491129875
1607242424.591573477
1607242424.691807032
1607242424.792203426
1607242424.892618179
1607242424.993103504
1607242425.093480349
1607242425.193876982
1607242425.294369459
1607242425.394795656
1607242425.495193481
1607242425.595628262
1607242425.696029186
1607242425.796490192
1607242425.896872282
1607242425.997208595
1607242426.097549200
1607242426.198011160
1607242426.298344612
1607242426.398760557
1607242426.499231100
1607242426.599625587
1607242426.699991226
1607242426.800274372
1607242426.900661230
1607242427.001051188
1607242427.101530552
1607242427.201852083
1607242427.302265882
1607242427.402658224
1607242427.503152370
1607242427.603545427
1607242427.703787804
1607242427.804078579
1607242427.904391527
1607242428.004681587
1607242428.104961395
1607242428.205346823
1607242428.305632830
1607242428.406039000
1607242428.506405115
1607242428.606785536
1607242428.707192421
1607242428.807485342
1607242428.907703161
1607242429.007961512
1607242429.108330727
1607242429.208737135
1607242429.309033394
1607242429.409423351
1607242429.509804487
1607242429.610189915
1607242429.710574627
1607242429.810957909
1607242429.911246777
1607242430.011636972
1607242430.112026453
1607242430.212407351
1607242430.312792778
1607242430.413204193
1607242430.513584614
1607242430.613976955
1607242430.714367390
1607242430.814647913
1607242430.915035248
1607242431.015432596
1607242431.115820408
1607242431.216069460
1607242431.316457272
1607242431.416839600
1607242431.517248631
1607242431.617626429
1607242431.718006849
1607242431.818414211
1607242431.918664217
1607242432.019041777
1607242432.119434118
1607242432.219818115
1607242432.320200920
1607242432.420586109
1607242432.520858526
1607242432.621241331
1607242432.721648693
1607242432.822034359
1607242432.922446966
1607242433.022830486
1607242433.123239040
1607242433.223623037
1607242433.323967695
1607242433.424220324
1607242433.524609804
1607242433.624994040
1607242433.725406647
1607242433.825787067
1607242433.926035166
1607242434.026418924
1607242434.126824856
1607242434.227206707
1607242434.327625513
1607242434.428036451
1607242434.528413534
1607242434.628829241
1607242434.729215384
1607242434.829625607
1607242434.930009127
1607242435.030384779
1607242435.130768776
1607242435.231150150
1607242435.331535101
1607242435.431921005
1607242435.532275200
1607242435.632646322
1607242435.733029127
1607242435.833436728
1607242435.933823109
1607242436.034234762
1607242436.134524584
1607242436.234906912
1607242436.335293531
1607242436.435691833
1607242436.535981894
1607242436.636357784
1607242436.736744642
1607242436.837129354
1607242436.937534332
1607242437.037916183
1607242437.138326168
1607242437.238707781
1607242437.339026690
1607242437.439337492
1607242437.539730549
1607242437.640084267
1607242437.740466833
1607242437.840850830
1607242437.941225290
1607242438.041608095
1607242438.141967058
1607242438.242350578
1607242438.342735291
1607242438.443116188
1607242438.543498993
1607242438.643917322
1607242438.744207621
1607242438.844587803
1607242438.944996834
1607242439.045377493
1607242439.145783901
1607242439.246165276
1607242439.346546173
1607242439.446931601
1607242439.547313452
1607242439.647617817
1607242439.748003244
1607242439.848389626
1607242439.948797464
1607242440.049181700
1607242440.149587631
1607242440.249972820
1607242440.350378752
1607242440.450765133
1607242440.551175356
1607242440.651557207
1607242440.751941204
1607242440.852349281
1607242440.952733040
1607242441.053128719
1607242441.153479338
1607242441.253860950
1607242441.354243040
1607242441.454633236
1607242441.555013418
1607242441.655406952
1607242441.755688906
1607242441.855977058
1607242441.956386328
1607242442.056766748
1607242442.157182217
1607242442.257546663
1607242442.357928038
1607242442.458309412
1607242442.558716536
1607242442.659098148
1607242442.759516716
1607242442.859778643
1607242442.959789515
1607242443.059781551
1607242443.159783363
1607242443.259782314
1607242443.359616041
1607242443.459784269
1607242443.559812069
1607242443.659685373
1607242443.759653807
1607242443.859709263
1607242443.959780455
1607242444.059780836
1607242444.159672737
1607242444.259785652
1607242444.359786272
1607242444.459682465
1607242444.559776306
1607242444.659783125
1607242444.759782314
1607242444.859780550
1607242444.959635735
1607242445.059746742
1607242445.159786224
1607242445.259782553
1607242445.359685421
1607242445.459644556
1607242445.559652328
1607242445.659650087
1607242445.759618044
1607242445.859771490
1607242445.959692717
1607242446.059688091
1607242446.159685850
1607242446.259798765
1607242446.359653234
1607242446.459806681
1607242446.559711218
1607242446.659666061
1607242446.759683371
1607242446.859766722
1607242446.959784985
1607242447.059780359
1607242447.159780741
1607242447.259785414
1607242447.359786510
1607242447.459779739
1607242447.559788704
1607242447.659784555
1607242447.759781837
1607242447.859799862
1607242447.959782124
1607242448.059681654
1607242448.159651995
1607242448.259782553
1607242448.359784603
1607242448.459773302
1607242448.559782505
1607242448.659780979
1607242448.759784460
1607242448.859654903
1607242448.959652424
1607242449.059808254
1607242449.159808874
1607242449.259791613
1607242449.359632254
1607242449.459649324
1607242449.559783459
1607242449.659781456
1607242449.759641171
1607242449.859786510
1607242449.959785223
1607242450.059786081
1607242450.159782410
1607242450.259649277
1607242450.359652758
1607242450.459632874
1607242450.559639454
1607242450.659781456
1607242450.759787321
1607242450.859767675
1607242450.959783792
1607242451.059781313
1607242451.159781694
1607242451.259783506
1607242451.359781981
1607242451.459747791
1607242451.559785366
1607242451.659798384
1607242451.759812117
1607242451.859814644
1607242451.959639072
1607242452.059786558
1607242452.159615517
1607242452.259783745
1607242452.359645605
1607242452.459659815
1607242452.559632778
1607242452.659681320
1607242452.759632111
1607242452.859653234
1607242452.959630728
1607242453.059783697
1607242453.159630299
1607242453.259781599
1607242453.359621763
1607242453.459781885
1607242453.559623241
1607242453.659648657
1607242453.759618044
1607242453.859781504
1607242453.959616899
1607242454.059780121
1607242454.159716606
1607242454.259782076
1607242454.359782696
1607242454.459812880
1607242454.559796095
1607242454.659801483
1607242454.759792089
1607242454.859780788
1607242454.959783077
1607242455.059780121
1607242455.159778357
1607242455.259780169
1607242455.359647751
1607242455.459781647
1607242455.559782982
1607242455.659782410
1607242455.759687185
1607242455.859646082
1607242455.959783077
1607242456.059781313
1607242456.160077572
1607242456.259787560
1607242456.359784842
1607242456.459787130
1607242456.559782982
1607242456.659686327
1607242456.759785175
1607242456.859780788
1607242456.959786177
1607242457.059781313
1607242457.159814358
1607242457.259809017
1607242457.359807968
1607242457.459788322
1607242457.559664965
1607242457.659680128
1607242457.759665489
1607242457.859782696
1607242457.959784746
1607242458.059630632
1607242458.159689188
1607242458.259784222
1607242458.359682083
1607242458.459781408
1607242458.559783220
1607242458.659650087
1607242458.759750605
1607242458.859777927
1607242458.959654331
1607242459.059782505
1607242459.159783602
1607242459.259780645
1607242459.359777927
1607242459.459787369
1607242459.559784412
1607242459.659787178
1607242459.759649277
1607242459.859802961
1607242459.959819555
1607242460.059807539
1607242460.159788370
1607242460.259779215
1607242460.359782696
1607242460.459784269
1607242460.559684277
1607242460.659654617
1607242460.759788752
1607242460.859786272
1607242460.959783554
1607242461.059780598
1607242461.159782648
1607242461.259782314
1607242461.359651566
1607242461.459780693
1607242461.559784174
1607242461.659781694
1607242461.759643078
1607242461.859602690
1607242461.959775209
1607242462.059782505
1607242462.159780264
1607242462.259682894
1607242462.359638214
1607242462.459698200
1607242462.559692383
1607242462.659682989
1607242462.759807110
1607242462.859704018
1607242462.959789276
1607242463.059752464
1607242463.159785271
1607242463.259670258
1607242463.359787226
1607242463.459781647
1607242463.559786797
1607242463.659652710
1607242463.759781599
1607242463.859781027
1607242463.959782124
1607242464.059782505
1607242464.159645319
1607242464.259759665
1607242464.359651089
1607242464.459648848
1607242464.559652328
1607242464.659780502
1607242464.759786606
1607242464.859780550
1607242464.959784508
1607242465.059630871
1607242465.159654140
1607242465.259781837
1607242465.359809637
1607242465.459650755
1607242465.559806585
1607242465.659783363
1607242465.759660244
1607242465.859642506
1607242465.959684372
1607242466.059783459
1607242466.159782410
1607242466.259789228
1607242466.359634399
1607242466.459650517
1607242466.559754610
1607242466.659780264
1607242466.759665489
1607242466.859646559
1607242466.959791899
1607242467.059781075
1607242467.159633398
1607242467.259784460
1607242467.359649181
1607242467.459783554
1607242467.559628963
1607242467.659655094
1607242467.759766102
1607242467.859780312
1607242467.959785938
1607242468.059798956
1607242468.159812212
1607242468.259803772
1607242468.359791279
1607242468.459779263
1607242468.559654951
1607242468.659783125
1607242468.759783030
1607242468.859781027
1607242468.959783792
1607242469.059632063
1607242469.159783125
1607242469.259782076
1607242469.359784126
1607242469.459631443
1607242469.559783697
1607242469.659781218
1607242469.759638309
1607242469.859638453
1607242469.959781885
1607242470.059728861
1607242470.159782887
1607242470.259781837
1607242470.359648943
1607242470.459784508
1607242470.559784174
1607242470.659625769
1607242470.759684086
1607242470.859817743
1607242470.959814310
1607242471.059795141
1607242471.159783840
1607242471.259780407
1607242471.359767914
1607242471.459784985
1607242471.559785128
1607242471.659780502
1607242471.759782314
1607242471.859783411
1607242471.959762812
1607242472.059780359
1607242472.159648657
1607242472.259788036
1607242472.359781742
1607242472.459781647
1607242472.559636593
1607242472.659651041
1607242472.759783268
1607242472.859784126
1607242472.959683657
1607242473.059782743
1607242473.159750223
1607242473.259784460
1607242473.359648228
1607242473.459653616
1607242473.559810400
1607242473.659810781
1607242473.759652853
1607242473.859636784
1607242473.959782839
1607242474.059780121
1607242474.159782648
1607242474.259782314
1607242474.359637976
1607242474.459651232
1607242474.559784174
1607242474.659782648
1607242474.759781837
1607242474.859782219
1607242474.959783316
1607242475.059781551
1607242475.159781933
1607242475.259781122
1607242475.359782219
1607242475.459774733
1607242475.559782505
1607242475.659783125
1607242475.759783506
1607242475.859787464
1607242475.959781408
1607242476.059678793
1607242476.159787416
1607242476.259811163
1607242476.359681368
1607242476.459794283
1607242476.559784889
1607242476.659759045
1607242476.759782314
1607242476.859660387
1607242476.959783077
1607242477.059783459
1607242477.159784794
1607242477.259665251
1607242477.359782696
1607242477.459637642
1607242477.559630394
1607242477.659628153
1607242477.759639263
1607242477.859613657
1607242477.959632158
1607242478.059630394
1607242478.159630775
1607242478.259630680
1607242478.359639168
1607242478.459622383
1607242478.559615850
1607242478.659611702
1607242478.759627581
1607242478.859732389
1607242478.959807396
1607242479.059809208
1607242479.159688950
1607242479.259790182
1607242479.359675169
1607242479.459783077
1607242479.559784889
1607242479.659717083
1607242479.759780645
1607242479.859649897
1607242479.959685087
1607242480.059786797
1607242480.159783125
1607242480.259649515
1607242480.359784603
1607242480.459782124
1607242480.559687853
1607242480.659789562
1607242480.759786367
1607242480.859780073
1607242480.959783316
1607242481.059779882
1607242481.159784317
1607242481.259780407
1607242481.359781981
1607242481.459781885
1607242481.559784412
1607242481.659803152
1607242481.760089874
1607242481.859806776
1607242481.959794283
1607242482.059720278
1607242482.159783602
1607242482.259674072
1607242482.359662294
1607242482.459648848
1607242482.559787035
1607242482.659619808
1607242482.759781599
1607242482.859780073
1607242482.959794283
1607242483.059635878
1607242483.159784079
1607242483.259783506
1607242483.359765530
1607242483.459783316
1607242483.559786081
1607242483.659655333
1607242483.759783506
1607242483.859780073
1607242483.959768057
1607242484.059779882
1607242484.159784794
1607242484.259782553
1607242484.359800100
1607242484.459789276
1607242484.559682846
1607242484.659781694
1607242484.759781837
1607242484.859781742
1607242484.959784746
1607242485.059782505
1607242485.159749508
1607242485.259777784
1607242485.359640360
1607242485.459807396
1607242485.559806824
1607242485.659794092
1607242485.759638071
1607242485.859773636
1607242485.959659100
1607242486.059781790
1607242486.159620523
1607242486.259782553
1607242486.359788656
1607242486.459616184
1607242486.559786320
1607242486.659650803
1607242486.759793520
1607242486.859780550
1607242486.959781170
1607242487.059665442
1607242487.159785986
1607242487.259779453
1607242487.359784126
1607242487.459783077
1607242487.559782743
1607242487.659783125
1607242487.759772539
1607242487.859784365
1607242487.959782362
1607242488.059784651
1607242488.159782171
1607242488.259781837
1607242488.359616518
1607242488.459680080
1607242488.559782028
1607242488.659781933
1607242488.759784937
1607242488.859611273
1607242488.959785938
1607242489.059777737
1607242489.159783840
1607242489.259641409
1607242489.359639883
1607242489.459764957
1607242489.559800148
1607242489.659797430
1607242489.759618998
1607242489.859778643
1607242489.959788084
1607242490.059753418
1607242490.159629345
1607242490.259781122
1607242490.359782934
1607242490.459634781
1607242490.559752941
1607242490.659652948
1607242490.759786129
1607242490.859781027
1607242490.959781170
1607242491.059621811
1607242491.159654140
1607242491.259673595
1607242491.359649420
1607242491.459787846
1607242491.559621334
1607242491.659781694
1607242491.759783983
1607242491.859647036
1607242491.959619045
1607242492.059765577
1607242492.159817696
1607242492.259782553
1607242492.359621763
1607242492.459652424
1607242492.559800386
1607242492.659696341
1607242492.759783745
1607242492.859635353
1607242492.959782124
1607242493.059789181
1607242493.159780264
1607242493.259617805
1607242493.359781981
1607242493.459779263
1607242493.559786081
1607242493.659610987
1607242493.759617805
1607242493.859632730
1607242493.959781170
1607242494.059781075
1607242494.159625053
1607242494.259642124
1607242494.359652519
1607242494.459681273
1607242494.559617996
1607242494.659627438
1607242494.759781361
1607242494.859800577
1607242494.959618807
1607242495.059616327
1607242495.159788847
1607242495.259779692
1607242495.359788179
1607242495.459641457
1607242495.559782267
1607242495.659781694
1607242495.759788752
1607242495.859783888
1607242495.959651947
1607242496.059784889
1607242496.159781456
1607242496.259627581
1607242496.359644175
1607242496.459780455
1607242496.559784651
1607242496.659777641
1607242496.759786606
1607242496.859633684
1607242496.959652185
1607242497.059783459
1607242497.159783363
1607242497.259630203
1607242497.359642982
1607242497.459779263
1607242497.559806108
1607242497.659810305
1607242497.759643078
1607242497.859787464
1607242497.959718227
1607242498.059780359
1607242498.159676790
1607242498.259780884
1607242498.359782696
1607242498.459650517
1607242498.559651852
1607242498.659780025
1607242498.759783268
1607242498.859781504
1607242498.959632158
1607242499.059626579
1607242499.159652233
1607242499.259786606
1607242499.359781742
1607242499.459632397
1607242499.559652328
1607242499.659761906
1607242499.759782076
1607242499.859782696
1607242499.959789753
1607242500.059782743
1607242500.159785271
1607242500.259814978
1607242500.359653234
1607242500.459807158
1607242500.559794188
1607242500.659787178
1607242500.759655476
1607242500.859693527
1607242500.959776878
1607242501.059649706
1607242501.159782887
1607242501.259634972
1607242501.359653950
1607242501.459780455
1607242501.559673309
1607242501.659646749
1607242501.759640455
1607242501.859782457
1607242501.959781170
1607242502.059773684
1607242502.159676313
1607242502.259780169
1607242502.359781742
1607242502.459628820
1607242502.559625387
1607242502.659680605
1607242502.759780645
1607242502.859757423
1607242502.959640503
1607242503.059689999
1607242503.159810543
1607242503.259806156
1607242503.359673023
1607242503.459783316
1607242503.559755564
1607242503.659782410
1607242503.759785414
1607242503.859633207
1607242503.959783077
1607242504.059782505
1607242504.159786463
1607242504.259782553
1607242504.359781981
1607242504.459779739
1607242504.559747458
1607242504.659780264
1607242504.759630442
1607242504.859629154
1607242504.959783792
1607242505.059781551
1607242505.159651041
1607242505.259778738
1607242505.359784365
1607242505.459779739
1607242505.559645891
1607242505.659643173
1607242505.759639263
1607242505.859630585
1607242505.959806919
1607242506.059648991
1607242506.159784079
1607242506.259781122
1607242506.359675169
1607242506.459633350
1607242506.559767246
1607242506.659781218
1607242506.759783030
1607242506.859612465
1607242506.959631920
1607242507.059785366
1607242507.159781456
1607242507.259786129
1607242507.360121489
1607242507.459783077
1607242507.559746027
1607242507.659781694
1607242507.759785175
1607242507.859613657
1607242507.959782600
1607242508.059782982
1607242508.159752369
1607242508.259780645
1607242508.359783888
1607242508.459793568
1607242508.559808969
1607242508.659647942
1607242508.759795666
1607242508.859818697
1607242508.959783316
1607242509.059783220
1607242509.159783840
1607242509.259781122
1607242509.359664917
1607242509.459629536
1607242509.559786558
1607242509.659780741
1607242509.759650230
1607242509.859785557
1607242509.959783316
1607242510.059647560
1607242510.159782410
1607242510.259683371
1607242510.359648466
1607242510.459650993
1607242510.559786797
1607242510.659769773
1607242510.759783268
1607242510.859646320
1607242510.959785461
1607242511.059790134
1607242511.159790039
1607242511.259644747
1607242511.359810591
1607242511.459798813
1607242511.559712172
1607242511.659782887
1607242511.759674788
1607242511.859769821
1607242511.959786177
1607242512.059788942
1607242512.159647226
1607242512.259650946
1607242512.359683514
1607242512.459771395
1607242512.559644938
1607242512.659640074
1607242512.759782314
1607242512.859780312
1607242512.959786415
1607242513.059776068
1607242513.159790277
1607242513.259780407
1607242513.359650373
1607242513.459639072
1607242513.559644938
1607242513.659682035
1607242513.759650469
1607242513.859784842
1607242513.959647417
1607242514.059687138
1607242514.159808874
1607242514.259780407
1607242514.359717131
1607242514.459785461
1607242514.559784889
1607242514.659780264
1607242514.759785175
1607242514.859678984
1607242514.959783316
1607242515.059784412
1607242515.159785032
1607242515.259646654
1607242515.359689713
1607242515.459781647
1607242515.559783459
1607242515.659644127
1607242515.759633780
1607242515.859783411
1607242515.959798098
1607242516.059784651
1607242516.159786701
1607242516.259655952
1607242516.359784603
1607242516.459783554
1607242516.559761524
1607242516.659802914
1607242516.759809732
1607242516.859809399
1607242516.959791660
1607242517.059780121
1607242517.159783840
1607242517.259779930
1607242517.359787941
1607242517.459783554
