1607241582.445784569
1607241582.545933247
1607241582.646234274
1607241582.746540070
1607241582.846848011
1607241582.947155714
1607241583.047467947
1607241583.147801161
1607241583.248103380
1607241583.348404408
1607241583.448702097
1607241583.548968792
1607241583.649131536
1607241583.749433041
1607241583.849735022
1607241583.950038671
1607241584.050344706
1607241584.150642157
1607241584.250976086
1607241584.351284504
1607241584.451586008
1607241584.551887751
1607241584.652097464
1607241584.752399445
1607241584.852703571
1607241584.953013897
1607241585.053340673
1607241585.153625965
1607241585.253933430
1607241585.354236126
1607241585.454535484
1607241585.554841280
1607241585.655147076
1607241585.755455732
1607241585.855786085
1607241585.956054688
1607241586.056330681
1607241586.156640530
1607241586.256944418
1607241586.357244730
1607241586.457548857
1607241586.557850838
1607241586.658175707
1607241586.758479357
1607241586.858691931
1607241586.958994389
1607241587.059295654
1607241587.159597158
1607241587.259900808
1607241587.360106230
1607241587.460304499
1607241587.560605049
1607241587.660934210
1607241587.761234522
1607241587.861538410
1607241587.961839437
1607241588.062144995
1607241588.162449837
1607241588.262776375
1607241588.362985611
1607241588.463261127
1607241588.563587904
1607241588.663892508
1607241588.764193773
1607241588.864470482
1607241588.964758158
1607241589.065058231
1607241589.165352821
1607241589.265654564
1607241589.365986824
1607241589.466286421
1607241589.566587210
1607241589.666891336
1607241589.767191648
1607241589.867495060
1607241589.967700481
1607241590.067885637
1607241590.168189526
1607241590.268492460
1607241590.368794441
1607241590.469094992
1607241590.569286108
1607241590.669558764
1607241590.769865513
1607241590.870167017
1607241590.970492840
1607241591.070796013
1607241591.171104193
1607241591.271410465
1607241591.371718645
1607241591.471991062
1607241591.572317839
1607241591.672620535
1607241591.772912979
1607241591.873214006
1607241591.973510027
1607241592.073811769
1607241592.174090624
1607241592.274295807
1607241592.374595642
1607241592.474897861
1607241592.575204372
1607241592.675510883
1607241592.775817156
1607241592.876119375
1607241592.976418734
1607241593.076627970
1607241593.176916838
1607241593.277216196
1607241593.377534389
1607241593.477836847
1607241593.578103065
1607241593.678402662
1607241593.778703928
1607241593.878911495
1607241593.979204416
1607241594.079507113
1607241594.179807663
1607241594.280110121
1607241594.380413055
1607241594.480581284
1607241594.580880165
1607241594.681180954
1607241594.781502962
1607241594.881802082
1607241594.982101917
1607241595.082413912
1607241595.182714462
1607241595.283015966
1607241595.383343935
1607241595.483657122
1607241595.583957911
1607241595.684162617
1607241595.784463406
1607241595.884767056
1607241595.985072851
1607241596.085266590
1607241596.185566187
1607241596.285865545
1607241596.386167288
1607241596.486467600
1607241596.586670160
1607241596.686837196
1607241596.787140369
1607241596.887454271
1607241596.987580776
1607241597.087720871
1607241597.187919140
1607241597.288130522
1607241597.388339520
1607241597.488577366
1607241597.588744402
1607241597.688954592
1607241597.789162636
1607241597.889368534
1607241597.989533186
1607241598.089761257
1607241598.189964056
1607241598.290169239
1607241598.390372992
1607241598.490576982
1607241598.590781689
1607241598.690987349
1607241598.791120291
1607241598.891407967
1607241598.991707802
1607241599.092014313
1607241599.192333221
1607241599.292614460
1607241599.392900944
1607241599.493149996
1607241599.593453646
1607241599.693754196
1607241599.794055700
1607241599.894354343
1607241599.994697809
1607241600.094971418
1607241600.195428371
1607241600.295633554
1607241600.395933628
1607241600.496232748
1607241600.596564531
1607241600.696866751
1607241600.797170877
1607241600.897333145
1607241600.997626066
1607241601.097931385
1607241601.198223591
1607241601.298527479
1607241601.398831844
1607241601.499132633
1607241601.599470139
1607241601.699618101
1607241601.799924850
1607241601.900243044
1607241602.000558138
1607241602.100861549
1607241602.201161623
1607241602.301464081
1607241602.401765585
1607241602.502065182
1607241602.602367640
1607241602.702699900
1607241602.803000689
1607241602.903306246
1607241603.003607750
1607241603.103908777
1607241603.204178333
1607241603.304458380
1607241603.404762506
1607241603.505062103
1607241603.605361462
1607241603.705662012
1607241603.805989742
1607241603.906271696
1607241604.006579161
1607241604.106844664
1607241604.207133770
1607241604.307415962
1607241604.407715797
1607241604.507982731
1607241604.608284950
1607241604.708586216
1607241604.808884859
1607241604.909119368
1607241605.009408474
1607241605.109737158
1607241605.210041285
1607241605.310341120
1607241605.410640955
1607241605.510897875
1607241605.611207485
1607241605.711511850
1607241605.811812639
1607241605.912135363
1607241606.012434959
1607241606.112728596
1607241606.213031769
1607241606.313326597
1607241606.413625240
1607241606.513929605
1607241606.614205599
1607241606.714529753
1607241606.814829588
1607241606.915129900
1607241607.015433073
1607241607.115733385
1607241607.216032982
1607241607.316364050
1607241607.416667461
1607241607.516973495
1607241607.617272139
1607241607.717572927
1607241607.817872763
1607241607.918179274
1607241608.018507004
1607241608.118814230
1607241608.219114304
1607241608.319421291
1607241608.419726610
1607241608.520028353
1607241608.620236158
1607241608.720539570
1607241608.820839405
1607241608.921143293
1607241609.021446943
1607241609.121652365
1607241609.222128391
1607241609.322414398
1607241609.422717333
1607241609.523024797
1607241609.623329878
1607241609.723646641
1607241609.823977232
1607241609.924283266
1607241610.024446487
1607241610.124655008
1607241610.224957943
1607241610.325120211
1607241610.425399303
1607241610.525706530
1607241610.626013041
1607241610.726340771
1607241610.826550007
1607241610.926726818
1607241611.027027607
1607241611.127330303
1607241611.227642298
1607241611.327950478
1607241611.428253412
1607241611.528539181
1607241611.628842831
1607241611.729135513
1607241611.829435349
1607241611.929765701
1607241612.030061960
1607241612.130351067
1607241612.230653763
1607241612.330955267
1607241612.431254864
1607241612.531567812
1607241612.631790638
1607241612.732091188
1607241612.832393408
1607241612.932606697
1607241613.032773733
1607241613.133066416
1607241613.233365059
1607241613.333664179
1607241613.433967113
1607241613.534274578
1607241613.634583712
1607241613.734882832
1607241613.835188150
1607241613.935487986
1607241614.035687685
1607241614.136014462
1607241614.236316919
1607241614.336620331
1607241614.436919689
1607241614.537220001
1607241614.637516022
1607241614.737818003
1607241614.838146925
1607241614.938451767
1607241615.038753271
1607241615.138992071
1607241615.239133120
1607241615.339581490
1607241615.439885378
1607241615.540188551
1607241615.640458584
1607241615.740785360
1607241615.841085911
1607241615.941385508
1607241616.041690350
1607241616.141997337
1607241616.242297173
1607241616.342598200
1607241616.442924261
1607241616.543223858
1607241616.643531084
1607241616.743832350
1607241616.844134092
1607241616.944432974
1607241617.044733047
1607241617.145032883
1607241617.245344877
1607241617.345644474
1607241617.445946217
1607241617.545929909
1607241617.646021843
1607241617.746047497
1607241617.846034765
1607241617.946027279
1607241618.046029091
1607241618.146021366
1607241618.246027946
1607241618.346023560
1607241618.445985317
1607241618.546021223
1607241618.646024466
1607241618.746028423
1607241618.846021414
1607241618.945882320
1607241619.046023369
1607241619.146021605
1607241619.246025801
1607241619.346024513
1607241619.446022272
1607241619.545884371
1607241619.645884514
1607241619.746011496
1607241619.846024990
1607241619.946026802
1607241620.046027184
1607241620.146030426
1607241620.246025324
1607241620.346010923
1607241620.445935726
1607241620.546049118
1607241620.646029472
1607241620.746024370
1607241620.846034288
1607241620.945926189
1607241621.046024323
1607241621.146024227
1607241621.246024132
1607241621.346026182
1607241621.446028233
1607241621.546029091
1607241621.646024466
1607241621.746026278
1607241621.846022844
1607241621.946025133
1607241622.045953274
1607241622.146024942
1607241622.245884895
1607241622.346020699
1607241622.445929050
1607241622.545935392
1607241622.646019220
1607241622.745994806
1607241622.845930338
1607241622.945925951
1607241623.045881510
1607241623.146040440
1607241623.245927095
1607241623.345924139
1607241623.445950270
1607241623.546020508
1607241623.645932674
1607241623.745924711
1607241623.845919609
1607241623.945927143
1607241624.045917988
1607241624.145854712
1607241624.245990276
1607241624.346031666
1607241624.446022272
1607241624.546020746
1607241624.646022797
1607241624.746026754
1607241624.846025229
1607241624.945927143
1607241625.046025753
1607241625.146016598
1607241625.246024609
1607241625.345888376
1607241625.446023941
1607241625.546022177
1607241625.645992279
1607241625.746024609
1607241625.846022606
1607241625.946049213
1607241626.046041012
1607241626.146025896
1607241626.245960236
1607241626.346019268
1607241626.446029425
1607241626.546021223
1607241626.645926714
1607241626.746026278
1607241626.846022367
1607241626.945925713
1607241627.046025038
1607241627.145994663
1607241627.246022463
1607241627.346026897
1607241627.446005583
1607241627.545912027
1607241627.646061659
1607241627.746021032
1607241627.846026421
1607241627.946025848
1607241628.045928717
1607241628.146027327
1607241628.246029139
1607241628.346025229
1607241628.446026564
1607241628.546025753
1607241628.646001101
1607241628.746034622
1607241628.846027136
1607241628.946030378
1607241629.046026945
1607241629.146025896
1607241629.246001720
1607241629.345890045
1607241629.446027994
1607241629.546024561
1607241629.645925283
1607241629.746043682
1607241629.846010208
1607241629.946024656
1607241630.046024323
1607241630.146027088
1607241630.246027231
1607241630.346028805
1607241630.446007252
1607241630.546024799
1607241630.646024466
1607241630.746024847
1607241630.846026421
1607241630.946023941
1607241631.046026707
1607241631.146024227
1607241631.246025085
1607241631.346024036
1607241631.445991993
1607241631.546026468
1607241631.645898104
1607241631.746029139
1607241631.846027851
1607241631.946026325
1607241632.046028376
1607241632.146024466
1607241632.246024370
1607241632.346023798
1607241632.446026087
1607241632.546023130
1607241632.646012783
1607241632.746024132
1607241632.846021175
1607241632.946024179
1607241633.046022892
1607241633.146024942
1607241633.246023178
1607241633.345908880
1607241633.446025372
1607241633.546023130
1607241633.645989656
1607241633.746049881
1607241633.846029043
1607241633.946023226
1607241634.046026468
1607241634.146026611
1607241634.246026754
1607241634.346023560
1607241634.446022987
1607241634.545994520
1607241634.646024227
1607241634.746024847
1607241634.846025467
1607241634.946028948
1607241635.046023846
1607241635.146007776
1607241635.246027708
1607241635.346024752
1607241635.446030140
1607241635.546024799
1607241635.646026850
1607241635.746011496
1607241635.846025229
1607241635.946005106
1607241636.046025515
1607241636.145991564
1607241636.246028900
1607241636.345937014
1607241636.446051121
1607241636.546036720
1607241636.645973444
1607241636.746020555
1607241636.846003532
1607241636.946024656
1607241637.046029806
1607241637.146019697
1607241637.246021748
1607241637.345929623
1607241637.446023703
1607241637.546011686
1607241637.645930290
1607241637.745929480
1607241637.846022367
1607241637.946024895
1607241638.046022415
1607241638.146012783
1607241638.246024609
1607241638.346030712
1607241638.446028709
1607241638.546021461
1607241638.645929575
1607241638.746020317
1607241638.846021414
1607241638.946021557
1607241639.045926332
1607241639.146045208
1607241639.246044874
1607241639.346017599
1607241639.446021318
1607241639.546022415
1607241639.646024466
1607241639.746022463
1607241639.846027136
1607241639.946016073
1607241640.046024799
1607241640.146021366
1607241640.246022463
1607241640.346021652
1607241640.446021557
1607241640.545890808
1607241640.646021605
1607241640.745993853
1607241640.846025467
1607241640.946020842
1607241641.046023369
1607241641.146012068
1607241641.245923519
1607241641.346021175
1607241641.446024179
1607241641.546020985
1607241641.646030426
1607241641.746026039
1607241641.846020699
1607241641.946051836
1607241642.046029806
1607241642.146011591
1607241642.246022463
1607241642.345937014
1607241642.446017265
1607241642.546002388
1607241642.645987511
1607241642.745890141
1607241642.846023083
1607241642.946027756
1607241643.046028614
1607241643.145927429
1607241643.246021748
1607241643.346024752
1607241643.446037054
1607241643.546021223
1607241643.645925045
1607241643.746021032
1607241643.846021414
1607241643.945927858
1607241644.046024799
1607241644.145927668
1607241644.246022701
1607241644.345889330
1607241644.446027517
1607241644.546021223
1607241644.646050215
1607241644.746035099
1607241644.846024752
1607241644.946023464
1607241645.046024561
1607241645.145967007
1607241645.245866537
1607241645.346025229
1607241645.446022511
1607241645.546022892
1607241645.646021128
1607241645.745988131
1607241645.846010685
1607241645.946021080
1607241646.046022892
1607241646.145861387
1607241646.246020555
1607241646.346027374
1607241646.446001053
1607241646.546023607
1607241646.646021843
1607241646.746021986
1607241646.846021175
1607241646.945992231
1607241647.046023607
1607241647.146023035
1607241647.246025801
1607241647.346046209
1607241647.446044683
1607241647.546025991
1607241647.646020651
1607241647.746023417
1607241647.846020937
1607241647.946022749
1607241648.046021223
1607241648.145999670
1607241648.246025324
1607241648.346020937
1607241648.446022749
1607241648.546022177
1607241648.646024704
1607241648.745988846
1607241648.846024990
1607241648.946024179
1607241649.046031475
1607241649.146021366
1607241649.246021271
1607241649.345990419
1607241649.446027517
1607241649.546023846
1607241649.645857334
1607241649.746024132
1607241649.846021414
1607241649.946019411
1607241650.046023369
1607241650.146048307
1607241650.246032238
1607241650.346026897
1607241650.446023941
1607241650.545939922
1607241650.646021843
1607241650.746022940
1607241650.846024275
1607241650.946022749
1607241651.046025276
1607241651.145989656
1607241651.246020794
1607241651.345985651
1607241651.446022749
1607241651.546021223
1607241651.646021843
1607241651.746017218
1607241651.846022606
1607241651.946021318
1607241652.046024799
1607241652.146022558
1607241652.246019840
1607241652.346021414
1607241652.446023941
1607241652.546029329
1607241652.646020174
1607241652.746023655
1607241652.846057892
1607241652.946036577
1607241653.046025753
1607241653.146024704
1607241653.246021032
1607241653.346018791
1607241653.446002722
1607241653.546021223
1607241653.646018982
1607241653.746024132
1607241653.846022367
1607241653.946027279
1607241654.045921326
1607241654.145888090
1607241654.246019840
1607241654.346031666
1607241654.446022511
1607241654.545861483
1607241654.645993948
1607241654.746022463
1607241654.846025467
1607241654.946025372
1607241655.045898676
1607241655.146022081
1607241655.246012688
1607241655.346025944
1607241655.445994139
1607241655.546047926
1607241655.645885944
1607241655.746017218
1607241655.846021652
1607241655.946021557
1607241656.046025515
1607241656.146016836
1607241656.246024609
1607241656.345989466
1607241656.446020603
1607241656.546023369
1607241656.646020174
1607241656.746024847
1607241656.846020460
1607241656.945991039
1607241657.046019793
1607241657.146011829
1607241657.246023178
1607241657.346020937
1607241657.446024418
1607241657.546020031
1607241657.646026134
1607241657.746025085
1607241657.846021891
1607241657.946021318
1607241658.046020985
1607241658.145993948
1607241658.246020079
1607241658.346046925
1607241658.446026087
1607241658.546007395
1607241658.645987749
1607241658.745933294
1607241658.846023083
1607241658.946021557
1607241659.046025276
1607241659.145921469
1607241659.246023417
1607241659.346004248
1607241659.445998192
1607241659.546022654
1607241659.646020651
1607241659.746025324
1607241659.845924377
1607241659.946024895
1607241660.046021700
1607241660.146026611
1607241660.246010065
1607241660.345942259
1607241660.445991755
1607241660.546024084
1607241660.646023273
1607241660.746021748
1607241660.846026182
1607241660.946025848
1607241661.045985460
1607241661.146037340
1607241661.246004105
1607241661.346025229
1607241661.446020842
1607241661.546025515
1607241661.646039963
1607241661.746009827
1607241661.846023083
1607241661.946021080
1607241662.046022415
1607241662.146023035
1607241662.245929956
1607241662.346025705
1607241662.446018219
1607241662.546021938
1607241662.646020174
1607241662.746025085
1607241662.845937490
1607241662.946023703
1607241663.046025038
1607241663.146031380
1607241663.246021509
1607241663.346020699
1607241663.445870399
1607241663.546022654
1607241663.645994902
1607241663.746052265
1607241663.845868826
1607241663.946026087
1607241664.046020508
1607241664.146013021
1607241664.246022224
1607241664.346008778
1607241664.446024895
1607241664.546024799
1607241664.646020412
1607241664.745889425
1607241664.846023560
1607241664.946020603
1607241665.046022177
1607241665.146024227
1607241665.246013880
1607241665.346020937
1607241665.446022034
1607241665.546020985
1607241665.645861387
1607241665.745993853
1607241665.846024036
1607241665.946021557
1607241666.046022177
1607241666.146022558
1607241666.246022463
1607241666.346021414
1607241666.446024895
1607241666.546049356
1607241666.646035433
1607241666.746022463
1607241666.846021891
1607241666.945947647
1607241667.046023369
1607241667.146023750
1607241667.246024847
1607241667.346021175
1607241667.446022272
1607241667.545999527
1607241667.645859003
1607241667.746022224
1607241667.846024752
1607241667.946024179
1607241668.046026468
1607241668.146006823
1607241668.246022701
1607241668.346023083
1607241668.446022034
1607241668.546007395
1607241668.646019936
1607241668.745989799
1607241668.846021175
1607241668.946024656
1607241669.045861244
1607241669.146024227
1607241669.246049404
1607241669.346038580
1607241669.446027279
1607241669.546022177
1607241669.646021366
1607241669.746021509
1607241669.846024752
1607241669.946023464
1607241670.046010733
1607241670.146024942
1607241670.245886564
1607241670.346023798
1607241670.446024656
1607241670.546021461
1607241670.646021605
1607241670.746028662
1607241670.846024752
1607241670.946021318
1607241671.046021700
1607241671.145862818
1607241671.246031046
1607241671.346024036
1607241671.446020365
1607241671.546023130
1607241671.646023035
1607241671.745997906
1607241671.846024752
1607241671.945860386
1607241672.045888662
1607241672.145887375
1607241672.246025801
1607241672.346011400
1607241672.445909023
1607241672.546024799
1607241672.646002769
1607241672.745893240
1607241672.846016169
1607241672.945859671
1607241673.045885801
1607241673.146024704
1607241673.246021986
1607241673.345869303
1607241673.445896626
1607241673.546022177
1607241673.645930767
1607241673.745888233
1607241673.845886946
1607241673.945889950
1607241674.046026707
1607241674.145886183
1607241674.246013165
1607241674.346011877
1607241674.445854425
1607241674.545886993
1607241674.646019936
1607241674.746025085
1607241674.846028566
1607241674.946024895
1607241675.045857906
1607241675.146013975
1607241675.246025801
1607241675.346024275
1607241675.445884228
1607241675.545890093
1607241675.645927429
1607241675.746023893
1607241675.845927954
1607241675.946004152
1607241676.045886993
1607241676.145861149
1607241676.245858908
1607241676.346023321
1607241676.446028471
1607241676.545988798
1607241676.646023989
1607241676.745923519
1607241676.846022129
1607241676.946016788
1607241677.046022654
1607241677.145893335
1607241677.246027470
1607241677.346020460
1607241677.445888281
1607241677.546030045
1607241677.646027327
1607241677.745953083
1607241677.845914841
1607241677.946029425
1607241678.045895338
1607241678.145890236
1607241678.246021509
1607241678.345997334
1607241678.446021318
1607241678.545860767
1607241678.645888090
1607241678.745988607
1607241678.845989943
1607241678.946022987
1607241679.046017408
1607241679.146025181
1607241679.245926619
1607241679.346025705
1607241679.446018219
1607241679.545928478
1607241679.645993948
1607241679.746031284
1607241679.846001148
1607241679.945993662
1607241680.046027660
1607241680.146032095
1607241680.246029139
1607241680.346023321
1607241680.446020126
1607241680.546023369
1607241680.646022081
1607241680.745874166
1607241680.845928907
1607241680.946021795
1607241681.046023607
1607241681.145926714
1607241681.245901346
1607241681.346007109
1607241681.446026802
1607241681.546024084
1607241681.646024704
1607241681.746025801
1607241681.845928431
1607241681.945856094
1607241682.045884132
1607241682.145886898
1607241682.245888948
1607241682.345859528
1607241682.445929289
