1607242312.457279205
1607242312.557681561
1607242312.658067226
1607242312.758501768
1607242312.858850479
1607242312.959107876
1607242313.059556007
1607242313.159875393
1607242313.260195732
1607242313.360545874
1607242313.460891247
1607242313.561241150
1607242313.661650181
1607242313.762024879
1607242313.862380266
1607242313.962733746
1607242314.063088655
1607242314.163415194
1607242314.263834238
1607242314.364165306
1607242314.464483500
1607242314.564905167
1607242314.665280104
1607242314.765628815
1607242314.865977526
1607242314.966328621
1607242315.066684961
1607242315.167037249
1607242315.267400026
1607242315.367822170
1607242315.468170881
1607242315.568523407
1607242315.668894768
1607242315.769249439
1607242315.869687557
1607242315.970036030
1607242316.070425987
1607242316.170799971
1607242316.271143675
1607242316.371495008
1607242316.471712828
1607242316.571974277
1607242316.672407389
1607242316.772666931
1607242316.873019934
1607242316.973340750
1607242317.073768616
1607242317.174106836
1607242317.274452925
1607242317.374881268
1607242317.475232840
1607242317.575589418
1607242317.675839424
1607242317.776197433
1607242317.876613379
1607242317.976976395
1607242318.077322006
1607242318.177769184
1607242318.278024673
1607242318.378373861
1607242318.478790045
1607242318.579052925
1607242318.679283142
1607242318.779610395
1607242318.879992247
1607242318.980317593
1607242319.080570459
1607242319.180967093
1607242319.281313181
1607242319.381572008
1607242319.481852770
1607242319.582108021
1607242319.682510853
1607242319.782830715
1607242319.883086920
1607242319.983351707
1607242320.083607912
1607242320.183897018
1607242320.284263849
1607242320.384607315
1607242320.484986544
1607242320.585413456
1607242320.685786247
1607242320.786163568
1607242320.886553526
1607242320.986897707
1607242321.087340593
1607242321.187742949
1607242321.288143873
1607242321.388544798
1607242321.488934278
1607242321.589321375
1607242321.689770699
1607242321.790151119
1607242321.890527248
1607242321.990924597
1607242322.091295004
1607242322.191611052
1607242322.291830301
1607242322.392284632
1607242322.492657900
1607242322.593034267
1607242322.693393230
1607242322.793610573
1607242322.893988132
1607242322.994352818
1607242323.094691515
1607242323.194907665
1607242323.295275927
1607242323.395641565
1607242323.496035099
1607242323.596398830
1607242323.696662664
1607242323.797032118
1607242323.897397757
1607242323.997782469
1607242324.098045111
1607242324.198412895
1607242324.298773050
1607242324.399135351
1607242324.499373674
1607242324.599623680
1607242324.699971199
1607242324.800342083
1607242324.900704145
1607242325.000975847
1607242325.101324797
1607242325.201675415
1607242325.302055597
1607242325.402303934
1607242325.502643585
1607242325.602987528
1607242325.703328371
1607242325.803709269
1607242325.904056787
1607242326.004398823
1607242326.104740620
1607242326.205068111
1607242326.305321217
1607242326.405664206
1607242326.505983591
1607242326.606326818
1607242326.706646681
1607242326.806989431
1607242326.907332420
1607242327.007605314
1607242327.107949495
1607242327.208203316
1607242327.308519602
1607242327.408862591
1607242327.509205818
1607242327.609550953
1607242327.709891558
1607242327.810224056
1607242327.910566092
1607242328.010946512
1607242328.111289978
1607242328.211635113
1607242328.311979294
1607242328.412322044
1607242328.512663364
1607242328.613010406
1607242328.713353157
1607242328.813683033
1607242328.914045095
1607242329.014387131
1607242329.114727974
1607242329.215073109
1607242329.315423965
1607242329.415679455
1607242329.516026020
1607242329.616371632
1607242329.716716528
1607242329.817057848
1607242329.917388678
1607242330.017760277
1607242330.118102551
1607242330.218445539
1607242330.318787098
1607242330.419032097
1607242330.519401789
1607242330.619748831
1607242330.720091581
1607242330.820327520
1607242330.920647383
1607242331.020892859
1607242331.121261597
1607242331.221607208
1607242331.321950197
1607242331.422297478
1607242331.522643328
1607242331.622986555
1607242331.723231554
1607242331.823570967
1607242331.923915148
1607242332.024259090
1607242332.124609947
1607242332.224939108
1607242332.325304031
1607242332.425648212
1607242332.525991440
1607242332.626344204
1607242332.726674080
1607242332.827016592
1607242332.927357674
1607242333.027577639
1607242333.127918720
1607242333.228238821
1607242333.328582525
1607242333.428936958
1607242333.529278755
1607242333.629623413
1607242333.729977846
1607242333.830321312
1607242333.930662870
1607242334.031004906
1607242334.131358862
1607242334.231684685
1607242334.331892252
1607242334.432204962
1607242334.532546282
1607242334.632914543
1607242334.733142376
1607242334.833482504
1607242334.933821917
1607242335.034164190
1607242335.134533167
1607242335.234870195
1607242335.335177898
1607242335.435518980
1607242335.535861254
1607242335.636143208
1607242335.736465216
1607242335.836807489
1607242335.937134743
1607242336.037483931
1607242336.137823105
1607242336.238062859
1607242336.338403463
1607242336.438747168
1607242336.539088011
1607242336.639443636
1607242336.739785433
1607242336.839990377
1607242336.940303326
1607242337.040528536
1607242337.140850306
1607242337.241225481
1607242337.341569901
1607242337.441911221
1607242337.542251587
1607242337.642600060
1607242337.742944956
1607242337.843297482
1607242337.943612576
1607242338.043954849
1607242338.144326210
1607242338.244668007
1607242338.344996691
1607242338.445330620
1607242338.545694590
1607242338.646037817
1607242338.746383190
1607242338.846754074
1607242338.947097778
1607242339.047416449
1607242339.147759199
1607242339.248099566
1607242339.348439455
1607242339.448781252
1607242339.549065351
1607242339.649404764
1607242339.749752522
1607242339.850100994
1607242339.950441837
1607242340.050811291
1607242340.151157141
1607242340.251499176
1607242340.351839781
1607242340.452186346
1607242340.552525997
1607242340.652867794
1607242340.753233671
1607242340.853577375
1607242340.953921556
1607242341.054265738
1607242341.154593468
1607242341.254935980
1607242341.355275631
1607242341.455646515
1607242341.555956125
1607242341.656299114
1607242341.756619930
1607242341.856963873
1607242341.957306623
1607242342.057533503
1607242342.157528162
1607242342.257564545
1607242342.357399702
1607242342.457550526
1607242342.557537794
1607242342.657524347
1607242342.757530212
1607242342.857528210
1607242342.957527876
1607242343.057531834
1607242343.157530069
1607242343.257401228
1607242343.357523680
1607242343.457537889
1607242343.557529688
1607242343.657534838
1607242343.757530928
1607242343.857535839
1607242343.957528830
1607242344.057532549
1607242344.157431126
1607242344.257526159
1607242344.357518435
1607242344.457532883
1607242344.557531118
1607242344.657496929
1607242344.757531881
1607242344.857532263
1607242344.957529068
1607242345.057557583
1607242345.157557726
1607242345.257523298
1607242345.357529879
1607242345.457527637
1607242345.557531595
1607242345.657525539
1607242345.757529020
1607242345.857498407
1607242345.957530499
1607242346.057528496
1607242346.157535315
1607242346.257530928
1607242346.357529879
1607242346.457504272
1607242346.557527542
1607242346.657523632
1607242346.757528305
1607242346.857529163
1607242346.957530975
1607242347.057535887
1607242347.157519341
1607242347.257530212
1607242347.357527733
1607242347.457529306
1607242347.557528257
1607242347.657529593
1607242347.757559776
1607242347.857556343
1607242347.957546949
1607242348.057538748
1607242348.157407761
1607242348.257524967
1607242348.357527494
1607242348.457532883
1607242348.557526588
1607242348.657528877
1607242348.757527113
1607242348.857504129
1607242348.957529306
1607242349.057530165
1607242349.157531023
1607242349.257529974
1607242349.357527971
1607242349.457504272
1607242349.557527304
1607242349.657529593
1607242349.757527590
1607242349.857531071
1607242349.957393169
1607242350.057494879
1607242350.157527924
1607242350.257534504
1607242350.357527494
1607242350.457524300
1607242350.557552338
1607242350.657553196
1607242350.757540226
1607242350.857464075
1607242350.957530499
1607242351.057520628
1607242351.157438993
1607242351.257500410
1607242351.357508659
1607242351.457529068
1607242351.557529688
1607242351.657527447
1607242351.757536650
1607242351.857531548
1607242351.957530737
1607242352.057528496
1607242352.157527924
1607242352.257526636
1607242352.357530832
1607242352.457520962
1607242352.557524681
1607242352.657523155
1607242352.757529974
1607242352.857530832
1607242352.957527876
1607242353.057420969
1607242353.157528162
1607242353.257557392
1607242353.357552528
1607242353.457539558
1607242353.557512522
1607242353.657529593
1607242353.757528543
1607242353.857525587
1607242353.957530499
1607242354.057531357
1607242354.157523155
1607242354.257529259
1607242354.357530594
1607242354.457530022
1607242354.557526588
1607242354.657524824
1607242354.757528305
1607242354.857534409
1607242354.957527637
1607242355.057530880
1607242355.157422304
1607242355.257530928
1607242355.357527256
1607242355.457529306
1607242355.557523251
1607242355.657531261
1607242355.757528305
1607242355.857419491
1607242355.957561970
1607242356.057428122
1607242356.157541990
1607242356.257530451
1607242356.357526302
1607242356.457428694
1607242356.557530165
1607242356.657533407
1607242356.757528305
1607242356.857530355
1607242356.957398891
1607242357.057427168
1607242357.157527208
1607242357.257528782
1607242357.357526302
1607242357.457529068
1607242357.557527542
1607242357.657528400
1607242357.757526398
1607242357.857517958
1607242357.957529545
1607242358.057530880
1607242358.157428980
1607242358.257531881
1607242358.357529163
1607242358.457529783
1607242358.557528257
1607242358.657551765
1607242358.757555962
1607242358.857550144
1607242358.957520485
1607242359.057530642
1607242359.157535791
1607242359.257529020
1607242359.357527018
1607242359.457524061
1607242359.557528257
1607242359.657535315
1607242359.757529736
1607242359.857536316
1607242359.957527399
1607242360.057528496
1607242360.157526970
1607242360.257524014
1607242360.357527733
1607242360.457533598
1607242360.557529211
1607242360.657531023
1607242360.757524014
1607242360.857533455
1607242360.957527876
1607242361.057526112
1607242361.157528162
1607242361.257534027
1607242361.357526064
1607242361.457556009
1607242361.557553291
1607242361.657535076
1607242361.757461309
1607242361.857446194
1607242361.957531929
1607242362.057528734
1607242362.157529116
1607242362.257531404
1607242362.357528210
1607242362.457505703
1607242362.557527065
1607242362.657523870
1607242362.757528305
1607242362.857529640
1607242362.957528830
1607242363.057443857
1607242363.157530546
1607242363.257530689
1607242363.357526779
1607242363.457528830
1607242363.557528019
1607242363.657496452
1607242363.757530212
1607242363.857398748
1607242363.957529545
1607242364.057529449
1607242364.157552481
1607242364.257527113
1607242364.357538939
1607242364.457533360
1607242364.557527781
1607242364.657523632
1607242364.757405996
1607242364.857433796
1607242364.957528353
1607242365.057529688
1607242365.157435656
1607242365.257530689
1607242365.357516050
1607242365.457530737
1607242365.557527304
1607242365.657435894
1607242365.757528305
1607242365.857530355
1607242365.957528114
1607242366.057394028
1607242366.157505035
1607242366.257530689
1607242366.357526779
1607242366.457525730
1607242366.557528734
1607242366.657431126
1607242366.757514715
1607242366.857559681
1607242366.957427263
1607242367.057544470
1607242367.157529593
1607242367.257527590
1607242367.357430458
1607242367.457528830
1607242367.557531834
1607242367.657535315
1607242367.757524729
1607242367.857501268
1607242367.957524538
1607242368.057530642
1607242368.157513618
1607242368.257408142
1607242368.357494831
1607242368.457400084
1607242368.557528257
1607242368.657510281
1607242368.757526875
1607242368.857527494
1607242368.957527637
1607242369.057532072
1607242369.157417536
1607242369.257499933
1607242369.357531309
1607242369.457529545
1607242369.557551384
1607242369.657554388
1607242369.757550240
1607242369.857538939
1607242369.957452059
1607242370.057420731
1607242370.157532215
1607242370.257529020
1607242370.357527256
1607242370.457438469
1607242370.557522774
1607242370.657525063
1607242370.757529497
1607242370.857433558
1607242370.957397699
1607242371.057498932
1607242371.157531500
1607242371.257529020
1607242371.357498646
1607242371.457525253
1607242371.557529688
1607242371.657507181
1607242371.757530451
1607242371.857529402
1607242371.957526922
1607242372.057532072
1607242372.157531500
1607242372.257396221
1607242372.357550859
1607242372.457546949
1607242372.557537794
1607242372.657508373
1607242372.757527590
1607242372.857517004
1607242372.957529068
1607242373.057525635
1607242373.157497406
1607242373.257527113
1607242373.357529402
1607242373.457533121
1607242373.557394028
1607242373.657524347
1607242373.757509947
1607242373.857530832
1607242373.957530975
1607242374.057541370
1607242374.157528877
1607242374.257529736
1607242374.357527494
1607242374.457528830
1607242374.557523966
1607242374.657527924
1607242374.757510662
1607242374.857524872
1607242374.957498074
1607242375.057559729
1607242375.157422781
1607242375.257520199
1607242375.357505798
1607242375.457525730
1607242375.557528734
1607242375.657429934
1607242375.757394075
1607242375.857511044
1607242375.957527399
1607242376.057530403
1607242376.157529593
1607242376.257502794
1607242376.357527256
1607242376.457518339
1607242376.557530165
1607242376.657393932
1607242376.757532835
1607242376.857530117
1607242376.957529545
1607242377.057528973
1607242377.157525063
1607242377.257533312
1607242377.357524633
1607242377.457524538
1607242377.557394981
1607242377.657526493
1607242377.757557154
1607242377.857555151
1607242377.957543612
1607242378.057528496
1607242378.157533407
1607242378.257532120
1607242378.357530832
1607242378.457528830
1607242378.557529449
1607242378.657523870
1607242378.757524967
1607242378.857524157
1607242378.957530499
1607242379.057531357
1607242379.157530546
1607242379.257529497
1607242379.357529163
1607242379.457520723
1607242379.557531595
1607242379.657527685
1607242379.757534504
1607242379.857528687
1607242379.957495689
1607242380.057531595
1607242380.157528162
1607242380.257526398
1607242380.357527494
1607242380.457538605
1607242380.557444811
1607242380.657541513
1607242380.757537842
1607242380.857534409
1607242380.957528353
1607242381.057529926
1607242381.157396078
1607242381.257530212
1607242381.357529879
1607242381.457432985
1607242381.557531834
1607242381.657526255
1607242381.757425308
1607242381.857526064
1607242381.957525015
1607242382.057533503
1607242382.157529354
1607242382.257530689
1607242382.357529879
1607242382.457529068
1607242382.557531357
1607242382.657525063
1607242382.757525206
1607242382.857530594
1607242382.957533598
1607242383.057530880
1607242383.157528639
1607242383.257556677
1607242383.357550383
1607242383.457529306
1607242383.557528734
1607242383.657531500
1607242383.757528305
1607242383.857529402
1607242383.957531929
1607242384.057526588
1607242384.157529116
1607242384.257524729
1607242384.357531309
1607242384.457530022
1607242384.557525635
1607242384.657526493
1607242384.757528543
1607242384.857524872
1607242384.957392931
1607242385.057495832
1607242385.157377005
1607242385.257498026
1607242385.357530117
1607242385.457532644
1607242385.557394981
1607242385.657522678
1607242385.757530928
1607242385.857529163
1607242385.957394600
1607242386.057557583
1607242386.157540560
1607242386.257530212
1607242386.357522964
1607242386.457494736
1607242386.557523489
1607242386.657394171
1607242386.757525682
1607242386.857535839
1607242386.957530260
1607242387.057497978
1607242387.157497406
1607242387.257527828
1607242387.357529163
1607242387.457529783
1607242387.557533026
1607242387.657436848
1607242387.757522106
1607242387.857531786
1607242387.957527637
1607242388.057529449
1607242388.157526493
1607242388.257525682
1607242388.357525826
1607242388.457529545
1607242388.557528973
1607242388.657541275
1607242388.757537365
1607242388.857528448
1607242388.957529306
1607242389.057523012
1607242389.157529116
1607242389.257530928
1607242389.357523441
1607242389.457537413
1607242389.557530642
1607242389.657556534
1607242389.757554054
1607242389.857539654
1607242389.957527161
1607242390.057512999
1607242390.157527447
1607242390.257529974
1607242390.357532263
1607242390.457528591
1607242390.557529926
1607242390.657513618
1607242390.757525921
1607242390.857528925
1607242390.957531929
1607242391.057533979
1607242391.157527685
1607242391.257531881
1607242391.357527018
1607242391.457530975
1607242391.557527304
1607242391.657532215
1607242391.757494688
1607242391.857532501
1607242391.957528353
1607242392.057525873
1607242392.157529116
1607242392.257526875
1607242392.357535601
1607242392.457531452
1607242392.557528496
1607242392.657524824
1607242392.757528067
1607242392.857535839
1607242392.957425594
1607242393.057529926
1607242393.157529116
1607242393.257529020
1607242393.357527971
1607242393.457530260
1607242393.557534933
1607242393.657550335
1607242393.757555246
1607242393.857542992
1607242393.957534075
1607242394.057530642
1607242394.157440186
1607242394.257527828
1607242394.357523680
1607242394.457526445
1607242394.557526588
1607242394.657526731
1607242394.757429600
1607242394.857532263
1607242394.957522392
1607242395.057529449
1607242395.157525063
1607242395.257517815
1607242395.357515097
1607242395.457527876
1607242395.557531834
1607242395.657527924
1607242395.757515669
1607242395.857530355
1607242395.957532406
1607242396.057502747
1607242396.157522678
1607242396.257527113
1607242396.357533216
1607242396.457562208
1607242396.557548761
1607242396.657537222
1607242396.757526875
1607242396.857528925
1607242396.957501650
1607242397.057524443
1607242397.157532454
1607242397.257527590
1607242397.357532501
1607242397.457525730
1607242397.557438135
1607242397.657528877
1607242397.757535934
1607242397.857422829
1607242397.957531929
1607242398.057526112
1607242398.157421589
1607242398.257528067
1607242398.357520819
1607242398.457527161
1607242398.557529449
1607242398.657524109
1607242398.757430792
1607242398.857521772
1607242398.957521677
1607242399.057430029
1607242399.157552958
1607242399.257559538
1607242399.357532740
1607242399.457514763
1607242399.557524204
1607242399.657526731
1607242399.757525444
1607242399.857526064
1607242399.957500458
1607242400.057433605
1607242400.157523155
1607242400.257526875
1607242400.357532263
1607242400.457527399
1607242400.557530403
1607242400.657433748
1607242400.757523060
1607242400.857417345
1607242400.957524776
1607242401.057533979
1607242401.157525063
1607242401.257433653
1607242401.357521534
1607242401.457530499
1607242401.557527781
1607242401.657527208
1607242401.757529974
1607242401.857553005
1607242401.957551241
1607242402.057541609
1607242402.157523632
1607242402.257527828
1607242402.357529879
1607242402.457521439
1607242402.557524681
1607242402.657415152
1607242402.757526159
1607242402.857533693
1607242402.957521915
1607242403.057397127
1607242403.157525778
1607242403.257532358
1607242403.357529163
1607242403.457530499
1607242403.557506084
1607242403.657437325
1607242403.757521391
1607242403.857526064
1607242403.957442045
1607242404.057378531
1607242404.157521963
1607242404.257524967
1607242404.357522726
1607242404.457521439
1607242404.557552576
1607242404.657556295
1607242404.757542610
1607242404.857744455
1607242404.957525969
1607242405.057520390
1607242405.157515049
1607242405.257502317
1607242405.357493401
1607242405.457400084
1607242405.557525873
1607242405.657436371
1607242405.757527590
1607242405.857527971
1607242405.957528591
1607242406.057392597
1607242406.157526255
1607242406.257529020
1607242406.357526541
1607242406.457529783
1607242406.557528496
1607242406.657524824
1607242406.757532358
1607242406.857528210
1607242406.957528353
1607242407.057532549
1607242407.157521248
1607242407.257554293
1607242407.357550383
1607242407.457546234
1607242407.557528019
1607242407.657530069
1607242407.757529259
1607242407.857526064
1607242407.957535028
1607242408.057528019
1607242408.157529593
1607242408.257523537
1607242408.357481956
1607242408.457527399
1607242408.557528734
1607242408.657527924
1607242408.757526875
1607242408.857435226
1607242408.957450628
1607242409.057518482
1607242409.157385826
1607242409.257534504
1607242409.357527494
1607242409.457530022
1607242409.557512999
1607242409.657527208
1607242409.757528782
1607242409.857528687
1607242409.957533121
1607242410.057426453
1607242410.157548666
1607242410.257535458
1607242410.357521772
1607242410.457531452
1607242410.557527781
1607242410.657514572
1607242410.757530212
1607242410.857531071
1607242410.957533598
1607242411.057526588
1607242411.157527208
1607242411.257518530
1607242411.357527971
1607242411.457524300
1607242411.557528019
1607242411.657530069
1607242411.757529974
1607242411.857495070
1607242411.957530499
1607242412.057529926
1607242412.157526255
1607242412.257531643
1607242412.357526541
1607242412.457494974
