1607241787.447544813
1607241787.547812939
1607241787.647956848
1607241787.748282909
1607241787.848585367
1607241787.948894501
1607241788.049229860
1607241788.149532318
1607241788.249842882
1607241788.350147009
1607241788.450451612
1607241788.550757408
1607241788.651060581
1607241788.751407146
1607241788.851713181
1607241788.951987743
1607241789.052292109
1607241789.152583599
1607241789.252890587
1607241789.353194237
1607241789.453505278
1607241789.553815126
1607241789.654098988
1607241789.754403114
1607241789.854732990
1607241789.955036163
1607241790.055343866
1607241790.155561209
1607241790.255867958
1607241790.356173754
1607241790.456482410
1607241790.556789637
1607241790.657093287
1607241790.757397652
1607241790.857702971
1607241790.958007812
1607241791.058313847
1607241791.158618689
1607241791.258827686
1607241791.359135389
1607241791.459440947
1607241791.559747934
1607241791.660066605
1607241791.760371208
1607241791.860668898
1607241791.960973740
1607241792.061284781
1607241792.161595821
1607241792.261782408
1607241792.362088680
1607241792.462425470
1607241792.562731266
1607241792.662907839
1607241792.763237953
1607241792.863536596
1607241792.963756323
1607241793.063926697
1607241793.164258957
1607241793.264565945
1607241793.364847660
1607241793.465152264
1607241793.565433025
1607241793.665741444
1607241793.766047001
1607241793.866349936
1607241793.966654778
1607241794.066960573
1607241794.167264223
1607241794.267570972
1607241794.367875576
1607241794.468176365
1607241794.568529844
1607241794.668835878
1607241794.769128561
1607241794.869428396
1607241794.969595432
1607241795.069903612
1607241795.170208454
1607241795.270543575
1607241795.370847702
1607241795.471128464
1607241795.571433067
1607241795.671739101
1607241795.772047281
1607241795.872323513
1607241795.972633362
1607241796.072942972
1607241796.173244953
1607241796.273549557
1607241796.373856306
1607241796.474162579
1607241796.574449539
1607241796.674756289
1607241796.775074959
1607241796.875395536
1607241796.975700140
1607241797.076009989
1607241797.176315069
1607241797.276646376
1607241797.376950741
1607241797.477256775
1607241797.577459812
1607241797.677675247
1607241797.777983427
1607241797.878287315
1607241797.978488922
1607241798.078660488
1607241798.178965569
1607241798.279293299
1607241798.379595995
1607241798.479815483
1607241798.580120802
1607241798.680413485
1607241798.780717611
1607241798.881007433
1607241798.981280804
1607241799.081581593
1607241799.181868315
1607241799.282179832
1607241799.382506609
1607241799.482809544
1607241799.583118200
1607241799.683422565
1607241799.783730507
1607241799.883901834
1607241799.984173775
1607241800.084483862
1607241800.184786558
1607241800.285005569
1607241800.385301590
1607241800.485608816
1607241800.585912466
1607241800.686214924
1607241800.786384821
1607241800.886690140
1607241800.986995935
1607241801.087301493
1607241801.187631369
1607241801.287934542
1607241801.388230801
1607241801.488534212
1607241801.588738918
1607241801.689042091
1607241801.789350033
1607241801.889503956
1607241801.989806652
1607241802.090111017
1607241802.190414667
1607241802.290720701
1607241802.391036987
1607241802.491326332
1607241802.591647387
1607241802.691952467
1607241802.792255402
1607241802.892563343
1607241802.992708445
1607241803.093016863
1607241803.193330050
1607241803.293566704
1607241803.393875122
1607241803.494114637
1607241803.594412565
1607241803.694661379
1607241803.794971466
1607241803.895205021
1607241803.995512962
1607241804.095678806
1607241804.195983887
1607241804.296171904
1607241804.396479368
1607241804.496695042
1607241804.597007275
1607241804.697223663
1607241804.797530413
1607241804.897758007
1607241804.998064518
1607241805.098305464
1607241805.198464632
1607241805.298774004
1607241805.399082899
1607241805.499341011
1607241805.599663019
1607241805.699836969
1607241805.800169706
1607241805.900363684
1607241806.000675440
1607241806.100933552
1607241806.201241255
1607241806.301455259
1607241806.401767254
1607241806.501982450
1607241806.602288961
1607241806.702543020
1607241806.802849770
1607241806.903087378
1607241807.003406048
1607241807.103634596
1607241807.203907251
1607241807.304089785
1607241807.404385328
1607241807.504639149
1607241807.604946136
1607241807.705191851
1607241807.805477381
1607241807.905745268
1607241808.006056786
1607241808.106225491
1607241808.206473351
1607241808.306748152
1607241808.407051563
1607241808.507338762
1607241808.607654095
1607241808.707944155
1607241808.808252096
1607241808.908552647
1607241809.008870363
1607241809.109177113
1607241809.209486246
1607241809.309789896
1607241809.410093784
1607241809.510398388
1607241809.610628843
1607241809.710933208
1607241809.811259508
1607241809.911561966
1607241810.011866808
1607241810.112138748
1607241810.212445736
1607241810.312718153
1607241810.413023710
1607241810.513230324
1607241810.613537312
1607241810.713839054
1607241810.814143658
1607241810.914348364
1607241811.014652252
1607241811.114954948
1607241811.215258598
1607241811.315563440
1607241811.415859699
1607241811.516163826
1607241811.616446972
1607241811.716723442
1607241811.817015171
1607241811.917320251
1607241812.017622709
1607241812.117928743
1607241812.218083620
1607241812.318392992
1607241812.418695688
1607241812.519001484
1607241812.619330883
1607241812.719654799
1607241812.819946051
1607241812.920249224
1607241813.020556688
1607241813.120863438
1607241813.221155643
1607241813.321462870
1607241813.421764851
1607241813.522067785
1607241813.622271061
1607241813.722575903
1607241813.822846889
1607241813.923150778
1607241814.023468018
1607241814.123677015
1607241814.223982096
1607241814.324254751
1607241814.424455643
1607241814.524661303
1607241814.624948740
1607241814.725252151
1607241814.825560093
1607241814.925765991
1607241815.026075602
1607241815.126379013
1607241815.226682425
1607241815.326993465
1607241815.427202702
1607241815.527531624
1607241815.627836943
1607241815.728141308
1607241815.828348160
1607241815.928623199
1607241816.028928757
1607241816.129260540
1607241816.229568005
1607241816.329870701
1607241816.430172682
1607241816.530477524
1607241816.630780220
1607241816.731014013
1607241816.831316233
1607241816.931592941
1607241817.031925917
1607241817.132196426
1607241817.232504606
1607241817.332807302
1607241817.433108807
1607241817.533279896
1607241817.633582115
1607241817.733887672
1607241817.834189892
1607241817.934395552
1607241818.034697533
1607241818.134974003
1607241818.235276699
1607241818.335609436
1607241818.435814619
1607241818.536117792
1607241818.636402607
1607241818.736704588
1607241818.837007523
1607241818.937310219
1607241819.037618637
1607241819.137894869
1607241819.238099098
1607241819.338413239
1607241819.438714504
1607241819.539041996
1607241819.639351368
1607241819.739596128
1607241819.839774609
1607241819.939986229
1607241820.040292025
1607241820.140530109
1607241820.240803957
1607241820.341097593
1607241820.441426992
1607241820.541728258
1607241820.642030478
1607241820.742224693
1607241820.842520714
1607241820.942820787
1607241821.043122768
1607241821.143442869
1607241821.243648052
1607241821.343816757
1607241821.444093227
1607241821.544312239
1607241821.644492626
1607241821.744768858
1607241821.844975710
1607241821.945284605
1607241822.045440435
1607241822.145757437
1607241822.246059895
1607241822.346362591
1607241822.446665049
1607241822.546963692
1607241822.647268057
1607241822.747581244
1607241822.847789764
1607241822.947620869
1607241823.047786474
1607241823.147623062
1607241823.247786045
1607241823.347623348
1607241823.447790384
1607241823.547623634
1607241823.647769213
1607241823.747618914
1607241823.847787857
1607241823.947622776
1607241824.047796726
1607241824.147623062
1607241824.247788906
1607241824.347623348
1607241824.447791100
1607241824.547620296
1607241824.647765636
1607241824.747683764
1607241824.847779274
1607241824.947696209
1607241825.047636271
1607241825.147690296
1607241825.247786045
1607241825.347755909
1607241825.447784901
1607241825.547787905
1607241825.647769213
1607241825.747786045
1607241825.847786427
1607241825.947664261
1607241826.047683954
1607241826.147786379
1607241826.247790098
1607241826.347646475
1607241826.447697401
1607241826.547770262
1607241826.647815228
1607241826.747645617
1607241826.847697735
1607241826.947785854
1607241827.047789097
1607241827.147778034
1607241827.247679234
1607241827.347786903
1607241827.447791576
1607241827.547786236
1607241827.647691488
1607241827.747699976
1607241827.847785950
1607241827.947786331
1607241828.047681093
1607241828.147785187
1607241828.247785330
1607241828.347773790
1607241828.448047400
1607241828.547645569
1607241828.647687197
1607241828.747788668
1607241828.847651958
1607241828.947787046
1607241829.047701597
1607241829.147789955
1607241829.247788906
1607241829.347646475
1607241829.447646379
1607241829.547695637
1607241829.647715807
1607241829.747790098
1607241829.847671032
1607241829.947644711
1607241830.047656298
1607241830.147761106
1607241830.247789383
1607241830.347655296
1607241830.447788715
1607241830.547789335
1607241830.647785425
1607241830.747786045
1607241830.847689629
1607241830.947694063
1607241831.047785759
1607241831.147680521
1607241831.247721910
1607241831.347788572
1607241831.447786331
1607241831.547785759
1607241831.647640705
1607241831.747698069
1607241831.847785711
1607241831.947788000
1607241832.047813892
1607241832.147689819
1607241832.247795105
1607241832.347786427
1607241832.447785378
1607241832.547795773
1607241832.647682190
1607241832.747792244
1607241832.847784996
1607241832.947789192
1607241833.047785759
1607241833.147651672
1607241833.247788906
1607241833.347787857
1607241833.447689056
1607241833.547786713
1607241833.647681952
1607241833.747755051
1607241833.847772598
1607241833.947786808
1607241834.047786713
1607241834.147790432
1607241834.247695923
1607241834.347696543
1607241834.447786808
1607241834.547791243
1607241834.647788048
1607241834.747812033
1607241834.847814798
1607241834.947699547
1607241835.047787905
1607241835.147645473
1607241835.247786045
1607241835.347785473
1607241835.447788715
1607241835.547788382
1607241835.647681952
1607241835.747786283
1607241835.847785234
1607241835.947792053
1607241836.047646284
1607241836.147638321
1607241836.247791529
1607241836.347785950
1607241836.447789431
1607241836.547693968
1607241836.647777796
1607241836.747754097
1607241836.847789288
1607241836.947790861
1607241837.047785759
1607241837.147788763
1607241837.247785091
1607241837.347637177
1607241837.447786093
1607241837.547817230
1607241837.647678614
1607241837.747646093
1607241837.847645998
1607241837.947624683
1607241838.047693968
1607241838.147787571
1607241838.247637749
1607241838.347640038
1607241838.447690964
1607241838.547676563
1607241838.647788525
1607241838.747786999
1607241838.847788334
1607241838.947786570
1607241839.047788620
1607241839.147755861
1607241839.247785807
1607241839.347786188
1607241839.447787762
1607241839.547646046
1607241839.647697449
1607241839.747787952
1607241839.847792864
1607241839.947786570
1607241840.047633648
1607241840.147685289
1607241840.247813702
1607241840.347819567
1607241840.447653532
1607241840.547791958
1607241840.647768974
1607241840.747788191
1607241840.847655296
1607241840.947651863
1607241841.047687769
1607241841.147784710
1607241841.247645855
1607241841.347633362
1607241841.447683573
1607241841.547786713
1607241841.647656679
1607241841.747786522
1607241841.847789288
1607241841.947789192
1607241842.047785521
1607241842.147645712
1607241842.247764111
1607241842.347787857
1607241842.447786093
1607241842.547786951
1607241842.647788525
1607241842.747652292
1607241842.847786188
1607241842.947786331
1607241843.047645807
1607241843.147652626
1607241843.247787476
1607241843.347792149
1607241843.447786808
1607241843.547681093
1607241843.647690773
1607241843.747792006
1607241843.847784758
1607241843.947781086
1607241844.047696829
1607241844.147789955
1607241844.247789860
1607241844.347692251
1607241844.447691202
1607241844.547792673
1607241844.647766590
1607241844.747784853
1607241844.847786665
1607241844.947756052
1607241845.047685385
1607241845.147787333
1607241845.247786045
1607241845.347789049
1607241845.447788239
1607241845.547789812
1607241845.647640705
1607241845.747813225
1607241845.847800732
1607241845.947790623
1607241846.047787428
1607241846.147782803
1607241846.247788191
1607241846.347785950
1607241846.447785139
1607241846.547788382
1607241846.647684097
1607241846.747652054
1607241846.847789049
1607241846.947786808
1607241847.047787189
1607241847.147784948
1607241847.247785568
1607241847.347785473
1607241847.447693825
1607241847.547789335
1607241847.647629261
1607241847.747786283
1607241847.847794771
1607241847.947751284
1607241848.047676086
1607241848.147788525
1607241848.247787952
1607241848.347687960
1607241848.447812080
1607241848.547806978
1607241848.647776604
1607241848.747790098
1607241848.847687483
1607241848.947693825
1607241849.047790527
1607241849.147784948
1607241849.247652292
1607241849.347788334
1607241849.447786570
1607241849.547786236
1607241849.647663355
1607241849.747696877
1607241849.847773552
1607241849.947788000
1607241850.047791481
1607241850.147789001
1607241850.247785568
1607241850.347768307
1607241850.447696924
1607241850.547616959
1607241850.647785902
1607241850.747787952
1607241850.847789764
1607241850.947775602
1607241851.047698021
1607241851.147818327
1607241851.247812510
1607241851.347697258
1607241851.447786570
1607241851.547795296
1607241851.647767305
1607241851.747794867
1607241851.847645760
1607241851.947652817
1607241852.047787189
1607241852.147638798
1607241852.247623205
1607241852.347790956
1607241852.447789431
1607241852.547683716
1607241852.647669554
1607241852.747628689
1607241852.847786903
1607241852.947788954
1607241853.047785997
1607241853.147787809
1607241853.247787714
1607241853.347625017
1607241853.447785854
1607241853.547785521
1607241853.647639513
1607241853.747645855
1607241853.847624779
1607241853.947797298
1607241854.047926664
1607241854.147646189
1607241854.247645617
1607241854.347705126
1607241854.447640181
1607241854.547753572
1607241854.647629976
1607241854.747787714
1607241854.847624063
1607241854.947812557
1607241855.047792196
1607241855.147715092
1607241855.247787952
1607241855.347670555
1607241855.447650433
1607241855.547785997
1607241855.647758007
1607241855.747789621
1607241855.847646236
1607241855.947699070
1607241856.047786236
1607241856.147789955
1607241856.247786283
1607241856.347688913
1607241856.447791815
1607241856.547787189
1607241856.647777557
1607241856.747679472
1607241856.847789764
1607241856.947789431
1607241857.047786474
1607241857.147784948
1607241857.247756481
1607241857.347786665
1607241857.447786093
1607241857.547677994
1607241857.647778988
1607241857.747789860
1607241857.847755194
1607241857.947790146
1607241858.047646523
1607241858.147623777
1607241858.247792244
1607241858.347785473
1607241858.447765827
1607241858.547785997
1607241858.647790670
1607241858.747787476
1607241858.847785711
1607241858.947789431
1607241859.047660828
1607241859.147788048
1607241859.247707129
1607241859.347790241
1607241859.447665453
1607241859.547785759
1607241859.647656441
1607241859.747791290
1607241859.847691059
1607241859.947785378
1607241860.047790289
1607241860.147620916
1607241860.247702837
1607241860.347788095
1607241860.447787285
1607241860.547789812
1607241860.647620201
1607241860.747780800
1607241860.847785950
1607241860.947786808
1607241861.047788858
1607241861.147652149
1607241861.247689724
1607241861.347785473
1607241861.447619915
1607241861.547785997
1607241861.647622824
1607241861.747801065
1607241861.847645760
1607241861.947788715
1607241862.047691584
1607241862.147648811
1607241862.247630119
1607241862.347785234
1607241862.447626829
1607241862.547791958
1607241862.647765398
1607241862.747787237
1607241862.847769976
1607241862.947621107
1607241863.047660112
1607241863.147786856
1607241863.247639894
1607241863.347652197
1607241863.447684288
1607241863.547788858
1607241863.647691727
1607241863.747622967
1607241863.847684860
1607241863.947790146
1607241864.047785044
1607241864.147787333
1607241864.247786045
1607241864.347806692
1607241864.447808981
1607241864.547795296
1607241864.647650480
1607241864.747786522
1607241864.847786903
1607241864.947787046
1607241865.047785044
1607241865.147788048
1607241865.247789383
1607241865.347786903
1607241865.447750568
1607241865.547618628
1607241865.647638321
1607241865.747790575
1607241865.847785950
1607241865.947786570
1607241866.047681808
1607241866.147785902
1607241866.247788191
1607241866.347789288
1607241866.447760105
1607241866.547793150
1607241866.647787094
1607241866.747789621
1607241866.847679853
1607241866.947789669
1607241867.047787428
1607241867.147815704
1607241867.247793913
1607241867.347660065
1607241867.447704554
1607241867.547786236
1607241867.647689104
1607241867.747653008
1607241867.847683668
1607241867.947787762
1607241868.047790766
1607241868.147787333
1607241868.247788906
1607241868.347785234
1607241868.447776794
1607241868.547645569
1607241868.647786617
1607241868.747788429
1607241868.847787619
1607241868.947787046
1607241869.047783375
1607241869.147683859
1607241869.247781992
1607241869.347786188
1607241869.447672606
1607241869.547787428
1607241869.647766113
1607241869.747790813
1607241869.847819090
1607241869.947690248
1607241870.047672510
1607241870.147715569
1607241870.247772694
1607241870.347688913
1607241870.447732449
1607241870.547673941
1607241870.647690535
1607241870.747678280
1607241870.847619057
1607241870.947617292
1607241871.047768354
1607241871.147787333
1607241871.247624397
1607241871.347770214
1607241871.447790861
1607241871.547788382
1607241871.647653341
1607241871.747795105
1607241871.847787380
1607241871.947752476
1607241872.047788858
1607241872.147620916
1607241872.247661114
1607241872.347793818
1607241872.447788954
1607241872.547653198
1607241872.647675276
1607241872.747793436
1607241872.847793102
1607241872.947786808
1607241873.047648907
1607241873.147787094
1607241873.247761726
1607241873.347649336
1607241873.447625399
1607241873.547625780
1607241873.647763252
1607241873.747789145
1607241873.847620010
1607241873.947788477
1607241874.047694921
1607241874.147771835
1607241874.247791052
1607241874.347655773
1607241874.447699308
1607241874.547789812
1607241874.647593260
1607241874.747787952
1607241874.847786903
1607241874.947790861
1607241875.047685623
1607241875.147789001
1607241875.247815132
1607241875.347813606
1607241875.447793484
1607241875.547791243
1607241875.647754669
1607241875.747788429
1607241875.847787857
1607241875.947788477
1607241876.047791719
1607241876.147680759
1607241876.247783422
1607241876.347693920
1607241876.447787523
1607241876.547790051
1607241876.647765398
1607241876.747793436
1607241876.847767830
1607241876.947623730
1607241877.047789335
1607241877.147754908
1607241877.247787714
1607241877.347789049
1607241877.447777510
1607241877.547786474
1607241877.647636652
1607241877.747672558
1607241877.847789526
1607241877.947803020
1607241878.047653913
1607241878.147779703
1607241878.247788906
1607241878.347788811
1607241878.447787285
1607241878.547775507
1607241878.647624493
1607241878.747786760
1607241878.847599506
1607241878.947788715
1607241879.047788382
1607241879.147783518
1607241879.247786999
1607241879.347789764
1607241879.447787046
1607241879.547793865
1607241879.647654533
1607241879.747791052
1607241879.847789526
1607241879.947788715
1607241880.047683239
1607241880.147698164
1607241880.247757912
1607241880.347787142
1607241880.447786331
1607241880.547788858
1607241880.647665977
1607241880.747812986
1607241880.847654343
1607241880.947788954
1607241881.047786713
1607241881.147789001
1607241881.247786045
1607241881.347790718
1607241881.447661400
1607241881.547790527
1607241881.647773266
1607241881.747789383
1607241881.847787619
1607241881.947786808
1607241882.047653437
1607241882.147765636
1607241882.247789383
1607241882.347684860
1607241882.447790623
1607241882.547788382
1607241882.647697210
1607241882.747686386
1607241882.847619295
1607241882.947788000
1607241883.047788143
1607241883.147683859
1607241883.247771025
1607241883.347787142
1607241883.447814703
1607241883.547808647
1607241883.647620678
1607241883.747788906
1607241883.847621441
1607241883.947651386
1607241884.047788143
1607241884.147686481
1607241884.247697830
1607241884.347788811
1607241884.447790861
1607241884.547593594
1607241884.647786379
1607241884.747794390
1607241884.847793341
1607241884.947700977
1607241885.047788620
1607241885.147764206
1607241885.247621536
1607241885.347786427
1607241885.447701931
1607241885.547785997
1607241885.647620201
1607241885.747766256
1607241885.847785950
1607241885.947789907
1607241886.047788620
1607241886.147763491
1607241886.247641563
1607241886.347796202
1607241886.447788477
1607241886.547787428
1607241886.647638798
1607241886.747650623
1607241886.847626925
1607241886.947789192
1607241887.047626019
1607241887.147788286
1607241887.247625351
1607241887.347789764
1607241887.447788000
