1607242842.477952003
1607242842.582543850
1607242842.686166525
1607242842.789643049
1607242842.893148422
1607242842.995856762
1607242843.099337578
1607242843.201919317
1607242843.305452347
1607242843.408067942
1607242843.510647297
1607242843.613610983
1607242843.717103958
1607242843.820720434
1607242843.923350811
1607242844.026857138
1607242844.129531622
1607242844.232125521
1607242844.334770918
1607242844.437362671
1607242844.540911436
1607242844.643844128
1607242844.747416258
1607242844.850040913
1607242844.953642607
1607242845.056325197
1607242845.158961058
1607242845.262557268
1607242845.366004944
1607242845.468611717
1607242845.572082996
1607242845.674861193
1607242845.777697802
1607242845.877735615
1607242845.977699995
1607242846.077757597
1607242846.177685261
1607242846.277720690
1607242846.377677917
1607242846.477751493
1607242846.577691317
1607242846.677746058
1607242846.777602196
1607242846.877585411
1607242846.977642059
1607242847.077736378
1607242847.177678823
1607242847.277740479
1607242847.377590179
1607242847.477724552
1607242847.577674866
1607242847.677731991
1607242847.777646303
1607242847.877758741
1607242847.977690458
1607242848.077758312
1607242848.177582264
1607242848.277760983
1607242848.377667427
1607242848.477766275
1607242848.577611446
1607242848.677672386
1607242848.777689695
1607242848.877753973
1607242848.977601290
1607242849.077751875
1607242849.177634954
1607242849.277740955
1607242849.377599001
1607242849.477579117
1607242849.577585936
1607242849.677744389
1607242849.777652025
1607242849.877742290
1607242849.977678537
1607242850.077739239
1607242850.177677393
1607242850.277740240
1607242850.377676487
1607242850.477385283
1607242850.577708244
1607242850.677338839
1607242850.777473211
1607242850.877759695
1607242850.977683783
1607242851.077770233
1607242851.177691936
1607242851.277730942
1607242851.377661705
1607242851.477760077
1607242851.577600241
1607242851.677757263
1607242851.777605057
1607242851.877738237
1607242851.977587938
1607242852.077706337
1607242852.177603483
1607242852.277737617
1607242852.377586603
1607242852.477427244
1607242852.577586174
1607242852.677655458
1607242852.777582407
1607242852.877712250
1607242852.977580547
1607242853.077767611
1607242853.177585125
1607242853.277767658
1607242853.377633572
1607242853.477766991
1607242853.577612877
1607242853.677767277
1607242853.777488708
1607242853.877614260
1607242853.977711439
1607242854.077758074
1607242854.177713394
1607242854.277740479
1607242854.377521515
1607242854.477709770
1607242854.577673674
1607242854.677745104
1607242854.777476788
1607242854.877737284
1607242854.977585793
1607242855.077702761
1607242855.177645922
1607242855.277744770
1607242855.377647161
1607242855.477738619
1607242855.577586889
1607242855.677630424
1607242855.777589321
1607242855.877325296
1607242855.977275610
1607242856.077653885
1607242856.177759647
1607242856.277768135
1607242856.377689362
1607242856.477757454
1607242856.577615023
1607242856.677726746
1607242856.777662277
1607242856.877667904
1607242856.977670908
1607242857.077734470
1607242857.177675009
1607242857.277737379
1607242857.377647161
1607242857.477771759
1607242857.577671766
1607242857.677707672
1607242857.777680397
1607242857.877741098
1607242857.977678776
1607242858.077785969
1607242858.177644491
1607242858.277743340
1607242858.377699375
1607242858.477763653
1607242858.577701807
1607242858.677788258
1607242858.777693510
1607242858.877764702
1607242858.977284670
1607242859.077729940
1607242859.177691698
1607242859.277731180
1607242859.377680540
1607242859.477734089
1607242859.577676773
1607242859.677736998
1607242859.777610540
1607242859.877736092
1607242859.977676153
1607242860.077730179
1607242860.177672863
1607242860.277736425
1607242860.377640486
1607242860.477605343
1607242860.577651024
1607242860.677769661
1607242860.777705908
1607242860.877566338
1607242860.977704525
1607242861.077758551
1607242861.177704811
1607242861.277765989
1607242861.377613544
1607242861.477784872
1607242861.577672005
1607242861.677734613
1607242861.777662516
1607242861.877748489
1607242861.977678537
1607242862.077762604
1607242862.177642822
1607242862.277738571
1607242862.377675295
1607242862.477739334
1607242862.577264786
1607242862.677708149
1607242862.777528524
1607242862.877735138
1607242862.977502108
1607242863.077709913
1607242863.177668571
1607242863.277772188
1607242863.377684832
1607242863.477340460
1607242863.577700138
1607242863.677763700
1607242863.777612686
1607242863.877787828
1607242863.977681875
1607242864.077765942
1607242864.177689552
1607242864.277760983
1607242864.377686262
1607242864.477732897
1607242864.577665806
1607242864.677740812
1607242864.777680159
1607242864.877735376
1607242864.977674961
1607242865.077771187
1607242865.177649736
1607242865.277735233
1607242865.377676487
1607242865.477703571
1607242865.577677250
1607242865.677781820
1607242865.777701139
1607242865.877768517
1607242865.977702856
1607242866.077743769
1607242866.177696228
1607242866.277710199
1607242866.377611160
1607242866.477778673
1607242866.577690125
1607242866.677757025
1607242866.777713537
1607242866.877732038
1607242866.977681160
1607242867.077740908
1607242867.177673340
1607242867.277647734
1607242867.377687931
1607242867.477734327
1607242867.577668190
1607242867.677737474
1607242867.777584553
1607242867.877743006
1607242867.977677584
1607242868.077733994
1607242868.177678347
1607242868.277770519
1607242868.377701044
1607242868.477763176
1607242868.577725172
1607242868.677366018
1607242868.777705193
1607242868.877770901
1607242868.977693081
1607242869.077757597
1607242869.177690029
1607242869.277745962
1607242869.377601147
1607242869.477736950
1607242869.577506304
1607242869.677736521
1607242869.777678490
1607242869.877717018
1607242869.977648258
1607242870.077748060
1607242870.177674055
1607242870.277742386
1607242870.377683401
1607242870.477593184
1607242870.577651978
1607242870.677738905
1607242870.777645826
1607242870.877761841
1607242870.977556229
1607242871.077677965
1607242871.177696466
1607242871.277766943
1607242871.377470970
1607242871.477762938
1607242871.577566147
1607242871.677755833
1607242871.777609348
1607242871.877764702
1607242871.977686405
1607242872.077753067
1607242872.177676678
1607242872.277662277
1607242872.377585888
1607242872.477713108
1607242872.577643871
1607242872.677705288
1607242872.777546883
1607242872.877792358
1607242872.977731943
1607242873.077756882
1607242873.177673578
1607242873.277664423
1607242873.377655983
1607242873.477772236
1607242873.577702045
1607242873.677427530
1607242873.777702570
1607242873.877688408
1607242873.977671862
1607242874.077761889
1607242874.177684546
1607242874.277670622
1607242874.377685785
1607242874.477761507
1607242874.577686071
1607242874.677713871
1607242874.777533293
1607242874.877712965
1607242874.977641821
1607242875.077671289
1607242875.177656889
1607242875.277759552
1607242875.377582788
1607242875.477735043
1607242875.577671766
1607242875.677731991
1607242875.777591944
1607242875.877762556
1607242875.977699518
1607242876.077760458
1607242876.177680492
1607242876.277777433
1607242876.377734900
1607242876.477742672
1607242876.577621937
1607242876.677734613
1607242876.777672768
1607242876.877760410
1607242876.977555990
1607242877.077731609
1607242877.177682161
1607242877.277729988
1607242877.377674818
1607242877.477736712
1607242877.577594757
1607242877.677737474
1607242877.777648449
1607242877.877737284
1607242877.977647305
1607242878.077714682
1607242878.177519560
1607242878.277559042
1607242878.377644300
1607242878.477760077
1607242878.577696085
1607242878.677764177
1607242878.777481318
1607242878.877737045
1607242878.977702618
1607242879.077759743
1607242879.177695513
1607242879.277728081
1607242879.377705574
1607242879.477759838
1607242879.577496290
1607242879.677752495
1607242879.777601480
1607242879.877753019
1607242879.977672100
1607242880.077735186
1607242880.177681208
1607242880.277738333
1607242880.377678156
1607242880.477747917
1607242880.577615738
1607242880.677732706
1607242880.777675867
1607242880.877706051
1607242880.977671385
1607242881.077580214
1607242881.177697659
1607242881.277755499
1607242881.377666473
1607242881.477762699
1607242881.577697039
1607242881.677733183
1607242881.777688980
1607242881.877762318
1607242881.977687359
1607242882.077730894
1607242882.177645445
1607242882.277646303
1607242882.377672911
1607242882.477733135
1607242882.577539921
1607242882.677703857
1607242882.777673244
1607242882.877719402
1607242882.977675200
1607242883.077708483
1607242883.177674532
1607242883.277733803
1607242883.377675772
1607242883.477545977
1607242883.577672958
1607242883.677743196
1607242883.777650833
1607242883.877744198
1607242883.977694988
1607242884.077746153
1607242884.177683830
1607242884.277741909
1607242884.377489805
1607242884.477770090
1607242884.577644587
1607242884.677766085
1607242884.777676344
1607242884.877749920
1607242884.977680206
1607242885.077746868
1607242885.177688360
1607242885.277750969
1607242885.377681494
1607242885.477748632
1607242885.577650785
1607242885.677742481
1607242885.777695656
1607242885.877736807
1607242885.977680206
1607242886.077616692
1607242886.177653074
1607242886.277738571
1607242886.377663136
1607242886.477598429
1607242886.577651739
1607242886.677747965
1607242886.777677536
1607242886.877739906
1607242886.977636814
1607242887.077742338
1607242887.177674055
1607242887.277744055
1607242887.377507925
1607242887.477707148
1607242887.577684879
1607242887.677731991
1607242887.777648687
1607242887.877706051
1607242887.977666140
1607242888.077768087
1607242888.177681208
1607242888.277753592
1607242888.377682447
1607242888.477738142
1607242888.577646255
1607242888.677712202
1607242888.777600050
1607242888.877734423
1607242888.977670193
1607242889.077736378
1607242889.177671671
1607242889.277712345
1607242889.377640963
1607242889.477714300
1607242889.577637672
1607242889.677554607
1607242889.777714729
1607242889.877791882
1607242889.977687120
1607242890.077730179
1607242890.177679062
1607242890.277739048
1607242890.377655029
1607242890.477757215
1607242890.577654600
1607242890.677762270
1607242890.777671099
1607242890.877733707
1607242890.977675915
1607242891.077705383
1607242891.177680492
1607242891.277760267
1607242891.377694130
1607242891.477733374
1607242891.577684879
1607242891.677756071
1607242891.777661324
1607242891.877758503
1607242891.977699041
1607242892.077731371
1607242892.177677631
1607242892.277729988
1607242892.377670527
1607242892.477711201
1607242892.577646971
1607242892.677722454
1607242892.777674913
1607242892.877706289
1607242892.977674961
1607242893.077507019
1607242893.177677393
1607242893.277789831
1607242893.377672911
1607242893.477775812
1607242893.577700377
1607242893.677801371
1607242893.777698517
1607242893.877766132
1607242893.977695704
1607242894.077730417
1607242894.177688122
1607242894.277753115
1607242894.377682447
1607242894.477753878
1607242894.577684879
1607242894.677725315
1607242894.777676105
1607242894.877726555
1607242894.977669239
1607242895.077311993
1607242895.177674532
1607242895.277534723
1607242895.377669811
1607242895.477737427
1607242895.577674389
1607242895.677710533
1607242895.777584553
1607242895.877727747
1607242895.977707863
1607242896.077769995
1607242896.177699804
1607242896.277770758
1607242896.377698660
1607242896.477735281
1607242896.577710152
1607242896.677762985
1607242896.777681589
1607242896.877759218
1607242896.977676392
1607242897.077735662
1607242897.177685022
1607242897.277739286
1607242897.377579689
1607242897.477701664
1607242897.577680588
1607242897.677733421
1607242897.777674675
1607242897.877739191
1607242897.977677584
1607242898.077760696
1607242898.177650928
1607242898.277597666
1607242898.377647400
1607242898.477758884
1607242898.577702045
1607242898.677780628
1607242898.777668476
1607242898.877760649
1607242898.977696657
1607242899.077735186
1607242899.177696705
1607242899.277762175
1607242899.377683640
1607242899.477750301
1607242899.577668667
1607242899.677757263
1607242899.777603388
1607242899.877736568
1607242899.977540970
1607242900.077707529
1607242900.177672386
1607242900.277729750
1607242900.377493143
1607242900.477753878
1607242900.577636480
1607242900.677734852
1607242900.777668238
1607242900.877318621
1607242900.977644444
1607242901.077769041
1607242901.177700758
1607242901.277577877
1607242901.377696514
1607242901.477773428
1607242901.577720165
1607242901.677740335
1607242901.777519226
1607242901.877733469
1607242901.977691412
1607242902.077753067
1607242902.177644968
1607242902.277718067
1607242902.377660751
1607242902.477733135
1607242902.577672005
1607242902.677710533
1607242902.777526140
1607242902.877733469
1607242902.977267265
1607242903.077654362
1607242903.177672148
1607242903.277741671
1607242903.377671242
1607242903.477706671
1607242903.577676535
1607242903.677647829
1607242903.777668715
1607242903.877777338
1607242903.977701426
1607242904.077768087
1607242904.177695990
1607242904.277678251
1607242904.377696991
1607242904.477670431
1607242904.577693224
1607242904.677751303
1607242904.777694225
1607242904.877746582
1607242904.977674484
1607242905.077751875
1607242905.177670479
1607242905.277707815
1607242905.377663851
1607242905.477738619
1607242905.577678442
1607242905.677758217
1607242905.777583838
1607242905.877733946
1607242905.977669001
1607242906.077707529
1607242906.177704096
1607242906.277736187
1607242906.377591848
1607242906.477757692
1607242906.577613354
1607242906.677729130
1607242906.777589798
1607242906.877816916
1607242906.977692842
1607242907.077668428
1607242907.177693367
1607242907.277755022
1607242907.377607822
1607242907.477670670
1607242907.577693224
1607242907.677715302
1607242907.777645350
1607242907.877650261
1607242907.977587938
1607242908.077738523
1607242908.177681446
1607242908.277648687
1607242908.377591372
1607242908.477735996
1607242908.577677250
1607242908.677762270
1607242908.777588129
1607242908.877670050
1607242908.977694988
1607242909.077761650
1607242909.177616119
1607242909.277677298
1607242909.377714396
1607242909.477763891
1607242909.577691317
1607242909.677665472
1607242909.777694464
1607242909.877759695
1607242909.977609873
1607242910.077605247
1607242910.177675009
1607242910.277732611
1607242910.377671003
1607242910.477646828
1607242910.577673912
1607242910.677753925
1607242910.777669668
1607242910.877733946
1607242910.977684736
1607242911.077731609
1607242911.177671194
1607242911.277653933
1607242911.377592802
1607242911.477756977
1607242911.577702284
1607242911.677766323
1607242911.777679205
1607242911.877777576
1607242911.977692842
1607242912.077733994
1607242912.177700281
1607242912.277755737
1607242912.377690792
1607242912.477742672
1607242912.577683926
1607242912.677740097
1607242912.777530909
1607242912.877727985
1607242912.977669954
1607242913.077702761
1607242913.177668810
1607242913.277732372
1607242913.377678156
1607242913.477734566
1607242913.577594995
1607242913.677727938
1607242913.777670383
1607242913.877759933
1607242913.977697372
1607242914.077754021
1607242914.177725554
1607242914.277754545
1607242914.377610445
1607242914.477735281
1607242914.577694893
1607242914.677752256
1607242914.777671576
1607242914.877749443
1607242914.977687120
1607242915.077745199
1607242915.177671909
1607242915.277658939
1607242915.377586365
1607242915.477734804
1607242915.577670574
1607242915.677742004
1607242915.777649641
1607242915.877735138
1607242915.977631807
1607242916.077734947
1607242916.177615166
1607242916.277762413
1607242916.377668858
1607242916.477761507
1607242916.577662706
1607242916.677669287
1607242916.777702093
1607242916.877764463
1607242916.977699757
1607242917.077504635
1607242917.177678585
1607242917.277758837
1607242917.377595901
1607242917.477727890
1607242917.577677250
1607242917.677757502
1607242917.777661562
1607242917.877733231
1607242917.977547169
1607242918.077738285
1607242918.177639723
1607242918.277660847
1607242918.377673149
1607242918.477731228
1607242918.577666759
1607242918.677739382
1607242918.777648926
1607242918.877632380
1607242918.977642298
1607242919.077758312
1607242919.177576303
1607242919.277638674
1607242919.377706051
1607242919.477793932
1607242919.577686787
1607242919.677749395
1607242919.777604342
1607242919.877753258
1607242919.977691889
1607242920.077775955
1607242920.177676439
1607242920.277738333
1607242920.377600193
1607242920.477729082
1607242920.577581406
1607242920.677691936
1607242920.777669907
1607242920.877737284
1607242920.977550268
1607242921.077733517
1607242921.177670240
1607242921.277707100
1607242921.377579927
1607242921.477756262
1607242921.577697515
1607242921.677759409
1607242921.777664900
1607242921.877628088
1607242921.977697372
1607242922.077755451
1607242922.177607059
1607242922.277673960
1607242922.377690554
1607242922.477765560
1607242922.577681780
1607242922.677664995
1607242922.777683496
1607242922.877734184
1607242922.977677584
1607242923.077721357
1607242923.177665710
1607242923.277731657
1607242923.377586842
1607242923.477707624
1607242923.577642679
1607242923.677643538
1607242923.777637482
1607242923.877329350
1607242923.977578163
1607242924.077814579
1607242924.177753210
1607242924.277822495
1607242924.377695560
1607242924.477668762
1607242924.577696800
1607242924.677760363
1607242924.777695179
1607242924.877737284
1607242924.977687836
1607242925.077749491
1607242925.177867413
1607242925.277665138
1607242925.377672672
1607242925.477666855
1607242925.577671051
1607242925.677731752
1607242925.777670860
1607242925.877735376
1607242925.977669477
1607242926.077717304
1607242926.177578449
1607242926.277732611
1607242926.377576590
1607242926.477735758
1607242926.577646255
1607242926.677760363
1607242926.777672529
1607242926.877766848
1607242926.977696896
1607242927.077756882
1607242927.177605629
1607242927.277760744
1607242927.377688646
1607242927.477750063
1607242927.577604294
1607242927.677752256
1607242927.777670860
1607242927.877738953
1607242927.977531433
1607242928.077659130
1607242928.177668095
1607242928.277644157
1607242928.377579927
1607242928.477729321
1607242928.577677965
1607242928.677733421
1607242928.777770996
1607242928.877728939
1607242928.977649689
1607242929.077762127
1607242929.177575350
1607242929.277735233
1607242929.377584696
1607242929.477772236
1607242929.577676773
1607242929.677759886
1607242929.777689934
1607242929.877755642
1607242929.977687836
1607242930.077573538
1607242930.177658081
1607242930.277765989
1607242930.377678871
1607242930.477735758
1607242930.577689171
1607242930.677706718
1607242930.777648687
1607242930.877733469
1607242930.977671862
1607242931.077735901
1607242931.177674055
1607242931.277727842
1607242931.377667427
1607242931.477636814
1607242931.577674389
1607242931.677774668
1607242931.777675390
1607242931.877748251
1607242931.977681637
1607242932.077720165
1607242932.177654266
1607242932.277740955
1607242932.377590418
1607242932.477737427
1607242932.577650070
1607242932.677741766
1607242932.777678013
1607242932.877775192
1607242932.977675676
1607242933.077723026
1607242933.177653790
1607242933.277747393
1607242933.377515316
1607242933.477709532
1607242933.577237368
1607242933.677739620
1607242933.777440548
1607242933.877735853
1607242933.977711439
1607242934.077728748
1607242934.177697897
1607242934.277733803
1607242934.377678871
1607242934.477742672
1607242934.577458143
1607242934.677737474
1607242934.777712107
1607242934.877737999
1607242934.977676630
1607242935.077737570
1607242935.177642584
1607242935.277716160
1607242935.377584934
1607242935.477740526
1607242935.577660799
1607242935.677673340
1607242935.777507544
1607242935.877699852
1607242935.977671385
1607242936.077712536
1607242936.177640200
1607242936.277698994
1607242936.377669096
1607242936.477747679
1607242936.577687502
1607242936.677737951
1607242936.777667761
1607242936.877711058
1607242936.977648258
1607242937.077735901
1607242937.177673340
1607242937.277727604
1607242937.377652645
1607242937.477511883
1607242937.577644825
1607242937.677732229
1607242937.777648211
1607242937.877535105
1607242937.977642775
1607242938.077699423
1607242938.177641630
1607242938.277731895
1607242938.377581358
1607242938.477735996
1607242938.577682495
1607242938.677729845
1607242938.777477026
1607242938.877763033
1607242938.977672338
1607242939.077764273
1607242939.177688122
1607242939.277677536
1607242939.377694368
1607242939.477761507
1607242939.577696085
1607242939.677681446
1607242939.777612686
1607242939.877760410
1607242939.977681398
1607242940.077735424
1607242940.177662611
1607242940.277677059
1607242940.377672911
1607242940.477737427
1607242940.577651024
1607242940.677723408
1607242940.777643442
1607242940.877489328
1607242940.977699518
1607242941.077801704
1607242941.177717209
1607242941.277737379
1607242941.377651215
1607242941.477602482
1607242941.577642202
1607242941.677767515
1607242941.777690649
1607242941.877627134
1607242941.977672577
1607242942.077669382
1607242942.177607059
1607242942.277676582
1607242942.377669573
1607242942.477761507
