1607242522.462684393
1607242522.563499689
1607242522.664028645
1607242522.764669418
1607242522.865188360
1607242522.965846777
1607242523.066516876
1607242523.167037725
1607242523.267702579
1607242523.368214130
1607242523.468866348
1607242523.569427013
1607242523.670086145
1607242523.770758152
1607242523.871295929
1607242523.971821308
1607242524.072373629
1607242524.172996283
1607242524.273671389
1607242524.374184370
1607242524.474859476
1607242524.575541496
1607242524.676040411
1607242524.776564598
1607242524.877063751
1607242524.977569103
1607242525.078087091
1607242525.178645134
1607242525.279130936
1607242525.379814625
1607242525.480329990
1607242525.580940485
1607242525.681490898
1607242525.782002211
1607242525.882668495
1607242525.983183861
1607242526.083787918
1607242526.184292078
1607242526.284938812
1607242526.385608912
1607242526.486105680
1607242526.586587191
1607242526.687117815
1607242526.787806988
1607242526.888466835
1607242526.989091158
1607242527.089745998
1607242527.190273523
1607242527.290918112
1607242527.391466856
1607242527.491977215
1607242527.592638493
1607242527.693183184
1607242527.793695450
1607242527.894366264
1607242527.994899511
1607242528.095550299
1607242528.196072817
1607242528.296576977
1607242528.397341967
1607242528.498022795
1607242528.598539352
1607242528.699230194
1607242528.799777269
1607242528.900394201
1607242529.000933170
1607242529.101470709
1607242529.202108383
1607242529.302783966
1607242529.403451681
1607242529.504096270
1607242529.604595661
1607242529.705036163
1607242529.805700064
1607242529.906195641
1607242530.006855488
1607242530.107393980
1607242530.208019018
1607242530.308470488
1607242530.409106016
1607242530.509618998
1607242530.610150337
1607242530.710796595
1607242530.811311245
1607242530.911844254
1607242531.012468100
1607242531.112992525
1607242531.213601112
1607242531.314146757
1607242531.414677143
1607242531.515154362
1607242531.615697622
1607242531.716264009
1607242531.816782951
1607242531.917423248
1607242532.017895699
1607242532.118557930
1607242532.219061136
1607242532.319572210
1607242532.420067310
1607242532.520508528
1607242532.621075153
1607242532.721528530
1607242532.821999073
1607242532.922393084
1607242533.022843599
1607242533.123345137
1607242533.223844767
1607242533.324314117
1607242533.424774885
1607242533.525241852
1607242533.625709057
1607242533.726156712
1607242533.826553583
1607242533.927007675
1607242534.027503729
1607242534.127979279
1607242534.228428364
1607242534.328914881
1607242534.429410934
1607242534.529884815
1607242534.630367517
1607242534.730828762
1607242534.831301212
1607242534.931797266
1607242535.032294035
1607242535.132791519
1607242535.233269453
1607242535.333743811
1607242535.434221506
1607242535.534692526
1607242535.635167599
1607242535.735681057
1607242535.836165667
1607242535.936640024
1607242536.037109613
1607242536.137575626
1607242536.238072157
1607242536.338564634
1607242536.439044714
1607242536.539527893
1607242536.640003443
1607242536.740464926
1607242536.840939283
1607242536.941437960
1607242537.041937590
1607242537.142411232
1607242537.242889166
1607242537.343395948
1607242537.443875074
1607242537.544345617
1607242537.644873857
1607242537.745486975
1607242537.845973730
1607242537.946643353
1607242538.047497034
1607242538.147964716
1607242538.248461962
1607242538.348772287
1607242538.449260712
1607242538.549733400
1607242538.650204659
1607242538.750685215
1607242538.851155996
1607242538.951630592
1607242539.052120209
1607242539.152618408
1607242539.253088713
1607242539.353554726
1607242539.454030991
1607242539.554527760
1607242539.655027866
1607242539.755506992
1607242539.855983734
1607242539.956452608
1607242540.056830168
1607242540.157188416
1607242540.257640123
1607242540.358009815
1607242540.458327293
1607242540.558775902
1607242540.659246206
1607242540.759682894
1607242540.860183477
1607242540.960564852
1607242541.061043978
1607242541.161539316
1607242541.261987686
1607242541.362361908
1607242541.462813854
1607242541.562832355
1607242541.662836552
1607242541.762740135
1607242541.862735033
1607242541.962835550
1607242542.062838554
1607242542.162832737
1607242542.262744904
1607242542.362862110
1607242542.462839603
1607242542.562857628
1607242542.662842035
1607242542.762830734
1607242542.862833261
1607242542.962829590
1607242543.062832355
1607242543.162830591
1607242543.262833357
1607242543.362833500
1607242543.462831736
1607242543.562831163
1607242543.662836075
1607242543.762835264
1607242543.862833261
1607242543.962834120
1607242544.062836170
1607242544.162829876
1607242544.262833118
1607242544.362835407
1607242544.462832689
1607242544.562790871
1607242544.662836313
1607242544.762831688
1607242544.862837315
1607242544.962855339
1607242545.062748671
1607242545.162861586
1607242545.262861490
1607242545.362850428
1607242545.462760925
1607242545.562830925
1607242545.662832737
1607242545.762830734
1607242545.862694740
1607242545.962831020
1607242546.062838078
1607242546.162831545
1607242546.262835026
1607242546.362731695
1607242546.462806940
1607242546.562834024
1607242546.662839651
1607242546.762734652
1607242546.862833738
1607242546.962836504
1607242547.062798738
1607242547.162831068
1607242547.262831688
1607242547.362835169
1607242547.462833405
1607242547.562834740
1607242547.662735462
1607242547.762849808
1607242547.862862825
1607242547.962857008
1607242548.062861681
1607242548.162827015
1607242548.262731791
1607242548.362831593
1607242548.462836266
1607242548.562832117
1607242548.662833929
1607242548.762833595
1607242548.862831593
1607242548.962830305
1607242549.062838554
1607242549.162834167
1607242549.262837172
1607242549.362731934
1607242549.462833881
1607242549.562834501
1607242549.662836075
1607242549.762706757
1607242549.862841845
1607242549.962832451
1607242550.062835932
1607242550.162832499
1607242550.262832165
1607242550.362832785
1607242550.462859392
1607242550.562844992
1607242550.662829638
1607242550.762861967
1607242550.862845421
1607242550.962831259
1607242551.062838078
1607242551.162807703
1607242551.262838364
1607242551.362831831
1607242551.462841034
1607242551.562744856
1607242551.662841558
1607242551.762830734
1607242551.862833023
1607242551.962835073
1607242552.062832594
1607242552.162832260
1607242552.262837648
1607242552.362828255
1607242552.462832451
1607242552.562827826
1607242552.662834167
1607242552.762831211
1607242552.862836599
1607242552.962833643
1607242553.062839031
1607242553.162859440
1607242553.262861490
1607242553.362832785
1607242553.462860584
1607242553.562846184
1607242553.662833452
1607242553.762756586
1607242553.862840414
1607242553.962834120
1607242554.062836885
1607242554.162831545
1607242554.262738228
1607242554.362831116
1607242554.462831497
1607242554.562812328
1607242554.662801504
1607242554.762765408
1607242554.862750292
1607242554.962831974
1607242555.062834501
1607242555.162744761
1607242555.262833595
1607242555.362832785
1607242555.462836266
1607242555.562839746
1607242555.662832737
1607242555.762831688
1607242555.862859249
1607242555.962870121
1607242556.062860966
1607242556.162859201
1607242556.262856245
1607242556.362839222
1607242556.462836266
1607242556.562798023
1607242556.662834406
1607242556.762829065
1607242556.862696648
1607242556.962837934
1607242557.062835693
1607242557.162810564
1607242557.262834549
1607242557.362692118
1607242557.462834358
1607242557.562830687
1607242557.662807465
1607242557.762707233
1607242557.862837315
1607242557.962834358
1607242558.062835455
1607242558.162831068
1607242558.262841702
1607242558.362822771
1607242558.462835789
1607242558.562834978
1607242558.662706614
1607242558.762861729
1607242558.862859726
1607242558.962860346
1607242559.062839985
1607242559.162831783
1607242559.262837887
1607242559.362834215
1607242559.462837458
1607242559.562830210
1607242559.662835598
1607242559.762837410
1607242559.862838507
1607242559.962834120
1607242560.062827110
1607242560.162835598
1607242560.262833357
1607242560.362831116
1607242560.462833881
1607242560.562832117
1607242560.662834406
1607242560.762833595
1607242560.862836838
1607242560.962832928
1607242561.062836885
1607242561.162838221
1607242561.262857437
1607242561.362854242
1607242561.462863684
1607242561.562862635
1607242561.662858963
1607242561.762855530
1607242561.862835407
1607242561.962835789
1607242562.062835455
1607242562.162837744
1607242562.262836218
1607242562.362796068
1607242562.462837696
1607242562.562834263
1607242562.662842751
1607242562.762831926
1607242562.862835646
1607242562.962805033
1607242563.062832117
1607242563.162835121
1607242563.262836933
1607242563.362830400
1607242563.462833166
1607242563.562831402
1607242563.662837029
1607242563.762831450
1607242563.862834930
1607242563.962830067
1607242564.062863827
1607242564.162858248
1607242564.262862921
1607242564.362856865
1607242564.462845087
1607242564.562830210
1607242564.662833214
1607242564.762819052
1607242564.862838507
1607242564.962837934
1607242565.062835455
1607242565.162830591
1607242565.262832642
1607242565.362826824
1607242565.462836266
1607242565.562831640
1607242565.662751675
1607242565.762831688
1607242565.862838268
1607242565.962806702
1607242566.062839508
1607242566.162835836
1607242566.262835503
1607242566.362829924
1607242566.462834358
1607242566.562813520
1607242566.662831068
1607242566.762859344
1607242566.862864971
1607242566.962860107
1607242567.062862396
1607242567.162852764
1607242567.262841225
1607242567.362830877
1607242567.462748766
1607242567.562833786
1607242567.662760019
1607242567.762830734
1607242567.862696886
1607242567.962835312
1607242568.062834024
1607242568.162833691
1607242568.262837172
1607242568.362749577
1607242568.462834597
1607242568.562832117
1607242568.662836552
1607242568.762734175
1607242568.862833977
1607242568.962833405
1607242569.062836170
1607242569.162691355
1607242569.262834072
1607242569.362831116
1607242569.462850809
1607242569.562731981
1607242569.662862301
1607242569.762861490
1607242569.862860203
1607242569.962838888
1607242570.062832117
1607242570.162815094
1607242570.262835503
1607242570.362831116
1607242570.462833166
1607242570.562829733
1607242570.662827015
1607242570.762821436
1607242570.862815857
1607242570.962823868
1607242571.062802553
1607242571.162707329
1607242571.262760162
1607242571.362750530
1607242571.462833405
1607242571.562834501
1607242571.662834167
1607242571.762833357
1607242571.862835169
1607242571.962797880
1607242572.062834501
1607242572.162834406
1607242572.262748957
1607242572.362857342
1607242572.462862253
1607242572.562875032
1607242572.662841082
1607242572.762832403
1607242572.862837553
1607242572.962837458
1607242573.062832594
1607242573.162833214
1607242573.262831211
1607242573.362832546
1607242573.462836027
1607242573.562831163
1607242573.662834167
1607242573.762830019
1607242573.862693787
1607242573.962835312
1607242574.062837124
1607242574.162832975
1607242574.262733221
1607242574.362737417
1607242574.462832451
1607242574.562820673
1607242574.662836075
1607242574.762729406
1607242574.862834215
1607242574.962855339
1607242575.062863827
1607242575.162860870
1607242575.262760639
1607242575.362840176
1607242575.462849617
1607242575.562830687
1607242575.662721157
1607242575.762831688
1607242575.862838745
1607242575.962834120
1607242576.062829733
1607242576.162837982
1607242576.262834787
1607242576.362835646
1607242576.462834120
1607242576.562731743
1607242576.662829638
1607242576.762833118
1607242576.862838984
1607242576.962694883
1607242577.062834263
1607242577.162803173
1607242577.262834072
1607242577.362832308
1607242577.462735891
1607242577.562835693
1607242577.662844181
1607242577.762699604
1607242577.862733364
1607242577.962839365
1607242578.062833786
1607242578.162833214
1607242578.262836933
1607242578.362699986
1607242578.462835789
1607242578.562831163
1607242578.662854195
1607242578.762832403
1607242578.862859488
1607242578.962841272
1607242579.062845707
1607242579.162834644
1607242579.262835503
1607242579.362836361
1607242579.462739229
1607242579.562802076
1607242579.662815094
1607242579.762832165
1607242579.862837553
1607242579.962833166
1607242580.062837839
1607242580.162812233
1607242580.262836695
1607242580.362838030
1607242580.462834120
1607242580.562833548
1607242580.662834883
1607242580.762832642
1607242580.862827301
1607242580.962833881
1607242581.062835932
1607242581.162836790
1607242581.262835026
1607242581.362834454
1607242581.462834358
1607242581.562832117
1607242581.662837505
1607242581.762732267
1607242581.862837315
1607242581.962831736
1607242582.062819242
1607242582.162833929
1607242582.262813330
1607242582.362834454
1607242582.462836266
1607242582.562844038
1607242582.662748337
1607242582.762863636
1607242582.862844944
1607242582.962857485
1607242583.062855721
1607242583.162840128
1607242583.262835503
1607242583.362827301
1607242583.462837696
1607242583.562836885
1607242583.662835598
1607242583.762833357
1607242583.862834692
1607242583.962814331
1607242584.062834740
1607242584.162832975
1607242584.262834311
1607242584.362833977
1607242584.462741852
1607242584.562799931
1607242584.662837744
1607242584.762829304
1607242584.862835884
1607242584.962834835
1607242585.062839031
1607242585.162804127
1607242585.262835979
1607242585.362843275
1607242585.462857246
1607242585.562860489
1607242585.662760019
1607242585.762860298
1607242585.862843037
1607242585.962831259
1607242586.062839985
1607242586.162738085
1607242586.262837172
1607242586.362830162
1607242586.462841272
1607242586.562755585
1607242586.662839890
1607242586.762835503
1607242586.862834215
1607242586.962826490
1607242587.062834024
1607242587.162833691
1607242587.262836456
1607242587.362729788
1607242587.462736368
1607242587.562830448
1607242587.662735462
1607242587.762807131
1607242587.862813950
1607242587.962850809
1607242588.062836170
1607242588.162851095
1607242588.262866020
1607242588.362858057
1607242588.462860346
1607242588.562846184
1607242588.662815809
1607242588.762832165
1607242588.862836123
1607242588.962831974
1607242589.062836647
1607242589.162834167
1607242589.262834549
1607242589.362824202
1607242589.462837696
1607242589.562834024
1607242589.662839413
1607242589.762834311
1607242589.862705946
1607242589.962832928
1607242590.062833786
1607242590.162831306
1607242590.262834549
1607242590.362833261
1607242590.462826967
1607242590.562836170
1607242590.662837505
1607242590.762834787
1607242590.862854004
1607242590.962726593
1607242591.062879324
1607242591.162857294
1607242591.262849569
1607242591.362837076
1607242591.462812185
1607242591.562826157
1607242591.662816763
1607242591.762850046
1607242591.862666368
1607242591.962831974
1607242592.062835693
1607242592.162722111
1607242592.262706280
1607242592.362834930
1607242592.462836266
1607242592.562829971
1607242592.662871122
1607242592.762833118
1607242592.862843275
1607242592.962831020
1607242593.062843084
1607242593.162853718
1607242593.262818336
1607242593.362830877
1607242593.462842703
1607242593.562858820
1607242593.662862301
1607242593.762864590
1607242593.862861872
1607242593.962848186
1607242594.062842846
1607242594.162833214
1607242594.262839794
1607242594.362746000
1607242594.462829113
1607242594.562839508
1607242594.662840128
1607242594.762836456
1607242594.862835169
1607242594.962834120
1607242595.062836647
1607242595.162835121
1607242595.262841702
1607242595.362842083
1607242595.462839127
1607242595.562839746
1607242595.662835121
1607242595.762835503
1607242595.862836599
1607242595.962832928
1607242596.062835693
1607242596.162834883
1607242596.262865305
1607242596.362852573
1607242596.462682724
1607242596.562858582
1607242596.662866831
1607242596.762828350
1607242596.862835407
1607242596.962831259
1607242597.062834263
1607242597.162835360
1607242597.262835503
1607242597.362831116
1607242597.462839365
1607242597.562843561
1607242597.662837744
1607242597.762839317
1607242597.862841368
1607242597.962831974
1607242598.062840462
1607242598.162842989
1607242598.262837410
1607242598.362835646
1607242598.462836981
1607242598.562752485
1607242598.662835836
1607242598.762745380
1607242598.862838268
1607242598.962831259
1607242599.062862396
1607242599.162739515
1607242599.262865067
1607242599.362859011
1607242599.462850571
1607242599.562831879
1607242599.662835836
1607242599.762801886
1607242599.862836838
1607242599.962740898
1607242600.062810421
1607242600.162838221
1607242600.262841940
1607242600.362832546
1607242600.462837696
1607242600.562835455
1607242600.662839890
1607242600.762834549
1607242600.862839937
1607242600.962828398
1607242601.062837362
1607242601.162831306
1607242601.262836695
1607242601.362833738
1607242601.462835312
1607242601.562845707
1607242601.662837505
1607242601.762705564
1607242601.862861633
1607242601.962854624
1607242602.062866688
1607242602.162778616
1607242602.262836218
1607242602.362833023
1607242602.462841272
1607242602.562832355
1607242602.662836313
1607242602.762804985
1607242602.862836361
1607242602.962833405
1607242603.062842846
1607242603.162831068
1607242603.262833118
1607242603.362738132
1607242603.462837219
1607242603.562830448
1607242603.662835598
1607242603.762831688
1607242603.862732887
1607242603.962803602
1607242604.062816381
1607242604.162822962
1607242604.262811184
1607242604.362747908
1607242604.462900400
1607242604.562749147
1607242604.662860870
1607242604.762859821
1607242604.862859726
1607242604.962874889
1607242605.062833786
1607242605.162809849
1607242605.262833595
1607242605.362836838
1607242605.462836027
1607242605.562831402
1607242605.662838221
1607242605.762797594
1607242605.862833023
1607242605.962829590
1607242606.062833786
1607242606.162831306
1607242606.262836456
1607242606.362798929
1607242606.462823868
1607242606.562834024
1607242606.662833929
1607242606.762832165
1607242606.862833023
1607242606.962831497
1607242607.062801600
1607242607.162832260
1607242607.262856960
1607242607.362861156
1607242607.462858438
1607242607.562856197
1607242607.662839413
1607242607.762833357
1607242607.862833500
1607242607.962831974
1607242608.062834501
1607242608.162795782
1607242608.262834549
1607242608.362828732
1607242608.462832689
1607242608.562831402
1607242608.662832260
1607242608.762831211
1607242608.862814188
1607242608.962831497
1607242609.062834501
1607242609.162829399
1607242609.262832642
1607242609.362832546
1607242609.462821245
1607242609.562832117
1607242609.662831783
1607242609.762691259
1607242609.862836123
1607242609.962848902
1607242610.062849998
1607242610.162847996
1607242610.262863636
1607242610.362836123
1607242610.462773085
1607242610.562797546
1607242610.662832975
1607242610.762854576
1607242610.862726688
1607242610.962838411
1607242611.062833309
1607242611.162829161
1607242611.262831211
1607242611.362836838
1607242611.462833405
1607242611.562829733
1607242611.662833929
1607242611.762826443
1607242611.862832785
1607242611.962834358
1607242612.062841177
1607242612.162720442
1607242612.262833834
1607242612.362735987
1607242612.462830782
1607242612.562831879
1607242612.662696362
1607242612.762861967
1607242612.862859488
1607242612.962859392
1607242613.062714100
1607242613.162678719
1607242613.262833357
1607242613.362831354
1607242613.462741137
1607242613.562829018
1607242613.662832975
1607242613.762834549
1607242613.862836599
1607242613.962708473
1607242614.062828779
1607242614.162831545
1607242614.262833118
1607242614.362830639
1607242614.462835312
1607242614.562831640
1607242614.662738800
1607242614.762829542
1607242614.862834692
1607242614.962833881
1607242615.062833548
1607242615.162846088
1607242615.262841702
1607242615.362847090
1607242615.462863684
1607242615.562859774
1607242615.662859917
1607242615.762857199
1607242615.862841368
1607242615.962838173
1607242616.062832832
1607242616.162833452
1607242616.262841940
1607242616.362816334
1607242616.462838173
1607242616.562730074
1607242616.662839413
1607242616.762831450
1607242616.862739086
1607242616.962729931
1607242617.062830448
1607242617.162833452
1607242617.262833595
1607242617.362725973
1607242617.462775469
1607242617.562841892
1607242617.662837267
1607242617.762834072
1607242617.862697363
1607242617.962829113
1607242618.062845469
1607242618.162847519
1607242618.262861013
1607242618.362858057
1607242618.462866068
1607242618.562837839
1607242618.662835121
1607242618.762736559
1607242618.862832546
1607242618.962835312
1607242619.062836647
1607242619.162731886
1607242619.262794971
1607242619.362831593
1607242619.462837934
1607242619.562831402
1607242619.662837982
1607242619.762831211
1607242619.862806559
1607242619.962830067
1607242620.062836409
1607242620.162827492
1607242620.262735605
1607242620.362802267
1607242620.462747574
1607242620.562851429
1607242620.662834167
1607242620.762832403
1607242620.862855434
1607242620.962732077
1607242621.062827110
1607242621.162856102
1607242621.262849092
1607242621.362720251
1607242621.462832212
1607242621.562836170
1607242621.662854671
1607242621.762830257
1607242621.862839222
1607242621.962832689
1607242622.062834263
1607242622.162833929
1607242622.262735128
1607242622.362838268
1607242622.462836981
