1607242732.470586061
1607242732.572780848
1607242732.674426794
1607242732.776151180
1607242732.877800465
1607242732.979032278
1607242733.080551624
1607242733.182265997
1607242733.283827305
1607242733.385535479
1607242733.487079382
1607242733.588640451
1607242733.690372944
1607242733.792124271
1607242733.893616676
1607242733.995342970
1607242734.096832037
1607242734.198007584
1607242734.299731970
1607242734.401195049
1607242734.502953053
1607242734.604544163
1607242734.706261396
1607242734.807763338
1607242734.909252167
1607242735.011036158
1607242735.112748623
1607242735.214319944
1607242735.316047430
1607242735.417530537
1607242735.519228220
1607242735.620705843
1607242735.722403288
1607242735.824194670
1607242735.925696850
1607242736.027251959
1607242736.128987789
1607242736.230419874
1607242736.331989765
1607242736.433726788
1607242736.535462856
1607242736.636696577
1607242736.738018990
1607242736.839832306
1607242736.941543341
1607242737.043316364
1607242737.144826651
1607242737.246578932
1607242737.348093271
1607242737.449654341
1607242737.551418304
1607242737.653131485
1607242737.754537344
1607242737.856350660
1607242737.957883358
1607242738.059290409
1607242738.160530806
1607242738.262363672
1607242738.363854647
1607242738.465628147
1607242738.567324162
1607242738.668916941
1607242738.770421982
1607242738.870771408
1607242738.970725060
1607242739.070735455
1607242739.170415640
1607242739.270764112
1607242739.370729923
1607242739.470758438
1607242739.570729256
1607242739.670781851
1607242739.770757437
1607242739.870786667
1607242739.970757961
1607242740.070794582
1607242740.170794964
1607242740.270437002
1607242740.370753050
1607242740.470790386
1607242740.570752382
1607242740.670789003
1607242740.770767927
1607242740.870790482
1607242740.970756292
1607242741.070792198
1607242741.170753717
1607242741.270786524
1607242741.370660782
1607242741.470788717
1607242741.570727825
1607242741.670758247
1607242741.770678997
1607242741.870759487
1607242741.970763445
1607242742.070756197
1607242742.170710087
1607242742.270731449
1607242742.370616674
1607242742.470873117
1607242742.570625782
1607242742.670787811
1607242742.770756006
1607242742.870795012
1607242742.970756769
1607242743.070628881
1607242743.170737743
1607242743.270786285
1607242743.370741844
1607242743.470793962
1607242743.570676327
1607242743.670796633
1607242743.770737410
1607242743.870784521
1607242743.970753431
1607242744.070821524
1607242744.170746088
1607242744.270779133
1607242744.370992422
1607242744.470755100
1607242744.570725679
1607242744.670762539
1607242744.770720959
1607242744.870758295
1607242744.970713377
1607242745.070796251
1607242745.170747519
1607242745.270699024
1607242745.370756149
1607242745.470790625
1607242745.570734262
1607242745.671132326
1607242745.770669937
1607242745.870788336
1607242745.970749378
1607242746.070789337
1607242746.170730352
1607242746.270785093
1607242746.370740891
1607242746.470786333
1607242746.570660830
1607242746.670453548
1607242746.770748377
1607242746.870790958
1607242746.970743179
1607242747.071676493
1607242747.170716286
1607242747.270776272
1607242747.370723963
1607242747.470756054
1607242747.570725203
1607242747.670755863
1607242747.770798445
1607242747.870790720
1607242747.970367193
1607242748.070790529
1607242748.170752525
1607242748.270790339
1607242748.370933533
1607242748.470788002
1607242748.570750475
1607242748.670791864
1607242748.770750284
1607242748.870790958
1607242748.970726490
1607242749.070787668
1607242749.170758247
1607242749.270791054
1607242749.370744467
1607242749.470782518
1607242749.570719481
1607242749.670780182
1607242749.770736694
1607242749.870759249
1607242749.970728159
1607242750.070766211
1607242750.170369625
1607242750.270671606
1607242750.370721340
1607242750.470794201
1607242750.570753098
1607242750.670786619
1607242750.770720720
1607242750.870790005
1607242750.970760584
1607242751.070791721
1607242751.170751810
1607242751.270793200
1607242751.370664358
1607242751.470793724
1607242751.570750475
1607242751.670789003
1607242751.770755529
1607242751.870815039
1607242751.970751762
1607242752.070787668
1607242752.170756817
1607242752.270467758
1607242752.370719194
1607242752.470762968
1607242752.570733309
1607242752.670758009
1607242752.770722866
1607242752.870758772
1607242752.970722198
1607242753.070677519
1607242753.170724630
1607242753.270792007
1607242753.370752096
1607242753.470796585
1607242753.570756674
1607242753.670701027
1607242753.770754099
1607242753.870789766
1607242753.970756769
1607242754.070796490
1607242754.170668602
1607242754.270766497
1607242754.370751858
1607242754.470789671
1607242754.570387363
1607242754.670702696
1607242754.770662785
1607242754.870822668
1607242754.971453428
1607242755.070788383
1607242755.170741796
1607242755.270767212
1607242755.370704889
1607242755.470776081
1607242755.570722103
1607242755.670762777
1607242755.770719051
1607242755.870784521
1607242755.970756769
1607242756.070793390
1607242756.170742989
1607242756.270432949
1607242756.370763540
1607242756.470795393
1607242756.570754528
1607242756.670813560
1607242756.770749092
1607242756.870799065
1607242756.970754623
1607242757.070790529
1607242757.170433760
1607242757.270828962
1607242757.370748281
1607242757.470790148
1607242757.570393801
1607242757.670782804
1607242757.770739794
1607242757.870786190
1607242757.970628262
1607242758.070755243
1607242758.170719624
1607242758.270761013
1607242758.370706797
1607242758.470757961
1607242758.570703983
1607242758.670666695
1607242758.770731926
1607242758.870770931
1607242758.970732212
1607242759.070782661
1607242759.170731783
1607242759.270776033
1607242759.370366812
1607242759.470677137
1607242759.570734978
1607242759.670405865
1607242759.770755053
1607242759.870796680
1607242759.970764399
1607242760.070796967
1607242760.170428991
1607242760.270771503
1607242760.370764256
1607242760.470800161
1607242760.570445061
1607242760.670792103
1607242760.770761490
1607242760.870787144
1607242760.970752716
1607242761.070787668
1607242761.170751333
1607242761.270786047
1607242761.370682240
1607242761.470469475
1607242761.570745468
1607242761.670711040
1607242761.770719051
1607242761.870750904
1607242761.970704079
1607242762.070668936
1607242762.170807362
1607242762.270852327
1607242762.370635509
1607242762.470758200
1607242762.570705652
1607242762.670760155
1607242762.770720720
1607242762.870759964
1607242762.970721960
1607242763.070766211
1607242763.170705557
1607242763.270758390
1607242763.370720625
1607242763.470757723
1607242763.570730686
1607242763.670795918
1607242763.770736694
1607242763.870787621
1607242763.970761538
1607242764.070794821
1607242764.170752525
1607242764.270702600
1607242764.370742798
1607242764.470794439
1607242764.570756435
1607242764.670770407
1607242764.770747662
1607242764.870788336
1607242764.970717430
1607242765.071128368
1607242765.170755148
1607242765.270785570
1607242765.370752335
1607242765.470786572
1607242765.570767879
1607242765.670702219
1607242765.770723104
1607242765.870756626
1607242765.970707655
1607242766.070759296
1607242766.170706034
1607242766.270760775
1607242766.370728016
1607242766.470791340
1607242766.570751190
1607242766.670701504
1607242766.770663977
1607242766.870775461
1607242766.970750332
1607242767.070784092
1607242767.170754910
1607242767.270791531
1607242767.370774031
1607242767.470797300
1607242767.570749521
1607242767.670792580
1607242767.770392179
1607242767.870698690
1607242767.970724821
1607242768.070785284
1607242768.170754194
1607242768.270785570
1607242768.370743036
1607242768.470766783
1607242768.570656300
1607242768.670764923
1607242768.770721674
1607242768.870758295
1607242768.970718622
1607242769.070822477
1607242769.170749903
1607242769.270791769
1607242769.370754004
1607242769.470788956
1607242769.570414782
1607242769.670698881
1607242769.770739079
1607242769.870792150
1607242769.971131802
1607242770.070788145
1607242770.170721531
1607242770.270824432
1607242770.370653868
1607242770.470764875
1607242770.570796728
1607242770.670706034
1607242770.770780802
1607242770.870783806
1607242770.970743418
1607242771.070782661
1607242771.170730829
1607242771.270755529
1607242771.370718479
1607242771.470739365
1607242771.570722342
1607242771.670671463
1607242771.770725012
1607242771.870787382
1607242771.970754385
1607242772.070828438
1607242772.170746088
1607242772.270790815
1607242772.370721102
1607242772.470793724
1607242772.570754051
1607242772.671365023
1607242772.770748615
1607242772.870785236
1607242772.970747948
1607242773.070785761
1607242773.170752764
1607242773.270782471
1607242773.370761156
1607242773.470793247
1607242773.570390701
1607242773.670787096
1607242773.770720005
1607242773.870467186
1607242773.970721006
1607242774.070761919
1607242774.170725107
1607242774.270761251
1607242774.370759487
1607242774.470752716
1607242774.570732117
1607242774.670792341
1607242774.770411253
1607242774.870791674
1607242774.970757246
1607242775.070765734
1607242775.170370102
1607242775.270790100
1607242775.370755434
1607242775.470794678
1607242775.570733547
1607242775.670697451
1607242775.770752907
1607242775.870790005
1607242775.970756531
1607242776.070733547
1607242776.170747519
1607242776.270789385
1607242776.370725870
1607242776.470786572
1607242776.570739508
1607242776.670706034
1607242776.770722151
1607242776.870760441
1607242776.970371008
1607242777.070669174
1607242777.170725107
1607242777.270771742
1607242777.370757818
1607242777.470705032
1607242777.570755959
1607242777.670699120
1607242777.770418644
1607242777.870790720
1607242777.970752954
1607242778.070790291
1607242778.170754194
1607242778.270782948
1607242778.370740652
1607242778.470791578
1607242778.570751667
1607242778.670459986
1607242778.770728350
1607242778.870749950
1607242778.970744610
1607242779.070894241
1607242779.170732975
1607242779.270773411
1607242779.370707035
1607242779.470734596
1607242779.570691109
1607242779.671633244
1607242779.770574808
1607242779.870759249
1607242779.970632553
1607242780.070807695
1607242780.170581102
1607242780.270791292
1607242780.370752811
1607242780.470791340
1607242780.570659161
1607242780.670686245
1607242780.770750284
1607242780.870785952
1607242780.970749617
1607242781.070787191
1607242781.170750380
1607242781.270695210
1607242781.370748043
1607242781.470784187
1607242781.570742846
1607242781.670789480
1607242781.770788431
1607242781.870779991
1607242781.970729589
1607242782.070758104
1607242782.170725107
1607242782.270757675
1607242782.370632172
1607242782.470754385
1607242782.570721388
1607242782.670783520
1607242782.770747900
1607242782.870782375
1607242782.970655918
1607242783.070770741
1607242783.170750618
1607242783.270792007
1607242783.370746851
1607242783.470784903
1607242783.570361614
1607242783.670785666
1607242783.770749331
1607242783.870780468
1607242783.970746279
1607242784.070786715
1607242784.170784712
1607242784.270778656
1607242784.370748281
1607242784.470770121
1607242784.570723772
1607242784.670758724
1607242784.770720482
1607242784.870751381
1607242784.970719337
1607242785.070787907
1607242785.170751333
1607242785.270787954
1607242785.370654821
1607242785.470786810
1607242785.570753336
1607242785.670791626
1607242785.770799875
1607242785.870788336
1607242785.970787764
1607242786.070790529
1607242786.170751095
1607242786.270790100
1607242786.370748281
1607242786.470795870
1607242786.570662975
1607242786.670770645
1607242786.770750284
1607242786.870784760
1607242786.970738888
1607242787.070760727
1607242787.170723438
1607242787.270680428
1607242787.370723724
1607242787.470387936
1607242787.570635557
1607242787.670784473
1607242787.770410538
1607242787.870713234
1607242787.970748663
1607242788.070788860
1607242788.170753241
1607242788.270797968
1607242788.370683908
1607242788.470789433
1607242788.570735216
1607242788.670773983
1607242788.770744085
1607242788.870781183
1607242788.970752954
1607242789.070790529
1607242789.170435667
1607242789.270783901
1607242789.370749474
1607242789.470782518
1607242789.571361542
1607242789.670693398
1607242789.770712852
1607242789.870754480
1607242789.970717907
1607242790.070773363
1607242790.170719862
1607242790.270818949
1607242790.370750427
1607242790.470786333
1607242790.570756197
1607242790.670783043
1607242790.770364523
1607242790.870785952
1607242790.970726728
1607242791.070789099
1607242791.170752048
1607242791.270791531
1607242791.370772362
1607242791.470790386
1607242791.570743561
1607242791.670418501
1607242791.770749092
1607242791.870784760
1607242791.970744848
1607242792.070764065
1607242792.170437336
1607242792.270760298
1607242792.370724678
1607242792.470763445
1607242792.570362806
1607242792.670784950
1607242792.770734787
1607242792.870787621
1607242792.970753670
1607242793.070791006
1607242793.170752287
1607242793.270780325
1607242793.370749950
1607242793.470391512
1607242793.570661783
1607242793.670701504
1607242793.770750284
1607242793.871666670
1607242793.970747232
1607242794.070788145
1607242794.170753479
1607242794.270788431
1607242794.370391846
1607242794.470700741
1607242794.570729494
1607242794.670758963
1607242794.770729780
1607242794.870761395
1607242794.970722675
1607242795.070728302
1607242795.170719147
1607242795.271340609
1607242795.370722294
1607242795.470753670
1607242795.570801735
1607242795.670718670
1607242795.770753384
1607242795.870790720
1607242795.970723391
1607242796.070786476
1607242796.170669556
1607242796.270809412
1607242796.370752573
1607242796.470789433
1607242796.570390701
1607242796.670701504
1607242796.770751238
1607242796.870752573
1607242796.970459700
1607242797.070772648
1607242797.170724630
1607242797.270756483
1607242797.370728731
1607242797.470756292
1607242797.570722103
1607242797.670791864
1607242797.770753622
1607242797.870784044
1607242797.970753670
1607242798.070765257
1607242798.170757532
1607242798.270792246
1607242798.370665550
1607242798.470790386
1607242798.570765972
1607242798.670461178
1607242798.770746469
1607242798.870786667
1607242798.970752239
1607242799.070782900
1607242799.170359373
1607242799.270784140
1607242799.370748520
1607242799.470461130
1607242799.570519924
1607242799.670762539
1607242799.770693302
1607242799.870758057
1607242799.970406294
1607242800.070674181
1607242800.170722246
1607242800.270787477
1607242800.370414972
1607242800.470509052
1607242800.570750475
1607242800.670788527
1607242800.770749331
1607242800.870781660
1607242800.970748901
1607242801.070768595
1607242801.170755625
1607242801.270788670
1607242801.370429277
1607242801.470457792
1607242801.570744753
1607242801.670790672
1607242801.770436525
1607242801.870789289
1607242801.970754385
1607242802.070781231
1607242802.170717239
1607242802.270457029
1607242802.370721817
1607242802.470758677
1607242802.570724487
1607242802.670777798
1607242802.770723820
1607242802.870787382
1607242802.970750809
1607242803.070792437
1607242803.170665026
1607242803.270787001
1607242803.370743990
1607242803.470789671
1607242803.570779324
1607242803.670880795
1607242803.770755053
1607242803.870817423
1607242803.970749855
1607242804.070785522
1607242804.170747042
1607242804.270785570
1607242804.370750427
1607242804.470805645
1607242804.570751429
1607242804.670767069
1607242804.770721912
1607242804.870757818
1607242804.970725536
1607242805.070755005
1607242805.170720339
1607242805.270792007
1607242805.370404243
1607242805.470791340
1607242805.570749760
1607242805.670641422
1607242805.770408392
1607242805.870790720
1607242805.970749140
1607242806.070788622
1607242806.170750856
1607242806.270638943
1607242806.370751858
1607242806.470788240
1607242806.570751905
1607242806.670803070
1607242806.770748138
1607242806.870782375
1607242806.970747709
1607242807.070782661
1607242807.170739651
1607242807.270765066
1607242807.370725155
1607242807.470726728
1607242807.570719004
1607242807.670685053
1607242807.770720243
1607242807.870771408
1607242807.970731974
1607242808.070685387
1607242808.170735836
1607242808.270765543
1607242808.370731592
1607242808.470646858
1607242808.570743084
1607242808.670793295
1607242808.770755768
1607242808.870443106
1607242808.970760822
1607242809.070798159
1607242809.170747519
1607242809.270782232
1607242809.370770216
1607242809.470775604
1607242809.570759296
1607242809.670759439
1607242809.770444155
1607242809.870772600
1607242809.970757246
1607242810.070832491
1607242810.170485497
1607242810.270781517
1607242810.370716333
1607242810.470792532
1607242810.570745707
1607242810.670462847
1607242810.770722151
1607242810.870760918
1607242810.970735788
1607242811.070440292
1607242811.170714140
1607242811.270765543
1607242811.370721579
1607242811.470757008
1607242811.570415974
1607242811.670753002
1607242811.770722151
1607242811.870753765
1607242811.970719576
1607242812.070759296
1607242812.170686245
1607242812.270760775
1607242812.370716810
1607242812.470788240
1607242812.570749283
1607242812.670811892
1607242812.770734310
1607242812.870698929
1607242812.970722437
1607242813.070704460
1607242813.170808315
1607242813.270869493
1607242813.370750189
1607242813.470785379
1607242813.570751429
1607242813.670791149
1607242813.770742178
1607242813.870788336
1607242813.970729113
1607242814.070784330
1607242814.170660734
1607242814.270787239
1607242814.370732069
1607242814.470762253
1607242814.570714951
1607242814.670672894
1607242814.770722628
1607242814.870759726
1607242814.970721722
1607242815.070544720
1607242815.170743942
1607242815.270786047
1607242815.370753288
1607242815.470794678
1607242815.570670128
1607242815.670792580
1607242815.770727873
1607242815.870781898
1607242815.970749617
1607242816.070787430
1607242816.170753002
1607242816.270786524
1607242816.370771408
1607242816.470785856
1607242816.570754051
1607242816.670786619
1607242816.770747185
1607242816.870771646
1607242816.970757246
1607242817.070755243
1607242817.170718908
1607242817.270756006
1607242817.370721579
1607242817.470788479
1607242817.570786953
1607242817.670788050
1607242817.770414829
1607242817.870787859
1607242817.970753193
1607242818.070788383
1607242818.170416832
1607242818.270788670
1607242818.370748997
1607242818.470788479
1607242818.570748091
1607242818.670783281
1607242818.770764828
1607242818.870786667
1607242818.970753431
1607242819.070701122
1607242819.170752048
1607242819.270790339
1607242819.370715618
1607242819.470763683
1607242819.570723534
1607242819.670762062
1607242819.770729303
1607242819.870757103
1607242819.970692158
1607242820.070784807
1607242820.170750380
1607242820.270792484
1607242820.370723009
1607242820.470784903
1607242820.570663691
1607242820.670784712
1607242820.770750999
1607242820.870785475
1607242820.970752716
1607242821.070789576
1607242821.170716047
1607242821.270787001
1607242821.370749950
1607242821.470782280
1607242821.570747137
1607242821.670785427
1607242821.770746946
1607242821.870758533
1607242821.970732927
1607242822.070747375
1607242822.170727253
1607242822.270762205
1607242822.370692253
1607242822.470756292
1607242822.570720196
1607242822.670785427
1607242822.770746946
1607242822.870782375
1607242822.970740080
1607242823.070788145
1607242823.170753002
1607242823.270797729
1607242823.370750904
1607242823.470788240
1607242823.570736408
1607242823.670790911
1607242823.770750046
1607242823.870791912
1607242823.970747709
1607242824.070784330
1607242824.170745611
1607242824.270774841
1607242824.370750189
1607242824.470777035
1607242824.570730925
1607242824.670759916
1607242824.770722628
1607242824.870729685
1607242824.970724106
1607242825.070783138
1607242825.170718670
1607242825.270790339
1607242825.370754242
1607242825.470667362
1607242825.570752859
1607242825.670796156
1607242825.770753384
1607242825.870788336
1607242825.970754147
1607242826.070770502
1607242826.170750141
1607242826.270787716
1607242826.370749474
1607242826.470789671
1607242826.570752859
1607242826.670779943
1607242826.770731449
1607242826.870787859
1607242826.970745564
1607242827.070767641
1607242827.170725107
1607242827.270728350
1607242827.370646477
1607242827.470765829
1607242827.570724487
1607242827.670791864
1607242827.770752192
1607242827.870803833
1607242827.970749378
1607242828.070788145
1607242828.170747280
1607242828.270783901
1607242828.370749950
1607242828.470757723
1607242828.570753098
1607242828.670784950
1607242828.770750999
1607242828.870786905
1607242828.970754385
1607242829.070756435
1607242829.170617819
1607242829.270783424
1607242829.370754242
1607242829.470783710
1607242829.570728302
1607242829.670683146
1607242829.770716906
1607242829.870760918
1607242829.970406294
1607242830.070431948
1607242830.170721292
1607242830.270817518
1607242830.370751143
1607242830.470432043
1607242830.570752382
1607242830.670786381
1607242830.770752192
1607242830.870769501
1607242830.970405340
1607242831.070786953
1607242831.170749426
1607242831.270793676
1607242831.370723009
1607242831.470795631
1607242831.570749521
1607242831.670502186
1607242831.770750046
1607242831.870790005
1607242831.970707655
1607242832.070775509
1607242832.170731544
1607242832.270742178
1607242832.370717764
1607242832.470757246
