1607241477.444040298
1607241477.544333458
1607241477.644634724
1607241477.744936705
1607241477.845135927
1607241477.945437431
1607241478.045743227
1607241478.146014929
1607241478.246315718
1607241478.346616507
1607241478.446919203
1607241478.547249556
1607241478.647549868
1607241478.747687340
1607241478.848018646
1607241478.948318481
1607241479.048620224
1607241479.148930073
1607241479.249230623
1607241479.349535942
1607241479.449842453
1607241479.550167561
1607241479.650467634
1607241479.750694513
1607241479.851003647
1607241479.951307297
1607241480.051609993
1607241480.151915789
1607241480.252219915
1607241480.352428198
1607241480.452729702
1607241480.553035259
1607241480.653368235
1607241480.753671408
1607241480.853973150
1607241480.954238653
1607241481.054540157
1607241481.154840946
1607241481.255143166
1607241481.355447054
1607241481.455769539
1607241481.556071520
1607241481.656282187
1607241481.756590128
1607241481.856892109
1607241481.957197189
1607241482.057477474
1607241482.157778263
1607241482.258082867
1607241482.358414173
1607241482.458719015
1607241482.559018612
1607241482.659320116
1607241482.759621859
1607241482.859823942
1607241482.960133076
1607241483.060439825
1607241483.160737991
1607241483.261039495
1607241483.361328363
1607241483.461628675
1607241483.561929941
1607241483.662224293
1607241483.762524605
1607241483.862836361
1607241483.963137388
1607241484.063444138
1607241484.163746119
1607241484.263949156
1607241484.364248037
1607241484.464551449
1607241484.564852238
1607241484.665153503
1607241484.765451670
1607241484.865751028
1607241484.966055393
1607241485.066193104
1607241485.166494131
1607241485.266803741
1607241485.367110491
1607241485.467417479
1607241485.567718983
1607241485.668024778
1607241485.768298626
1607241485.868604898
1607241485.968908787
1607241486.069215775
1607241486.169512033
1607241486.269816637
1607241486.370117664
1607241486.470419407
1607241486.570717096
1607241486.671048641
1607241486.771354437
1607241486.871666908
1607241486.971865654
1607241487.072168589
1607241487.172447443
1607241487.272752523
1607241487.373044968
1607241487.473348141
1607241487.573651075
1607241487.673979521
1607241487.774283648
1607241487.874583960
1607241487.974853992
1607241488.075155973
1607241488.175458908
1607241488.275762320
1607241488.376062632
1607241488.476341724
1607241488.576550245
1607241488.676757812
1607241488.777063847
1607241488.877367973
1607241488.977672338
1607241489.077973366
1607241489.178273439
1607241489.278602123
1607241489.378903389
1607241489.479202986
1607241489.579473495
1607241489.679611206
1607241489.779814482
1607241489.880117416
1607241489.980449200
1607241490.080749035
1607241490.181054115
1607241490.281259060
1607241490.381557465
1607241490.481856346
1607241490.582158566
1607241490.682451248
1607241490.782751322
1607241490.883053064
1607241490.983392239
1607241491.083693504
1607241491.183975458
1607241491.284276724
1607241491.384576082
1607241491.484878540
1607241491.585180998
1607241491.685385942
1607241491.785689831
1607241491.886083841
1607241491.986384869
1607241492.086689472
1607241492.186980247
1607241492.287190199
1607241492.387492657
1607241492.487791777
1607241492.588059425
1607241492.688262701
1607241492.788547039
1607241492.888851881
1607241492.989153385
1607241493.089457273
1607241493.189765930
1607241493.290075302
1607241493.390374899
1607241493.490675688
1607241493.590975761
1607241493.691278219
1607241493.791486979
1607241493.891625404
1607241493.991763353
1607241494.091977358
1607241494.192276478
1607241494.292409420
1607241494.392617941
1607241494.492823124
1607241494.593123198
1607241494.693416119
1607241494.793715477
1607241494.893918991
1607241494.994219780
1607241495.094522476
1607241495.194819450
1607241495.295114279
1607241495.395419359
1607241495.495578766
1607241495.595716715
1607241495.696019888
1607241495.796320438
1607241495.896513462
1607241495.996724606
1607241496.096932650
1607241496.197221279
1607241496.297445536
1607241496.397742748
1607241496.497941256
1607241496.598256111
1607241496.698556900
1607241496.798855305
1607241496.899129868
1607241496.999435186
1607241497.099568367
1607241497.199735880
1607241497.300080538
1607241497.400283337
1607241497.500488043
1607241497.600690365
1607241497.700901747
1607241497.801104307
1607241497.901334047
1607241498.001547575
1607241498.101760149
1607241498.201962709
1607241498.302121162
1607241498.402347565
1607241498.502657175
1607241498.602962017
1607241498.703225851
1607241498.803528070
1607241498.903832197
1607241499.004133224
1607241499.104408979
1607241499.204682112
1607241499.304984331
1607241499.405284882
1607241499.505585909
1607241499.605889559
1607241499.706222296
1607241499.806538343
1607241499.906806231
1607241500.007112265
1607241500.107400894
1607241500.207703352
1607241500.307901859
1607241500.408210039
1607241500.508508205
1607241500.608792543
1607241500.709081173
1607241500.809324741
1607241500.909628868
1607241501.009954929
1607241501.110258818
1607241501.210559607
1607241501.310863733
1607241501.411166906
1607241501.511468887
1607241501.611801386
1607241501.712108374
1607241501.812411547
1607241501.912686586
1607241502.012987852
1607241502.113288641
1607241502.213590860
1607241502.313800812
1607241502.414111137
1607241502.514413357
1607241502.614739180
1607241502.715040445
1607241502.815341949
1607241502.916035414
1607241503.016335964
1607241503.116569996
1607241503.216781855
1607241503.316991091
1607241503.417289972
1607241503.517582893
1607241503.617787838
1607241503.718086958
1607241503.818388700
1607241503.918693781
1607241504.018924475
1607241504.119228363
1607241504.219542027
1607241504.319675207
1607241504.419945002
1607241504.520245790
1607241504.620448112
1607241504.720582247
1607241504.820974588
1607241504.921274900
1607241505.021577120
1607241505.121784210
1607241505.222083092
1607241505.322381496
1607241505.422683477
1607241505.522984743
1607241505.623158693
1607241505.723694563
1607241505.823992968
1607241505.924294233
1607241506.024574041
1607241506.124872923
1607241506.225152731
1607241506.325449467
1607241506.425778389
1607241506.525914431
1607241506.626371145
1607241506.726588249
1607241506.826887131
1607241506.927190065
1607241507.027489424
1607241507.127624750
1607241507.227925062
1607241507.328227997
1607241507.428501368
1607241507.528785229
1607241507.629086494
1607241507.729390383
1607241507.829669476
1607241507.929997683
1607241508.030300856
1607241508.130606890
1607241508.230907917
1607241508.331111670
1607241508.431416750
1607241508.531719446
1607241508.632018566
1607241508.732320070
1607241508.832623720
1607241508.932940245
1607241509.033248663
1607241509.133551121
1607241509.233852625
1607241509.334152460
1607241509.434437752
1607241509.534610510
1607241509.634911060
1607241509.735211372
1607241509.835514069
1607241509.935652494
1607241510.035975456
1607241510.136274576
1607241510.236555815
1607241510.336839914
1607241510.437143564
1607241510.537412167
1607241510.637712717
1607241510.738011837
1607241510.838343620
1607241510.938644648
1607241511.038949251
1607241511.139249325
1607241511.239549398
1607241511.339848757
1607241511.440117598
1607241511.540417671
1607241511.640684128
1607241511.741013765
1607241511.841313601
1607241511.941617727
1607241512.041920662
1607241512.142220736
1607241512.242520571
1607241512.342820168
1607241512.443147898
1607241512.543449879
1607241512.643758059
1607241512.744061470
1607241512.844144821
1607241512.944279432
1607241513.044282675
1607241513.144281864
1607241513.244165659
1607241513.344280720
1607241513.444283962
1607241513.544286489
1607241513.644279480
1607241513.744145632
1607241513.844274521
1607241513.944251776
1607241514.044280052
1607241514.144278526
1607241514.244284630
1607241514.344305992
1607241514.444294214
1607241514.544263124
1607241514.644281864
1607241514.744281054
1607241514.844278812
1607241514.944283009
1607241515.044278860
1607241515.144280195
1607241515.244281292
1607241515.344162226
1607241515.444247723
1607241515.544177294
1607241515.644319057
1607241515.744281769
1607241515.844194412
1607241515.944189787
1607241516.044282436
1607241516.144186020
1607241516.244144917
1607241516.344285250
1607241516.444279909
1607241516.544280529
1607241516.644182682
1607241516.744261026
1607241516.844280243
1607241516.944282055
1607241517.044310570
1607241517.144281149
1607241517.244271755
1607241517.344258547
1607241517.444276094
1607241517.544279099
1607241517.644163847
1607241517.744286537
1607241517.844241381
1607241517.944281101
1607241518.044149399
1607241518.144280195
1607241518.244282007
1607241518.344282389
1607241518.444251776
1607241518.544281006
1607241518.644278288
1607241518.744281530
1607241518.844145298
1607241518.944246054
1607241519.044281721
1607241519.144282579
1607241519.244249821
1607241519.344280243
1607241519.444286108
1607241519.544213057
1607241519.644249201
1607241519.744282961
1607241519.844308853
1607241519.944296360
1607241520.044145346
1607241520.144252300
1607241520.244282007
1607241520.344282150
1607241520.444283009
1607241520.544284821
1607241520.644280910
1607241520.744172335
1607241520.844281435
1607241520.944280624
1607241521.044281960
1607241521.144282103
1607241521.244279861
1607241521.344249487
1607241521.444281578
1607241521.544280767
1607241521.644280672
1607241521.744283438
1607241521.844287395
1607241521.944279194
1607241522.044281960
1607241522.144253254
1607241522.244282722
1607241522.344254494
1607241522.444288969
1607241522.544193268
1607241522.644298077
1607241522.744145155
1607241522.844280958
1607241522.944281101
1607241523.044254541
1607241523.144257069
1607241523.244279623
1607241523.344251871
1607241523.444253922
1607241523.544249296
1607241523.644146442
1607241523.744187832
1607241523.844254017
1607241523.944254398
1607241524.044247150
1607241524.144165039
1607241524.244248152
1607241524.344256639
1607241524.444280386
1607241524.544146061
1607241524.644281387
1607241524.744280577
1607241524.844203234
1607241524.944144964
1607241525.044286489
1607241525.144280434
1607241525.244281292
1607241525.344195604
1607241525.444277763
1607241525.544190407
1607241525.644282341
1607241525.744279385
1607241525.844280720
1607241525.944279194
1607241526.044263601
1607241526.144253016
1607241526.244250774
1607241526.344280481
1607241526.444281816
1607241526.544280291
1607241526.644280195
1607241526.744282961
1607241526.844280005
1607241526.944281816
1607241527.044183731
1607241527.144280910
1607241527.244278908
1607241527.344280720
1607241527.444283485
1607241527.544281483
1607241527.644279957
1607241527.744258642
1607241527.844283581
1607241527.944280386
1607241528.044286489
1607241528.144310951
1607241528.244291544
1607241528.344268560
1607241528.444282770
1607241528.544283628
1607241528.644284725
1607241528.744249821
1607241528.844254255
1607241528.944273233
1607241529.044281721
1607241529.144281626
1607241529.244280100
1607241529.344252348
1607241529.444281340
1607241529.544268370
1607241529.644252539
1607241529.744279385
1607241529.844148159
1607241529.944283247
1607241530.044286013
1607241530.144251347
1607241530.244288206
1607241530.344279766
1607241530.444282532
1607241530.544279814
1607241530.644279242
1607241530.744272232
1607241530.844293594
1607241530.944282055
1607241531.044202566
1607241531.144197941
1607241531.244282007
1607241531.344256163
1607241531.444281816
1607241531.544284582
1607241531.644289017
1607241531.744282246
1607241531.844305038
1607241531.944189787
1607241532.044192076
1607241532.144282579
1607241532.244285583
1607241532.344282389
1607241532.444186449
1607241532.544283628
1607241532.644190550
1607241532.744281530
1607241532.844281912
1607241532.944285870
1607241533.044284582
1607241533.144281149
1607241533.244188309
1607241533.344282150
1607241533.444283724
1607241533.544250727
1607241533.644144773
1607241533.744281292
1607241533.844279051
1607241533.944279194
1607241534.044281960
1607241534.144256115
1607241534.244280577
1607241534.344246864
1607241534.444279909
1607241534.544280052
1607241534.644251108
1607241534.744281292
1607241534.844280243
1607241534.944251299
1607241535.044253826
1607241535.144282818
1607241535.244285345
1607241535.344279766
1607241535.444282293
1607241535.544256449
1607241535.644258738
1607241535.744282722
1607241535.844308138
1607241535.944185019
1607241536.044286966
1607241536.144274950
1607241536.244279385
1607241536.344254732
1607241536.444282532
1607241536.544279099
1607241536.644279480
1607241536.744281054
1607241536.844257832
1607241536.944279194
1607241537.044281960
1607241537.144282103
1607241537.244279385
1607241537.344280005
1607241537.444278717
1607241537.544281960
1607241537.644279718
1607241537.744252682
1607241537.844283104
1607241537.944247007
1607241538.044281483
1607241538.144280195
1607241538.244281054
1607241538.344279766
1607241538.444283724
1607241538.544249773
1607241538.644249678
1607241538.744290352
1607241538.844187737
1607241538.944285393
1607241539.044281960
1607241539.144258976
1607241539.244278431
1607241539.344187975
1607241539.444187641
1607241539.544187546
1607241539.644187927
1607241539.744187832
1607241539.844191551
1607241539.944180250
1607241540.044188261
1607241540.144187689
1607241540.244188070
1607241540.344183922
1607241540.444182873
1607241540.544182062
1607241540.644182444
1607241540.744182110
1607241540.844111443
1607241540.944304943
1607241541.044284582
1607241541.144278049
1607241541.244145393
1607241541.344312668
1607241541.444301605
1607241541.544282913
1607241541.644132853
1607241541.744197607
1607241541.844278097
1607241541.944279909
1607241542.044284821
1607241542.144253731
1607241542.244278193
1607241542.344280243
1607241542.444281816
1607241542.544255018
1607241542.644281864
1607241542.744258404
1607241542.844279051
1607241542.944278479
1607241543.044279814
1607241543.144285917
1607241543.244280815
1607241543.344155788
1607241543.444279909
1607241543.544286489
1607241543.644279003
1607241543.744184494
1607241543.844196081
1607241543.944249392
1607241544.044277430
1607241544.144251585
1607241544.244179487
1607241544.344257832
1607241544.444279671
1607241544.544279337
1607241544.644277573
1607241544.744277954
1607241544.844281197
1607241544.944282293
1607241545.044281483
1607241545.144284010
1607241545.244282722
1607241545.344278574
1607241545.444279194
1607241545.544280529
1607241545.644250631
1607241545.744278669
1607241545.844278097
1607241545.944281816
1607241546.044255495
1607241546.144278049
1607241546.244265318
1607241546.344280720
1607241546.444144487
1607241546.544250011
1607241546.644278765
1607241546.744279385
1607241546.844254017
1607241546.944295168
1607241547.044285297
1607241547.144279718
1607241547.244279385
1607241547.344165802
1607241547.444278717
1607241547.544278145
1607241547.644247055
1607241547.744278669
1607241547.844189405
1607241547.944250584
1607241548.044207335
1607241548.144279242
1607241548.244145393
1607241548.344284773
1607241548.444278240
1607241548.544279575
1607241548.644278288
1607241548.744252205
1607241548.844278574
1607241548.944277763
1607241549.044282436
1607241549.144278765
1607241549.244281769
1607241549.344255209
1607241549.444277287
1607241549.544251680
1607241549.644335270
1607241549.744288445
1607241549.844279289
1607241549.944253922
1607241550.044252157
1607241550.144278288
1607241550.244277000
1607241550.344251394
1607241550.444283724
1607241550.544247150
1607241550.644280672
1607241550.744276524
1607241550.844278336
1607241550.944116592
1607241551.044278145
1607241551.144247770
1607241551.244278193
1607241551.344281197
1607241551.444277525
1607241551.544279814
1607241551.644278526
1607241551.744236946
1607241551.844145536
1607241551.944284916
1607241552.044278622
1607241552.144282818
1607241552.244279623
1607241552.344280958
1607241552.444295883
1607241552.544263124
1607241552.644209862
1607241552.744279861
1607241552.844255209
1607241552.944279194
1607241553.044278383
1607241553.144280910
1607241553.244284153
1607241553.344277859
1607241553.444180727
1607241553.544274330
1607241553.644258022
1607241553.744280338
1607241553.844285011
1607241553.944257021
1607241554.044281483
1607241554.144274712
1607241554.244279385
1607241554.344254255
1607241554.444278717
1607241554.544278860
1607241554.644284964
1607241554.744282722
1607241554.844279051
1607241554.944283247
1607241555.044300556
1607241555.144308329
1607241555.244262934
1607241555.344285011
1607241555.444279194
1607241555.544283152
1607241555.644310951
1607241555.744254351
1607241555.844271660
1607241555.944282293
1607241556.044280052
1607241556.144281864
1607241556.244283199
1607241556.344280005
1607241556.444253683
1607241556.544251919
1607241556.644282818
1607241556.744285583
1607241556.844280005
1607241556.944249153
1607241557.044268370
1607241557.144279003
1607241557.244265556
1607241557.344251633
1607241557.444155693
1607241557.544262648
1607241557.644263029
1607241557.744246483
1607241557.844305277
1607241557.944174767
1607241558.044284344
1607241558.144287109
1607241558.244288206
1607241558.344277859
1607241558.444279432
1607241558.544280052
1607241558.644251347
1607241558.744282722
1607241558.844251394
1607241558.944277525
1607241559.044281244
1607241559.144285917
1607241559.244182110
1607241559.344279528
1607241559.444247007
1607241559.544286966
1607241559.644183874
1607241559.744282961
1607241559.844281912
1607241559.944280148
1607241560.044254065
1607241560.144253016
1607241560.244280815
1607241560.344280958
1607241560.444281340
1607241560.544253349
1607241560.644282103
1607241560.744289160
1607241560.844281912
1607241560.944286585
1607241561.044280767
1607241561.144282103
1607241561.244145870
1607241561.344280005
1607241561.444280386
1607241561.544282675
1607241561.644281864
1607241561.744280815
1607241561.844284058
1607241561.944253683
1607241562.044279575
1607241562.144279957
1607241562.244283676
1607241562.344184637
1607241562.444281816
1607241562.544250011
1607241562.644313097
1607241562.744183779
1607241562.844279528
1607241562.944280386
1607241563.044281006
1607241563.144228458
1607241563.244254112
1607241563.344308376
1607241563.444279432
1607241563.544282675
1607241563.644253016
1607241563.744249821
1607241563.844279528
1607241563.944283247
1607241564.044280291
1607241564.144278049
1607241564.244280338
1607241564.344256401
1607241564.444279432
1607241564.544183493
1607241564.644277334
1607241564.744280577
1607241564.844277620
1607241564.944244862
1607241565.044250727
1607241565.144286633
1607241565.244277954
1607241565.344248295
1607241565.444188356
1607241565.544279099
1607241565.644184351
1607241565.744281054
1607241565.844250679
1607241565.944278002
1607241566.044312000
1607241566.144211531
1607241566.244283915
1607241566.344283819
1607241566.444280386
1607241566.544279575
1607241566.644249201
1607241566.744165421
1607241566.844249725
1607241566.944278479
1607241567.044278860
1607241567.144281626
1607241567.244189501
1607241567.344278812
1607241567.444277287
1607241567.544279814
1607241567.644255400
1607241567.744187593
1607241567.844280720
1607241567.944267750
1607241568.044278622
1607241568.144253731
1607241568.244278669
1607241568.344277859
1607241568.444279432
1607241568.544184923
1607241568.644279718
1607241568.744280100
1607241568.844304085
1607241568.944182873
1607241569.044262886
1607241569.144262314
1607241569.244282246
1607241569.344248772
1607241569.444187164
1607241569.544283628
1607241569.644205809
1607241569.744255066
1607241569.844284534
1607241569.944281101
1607241570.044280052
1607241570.144278288
1607241570.244277716
1607241570.344267607
1607241570.444277763
1607241570.544282913
1607241570.644281387
1607241570.744248629
1607241570.844278336
1607241570.944249630
1607241571.044280052
1607241571.144280195
1607241571.244249821
1607241571.344281673
1607241571.444280148
1607241571.544129848
1607241571.644173622
1607241571.744285822
1607241571.844280005
1607241571.944279194
1607241572.044250727
1607241572.144281626
1607241572.244278908
1607241572.344281912
1607241572.444278717
1607241572.544248819
1607241572.644279718
1607241572.744248629
1607241572.844251156
1607241572.944278240
1607241573.044278145
1607241573.144286156
1607241573.244254351
1607241573.344250441
1607241573.444184303
1607241573.544244528
1607241573.644170284
1607241573.744144678
1607241573.844145536
1607241573.944277048
1607241574.044279099
1607241574.144257307
1607241574.244144678
1607241574.344305277
1607241574.444291830
1607241574.544280291
1607241574.644279242
1607241574.744279385
1607241574.844280481
1607241574.944243193
1607241575.044277430
1607241575.144144297
1607241575.244279385
1607241575.344278097
1607241575.444282293
1607241575.544248581
1607241575.644281149
1607241575.744278431
1607241575.844285011
1607241575.944250822
1607241576.044277906
1607241576.144272327
1607241576.244283676
1607241576.344280243
1607241576.444278479
1607241576.544195414
1607241576.644278765
1607241576.744256258
1607241576.844278574
1607241576.944281578
1607241577.044306755
1607241577.144294024
1607241577.244281292
1607241577.344254732
1607241577.444198132
