1607242102.453302145
1607242102.553596973
1607242102.653879881
1607242102.754191399
1607242102.854504585
1607242102.954816103
1607242103.055186749
1607242103.155498981
1607242103.255815983
1607242103.355963230
1607242103.456250429
1607242103.556570292
1607242103.656888723
1607242103.757196426
1607242103.857562304
1607242103.957877874
1607242104.058190823
1607242104.158504963
1607242104.258823395
1607242104.359137058
1607242104.459464550
1607242104.559614420
1607242104.659928322
1607242104.760297537
1607242104.860614777
1607242104.960937977
1607242105.061191559
1607242105.161503077
1607242105.261839151
1607242105.362151861
1607242105.462472677
1607242105.562765837
1607242105.663129330
1607242105.763457060
1607242105.863780737
1607242105.964098692
1607242106.064409494
1607242106.164732218
1607242106.265060663
1607242106.365281105
1607242106.465595722
1607242106.565912247
1607242106.666226149
1607242106.766541958
1607242106.866911650
1607242106.967231989
1607242107.067575216
1607242107.167889357
1607242107.268120050
1607242107.368345022
1607242107.468660116
1607242107.568974972
1607242107.669290066
1607242107.769604206
1607242107.869992495
1607242107.970308542
1607242108.070625544
1607242108.170945644
1607242108.271248817
1607242108.371590137
1607242108.471905708
1607242108.572082520
1607242108.672305346
1607242108.772661686
1607242108.872978210
1607242108.973299265
1607242109.073479176
1607242109.173795700
1607242109.274114132
1607242109.374429703
1607242109.474636555
1607242109.574950457
1607242109.675286531
1607242109.775566816
1607242109.875838041
1607242109.976118088
1607242110.076430559
1607242110.176726341
1607242110.276943207
1607242110.377159119
1607242110.477467775
1607242110.577782393
1607242110.678095102
1607242110.778275728
1607242110.878587484
1607242110.978922844
1607242111.079262018
1607242111.179574251
1607242111.279857159
1607242111.380171061
1607242111.480492830
1607242111.580859184
1607242111.681174994
1607242111.781487703
1607242111.881634235
1607242111.981947422
1607242112.082259417
1607242112.182600021
1607242112.282914877
1607242112.383228779
1607242112.483375549
1607242112.583590746
1607242112.683739185
1607242112.784049749
1607242112.884360313
1607242112.984697104
1607242113.084916353
1607242113.185218334
1607242113.285526037
1607242113.385838270
1607242113.486152411
1607242113.586370945
1607242113.686682940
1607242113.786992788
1607242113.887331009
1607242113.987521172
1607242114.087713242
1607242114.187856674
1607242114.288076401
1607242114.388297796
1607242114.488512993
1607242114.588850498
1607242114.689156055
1607242114.789397001
1607242114.889607906
1607242114.989917040
1607242115.090231895
1607242115.190542698
1607242115.290759563
1607242115.391072750
1607242115.491393805
1607242115.591705084
1607242115.692049026
1607242115.792336941
1607242115.892586470
1607242115.992806435
1607242116.093117476
1607242116.193359613
1607242116.293674946
1607242116.393892288
1607242116.494200945
1607242116.594510555
1607242116.694822311
1607242116.795133591
1607242116.895340204
1607242116.995585680
1607242117.095896006
1607242117.196218729
1607242117.296534300
1607242117.396847010
1607242117.497149467
1607242117.597486734
1607242117.697798491
1607242117.798110962
1607242117.898421288
1607242117.998741150
1607242118.099077463
1607242118.199398994
1607242118.299710512
1607242118.400020838
1607242118.500303268
1607242118.600595474
1607242118.700905085
1607242118.801241398
1607242118.901551008
1607242119.001701832
1607242119.101919889
1607242119.202260733
1607242119.302414417
1607242119.402786970
1607242119.503065109
1607242119.603391409
1607242119.703619003
1607242119.803933144
1607242119.904162645
1607242120.004480362
1607242120.104708910
1607242120.205016375
1607242120.305254698
1607242120.405569553
1607242120.505795479
1607242120.606105328
1607242120.706389189
1607242120.806699991
1607242120.907018900
1607242121.007328749
1607242121.107585907
1607242121.207898140
1607242121.308210135
1607242121.408520222
1607242121.508832216
1607242121.609160423
1607242121.709466457
1607242121.809654951
1607242121.909976244
1607242122.010289907
1607242122.110473156
1607242122.210797548
1607242122.311109781
1607242122.411416054
1607242122.511600733
1607242122.611916780
1607242122.712234259
1607242122.812554836
1607242122.912846565
1607242123.013125181
1607242123.113429070
1607242123.213737965
1607242123.314074993
1607242123.414229870
1607242123.514531851
1607242123.614869356
1607242123.715180874
1607242123.815490961
1607242123.915705919
1607242124.016020298
1607242124.116239548
1607242124.216457844
1607242124.316613436
1607242124.416839123
1607242124.517141342
1607242124.617433310
1607242124.717756033
1607242124.818064928
1607242124.918373823
1607242125.018682480
1607242125.118996859
1607242125.219330788
1607242125.319497347
1607242125.419644833
1607242125.519850254
1607242125.620017290
1607242125.720274687
1607242125.820492983
1607242125.920709372
1607242126.020921946
1607242126.121106863
1607242126.221332073
1607242126.321558714
1607242126.421810627
1607242126.521993876
1607242126.622149229
1607242126.722307205
1607242126.822670937
1607242126.922991991
1607242127.023314238
1607242127.123584747
1607242127.223909616
1607242127.324122667
1607242127.424316168
1607242127.524615526
1607242127.624936819
1607242127.725250006
1607242127.825580120
1607242127.925883055
1607242128.026204586
1607242128.126524448
1607242128.226847410
1607242128.327167988
1607242128.427492380
1607242128.527842283
1607242128.628131866
1607242128.728457689
1607242128.828782082
1607242128.929105520
1607242129.029457331
1607242129.129777670
1607242129.230098248
1607242129.330419779
1607242129.430741549
1607242129.531089067
1607242129.631418467
1607242129.731739521
1607242129.832063675
1607242129.932389259
1607242130.032700777
1607242130.132868528
1607242130.233191729
1607242130.333514690
1607242130.433834314
1607242130.534162283
1607242130.634487391
1607242130.734812975
1607242130.835134506
1607242130.935470343
1607242131.035790682
1607242131.136115313
1607242131.236434937
1607242131.336741209
1607242131.437065840
1607242131.537387133
1607242131.637712479
1607242131.737874269
1607242131.838194132
1607242131.938540697
1607242132.038864851
1607242132.139167309
1607242132.239477158
1607242132.339785814
1607242132.440095663
1607242132.540405035
1607242132.640714169
1607242132.741009235
1607242132.841320276
1607242132.941634655
1607242133.041944265
1607242133.142255306
1607242133.242538214
1607242133.342849255
1607242133.443159580
1607242133.543469429
1607242133.643785000
1607242133.744094372
1607242133.844399929
1607242133.944709778
1607242134.045007467
1607242134.145343542
1607242134.245654583
1607242134.345965862
1607242134.446277857
1607242134.546434641
1607242134.646755695
1607242134.747068644
1607242134.847285986
1607242134.947588921
1607242135.047901630
1607242135.148211718
1607242135.248554945
1607242135.348867178
1607242135.449142694
1607242135.549452305
1607242135.649665833
1607242135.749980450
1607242135.850135565
1607242135.950453997
1607242136.050763607
1607242136.151075363
1607242136.251393557
1607242136.351568222
1607242136.451883078
1607242136.552192211
1607242136.652517319
1607242136.752700567
1607242136.853021860
1607242136.953325272
1607242137.053544044
1607242137.153542280
1607242137.253545284
1607242137.353538990
1607242137.453514338
1607242137.553546667
1607242137.653403282
1607242137.753550053
1607242137.853543282
1607242137.953449011
1607242138.053381920
1607242138.153546572
1607242138.253545761
1607242138.353545427
1607242138.453549147
1607242138.553517818
1607242138.653513432
1607242138.753547192
1607242138.853569269
1607242138.953537941
1607242139.053544044
1607242139.153533220
1607242139.253523350
1607242139.353521824
1607242139.453540087
1607242139.553515196
1607242139.653542995
1607242139.753552198
1607242139.853521347
1607242139.953539848
1607242140.053545237
1607242140.153545618
1607242140.253420353
1607242140.353543282
1607242140.453511000
1607242140.553544760
1607242140.653408766
1607242140.753387690
1607242140.853544235
1607242140.953548670
1607242141.053535461
1607242141.153550148
1607242141.253548622
1607242141.353506804
1607242141.453545332
1607242141.553571701
1607242141.653383255
1607242141.753549576
1607242141.853547812
1607242141.953550100
1607242142.053428888
1607242142.153546095
1607242142.253509521
1607242142.353546619
1607242142.453543425
1607242142.553541660
1607242142.653544426
1607242142.753547430
1607242142.853522301
1607242142.953409672
1607242143.053540707
1607242143.153543234
1607242143.253545046
1607242143.353545666
1607242143.453441381
1607242143.553542376
1607242143.653544188
1607242143.753408909
1607242143.853409290
1607242143.953542233
1607242144.053518534
1607242144.153543949
1607242144.253393412
1607242144.353551865
1607242144.453549147
1607242144.553542614
1607242144.653546095
1607242144.753396273
1607242144.853547335
1607242144.953542948
1607242145.053551674
1607242145.153545380
1607242145.253579140
1607242145.353559256
1607242145.453548908
1607242145.553548098
1607242145.653516293
1607242145.753548861
1607242145.853510857
1607242145.953543425
1607242146.053545237
1607242146.153542757
1607242146.253547430
1607242146.353543282
1607242146.453542471
1607242146.553542614
1607242146.653545141
1607242146.753543139
1607242146.853544950
1607242146.953545809
1607242147.053543091
1607242147.153514624
1607242147.253544807
1607242147.353546858
1607242147.453544855
1607242147.553548574
1607242147.653542042
1607242147.753550291
1607242147.853542328
1607242147.953409672
1607242148.053548813
1607242148.153543711
1607242148.253546476
1607242148.353509665
1607242148.453541994
1607242148.553544521
1607242148.653545141
1607242148.753537655
1607242148.853410006
1607242148.953513622
1607242149.053380728
1607242149.153457642
1607242149.253570318
1607242149.353567362
1607242149.453552246
1607242149.553475380
1607242149.653548479
1607242149.753545284
1607242149.853544712
1607242149.953542471
1607242150.053542852
1607242150.153544903
1607242150.253548145
1607242150.353543997
1607242150.453526735
1607242150.553550720
1607242150.653543711
1607242150.753510237
1607242150.853542805
1607242150.953542233
1607242151.053546190
1607242151.153409243
1607242151.253543139
1607242151.353518486
1607242151.453470945
1607242151.553548098
1607242151.653542042
1607242151.753545046
1607242151.853545427
1607242151.953534126
1607242152.053566217
1607242152.153553009
1607242152.253543377
1607242152.353547096
1607242152.453543901
1607242152.553521633
1607242152.653540373
1607242152.753542662
1607242152.853545904
1607242152.953409910
1607242153.053545237
1607242153.153521061
1607242153.253549814
1607242153.353545666
1607242153.453544855
1607242153.553547859
1607242153.653544426
1607242153.753526926
1607242153.853410959
1607242153.953539610
1607242154.053544521
1607242154.153544903
1607242154.253449440
1607242154.353544474
1607242154.453545332
1607242154.553545952
1607242154.653541327
1607242154.753409147
1607242154.853554010
1607242154.953542471
1607242155.053543568
1607242155.153418064
1607242155.253542662
1607242155.353546143
1607242155.453546524
1607242155.553530931
1607242155.653515816
1607242155.753542900
1607242155.853544950
1607242155.953543425
1607242156.053545713
1607242156.153520107
1607242156.253545284
1607242156.353543520
1607242156.453543186
1607242156.553544521
1607242156.653544426
1607242156.753530502
1607242156.853545904
1607242156.953542471
1607242157.053547144
1607242157.153532743
1607242157.253544092
1607242157.353512287
1607242157.453572989
1607242157.553561926
1607242157.653552055
1607242157.753391981
1607242157.853544474
1607242157.953522205
1607242158.053548098
1607242158.153544426
1607242158.253542900
1607242158.353554487
1607242158.453544378
1607242158.553410769
1607242158.653409004
1607242158.753538609
1607242158.853543758
1607242158.953542709
1607242159.053392887
1607242159.153540134
1607242159.253543854
1607242159.353543520
1607242159.453547478
1607242159.553410292
1607242159.653436661
1607242159.753507853
1607242159.853545427
1607242159.953408957
1607242160.053544521
1607242160.153570652
1607242160.253570557
1607242160.353553772
1607242160.453547955
1607242160.553546190
1607242160.653543472
1607242160.753544331
1607242160.853410006
1607242160.953540325
1607242161.053547144
1607242161.153548002
1607242161.253539085
1607242161.353546143
1607242161.453545094
1607242161.553549528
1607242161.653517723
1607242161.753390312
1607242161.853546858
1607242161.953548908
1607242162.053543329
1607242162.153383732
1607242162.253542185
1607242162.353545666
1607242162.453546047
1607242162.553546667
1607242162.653508425
1607242162.753542185
1607242162.853456736
1607242162.953570843
1607242163.053556204
1607242163.153544664
1607242163.253546000
1607242163.353551865
1607242163.453544617
1607242163.553538561
1607242163.653544664
1607242163.753544569
1607242163.853545666
1607242163.953546524
1607242164.053543091
1607242164.153542757
1607242164.253549099
1607242164.353542805
1607242164.453544617
1607242164.553546429
1607242164.653443098
1607242164.753534079
1607242164.853542805
1607242164.953543186
1607242165.053544044
1607242165.153537035
1607242165.253528595
1607242165.353448868
1607242165.453446388
1607242165.553543329
1607242165.653405428
1607242165.753557444
1607242165.853547096
1607242165.953543901
1607242166.053422928
1607242166.153547049
1607242166.253542662
1607242166.353543520
1607242166.453543425
1607242166.553519487
1607242166.653543472
1607242166.753545523
1607242166.853545427
1607242166.953387499
1607242167.053543568
1607242167.153511524
1607242167.253547430
1607242167.353543520
1607242167.453537703
1607242167.553543806
1607242167.653543949
1607242167.753519535
1607242167.853417635
1607242167.953463554
1607242168.053544283
1607242168.153547287
1607242168.253540516
1607242168.353515625
1607242168.453562021
1607242168.553551435
1607242168.653545856
1607242168.753418446
1607242168.853541613
1607242168.953440905
1607242169.053546429
1607242169.153510332
1607242169.253540516
1607242169.353545189
1607242169.453544617
1607242169.553545237
1607242169.653408527
1607242169.753540277
1607242169.853545189
1607242169.953546762
1607242170.053515196
1607242170.153540850
1607242170.253411055
1607242170.353545666
1607242170.453551531
1607242170.553547382
1607242170.653543234
1607242170.753543377
1607242170.853544474
1607242170.953410864
1607242171.053567410
1607242171.153569937
1607242171.253550291
1607242171.353387117
1607242171.453540564
1607242171.553545237
1607242171.653541803
1607242171.753544569
1607242171.853409767
1607242171.953543186
1607242172.053541422
1607242172.153542519
1607242172.253409624
1607242172.353543520
1607242172.453552008
1607242172.553546906
1607242172.653522491
1607242172.753408909
1607242172.853546381
1607242172.953541756
1607242173.053543806
1607242173.153545856
1607242173.253524065
1607242173.353543043
1607242173.453547716
1607242173.553543329
1607242173.653544188
1607242173.753545761
1607242173.853516579
1607242173.953556538
1607242174.053409576
1607242174.153542519
1607242174.253545046
1607242174.353545666
1607242174.453517914
1607242174.553546906
1607242174.653542995
1607242174.753542185
1607242174.853541851
1607242174.953546762
1607242175.053540468
1607242175.153543234
1607242175.253541708
1607242175.353546619
1607242175.453542471
1607242175.553544998
1607242175.653516054
1607242175.753547430
1607242175.853389502
1607242175.953547478
1607242176.053542852
1607242176.153435707
1607242176.253390789
1607242176.353542566
1607242176.453543901
1607242176.553568125
1607242176.653554678
1607242176.753482103
1607242176.853538752
1607242176.953542948
1607242177.053543806
1607242177.153397560
1607242177.253523827
1607242177.353541851
1607242177.453543425
1607242177.553547621
1607242177.653534412
1607242177.753539085
1607242177.853447914
1607242177.953408957
1607242178.053389549
1607242178.153541565
1607242178.253439665
1607242178.353447437
1607242178.453409433
1607242178.553547144
1607242178.653544188
1607242178.753546238
1607242178.853543997
1607242178.953449488
1607242179.053544521
1607242179.153545618
1607242179.253571987
1607242179.353410244
1607242179.453552723
1607242179.553546667
1607242179.653512716
1607242179.753543139
1607242179.853512287
1607242179.953546286
1607242180.053544044
1607242180.153544188
1607242180.253456116
1607242180.353545189
1607242180.453557730
1607242180.553543806
1607242180.653540850
1607242180.753548384
1607242180.853523016
1607242180.953549385
1607242181.053450108
1607242181.153410912
1607242181.253545284
1607242181.353544712
1607242181.453538179
1607242181.553381205
1607242181.653510571
1607242181.753407955
1607242181.853547812
1607242181.953571320
1607242182.053541660
1607242182.153547287
1607242182.253543377
1607242182.353546143
1607242182.453519821
1607242182.553484440
1607242182.653441906
1607242182.753533125
1607242182.853547096
1607242182.953542233
1607242183.053549290
1607242183.153547049
1607242183.253552914
1607242183.353545427
1607242183.453545094
1607242183.553544283
1607242183.653543472
1607242183.753530741
1607242183.853547573
1607242183.953544855
1607242184.053543806
1607242184.153549194
1607242184.253543854
1607242184.353506565
1607242184.453547001
1607242184.553542137
1607242184.653576612
1607242184.753570318
1607242184.853559017
1607242184.953542471
1607242185.053544998
1607242185.153444767
1607242185.253545046
1607242185.353549480
1607242185.453549147
1607242185.553455114
1607242185.653450966
1607242185.753546715
1607242185.853541851
1607242185.953544855
1607242186.053547621
1607242186.153540373
1607242186.253544807
1607242186.353545427
1607242186.453436136
1607242186.553544998
1607242186.653546333
1607242186.753545761
1607242186.853541136
1607242186.953546047
1607242187.053547621
1607242187.153549671
1607242187.253520250
1607242187.353414536
1607242187.453569174
1607242187.553559303
1607242187.653542042
1607242187.753544807
1607242187.853477001
1607242187.953543186
1607242188.053547621
1607242188.153547525
1607242188.253543377
1607242188.353544712
1607242188.453534842
1607242188.553547382
1607242188.653542757
1607242188.753546476
1607242188.853546381
1607242188.953547716
1607242189.053517580
1607242189.153542995
1607242189.253546000
1607242189.353544950
1607242189.453521013
1607242189.553547859
1607242189.653537273
1607242189.753542900
1607242189.853546858
1607242189.953544617
1607242190.053544521
1607242190.153570414
1607242190.253536940
1607242190.353427172
1607242190.453547478
1607242190.553544998
1607242190.653544188
1607242190.753544092
1607242190.853546143
1607242190.953543663
1607242191.053543091
1607242191.153543949
1607242191.253415585
1607242191.353547812
1607242191.453551292
1607242191.553545713
1607242191.653528452
1607242191.753541708
1607242191.853548527
1607242191.953544617
1607242192.053449392
1607242192.153446913
1607242192.253543377
1607242192.353544474
1607242192.453546762
1607242192.553440571
1607242192.653516531
1607242192.753546715
1607242192.853570938
1607242192.953571558
1607242193.053552389
1607242193.153550386
1607242193.253544092
1607242193.353543997
1607242193.453544378
1607242193.553547859
1607242193.653544664
1607242193.753428221
1607242193.853543997
1607242193.953543186
1607242194.053540945
1607242194.153546333
1607242194.253549099
1607242194.353441954
1607242194.453543186
1607242194.553547621
1607242194.653540850
1607242194.753546000
1607242194.853543520
1607242194.953446150
1607242195.053525686
1607242195.153546333
1607242195.253546715
1607242195.353543758
1607242195.453545332
1607242195.553551197
1607242195.653451204
1607242195.753544569
1607242195.853548527
1607242195.953545809
1607242196.053541422
1607242196.153544426
1607242196.253541946
1607242196.353543758
1607242196.453545809
1607242196.553571701
1607242196.653571844
1607242196.753537416
1607242196.853544235
1607242196.953541279
1607242197.053544283
1607242197.153542042
1607242197.253542900
1607242197.353516579
1607242197.453550577
1607242197.553542852
1607242197.653540373
1607242197.753525019
1607242197.853512526
1607242197.953456163
1607242198.053543568
1607242198.153548002
1607242198.253547668
1607242198.353546619
1607242198.453546762
1607242198.553518057
1607242198.653544426
1607242198.753543854
1607242198.853547573
1607242198.953543186
1607242199.053548098
1607242199.153483868
1607242199.253546953
1607242199.353544235
1607242199.453545570
1607242199.553410769
1607242199.653541088
1607242199.753546476
1607242199.853512764
1607242199.953551292
1607242200.053540707
1607242200.153546810
1607242200.253545284
1607242200.353543758
1607242200.453412771
1607242200.553553820
1607242200.653572798
1607242200.753554344
1607242200.853539467
1607242200.953542948
1607242201.053525925
1607242201.153546572
1607242201.253546000
1607242201.353522539
1607242201.453540087
1607242201.553547382
1607242201.653540373
1607242201.753448486
1607242201.853544712
1607242201.953545570
1607242202.053546906
1607242202.153545141
1607242202.253510952
1607242202.353545427
1607242202.453546286
