0.000531197
0.000607967
0.000609875
0.000537395
0.000514746
0.000590324
0.000517368
0.000509262
0.000601768
0.000579357
0.000627041
0.000581741
0.000543594
0.000598907
0.000516891
0.000411510
0.000617266
0.000607729
0.000597477
0.000519037
0.000538349
0.000577450
0.000482798
0.000509262
0.000523806
0.000571728
0.000618458
0.000576973
0.000516415
0.000599861
0.000471354
0.000586748
0.000416517
0.000610352
0.000621796
0.000633240
0.000554085
0.000622511
0.000536203
0.000516415
0.000612259
0.000544310
0.000592947
0.000551462
0.000549555
0.000584126
0.000529528
0.000559807
0.000618935
0.000504255
0.000621557
0.000612974
0.000501156
0.000572205
0.000516415
0.000574350
0.000619888
0.000602484
0.000520468
0.000620365
0.000419855
0.000532866
0.000637054
0.000601292
0.000484943
0.000548840
0.000533581
0.000597954
0.000533581
0.000569105
0.000552416
0.000587702
0.000606775
0.000525475
0.000581503
0.000509262
0.000570774
0.000528336
0.000570059
0.000541449
0.000568151
0.000614166
0.000589848
0.000559807
0.000572920
0.000601292
0.000539780
0.000574112
0.000612259
0.000514507
0.000595331
0.000530720
0.000529051
0.000621557
0.000520468
0.000593424
0.000560045
0.000544548
0.000613451
0.000530720
0.000601292
0.000489950
0.000509977
0.000503063
0.000560045
0.000500917
0.000511646
0.000526190
0.000496626
0.000520468
0.000495672
0.000499487
0.000498056
0.000503540
0.000511408
0.000505447
0.000499964
0.000529766
0.000522614
0.000499487
0.000520468
0.000503778
0.000528336
0.000498295
0.000468493
0.000507832
0.000504971
0.000505924
0.000502586
0.000497580
0.000518560
0.000525713
0.000497580
0.000523329
0.000497341
0.000502586
0.000505447
0.000510693
0.000498056
0.000517607
0.000509262
0.000518084
0.000532389
0.000519991
0.000531673
0.000526667
0.010885477
0.000512600
0.000525951
0.000503778
0.000508547
0.000495672
0.000529289
0.000528574
0.000519991
0.000524998
0.000526667
0.011111021
0.000497818
0.000504971
0.000497341
0.000520706
0.000523806
0.000498056
0.000526667
0.000499010
0.000523329
0.000502825
0.000478506
0.000526667
0.000504255
0.000498533
0.000521421
0.000473499
0.000500441
0.000499964
0.000504255
0.000504255
0.000533819
0.000541210
0.000500441
0.000504494
0.000497341
0.000501394
0.000473499
0.000504255
0.000521421
0.000525713
0.000528097
0.000529051
0.000543356
0.000506401
0.000519514
0.000501156
0.000523806
0.000505209
0.000528336
0.000504494
0.000501633
0.000501394
0.000498295
0.000494480
0.000523806
0.000519276
0.000497580
0.000528097
0.000502110
0.000518560
0.000498056
0.000502348
0.000524521
0.000509262
0.000501394
0.000534534
0.000503540
0.000507832
0.000502348
0.000499487
0.000499249
0.000515461
0.000496387
0.000503778
0.000498295
0.000526905
0.000503063
0.000495672
0.000532389
0.000501394
0.000522852
0.000502825
0.011071205
0.000498056
0.000563622
0.000500202
0.000521898
0.000561476
0.000530958
0.000522614
0.000502586
0.000526428
0.000498056
0.000507116
0.000496626
0.000514269
0.000496387
0.000530481
0.000501156
0.000522137
0.000507355
0.000495195
0.000534773
0.000503063
0.000496626
0.000507116
0.000529051
0.000518799
0.000519037
0.000477791
0.000520229
0.000518322
0.000530243
0.000515699
0.000529289
0.000525951
0.000499010
0.000505924
0.000504017
0.000497818
0.000501871
0.000497580
0.000501394
0.000514507
0.000496864
0.000504732
0.000499487
0.000504017
0.000524044
0.000520706
0.000526190
0.000518322
0.000503540
0.000499010
0.000528574
0.000522852
0.000503778
0.000524521
0.000524521
0.000526905
0.000502348
0.000524759
0.000502348
0.000500441
0.000499487
0.000503778
0.000428438
0.000502348
0.000498772
0.000501156
0.000500202
0.000501394
0.000500917
0.000499010
0.000521898
0.000519753
0.000519514
0.000407934
0.000506401
0.000508547
0.000526905
0.000530720
0.000522852
0.000524759
0.000523329
0.000525713
0.000523090
0.000511885
0.000529289
0.000524044
0.000513554
0.000500441
0.000501633
0.000499010
0.000509739
0.000505209
0.000501633
0.000496387
0.000499487
0.000505924
0.000503063
0.000526905
0.000505209
0.000521660
0.000520706
0.000506401
0.000354052
0.000528574
0.000508308
0.000521183
0.000521898
0.000524282
0.000523806
0.000528097
0.000525475
0.000530005
0.000523090
0.000501633
0.000500679
0.000500679
0.000498772
0.000440359
0.000501871
0.000500679
0.000503778
0.000501156
0.000499964
0.000529051
0.000528812
0.000405312
0.000514746
0.000524998
0.000478983
0.000611305
0.000467539
0.000528336
0.000511408
0.011218071
0.000530243
0.011142731
0.000502348
0.000529289
0.000523567
0.000526667
0.000498772
0.000499487
0.000499249
0.000502825
0.000502348
0.000513077
0.000496387
0.000498056
0.000500202
0.000501871
0.000502110
0.000534296
0.000522375
0.000530720
0.000509977
0.000459194
0.000483036
0.000503540
0.000505924
0.000531197
0.000519991
0.000530481
0.000561237
0.000519753
0.000520945
0.000520945
0.000514269
0.000524282
0.000500202
0.000501156
0.000500202
0.000499487
0.000503778
0.000499487
0.000498772
0.000499010
0.000504732
0.000532150
0.000520229
0.000407696
0.000530958
0.000506401
0.000500679
0.000524282
0.000508308
0.000508070
0.000522852
0.000524044
0.000498533
0.000525713
0.000517130
0.000528336
0.000530005
0.000436068
0.000497103
0.000499249
0.000503778
0.000500917
0.000499249
0.000501156
0.000498056
0.000499725
0.000503063
0.000500679
0.000529766
0.000521421
0.000514984
0.000525475
0.000500679
0.000504017
0.000521660
0.000530243
0.011170626
0.000518084
0.000527382
0.000527143
0.000524044
0.000510693
0.000524521
0.000499964
0.000502825
0.000507832
0.000496149
0.000501633
0.000471115
0.000500679
0.000499725
0.000407696
0.000494719
0.000495911
0.000495911
0.000532150
0.000411510
0.000503778
0.000527143
0.000511408
0.000489473
0.000529051
0.000530958
0.000543594
0.000515223
0.000523329
0.000528812
0.000520706
0.000506401
0.000502110
0.000500202
0.000497818
0.000497818
0.000499249
0.000493288
0.000495195
0.000496864
0.000501156
0.000470638
0.000498533
0.000497818
0.000501871
0.000492096
0.000513077
0.000530720
0.000522375
0.000499487
0.000494003
0.000522614
0.000522614
0.000522852
0.000519753
0.000521898
0.000529528
0.000519991
0.000524044
0.000532866
0.000491619
0.000486135
0.000498056
0.000497580
0.000501394
0.000501394
0.000498533
0.000498056
0.000500679
0.000496149
0.000498056
0.000526667
0.000522375
0.000516653
0.000542164
0.000491381
0.000502348
0.000466824
0.000526905
0.000529766
0.000546455
0.000532389
0.000525236
0.000516891
0.000607967
0.000508070
0.000522852
0.000497341
0.000496864
0.000495434
0.000493050
0.000496387
0.000508785
0.000479937
0.000496387
0.000494719
0.000500441
0.000498056
0.000504971
0.000528812
0.000520229
0.000524282
0.000504255
0.000501871
0.000519276
0.000520945
0.000523567
0.000519753
0.000525236
0.000519514
0.011302233
0.000488997
0.000526905
0.000518322
0.000494957
0.000510931
0.000489712
0.000495672
0.000497818
0.000495434
0.000495434
0.000500917
0.000496387
0.000494957
0.000405312
0.000525713
0.000522614
0.000511646
0.000524044
0.000507116
0.000500441
0.000500679
0.000452518
0.000478745
0.000523567
0.000520945
0.000522852
0.000523806
0.000505924
0.000532389
0.000500441
0.000493526
0.000500441
0.000494242
0.000494719
0.000495911
0.000494480
0.000502110
0.000496864
0.000402689
0.000507355
0.000494003
0.000523090
0.000511646
0.000518799
0.000508547
0.000531912
0.000494719
0.000498056
0.000516415
0.011228800
0.000524044
0.000553608
0.000521898
0.000522852
0.000530005
0.000523329
0.000513554
0.000494003
0.000502825
0.000497818
0.000475168
0.000495195
0.000492573
0.000500917
0.000504255
0.000487804
0.000493288
0.000502348
0.000530005
0.000516653
0.000547647
0.000519514
0.000500917
0.000502825
0.000531673
0.000526190
0.000533342
0.000520945
0.000527620
0.011148214
0.000524044
0.000523806
0.000508547
0.000500441
0.000501394
0.000498056
0.000506639
0.000494003
0.000499487
0.000492811
0.000494957
0.000498056
0.000494003
0.000494480
0.000500441
0.000505686
0.000501871
0.000497818
0.000506163
0.000460863
0.000492096
0.000500679
0.000516176
0.000504732
0.000509739
0.000524521
0.000496149
0.000488520
0.000536442
0.000510216
0.000530720
0.000525951
0.000534773
0.000515699
0.000427961
0.000517130
0.000531197
0.000538588
0.000533581
0.000495434
0.000506163
0.000495911
0.000506639
0.000499010
0.000509501
0.000495672
0.000498533
0.000483274
0.000507116
0.000501633
0.000505447
0.000508785
0.000503778
0.000500441
0.000521421
0.000496387
0.000490904
0.000416756
0.000508070
0.000498295
0.000511646
0.000491381
0.000505447
0.000492334
0.000532866
0.000514030
0.000536203
0.000504971
0.000511169
0.000517607
0.000413179
0.000520706
0.000532389
0.000612736
0.000532150
0.000529528
0.000523567
0.000522137
0.000535011
0.000519276
0.000501871
0.000494003
0.000510931
0.000490189
0.000403643
0.000494719
0.000504971
0.000494003
0.000511885
0.000495195
0.000397444
0.000519991
0.000524521
0.000504971
0.000527859
0.000499487
0.000408888
0.000472307
0.000529289
0.000522137
0.000532389
0.000520706
0.000533819
0.000522137
0.000522137
0.000516176
0.000528097
0.000477076
0.000489950
0.000498295
0.000511885
0.000500202
0.000402451
0.000493765
0.000610828
0.000493288
0.000522137
0.000493765
0.000525236
0.000516653
0.000539064
0.000406742
0.000515223
0.000521660
0.000531197
0.000522852
0.000619173
0.000519276
0.000545740
0.000522614
0.000499964
0.000525236
0.000455141
0.000492573
0.000520468
0.000491858
0.000515938
0.000496626
0.000508785
0.000473499
0.000522614
0.000494957
0.000515461
0.000472307
0.000543356
0.000515699
0.000532150
0.000518799
0.000524282
0.000494242
0.000480890
0.000523806
0.000494957
0.000512838
0.000502586
0.000523329
0.000549793
0.000507116
0.000540495
0.000497818
0.000474691
0.000436068
0.000512123
0.000493526
0.000511408
0.000493050
0.000520229
0.000497818
0.000514030
0.000494242
0.000552893
0.000522614
0.000533104
0.000521421
0.000527859
0.000507355
0.000502110
0.000520945
0.000496626
0.000517368
0.000487804
0.000515461
0.000509262
0.000516653
0.000499487
0.000529051
0.000471115
0.000492334
0.000475407
0.000493288
0.000517130
0.000495195
0.000507355
0.000490904
0.000472784
0.000496149
0.000488281
0.000497818
0.000498533
0.000517368
0.000545502
0.000400305
0.000527859
0.000522375
0.000519037
0.000487089
0.000509024
0.000511885
0.000509501
0.000525951
0.000538349
0.000519753
0.000501633
0.000495911
0.000543594
0.000499725
0.000480890
0.000495195
0.000511169
0.000496626
0.000478029
0.000492096
0.000481367
0.000404835
0.000510693
0.000518084
0.000501394
0.000405550
0.000503540
0.000495911
0.000520706
0.000523567
0.000445604
0.000527382
0.000496387
0.000527620
0.011298418
0.000515223
0.000509739
0.000496626
0.000485659
0.000522852
0.000480413
0.000493526
0.000481129
0.000401020
0.000517368
0.000496864
0.000480652
0.000469923
0.000511885
0.000522614
0.000511646
0.000512123
0.000538826
0.000513792
0.000508070
0.000520945
0.000496149
0.000503540
0.000509977
0.000525236
0.000512362
0.000519276
0.000545025
0.000526428
0.000476122
0.000529051
0.000545740
0.000494480
0.000492334
0.000500917
0.000517130
0.000494957
0.000479460
0.000493765
0.000519753
0.000505447
0.000477076
0.000528812
0.000474930
0.000518560
0.000547647
0.000503063
0.000508308
0.000524282
0.000507832
0.000513554
0.000546217
0.000531673
0.000498056
0.000523806
0.000519991
0.000505209
0.000525475
0.000493288
0.000475168
0.000501633
0.000479698
0.000504017
0.000482082
0.000501394
0.000491381
0.000493050
0.000478745
0.000501633
0.000499964
0.000528336
0.000504494
0.000509024
0.000490189
0.000524044
0.011218071
0.000528812
0.000489473
0.000524044
0.000504017
0.000527620
0.000501156
0.000523806
0.000470877
0.000500917
0.000489235
0.000499725
0.000479937
0.000494957
0.000483274
0.000502825
0.000483990
0.000497341
0.000480652
0.000528574
0.000518322
0.000521660
0.000520468
0.000504971
0.000514984
0.000525475
0.000552177
0.000533104
0.011229753
0.000525475
0.000505924
0.000524998
0.000477552
0.000523806
0.000506639
0.000499249
0.000476122
0.000499725
0.000492811
0.000494003
0.000481844
0.000498056
0.000473499
0.000495911
0.000487566
0.000494480
0.000519514
0.000484228
0.000540733
0.000518084
0.000570297
