0.011739731
0.000883341
0.001002550
0.000962019
0.000950575
0.011445045
0.000952244
0.011642694
0.000957966
0.000827789
0.000846863
0.000965595
0.001019955
0.000842810
0.000991344
0.000969648
0.000883102
0.000798702
0.001008511
0.000842571
0.001003981
0.000895977
0.001009941
0.000973940
0.000821352
0.000994682
0.000914335
0.001013279
0.000845432
0.000936508
0.000902414
0.000861168
0.000799894
0.000978947
0.000977993
0.000974894
0.000831366
0.000940800
0.000894308
0.000850201
0.000943184
0.000960588
0.000861645
0.000878096
0.000986814
0.000845194
0.011569500
0.000876904
0.000896454
0.011593580
0.000970840
0.000941515
0.000957489
0.000858307
0.000885010
0.000833273
0.000942469
0.011416197
0.000892878
0.000998020
0.000998259
0.000839233
0.000997066
0.000841379
0.000858784
0.000965834
0.000970602
0.000968695
0.000885487
0.000963211
0.000979185
0.000886679
0.000785828
0.000825644
0.001028538
0.000828266
0.000797272
0.000951290
0.001001835
0.000836372
0.000899792
0.000976801
0.000879765
0.000963926
0.000930786
0.000835180
0.000899792
0.000960112
0.000843287
0.000894785
0.001035929
0.000955343
0.000876188
0.000945091
0.001024246
0.000841141
0.000907660
0.001008511
0.011498690
0.000879288
0.000952244
0.000843525
0.000808954
0.000872135
0.000810146
0.000808239
0.000797510
0.000792742
0.000822544
0.000824213
0.000810623
0.000787497
0.000807047
0.000793219
0.000798225
0.000804663
0.000873566
0.000854492
0.000790358
0.000800133
0.000772238
0.011520624
0.000845671
0.000819445
0.000845432
0.000873804
0.000814676
0.000807285
0.000872135
0.000802755
0.000871897
0.000869513
0.000802994
0.000802517
0.000804663
0.000813961
0.000798225
0.000864744
0.000819683
0.000829220
0.000791311
0.000821352
0.000804901
0.000829697
0.000840425
0.000860453
0.000823498
0.011536360
0.000813723
0.000792503
0.000853539
0.000798225
0.000896931
0.000769854
0.011516809
0.000841379
0.000872612
0.000851154
0.000878096
0.000807285
0.000814438
0.000796318
0.000869751
0.000800371
0.000855684
0.000868559
0.000786066
0.000862122
0.000806808
0.000827551
0.011189938
0.000800133
0.000808954
0.000844955
0.000868082
0.000786781
0.000785351
0.000818014
0.000817776
0.000862360
0.000855207
0.000869036
0.000802517
0.000806093
0.001095533
0.000814438
0.000881910
0.000850677
0.000672340
0.000812531
0.000872850
0.000927687
0.000645161
0.000876188
0.000822544
0.000818729
0.000821114
0.000878334
0.000822306
0.000879049
0.000823021
0.000870705
0.000795364
0.000865221
0.000805855
0.000870466
0.000818253
0.000808716
0.000828743
0.000856400
0.000805855
0.000981331
0.000819206
0.000813484
0.000845671
0.000849247
0.000848055
0.000676155
0.000854015
0.000637531
0.000809908
0.000812531
0.011275291
0.000871181
0.000829935
0.000887871
0.000668764
0.000841618
0.000632524
0.000826359
0.000857592
0.000811100
0.000637293
0.000830412
0.000876665
0.000865221
0.000644445
0.000766039
0.000801802
0.000850201
0.000669479
0.000817776
0.000853539
0.000813723
0.000815868
0.000890732
0.000886440
0.000808954
0.000703573
0.000842333
0.011305332
0.000978231
0.000813961
0.000838995
0.011345148
0.000776529
0.000834465
0.000873089
0.000813246
0.000807285
0.000840425
0.000799894
0.000862122
0.000713825
0.000803947
0.000856161
0.000820637
0.000812292
0.000632286
0.000809908
0.000848532
0.000915766
0.000828505
0.000818253
0.000891447
0.000841856
0.000819206
0.000880003
0.000826120
0.000828981
0.000836611
0.000665665
0.000783920
0.000861645
0.000846863
0.000776529
0.000843287
0.000822067
0.000863552
0.000646353
0.000619173
0.000966311
0.000834465
0.000768185
0.000658035
0.000827312
0.000839710
0.000837803
0.000658989
0.011226416
0.000788927
0.000801325
0.000823259
0.000846863
0.000881433
0.000784874
0.000891924
0.000809669
0.000888824
0.000832319
0.000864267
0.000882149
0.000874758
0.000811577
0.000896692
0.000872135
0.000625372
0.000876427
0.000781536
0.000823259
0.000625610
0.000832081
0.000819445
0.000833273
0.000630617
0.000827789
0.000836372
0.000882864
0.000889063
0.011333942
0.000878811
0.000991821
0.011456966
0.000877857
0.000852108
0.000773191
0.011195898
0.000832558
0.000830173
0.000818491
0.000885248
0.000799894
0.000811815
0.000631332
0.000815392
0.000797987
0.000833750
0.000861645
0.000833273
0.000818253
0.000815868
0.000947714
0.000669241
0.011420488
0.000817060
0.000884533
0.000835657
0.000877380
0.000850916
0.000874043
0.000811100
0.000631094
0.000893593
0.000868082
0.000608444
0.000856638
0.000825644
0.000831366
0.000885487
0.000864029
0.000896454
0.000710249
0.000857592
0.000818968
0.000799656
0.000819921
0.000842571
0.000814199
0.000880003
0.000824451
0.000837326
0.000805855
0.011296988
0.000825644
0.000882626
0.000868559
0.000871658
0.000889063
0.000803471
0.000840187
0.000659227
0.000987768
0.000856638
0.000607252
0.000895739
0.000820637
0.011209965
0.000810862
0.000799417
0.000814915
0.000657082
0.000813961
0.000889063
0.000816107
0.000840664
0.000880241
0.000825644
0.000827312
0.000819683
0.000874758
0.000897646
0.000787973
0.000868559
0.000820398
0.000819206
0.000874043
0.000824928
0.000870943
0.000765562
0.000818014
0.000836372
0.000813007
0.000810623
0.000821114
0.000810862
0.000674248
0.000869751
0.000818968
0.000814199
0.000878811
0.000815153
0.000873566
0.000851154
0.000848293
0.000844479
0.000833750
0.000826359
0.000818253
0.000834703
0.000820160
0.000832081
0.000883818
0.000788212
0.000784874
0.000813007
0.000863075
0.000883818
0.000646591
0.000808716
0.000858068
0.000891685
0.000764132
0.000626802
0.000839472
0.000830173
0.000826359
0.000873804
0.000817776
0.000817060
0.000820637
0.000824690
0.000793457
0.000902414
0.000885248
0.000890255
0.000837564
0.000901222
0.011125326
0.000774622
0.000841379
0.000664949
0.000804186
0.000802517
0.000862837
0.000708342
0.000761509
0.000803947
0.000860214
0.000875711
0.000855923
0.000826120
0.000818014
0.000684738
0.000791788
0.000825882
0.000811100
0.000635147
0.000836134
0.000882864
0.000837803
0.011453152
0.000762701
0.000827312
0.000866652
0.000820875
0.000853777
0.000847340
0.000864267
0.000699282
0.000813961
0.000706196
0.000778437
0.000819206
0.000859499
0.000651836
0.000829935
0.000813961
0.000652313
0.011341095
0.000806093
0.000837088
0.000820637
0.000818491
0.000809431
0.000718355
0.000812769
0.000822544
0.000845909
0.011264086
0.000867367
0.000879526
0.000821590
0.000805616
0.000674725
0.000774622
0.000778437
0.000780106
0.000684738
0.000859261
0.000784874
0.000801563
0.000785828
0.000704765
0.000797987
0.000887156
0.000839472
0.000599146
0.000838041
0.000890255
0.000799417
0.000834227
0.000809431
0.000866175
0.000797033
0.000835419
0.000819206
0.000847816
0.000811577
0.000895023
0.000808001
0.000820398
0.000802279
0.000928402
0.000867128
0.000847816
0.000797272
0.000849247
0.000841141
0.000860453
0.000771523
0.000845909
0.000767231
0.000777483
0.000618458
0.000780582
0.000820160
0.000814915
0.000813961
0.000804663
0.000792265
0.000814915
0.000744343
0.000820875
0.000770330
0.000627756
0.000810862
0.000821829
0.000828028
0.000643253
0.000796318
0.000823736
0.000818491
0.000677586
0.000828505
0.000656843
0.000829220
0.000668526
0.000818968
0.000660658
0.000867844
0.000827074
0.000801086
0.000640154
0.000876427
0.000861883
0.000809669
0.000676632
0.000798464
0.000788689
0.000770330
0.000647783
0.000859737
0.000639439
0.000851870
0.000633240
0.000857353
0.000621796
0.000876427
0.000866413
0.000854254
0.000820398
0.000868082
0.000849485
0.000817537
0.000669479
0.000881195
0.000893116
0.000812292
0.000711203
0.000879049
0.000893354
0.000802994
0.000672579
0.000838280
0.000739336
0.000764847
0.000665903
0.000818491
0.000639915
0.000857592
0.000618696
0.000885010
0.000641346
0.000804901
0.000813961
0.000800133
0.000661373
0.000813723
0.000810623
0.000863791
0.000631332
0.000811338
0.000817537
0.000869036
0.000612497
0.000884295
0.000654221
0.000815630
0.000622988
0.000878572
0.000860453
0.001003027
0.000802994
0.000862122
0.000659704
0.000858307
0.000813246
0.000870228
0.000587463
0.000804186
0.000817299
0.000798225
0.000637293
0.000792027
0.000635386
0.000804901
0.000669003
0.000811577
0.000616789
0.000872374
0.000654936
0.000818968
0.000646830
0.000840425
0.000814199
0.000802755
0.000648975
0.000811338
0.000908852
0.000802994
0.000673056
0.000861883
0.000818491
0.000810146
0.000634193
0.000799179
0.000773668
0.000806570
0.000845671
0.000812531
0.000825167
0.000979662
0.000821590
0.000828505
0.000757217
0.000804424
0.000816107
0.000823975
0.000807524
0.000707150
0.000827074
0.000813723
0.000686646
0.000813723
0.000841856
0.000794411
0.000838518
0.000817299
0.000830889
0.000801086
0.000810385
0.000821114
0.000708580
0.000874758
0.000759363
0.000826836
0.000788927
0.000854015
0.000836849
0.000883341
0.000824213
0.000636101
0.000815868
0.000828743
0.000799417
0.000816107
0.000806093
0.000842810
0.000830173
0.000878811
0.000828266
0.001037598
0.000776291
0.000794888
0.000800848
0.000835419
0.000850201
0.000807047
0.000884056
0.000643969
0.000872612
0.000809193
0.000856400
0.000663996
0.000826836
0.000811577
0.000831842
0.000787735
0.000707388
0.000806093
0.000825405
0.000797749
0.000693321
0.000874281
0.000890970
0.000864506
0.000876188
0.000802994
0.000848293
0.000863075
0.000778913
0.000758410
0.000808477
0.000811815
0.000812531
0.000797033
0.000821829
0.000835896
0.000806570
0.000787497
0.000827312
0.000798941
0.000817537
0.000790596
0.000647306
0.000806332
0.000672102
0.000880957
0.000720739
0.000802994
0.000812292
0.000837088
0.000631094
0.000811815
0.000887156
0.000861406
0.000636101
0.000766039
0.000664473
0.000853777
0.000638962
0.000830412
0.000641584
0.000807047
0.000785112
0.000796556
0.000664711
0.000860214
0.000659466
0.000891447
0.000648499
0.000791788
0.000840425
0.000646830
0.000633717
0.000830650
0.000828505
0.000879288
0.011147976
0.000868082
0.000676155
0.000806093
0.000654936
0.000864029
0.000657558
0.000790119
0.000638485
0.000810862
0.000811815
0.000807047
0.000899315
0.000852108
0.000648975
0.000800848
0.000664711
0.000649929
0.000673771
0.000799417
0.000807285
0.000822544
0.000838757
0.000872850
0.000804424
0.000820637
0.000843048
0.000891685
0.000840664
0.000849009
0.000804901
0.000797510
0.000657320
0.000642776
0.000875235
0.000610352
0.000613689
0.000852346
0.000806570
0.000644684
0.000806570
0.000810862
0.000634670
0.000798941
0.000659466
0.000817060
0.000656843
0.000803709
0.000649452
0.000840902
0.000626087
0.000828981
0.000652790
0.011223316
0.000633240
0.000619173
0.000818968
0.000809193
0.000657558
0.000775337
0.000802517
0.000832558
0.000616074
0.000702620
0.000593901
0.000799179
0.000812531
0.000600815
0.000881195
0.000825644
0.000630140
0.000796080
0.000650883
0.000582695
0.000844955
0.000703812
0.000624418
0.000823498
0.000852346
0.000845671
0.000845671
0.011242628
0.000816107
0.000669479
0.000728130
0.000730276
0.000788689
0.000826359
0.000610113
0.000791550
0.000814199
0.000864744
0.000644445
0.000820637
0.000642538
0.000795603
0.000816584
0.000804663
0.000658751
0.000792742
0.000849724
0.000891447
0.000634909
0.000935793
0.000812292
0.000811577
0.000808239
0.000846863
0.000841618
0.000811815
0.000664711
0.000812531
0.000661135
0.000875950
0.000711203
0.000794172
0.000637770
0.000872850
0.000879765
0.000863552
0.000821352
0.000794649
0.000804663
0.000786543
0.000662088
0.000803471
0.000850677
0.000794411
0.000710487
0.000867844
0.011004686
0.000797987
0.000857592
0.000816345
0.011116266
0.000807524
0.000852108
0.000839472
0.000655413
0.000771999
0.000784159
0.000818968
0.000637531
0.000811100
0.000809431
0.000820875
0.000654459
0.000808001
0.000836611
0.000861168
0.000809431
0.000802279
0.000830412
0.000800133
0.000830889
0.000809193
0.000598431
0.000810623
0.000819921
0.000813007
0.011312246
0.000800848
0.000839472
0.000803709
0.000820398
0.000892401
0.000673532
0.000804663
0.000855446
0.000850439
0.000832796
0.000781059
0.000814676
0.000856400
0.000863552
0.000795841
0.000856638
0.000813007
0.000724316
0.000833750
0.000816584
0.000806808
0.000828743
0.000800610
0.000846386
0.000797033
0.000813007
0.000818253
0.000829935
0.000836611
0.000834942
