0.012699604
0.012391567
0.002430677
0.012618303
0.001909733
0.012024164
0.002437830
0.012424231
0.002177715
0.002397537
0.002172232
0.002209663
0.002379656
0.002193451
0.002335548
0.012197495
0.011777401
0.002379417
0.012022018
0.002181292
0.012143850
0.002407551
0.002390385
0.012343407
0.012523174
0.002045631
0.002418995
0.002399683
0.002207279
0.012219667
0.002380133
0.012267828
0.002393961
0.012113810
0.012208700
0.002390385
0.011925220
0.012135744
0.012488127
0.002177954
0.012203693
0.012167215
0.002411604
0.011918306
0.012005329
0.002407789
0.002151012
0.012371540
0.002198935
0.012105227
0.002395630
0.012204170
0.002472639
0.012137651
0.002361298
0.012505531
0.002329588
0.002177715
0.002438307
0.012018204
0.002211809
0.012224436
0.012490273
0.012469769
0.002161741
0.002356768
0.002139568
0.012396097
0.012176514
0.012260914
0.002411127
0.002056599
0.012423038
0.002423525
0.012263536
0.011896849
0.002176046
0.012417078
0.012247324
0.002388239
0.012410164
0.012399435
0.012194633
0.002390862
0.002151012
0.002411127
0.012408495
0.002220154
0.012439489
0.002383471
0.002159595
0.002152681
0.002085686
0.002388239
0.012207031
0.002389908
0.002374649
0.002396822
0.002146721
0.012140274
0.002440214
0.002029657
0.002026081
0.002048016
0.002047539
0.002118111
0.002103329
0.002068043
0.002088785
0.002088785
0.011718750
0.002075434
0.002084494
0.002089977
0.002100468
0.002061129
0.002048016
0.002048254
0.012145281
0.001984119
0.002089500
0.012096167
0.002093077
0.012119770
0.012155056
0.002041578
0.002070427
0.002026558
0.012118816
0.002060890
0.012125254
0.012146711
0.002054691
0.011811018
0.002059698
0.001945972
0.002094984
0.002086401
0.002074003
0.002073526
0.001975060
0.002065897
0.002053499
0.012067795
0.012156487
0.002004147
0.002058983
0.002077579
0.002061367
0.002094746
0.002054930
0.002063513
0.002056837
0.002082586
0.001993895
0.002021790
0.002065897
0.011996031
0.002108574
0.012121439
0.002084732
0.002180576
0.001949787
0.002043724
0.002085447
0.002032757
0.002052069
0.002075911
0.002060175
0.002044439
0.002034664
0.001998425
0.002042532
0.002001047
0.001925945
0.002021551
0.002044916
0.002048254
0.002042294
0.002017736
0.002048254
0.002036333
0.002017260
0.002057076
0.002084255
0.002105236
0.002098560
0.002065420
0.002084255
0.002045155
0.012151957
0.002094269
0.002076387
0.002077818
0.002100945
0.002066135
0.012116194
0.002047777
0.002059937
0.002048492
0.002078533
0.002052784
0.011826277
0.002091408
0.002071381
0.002059937
0.012186527
0.012135983
0.002062798
0.002008677
0.002016068
0.002012491
0.002060890
0.002067804
0.012058258
0.012134075
0.002030849
0.002048969
0.002058744
0.012099028
0.012086630
0.002059698
0.002058029
0.002079010
0.002057791
0.012137413
0.002044201
0.002064943
0.002065659
0.002102852
0.002086401
0.002057314
0.001966715
0.002055168
0.002061844
0.002046585
0.001949549
0.002063274
0.001983166
0.002081156
0.002089024
0.001990557
0.002081156
0.002096891
0.002095222
0.002085686
0.002059460
0.002038956
0.002061844
0.001950026
0.001982450
0.001975060
0.002068043
0.002038240
0.002063274
0.002049685
0.002062559
0.002043962
0.002053738
0.002070904
0.002073288
0.002035141
0.002064943
0.002092361
0.002072096
0.002090931
0.002071142
0.002075195
0.002081394
0.002075911
0.002108097
0.012157679
0.002031326
0.002076149
0.002049446
0.002034187
0.002035618
0.002063036
0.012100220
0.002050400
0.002051115
0.002096653
0.002070427
0.002059937
0.002067566
0.001995802
0.002054214
0.002077341
0.002048254
0.001976252
0.002092600
0.002077818
0.002094746
0.002035141
0.002096891
0.002080679
0.002089262
0.012152195
0.002063274
0.002054214
0.002066612
0.002217531
0.001967192
0.002062798
0.011833191
0.002082586
0.012149334
0.012167692
0.002047777
0.002093554
0.002066135
0.002081633
0.002043009
0.002060413
0.002060890
0.001974344
0.002079964
0.012131214
0.002078295
0.002093554
0.001967669
0.002100468
0.002084494
0.002110720
0.002099276
0.002056122
0.002067089
0.002088070
0.002046824
0.002063274
0.002083063
0.002071381
0.012142897
0.001997471
0.002068996
0.002071857
0.002125740
0.011881828
0.002070904
0.001943827
0.012116432
0.002044916
0.001972675
0.002094984
0.012117624
0.001934290
0.001941204
0.002100706
0.012167454
0.002096891
0.011801004
0.012061834
0.002080441
0.002052546
0.002041340
0.002086878
0.002059460
0.002048254
0.002109766
0.002026081
0.002106667
0.002058029
0.002081394
0.002095461
0.001961470
0.002040863
0.002055883
0.002066851
0.002038956
0.012156963
0.002148628
0.001944065
0.002105236
0.011911392
0.002116203
0.002094269
0.002086401
0.002068996
0.002097845
0.002089739
0.002109766
0.002087116
0.001940489
0.011864185
0.002031803
0.001973152
0.011595249
0.002032518
0.002064466
0.002068758
0.002099037
0.002043009
0.012151241
0.002052069
0.001938581
0.002109528
0.002125978
0.002038956
0.002081633
0.002063036
0.002083063
0.002074480
0.002087831
0.001980543
0.002093315
0.002083302
0.002093315
0.001942635
0.002096653
0.002061129
0.002060413
0.002037525
0.001960754
0.002055407
0.002042532
0.002054453
0.001997709
0.002061367
0.002039671
0.002017260
0.002071619
0.002040863
0.002036810
0.012102127
0.002097368
0.012077093
0.002085686
0.002143860
0.002415419
0.002972603
0.002151489
0.002090693
0.002077103
0.002079487
0.002050877
0.002031088
0.002045870
0.002092123
0.002050877
0.011798382
0.002089500
0.002013922
0.012144089
0.002076387
0.002063274
0.002060890
0.002107143
0.002089024
0.002037287
0.002034664
0.002044201
0.002034187
0.002087831
0.002130032
0.002007484
0.002039433
0.002113581
0.002085447
0.002070189
0.002044916
0.002037287
0.002112627
0.002059460
0.002053499
0.002078533
0.002072811
0.002047777
0.002064228
0.002053022
0.002045870
0.002051115
0.002072573
0.002085447
0.011628151
0.002039433
0.002058983
0.002019644
0.002086878
0.002042532
0.002092361
0.002079487
0.002128601
0.002110004
0.012095928
0.002082586
0.002063274
0.011966705
0.002077103
0.002090693
0.002036333
0.002054691
0.001991987
0.002053261
0.002040148
0.002053499
0.002004623
0.002084732
0.002068996
0.012151003
0.002064466
0.012137413
0.002070189
0.002039433
0.002032995
0.002198219
0.002055883
0.012113094
0.002011538
0.002033949
0.002150297
0.002086401
0.012138367
0.002084970
0.011653185
0.002035141
0.002064228
0.002073765
0.002110004
0.002069712
0.002029657
0.012138367
0.012140512
0.002061129
0.002072811
0.002044916
0.002060652
0.002088308
0.002038240
0.002054691
0.002071619
0.002050877
0.002057791
0.002116442
0.002102375
0.002116442
0.012140036
0.002094269
0.012049437
0.002095222
0.002086163
0.002069950
0.002097607
0.012150526
0.002063751
0.002055883
0.002090931
0.002048969
0.002081394
0.002083778
0.002067327
0.002058268
0.001987934
0.002091646
0.002084255
0.002081394
0.001969099
0.002050638
0.002131701
0.002072096
0.011804819
0.002094984
0.002087593
0.002111197
0.002122641
0.011729479
0.002126217
0.002087593
0.002085447
0.002048492
0.002087116
0.002051830
0.002058268
0.002079964
0.011790991
0.002076387
0.002072096
0.002081394
0.002055883
0.002028227
0.002050161
0.002062559
0.002079248
0.002101898
0.002055168
0.002070904
0.012194633
0.002094030
0.002089262
0.002092361
0.002096891
0.001956701
0.002101421
0.002135754
0.002076864
0.002090454
0.012015104
0.012145042
0.002078295
0.002109528
0.002057791
0.001932383
0.002040863
0.002081394
0.002063990
0.002091169
0.002032280
0.002078772
0.002062082
0.002065182
0.002046347
0.002099514
0.002094030
0.012049913
0.002073765
0.012153864
0.002108574
0.002076626
0.002102375
0.002125978
0.002071857
0.002060890
0.002089739
0.002064228
0.002088070
0.002095461
0.002063274
0.002088547
0.002088070
0.002062082
0.002068043
0.002083302
0.002070904
0.002050400
0.002070665
0.002102375
0.002057076
0.002074480
0.002065182
0.002076864
0.002037287
0.002064943
0.002092123
0.002108097
0.002077579
0.002095699
0.012166739
0.002089500
0.002046585
0.002082348
0.002084970
0.002082825
0.002053976
0.002088785
0.002095461
0.002104521
0.002065897
0.002050877
0.002059460
0.002084970
0.002063513
0.002058268
0.002077341
0.002045393
0.002098322
0.012141705
0.011822701
0.002099991
0.002071381
0.002108812
0.002045393
0.001949072
0.002068996
0.001967907
0.002083540
0.002106190
0.001961470
0.001953363
0.002001762
0.001966953
0.002037525
0.002056360
0.002019882
0.001937151
0.002070427
0.001946688
0.002041817
0.001956701
0.012095928
0.002066612
0.002038002
0.012264729
0.002128363
0.011911631
0.002081156
0.002081156
0.002136230
0.002091646
0.002075672
0.002109289
0.012090921
0.002058506
0.012079954
0.002064228
0.002073765
0.002071857
0.011692047
0.002054214
0.002071619
0.002058029
0.002085209
0.002059698
0.002075672
0.002032280
0.002062559
0.002062082
0.002046824
0.002055168
0.002064705
0.012098312
0.002111673
0.002044678
0.001912832
0.011710882
0.011684418
0.002067566
0.002048016
0.002057076
0.002067327
0.002102852
0.002010345
0.002060652
0.001970530
0.001986027
0.002073288
0.002112865
0.002083063
0.002094269
0.002061844
0.012125015
0.002078056
0.012138844
0.002060175
0.002121449
0.002150536
0.002091885
0.002074480
0.002118111
0.002099276
0.002082825
0.002102852
0.002075434
0.002049208
0.002041578
0.001961231
0.002071619
0.002089739
0.002071142
0.011721373
0.012156963
0.002127171
0.002028227
0.002053738
0.002074718
0.002060890
0.002099276
0.002086163
0.002069712
0.002101660
0.002105474
0.002092838
0.012097120
0.002256393
0.012104988
0.002100706
0.002098560
0.002020836
0.002086878
0.002068281
0.002078056
0.002079248
0.002041578
0.002094746
0.002094746
0.002062798
0.002096653
0.002074718
0.002079248
0.012153149
0.002055168
0.002057552
0.002063036
0.002062559
0.002059221
0.002057791
0.002082348
0.002040386
0.012128592
0.002101660
0.002104521
0.002105474
0.002128363
0.002079487
0.002101898
0.002081871
0.002078295
0.002057076
0.002053022
0.002088070
0.002065897
0.002063274
0.002076864
0.012145996
0.002094507
0.012174368
0.002059698
0.002043962
0.002039671
0.002053976
0.001929998
0.002042770
0.002099276
0.002099276
0.002075195
0.002086639
0.002116680
0.002080917
0.002097130
0.002120972
0.012173653
0.002138615
0.012144804
0.002064466
0.002060413
0.002065659
0.002041578
0.002084494
0.002064466
0.002087593
0.002043247
0.002066135
0.002102375
0.002060413
0.012141943
0.002095461
0.002130508
0.002077103
0.002058029
0.002115726
0.002118587
0.002094984
0.002095938
0.002092838
0.002101660
0.012123346
0.002126694
0.002095699
0.002081871
0.002101183
0.002079964
0.002090931
0.002064466
0.002043962
0.001977921
0.012075663
0.002114534
0.002126217
0.002111912
0.002094507
0.002120495
0.002083063
0.002142906
0.002109051
0.001944780
0.002063990
0.002090693
0.012145519
0.001984596
0.002080917
0.002085209
0.002126217
0.012154579
0.012126684
0.002092838
0.002098560
0.002072573
0.001973629
0.002062082
0.002082825
0.002071381
0.002074957
0.002094030
0.002089977
0.002071142
0.002091885
0.001978874
0.002056122
0.002084017
0.002067327
0.002081156
0.002057552
0.002120018
0.002540827
0.002080679
0.001958132
0.002065420
0.012135029
0.002094507
0.001969099
0.002123117
0.002102137
0.011625528
0.002140760
0.002074003
0.002107620
0.002079248
0.002079248
0.002063990
0.002065659
0.002092838
0.011751652
0.002080679
0.002071381
0.012165785
0.002050638
0.001945019
0.002086878
0.002136946
0.002052546
0.001964092
0.012171268
0.002079010
0.002099991
0.012153387
0.002086878
0.002089977
0.002080679
0.002147675
0.002100706
0.002107382
0.002066612
0.002070904
0.002065897
0.002063274
0.011710644
0.002117872
0.012172222
0.002090931
0.002073288
0.002089024
0.002068758
0.002069712
0.002095461
0.002057791
0.002058029
0.002050161
0.001941204
0.002081394
0.002095699
0.002098083
0.001969337
0.002082348
0.002125502
0.002095461
0.002065659
0.002075434
0.002037287
0.002096176
0.002066612
0.002087593
0.002091169
0.012140989
0.002062798
0.002085924
0.002060413
0.002050638
0.012112379
0.002092838
0.002079725
0.002061605
0.012165070
0.002123833
0.002095461
0.002053022
0.002088547
0.002099276
0.011633396
0.002134323
0.002109766
0.002089977
0.002088308
0.001951218
0.011688709
0.002071381
0.002066612
0.002063036
0.002077341
0.002103090
0.011812925
0.002095461
