0.015169621
0.005238295
0.005135298
0.005186558
0.004255533
0.004281044
0.005270720
0.004288435
0.005103827
0.004318476
0.004497290
0.005170107
0.005161047
0.004292011
0.004052877
0.005190134
0.004388094
0.004285574
0.005261660
0.005155325
0.004476786
0.004277468
0.004280567
0.005230427
0.005178928
0.004138708
0.005247593
0.004323483
0.004280567
0.003989220
0.004655838
0.004241228
0.005143166
0.004127741
0.004170895
0.005173922
0.014007807
0.004288673
0.014582634
0.014057398
0.004252434
0.004189253
0.004312992
0.005238056
0.004445553
0.005110025
0.005211115
0.005190849
0.004446268
0.004230976
0.005187035
0.005105019
0.004261255
0.005186558
0.004491568
0.004524708
0.004395723
0.005162001
0.005113125
0.013986588
0.005164862
0.004180908
0.014030933
0.014614105
0.004427433
0.004422426
0.005227566
0.004252911
0.005143404
0.005282879
0.004488945
0.004251003
0.004285574
0.004203320
0.005070210
0.005200624
0.004214764
0.004196167
0.014502287
0.005167484
0.005126238
0.004221201
0.005212069
0.005097151
0.004200459
0.004335403
0.004254580
0.005193233
0.014616728
0.005161285
0.004274845
0.013920069
0.013138533
0.004214764
0.005178213
0.014093637
0.004279852
0.005128145
0.005154133
0.004238367
0.005114794
0.003994465
0.003954887
0.003932953
0.004447222
0.003959417
0.003973722
0.003953218
0.003907681
0.003924370
0.003942013
0.003997326
0.003965855
0.004045725
0.003940344
0.004074812
0.004040480
0.004211903
0.004061460
0.004139185
0.004118443
0.004068375
0.004129648
0.004037380
0.004110575
0.004051208
0.003963470
0.004027605
0.004020691
0.003981829
0.003943443
0.003972054
0.004105330
0.003971338
0.003885269
0.004060745
0.003980875
0.003959656
0.003922462
0.004020929
0.003985643
0.003977776
0.003996849
0.004081726
0.003974676
0.004181862
0.003950596
0.003972054
0.003969908
0.003991604
0.004105568
0.003954887
0.003914356
0.003942251
0.012718678
0.004024506
0.003900766
0.003951311
0.003949165
0.003973961
0.003981829
0.003978491
0.003967762
0.004153967
0.003916264
0.003981113
0.003939390
0.004059315
0.004071951
0.004062176
0.004066229
0.003984451
0.003949404
0.004059076
0.003935575
0.003977537
0.004050493
0.012695074
0.003927231
0.012785435
0.004065037
0.003982782
0.003948689
0.004082203
0.003938913
0.004066467
0.003918648
0.004003525
0.004041910
0.004011631
0.004093170
0.004011154
0.004114151
0.004025221
0.003994942
0.004040718
0.003924131
0.004103899
0.003990173
0.004120111
0.003933430
0.004030943
0.003945827
0.004127264
0.003976107
0.003968000
0.003978014
0.004070044
0.012711763
0.003975868
0.003946543
0.003931761
0.003960371
0.004027605
0.004012585
0.003925085
0.004097223
0.004014254
0.004085302
0.003999233
0.004110813
0.004038811
0.003995180
0.004092216
0.004065752
0.004125357
0.003969908
0.004035234
0.004041672
0.004057884
0.004086733
0.004001856
0.004024029
0.003967285
0.003926516
0.003956079
0.003984213
0.004048824
0.004094839
0.003990650
0.004037857
0.004009008
0.003961563
0.003986597
0.004028559
0.004024267
0.003998518
0.004012585
0.003974915
0.003978968
0.003957748
0.003998518
0.003984451
0.004025698
0.003951073
0.004125118
0.004058123
0.003988028
0.003943682
0.004037619
0.004009724
0.004006147
0.003962994
0.004028797
0.004001379
0.003994465
0.003907919
0.003971815
0.004042387
0.004034996
0.003953934
0.004112959
0.003964186
0.003991842
0.004001617
0.003979683
0.003934383
0.004045486
0.003985643
0.003953934
0.003947258
0.004115582
0.004027128
0.003990889
0.004008770
0.003941774
0.003989458
0.003977060
0.004010201
0.004120111
0.003958225
0.004099846
0.004185438
0.004028082
0.003954649
0.004033804
0.004012346
0.004127979
0.004122257
0.004048586
0.003980637
0.003979445
0.004020214
0.003977060
0.003904104
0.003969193
0.003985405
0.003998995
0.004015446
0.003991365
0.003971577
0.012593508
0.003964663
0.003939152
0.012838840
0.003986835
0.004239559
0.004087687
0.003951073
0.004095793
0.003946066
0.004186630
0.003981829
0.003992319
0.004053116
0.004043102
0.004043579
0.004019499
0.003937006
0.004066229
0.004168749
0.004089832
0.003942251
0.003983736
0.003979445
0.004068613
0.003888369
0.003964424
0.004007101
0.004123211
0.003960133
0.004028320
0.003935337
0.004121065
0.003903389
0.004088640
0.003962278
0.004075050
0.003961086
0.004049301
0.003969431
0.004018784
0.004053116
0.003966570
0.003961802
0.003980637
0.004018307
0.004110813
0.003967047
0.003994942
0.003937006
0.004165411
0.003992796
0.003988266
0.004002810
0.004012823
0.003958941
0.003953695
0.003968954
0.004035711
0.004112482
0.003972769
0.004119873
0.003964663
0.003982067
0.004023075
0.003973722
0.003980160
0.004011154
0.003982067
0.003903627
0.003991127
0.004032373
0.003974676
0.003901958
0.004050970
0.003942728
0.004029512
0.003935814
0.003986120
0.004100561
0.004010439
0.003994942
0.004011154
0.003962278
0.003983736
0.003926754
0.003982306
0.003954172
0.004067183
0.004028797
0.004020214
0.003938198
0.004033804
0.003931046
0.004000664
0.003973007
0.004011869
0.004070759
0.004079342
0.003969193
0.004940748
0.004101992
0.004018068
0.003991365
0.004008532
0.004021645
0.004166842
0.003992796
0.004000187
0.004065990
0.003985167
0.004078627
0.004012823
0.003919125
0.004128695
0.004050970
0.004128695
0.003969669
0.003994703
0.004092932
0.004105330
0.004030943
0.003974199
0.004030704
0.003952503
0.003985167
0.004034996
0.003975630
0.004119158
0.004004002
0.004062176
0.004147291
0.003983974
0.003931046
0.003991365
0.004065752
0.003991365
0.004050732
0.004167080
0.003979921
0.004003763
0.003992319
0.004021168
0.003969193
0.004024029
0.004011869
0.004072666
0.004057169
0.004142761
0.003941059
0.004135609
0.003997564
0.004061937
0.003975868
0.004085779
0.004088402
0.004040480
0.003979445
0.004004478
0.004131317
0.004019737
0.003982544
0.004268408
0.004034758
0.004086733
0.003989458
0.003999949
0.003935575
0.004091501
0.003981590
0.004031181
0.003924608
0.004073620
0.004004717
0.004007101
0.004087448
0.004008770
0.003942728
0.004003763
0.004003525
0.004068375
0.004004478
0.004192829
0.004031897
0.003987789
0.003967524
0.003939390
0.003946304
0.003996372
0.004020214
0.003950357
0.003943443
0.003964424
0.004019260
0.003979921
0.003948450
0.003926039
0.003967285
0.003988743
0.004060984
0.004070044
0.003961802
0.004017115
0.003985643
0.004016161
0.004000902
0.004052162
0.003952026
0.004060268
0.004017353
0.004103184
0.004006386
0.004087210
0.003962994
0.003965139
0.004052401
0.004101992
0.004231930
0.003999233
0.003952265
0.004112482
0.004111052
0.004096031
0.003952503
0.004075527
0.003934383
0.004002810
0.003933191
0.003980160
0.004066706
0.004000425
0.004058361
0.004082203
0.004060030
0.004068613
0.004004717
0.004086494
0.004028559
0.004080534
0.003966570
0.012790680
0.003949404
0.004004478
0.003952026
0.003977299
0.003982306
0.004074574
0.004109383
0.004110813
0.003982544
0.004001856
0.004049778
0.004109144
0.004040003
0.004030466
0.004002333
0.004064083
0.004013300
0.004042864
0.003981829
0.004133463
0.004034758
0.004009008
0.004112482
0.004019499
0.003959894
0.004026651
0.003992558
0.003991127
0.004116774
0.004024267
0.003941536
0.003976583
0.004121780
0.004075766
0.004003763
0.004111290
0.003921270
0.004041672
0.003964186
0.004031420
0.004034758
0.004127741
0.004033327
0.004015446
0.004012346
0.004053593
0.004048109
0.004015446
0.003967762
0.004133940
0.004098177
0.003984690
0.003940582
0.003998518
0.003973961
0.003977776
0.003953934
0.004050970
0.003957272
0.004108191
0.003946781
0.004008055
0.003950357
0.004165649
0.004008532
0.004027605
0.004075050
0.003988743
0.004060984
0.004057884
0.004089832
0.004013062
0.004095793
0.004045486
0.003987551
0.004084587
0.004048586
0.004103422
0.003994226
0.012825251
0.004051208
0.004119873
0.004008293
0.003989935
0.004103899
0.003996611
0.003986120
0.004035711
0.004055023
0.004268885
0.004042387
0.004142284
0.004092932
0.004062891
0.004024982
0.004059553
0.004119873
0.004025459
0.004192352
0.004034996
0.003982782
0.003978491
0.004009008
0.003972054
0.003968954
0.003948212
0.003946543
0.004051924
0.004052877
0.003952265
0.004074097
0.003975391
0.004003763
0.003985643
0.003944159
0.004071236
0.003976107
0.003978968
0.003944635
0.003983974
0.004059792
0.004036665
0.003972292
0.004275799
0.003969669
0.003986120
0.003999472
0.004011631
0.003968477
0.004059315
0.004006386
0.003957748
0.004083395
0.004046440
0.003959656
0.003951550
0.004020691
0.003970146
0.003972530
0.004019260
0.003983498
0.004120827
0.003934383
0.004035950
0.004043579
0.004009724
0.003976583
0.004016399
0.003966331
0.003985167
0.004115105
0.004028082
0.003959656
0.003998995
0.003991127
0.003955603
0.003959417
0.003968716
0.003977776
0.004744291
0.003988266
0.004005909
0.004027367
0.004215717
0.003961802
0.003952265
0.003963709
0.004019976
0.004037619
0.004126310
0.003949165
0.004107714
0.004001141
0.004152536
0.003995419
0.004005432
0.004060507
0.004072905
0.004111052
0.004040718
0.003973007
0.004101515
0.004051685
0.004060745
0.003961563
0.004002094
0.003980875
0.003976822
0.004075050
0.003956556
0.003956318
0.003978729
0.004022360
0.004063845
0.003968954
0.003953457
0.003959417
0.004086494
0.004025698
0.004048109
0.003976822
0.004006386
0.003944874
0.003982544
0.003999710
0.003973007
0.003946304
0.004042149
0.004001141
0.004179001
0.003968954
0.003973961
0.004017830
0.004009485
0.004025698
0.003975868
0.004045963
0.004081726
0.003955603
0.003989458
0.003964663
0.004133701
0.003937960
0.004028320
0.004089355
0.004034519
0.003942966
0.004040718
0.003974438
0.003991842
0.004061937
0.004006147
0.003919601
0.003997564
0.004148006
0.003997087
0.003963947
0.012728214
0.003918648
0.003971577
0.003908396
0.003980160
0.003963947
0.004017115
0.003944635
0.004033327
0.003938913
0.004011869
0.003960133
0.003996134
0.003964901
0.004123926
0.004020452
0.003993511
0.003969193
0.004009008
0.003959894
0.003987074
0.003954411
0.004037857
0.004095554
0.004032135
0.003962994
0.004014492
0.013031483
0.004000664
0.003968954
0.003990650
0.004081964
0.004166842
0.004036427
0.004047155
0.004192829
0.004019260
0.004083633
0.004132271
0.004006624
0.004065752
0.004040241
0.004110098
0.003959179
0.004031420
0.004050255
0.004076719
0.004010439
0.003991604
0.003990889
0.003988504
0.003993273
0.003958464
0.003940582
0.004029274
0.003897429
0.004041672
0.004028082
0.003973246
0.003907681
0.003983498
0.004082441
0.004086733
0.004148006
0.004036665
0.004016399
0.003984213
0.004013062
0.004040241
0.003962755
0.004004002
0.003987312
0.004015446
0.004098892
0.004018068
0.003943920
0.004068613
0.003998756
0.004040956
0.003968477
0.004090071
0.004034519
0.004001141
0.003918409
0.003959417
0.004131794
0.004020452
0.003987551
0.004102945
0.003984213
0.003975391
0.004040956
0.003993988
0.003967524
0.004075766
0.003952742
0.003956556
0.003955841
0.004037619
0.003984928
0.004003048
0.004019499
0.004039526
0.003971100
0.003987551
0.003984213
0.004034281
0.003974438
0.004015684
0.003993273
0.003983259
0.003974438
0.004001141
0.003968716
0.003983736
0.004119396
0.004038334
0.003964186
0.004012108
0.003974438
0.004012346
0.003965616
0.003969431
0.003973722
0.004020452
0.004062176
0.004010439
0.004016876
0.004006386
0.003984451
0.003964663
0.003993273
0.004019737
0.003948689
0.004091263
0.003968477
0.004096985
0.003988028
0.004103661
0.003981352
0.003978491
0.004108667
0.004083872
0.004101753
0.004085064
0.004021883
0.004109144
0.004127979
0.004064322
0.003948212
0.004063845
0.004018068
0.004024982
0.003988981
0.004019737
0.004020452
0.004015923
0.004014015
0.004007578
0.003972292
0.003967524
0.003968954
0.004054308
0.004110336
0.004041433
0.003967047
0.004024506
0.003947973
0.004011869
0.004074812
0.003963947
0.003995180
0.004062414
0.004055023
0.004090071
0.003941536
0.003988266
0.003968000
0.004160881
0.003988028
0.004029751
0.004010677
0.004074097
0.004012346
0.003989458
0.003961086
0.004085302
0.004096985
0.004025698
0.004087687
0.004011393
0.004136324
0.004090548
0.004027605
0.004079580
0.004134655
0.004098654
0.003935814
0.004064560
0.004072666
0.004107952
0.004110813
0.004206419
0.003997326
0.004101038
0.003964424
0.004062891
0.004003525
0.004026651
0.004017115
