0.000524759
0.000357389
0.000434160
0.000356436
0.000359058
0.000450134
0.000357389
0.000379086
0.000357389
0.000382185
0.000355244
0.000435829
0.000362873
0.000362635
0.000453949
0.000354528
0.000357151
0.000351667
0.000432014
0.000354528
0.000357866
0.000375032
0.000422001
0.000385761
0.000380754
0.000360727
0.000450850
0.000354052
0.000367641
0.000376463
0.000334263
0.000429869
0.000356674
0.000364065
0.000376463
0.000386000
0.000359058
0.000379562
0.000360966
0.000356913
0.000455856
0.000355244
0.000393391
0.000357628
0.000383854
0.000432014
0.000356436
0.000364780
0.000428677
0.000386953
0.000356674
0.000451565
0.000358105
0.000360966
0.000357151
0.000355959
0.000456333
0.000352859
0.000360727
0.000357866
0.000448704
0.000357151
0.000352383
0.000447273
0.000352859
0.000460148
0.000360250
0.000386238
0.000353098
0.000357866
0.000350952
0.000428200
0.000365257
0.000375986
0.000359297
0.000360489
0.000463724
0.000355959
0.000386000
0.000425577
0.000355244
0.000360966
0.000362635
0.000453949
0.000356197
0.000370264
0.000351667
0.000405312
0.000364542
0.000361443
0.000368595
0.000366926
0.000402212
0.000364780
0.000354052
0.000449181
0.000356197
0.000385284
0.000356436
0.000355005
0.000469208
0.000296116
0.000354290
0.000352621
0.000354767
0.000372648
0.000350714
0.000378847
0.000352859
0.000348806
0.000354528
0.000351906
0.000392437
0.000357389
0.000356436
0.000342846
0.000355959
0.000353336
0.000273943
0.000356197
0.000353813
0.000267267
0.000378132
0.000275373
0.000366926
0.000387669
0.000372648
0.000379801
0.000325203
0.000335455
0.000322819
0.000305891
0.000282288
0.000304937
0.000306606
0.000331640
0.000270844
0.000319958
0.000306368
0.000299692
0.000331879
0.000291824
0.000317574
0.000291348
0.000299454
0.000327826
0.000304937
0.000319481
0.000293493
0.000304461
0.000296354
0.000303984
0.000378847
0.000342369
0.000373363
0.000308037
0.000303268
0.000309467
0.000299215
0.000326633
0.000294924
0.000337839
0.000299931
0.000287056
0.000291586
0.000375986
0.000351191
0.000349283
0.000351429
0.000350237
0.000350475
0.000366688
0.000357151
0.000351906
0.000348806
0.000292301
0.000350475
0.000351667
0.000376701
0.000357151
0.000352859
0.000371218
0.000349760
0.000367403
0.000351906
0.000354767
0.000362396
0.000351667
0.000368834
0.000349522
0.000375986
0.000353575
0.000378370
0.000349760
0.000337839
0.000378847
0.000352144
0.000370264
0.000341177
0.000350237
0.000375032
0.000351191
0.000375509
0.000356436
0.000353575
0.000371218
0.000351906
0.000367403
0.000355244
0.000356197
0.000382900
0.000346899
0.000352144
0.000356674
0.000376701
0.000352383
0.000380039
0.000352144
0.000355482
0.000349045
0.000349522
0.000337362
0.000348330
0.000347853
0.000373363
0.000318766
0.000354528
0.000350714
0.000349045
0.000359774
0.000359297
0.000369072
0.000346184
0.000357151
0.000384331
0.000347614
0.000374794
0.000351429
0.000316143
0.000322342
0.000348568
0.000368357
0.000349760
0.000368595
0.000350952
0.000373602
0.000355482
0.000295162
0.000375748
0.000363588
0.000360489
0.000319719
0.000353575
0.000373840
0.000351667
0.000347614
0.000351429
0.000346899
0.000352859
0.000345707
0.000325680
0.000346899
0.000349760
0.000365496
0.000348330
0.000353336
0.000351667
0.000356436
0.000352859
0.000352144
0.000366449
0.000357628
0.000350475
0.000353098
0.000352144
0.000343800
0.000353575
0.000375509
0.000352621
0.000350237
0.000350714
0.000353813
0.000347137
0.000360489
0.000378370
0.000346899
0.000355005
0.000378847
0.000351191
0.000381470
0.000331402
0.000349760
0.000367403
0.000349522
0.000357389
0.000349283
0.000349760
0.000381231
0.000352621
0.000380754
0.000349998
0.000349045
0.000349760
0.000348568
0.000348330
0.000346661
0.000353813
0.000354528
0.000353575
0.000349283
0.000351906
0.000357389
0.000356913
0.000359535
0.000358105
0.000360250
0.000363827
0.000365019
0.000359297
0.000365257
0.000362396
0.000382900
0.000383377
0.000353098
0.000376701
0.000382423
0.000377178
0.000379324
0.000375032
0.000371933
0.000380993
0.000389814
0.000353575
0.000348568
0.000349760
0.000320673
0.000350952
0.000347137
0.000351667
0.000349045
0.000351191
0.000345230
0.000336409
0.000351191
0.000347614
0.000351667
0.000346661
0.000350952
0.000348568
0.000348568
0.000349522
0.000349045
0.000366211
0.000351429
0.000350475
0.000349760
0.000350952
0.000317574
0.000348568
0.000350952
0.000326157
0.000351667
0.000358582
0.000320196
0.000376940
0.000379086
0.000359774
0.000376701
0.000386238
0.000370979
0.000354767
0.000349522
0.000355005
0.000354528
0.000344515
0.000345945
0.000349045
0.000349760
0.000350952
0.000354528
0.000349760
0.000350952
0.000349045
0.000359058
0.000352621
0.000350475
0.000352144
0.000355244
0.000371218
0.000358105
0.000350237
0.000377893
0.000380754
0.000375986
0.000380754
0.000360966
0.000354052
0.000375271
0.000379801
0.000381708
0.000357866
0.000295639
0.000350237
0.000376225
0.000363350
0.000286579
0.000351906
0.000352621
0.000351906
0.000349760
0.000350475
0.000349760
0.000352144
0.000358343
0.000375271
0.000348568
0.000352144
0.000372648
0.000378132
0.000362158
0.000349283
0.000375509
0.000365496
0.000324488
0.000347853
0.000349045
0.000349760
0.000348330
0.000350714
0.000351906
0.000350952
0.000349283
0.000296116
0.000353336
0.000347853
0.000353813
0.000288010
0.000352383
0.000352859
0.000351906
0.000360966
0.000373840
0.000357628
0.000316620
0.000379801
0.000363111
0.000370502
0.000374794
0.000378132
0.000364304
0.000376463
0.000356436
0.000353813
0.000347376
0.000343323
0.000345707
0.000352859
0.000349760
0.000349522
0.000350237
0.000349283
0.000356913
0.000352859
0.000318527
0.000353098
0.000351906
0.000351906
0.000370264
0.000364780
0.000294209
0.000374556
0.000373363
0.000315666
0.000360489
0.000377417
0.000373840
0.000359774
0.000363350
0.000353813
0.000346661
0.000328779
0.000344276
0.000350714
0.000349760
0.000349045
0.000319242
0.000347137
0.000348806
0.000346661
0.000349998
0.000347137
0.000348568
0.000348330
0.000349045
0.000297070
0.000366688
0.000354528
0.000375032
0.000374556
0.000367403
0.000373125
0.000372648
0.000377178
0.000340939
0.000377417
0.000346422
0.000350237
0.000346661
0.000347376
0.000345707
0.000345945
0.000348330
0.000347614
0.000349283
0.000349522
0.000348330
0.000348330
0.000349045
0.000351667
0.000350714
0.000355005
0.000372648
0.000355482
0.000328302
0.000373125
0.000375748
0.000380278
0.000374556
0.000376463
0.000380754
0.000374794
0.000350237
0.000350952
0.000355005
0.000349045
0.000351667
0.000296593
0.000347137
0.000351906
0.000355244
0.000349283
0.000347614
0.000350952
0.000347137
0.000351191
0.000351191
0.000350237
0.000349522
0.000377178
0.000362873
0.000379086
0.000373125
0.000376225
0.000360012
0.000378132
0.000374317
0.000371218
0.000362635
0.000375748
0.000352859
0.000348568
0.000348091
0.000349998
0.000348806
0.000351429
0.000349045
0.000350714
0.000361443
0.000357389
0.000349522
0.000350475
0.000349760
0.000350237
0.000350475
0.000359297
0.000364304
0.000363588
0.000326395
0.000373602
0.000374317
0.000354290
0.000379086
0.000342607
0.000372410
0.000376225
0.000350952
0.000351191
0.000353336
0.000352144
0.000349760
0.000351667
0.000350952
0.000349045
0.000352621
0.000350237
0.000350475
0.000348330
0.000349522
0.000349760
0.000350714
0.000347376
0.000378370
0.000367403
0.000350952
0.000376225
0.000381231
0.000376701
0.000296116
0.000378847
0.000376463
0.000374079
0.000365496
0.000348806
0.000346184
0.000348330
0.000347137
0.000352859
0.000346422
0.000345945
0.000346899
0.000344753
0.000344515
0.000351191
0.000354052
0.000348330
0.000345469
0.000353575
0.000346899
0.000374079
0.000363827
0.000349522
0.000376225
0.000373602
0.000362873
0.000315905
0.000373125
0.000369310
0.000351429
0.000321627
0.000350237
0.000346422
0.000346661
0.000351429
0.000297546
0.000353813
0.000347614
0.000345469
0.000298500
0.000352144
0.000347376
0.000346184
0.000352859
0.000348806
0.000349283
0.000349045
0.000378847
0.000355005
0.000349522
0.000351667
0.000374794
0.000373602
0.000371695
0.000373602
0.000370264
0.000369310
0.000345469
0.000346422
0.000349760
0.000346422
0.000347137
0.000347376
0.000345945
0.000345945
0.000344276
0.000345707
0.000350475
0.000344992
0.000348568
0.000349998
0.000351191
0.000354767
0.000346899
0.000375748
0.000352144
0.000353336
0.000353336
0.000379086
0.000377178
0.000374317
0.000381231
0.000350237
0.000378847
0.000366688
0.000344515
0.000345230
0.000350237
0.000298500
0.000347614
0.000349522
0.000346422
0.000353575
0.000346422
0.000350475
0.000352383
0.000351429
0.000292063
0.000350714
0.000354290
0.000364304
0.000322580
0.000351667
0.000375748
0.000370979
0.000379562
0.000319719
0.000376940
0.000380278
0.000318527
0.000381470
0.000346184
0.000354528
0.000349522
0.000350475
0.000354290
0.000352621
0.000347137
0.000347853
0.000349045
0.000343323
0.000357389
0.000349522
0.000346661
0.000362158
0.000320673
0.000350952
0.000348091
0.000377417
0.000345707
0.000355005
0.000329018
0.000384569
0.000363588
0.000322819
0.000325441
0.000371218
0.000368595
0.000346661
0.000348806
0.000352144
0.000346184
0.000342846
0.000348091
0.000346661
0.000344038
0.000346899
0.000345469
0.000346661
0.000349522
0.000348806
0.000353336
0.000344753
0.000344753
0.000347853
0.000363350
0.000354528
0.000375748
0.000377178
0.000368834
0.000377178
0.000373125
0.000385284
0.000373363
0.000376701
0.000346184
0.000346661
0.000353813
0.000351906
0.000347853
0.000345945
0.000347376
0.000349760
0.000351191
0.000347853
0.000348568
0.000349283
0.000348568
0.000317097
0.000350237
0.000351429
0.000376225
0.000353336
0.000370502
0.000373363
0.000347376
0.000371456
0.000375032
0.000371695
0.000371218
0.000375271
0.000373602
0.000344515
0.000344276
0.000349045
0.000348568
0.000357628
0.000352621
0.000345707
0.000349045
0.000349283
0.000346899
0.000345707
0.000357151
0.000344992
0.000344992
0.000347137
0.000350475
0.000348091
0.000349522
0.000351667
0.000358343
0.000350475
0.000349283
0.000355721
0.000358582
0.000348806
0.000353098
0.000355244
0.000357866
0.000382900
0.000368357
0.000374556
0.000375509
0.000372171
0.000374079
0.000353575
0.000371933
0.000353813
0.000346661
0.000351667
0.000347137
0.000348568
0.000349045
0.000348806
0.000349045
0.000350714
0.000352621
0.000352859
0.000353098
0.000348091
0.000350475
0.000346422
0.000345469
0.000362158
0.000349998
0.000346899
0.000347376
0.000319719
0.000350475
0.000352383
0.000346661
0.000346184
0.000348091
0.000351667
0.000350475
0.000349283
0.000369549
0.000351191
0.000354290
0.000369787
0.000375748
0.000377178
0.000372410
0.000370741
0.000370264
0.000373840
0.000346661
0.000349283
0.000350952
0.000351667
0.000356197
0.000349283
0.000350952
0.000348091
0.000349045
0.000349760
0.000355244
0.000346899
0.000345469
0.000349045
0.000347137
0.000347137
0.000349045
0.000390053
0.000375032
0.000349522
0.000375509
0.000350714
0.000374079
0.000375509
0.000372648
0.000365734
0.000297070
0.000353813
0.000349522
0.000346899
0.000322580
0.000348330
0.000347137
0.000353336
0.000352383
0.000353336
0.000347614
0.000349522
0.000345707
0.000299931
0.000346184
0.000347614
0.000346899
0.000347137
0.000366211
0.000355959
0.000372171
0.000375032
0.000374079
0.000375032
0.000376463
0.000371218
0.000357866
0.000373840
0.000351429
0.000347853
0.000350475
0.000339031
0.000352383
0.000345230
0.000348330
0.000318766
0.000353098
0.000350714
0.000353575
0.000345469
0.000350714
0.000349522
0.000350714
0.000354767
0.000368357
0.000359058
0.000350714
0.000376463
0.000376225
0.000333786
0.000364304
0.000370502
0.000373602
0.000338078
0.000371695
0.000346184
0.000348091
0.000356197
0.000349283
0.000345707
0.000348806
0.000348568
0.000349283
0.000351429
0.000350237
0.000346661
0.000352621
0.000349522
0.000347376
0.000353336
0.000348806
0.000378847
0.000354528
0.000349998
0.000373125
0.000375032
0.000346899
0.000376940
0.000371218
0.000359774
0.000364065
0.000294209
0.000347614
0.000348806
0.000345707
0.000346422
0.000344992
0.000345945
0.000345469
0.000349760
0.000293493
0.000347376
0.000350237
0.000347853
0.000348806
0.000344992
0.000334740
0.000348330
