0.000339031
0.000296831
0.000319719
0.000230789
0.000316620
0.000225544
0.000369310
0.000318289
0.000223875
0.000251293
0.000281811
0.000314474
0.000336647
0.000340939
0.000436068
0.000293016
0.000226736
0.000240803
0.000316381
0.000222445
0.000314713
0.000316143
0.000245571
0.000427246
0.000311852
0.000248194
0.000220776
0.000220776
0.000313759
0.000316143
0.000251532
0.000312090
0.000312805
0.000290632
0.000363111
0.000224352
0.000251293
0.000317335
0.000227690
0.000314474
0.000220060
0.000209570
0.000281572
0.000308990
0.000249624
0.000189543
0.000318289
0.000306368
0.000289440
0.000277519
0.000311613
0.000313044
0.000317097
0.000322104
0.000503778
0.000272036
0.000282764
0.000232935
0.000319719
0.000219584
0.000278711
0.000226021
0.000315189
0.000194073
0.000330210
0.000347853
0.000316620
0.000313759
0.000359774
0.000319004
0.000314474
0.000327110
0.000427723
0.000318766
0.000305176
0.000280142
0.000190258
0.000297070
0.000318766
0.000313997
0.000325441
0.000313520
0.000324965
0.000280142
0.000315189
0.000288963
0.000362158
0.000322580
0.000319242
0.000277996
0.000299692
0.000316143
0.000318050
0.000342607
0.000473022
0.000316858
0.000222921
0.000234365
0.000246525
0.000321865
0.000228405
0.000223398
0.000313520
0.000221014
0.000342369
0.000219822
0.000319481
0.000447750
0.000315189
0.000222683
0.000221968
0.000287056
0.000242710
0.000316143
0.000311375
0.000326633
0.000300884
0.000314474
0.000224113
0.000317574
0.000250340
0.000221252
0.000282288
0.000247955
0.000313282
0.000274420
0.000315666
0.000218391
0.000284672
0.000221014
0.000317335
0.000249147
0.000318527
0.000218868
0.000252247
0.000317574
0.000223398
0.000249386
0.000314713
0.000340700
0.000221014
0.000315905
0.000246048
0.000312090
0.000336409
0.000314951
0.000221729
0.000292540
0.000313759
0.000220060
0.000247478
0.000228167
0.000344753
0.000316381
0.000224829
0.000341654
0.000313997
0.000315189
0.000340939
0.000220060
0.000220537
0.000333071
0.000310183
0.000221491
0.000220299
0.000316143
0.000331402
0.000340223
0.000219822
0.000315666
0.000221491
0.000258684
0.000313044
0.000222683
0.000316143
0.000314951
0.000249624
0.000221252
0.000316381
0.000329256
0.000277042
0.000248671
0.000221252
0.000589609
0.000339270
0.000313759
0.000313759
0.000467777
0.000308990
0.000313759
0.000319481
0.000217915
0.000280857
0.000316620
0.000311852
0.000227451
0.000446320
0.000311136
0.000312090
0.000311613
0.000597239
0.000313520
0.000312805
0.000337362
0.000218391
0.000222921
0.000319719
0.000311613
0.000218868
0.000334024
0.000313282
0.000316620
0.000338316
0.000316381
0.000488281
0.000340223
0.000316381
0.000321627
0.000328541
0.000314474
0.000277996
0.000595570
0.000217915
0.000311613
0.000310421
0.000317812
0.000218153
0.000422716
0.000286102
0.000313044
0.000312090
0.000314713
0.000311613
0.000319004
0.000190496
0.000311852
0.000237703
0.000313282
0.000314236
0.000243425
0.000313759
0.000334501
0.000318527
0.000312328
0.000292301
0.000411272
0.000271082
0.000285864
0.000255585
0.000457287
0.000343323
0.000312090
0.000320673
0.000320911
0.000313044
0.000282764
0.000277042
0.000312567
0.000244617
0.000315189
0.000312090
0.000294924
0.000202656
0.000281811
0.000329018
0.000311613
0.000313997
0.000294447
0.000318289
0.000312328
0.000308275
0.000283480
0.000323534
0.000313044
0.000313282
0.000315428
0.000611067
0.000312567
0.000283241
0.000310421
0.000311136
0.000346422
0.000309706
0.000315189
0.000339985
0.000340700
0.000316381
0.000314713
0.000338554
0.000314951
0.000327349
0.000316143
0.000316143
0.000327587
0.000315905
0.000315666
0.000350475
0.000318766
0.000452757
0.000322104
0.000280380
0.000316143
0.000340700
0.000314713
0.000319719
0.000314236
0.000314236
0.000319481
0.000299931
0.000279427
0.000280380
0.000324965
0.000312805
0.000312090
0.000329733
0.000305891
0.000305891
0.000322819
0.000221014
0.000222206
0.000550270
0.000248194
0.000313282
0.000220060
0.000314236
0.000313282
0.000252962
0.000218868
0.000218630
0.000286102
0.000221729
0.000339508
0.000219822
0.000317097
0.000221491
0.000298500
0.000314713
0.000315189
0.000343800
0.000312328
0.000218868
0.000213146
0.000259638
0.000326633
0.000347137
0.000217676
0.000221252
0.000317574
0.000247240
0.000218630
0.000344515
0.000318050
0.000219107
0.000308275
0.000313282
0.000281811
0.000313044
0.000239372
0.000256062
0.000284672
0.000221014
0.000264406
0.000260353
0.000219822
0.000716686
0.000263929
0.000287533
0.000257015
0.000300407
0.000224113
0.000291586
0.000328541
0.000251532
0.000293255
0.000293970
0.000285864
0.000231981
0.000232220
0.000198364
0.000239611
0.000235796
0.000236511
0.000238180
0.000276566
0.000279427
0.000275373
0.000282288
0.000281572
0.000277996
0.000280619
0.000215769
0.000276804
0.000205755
0.000277758
0.000222683
0.000309944
0.000213146
0.000266790
0.000291824
0.000265837
0.000275373
0.000272036
0.000200510
0.000251532
0.000229836
0.000220537
0.000236750
0.000233173
0.000278473
0.000278950
0.000276089
0.000277042
0.000278711
0.000276327
0.000235319
0.000234127
0.000275850
0.000286579
0.000234365
0.000279903
0.000239611
0.000277758
0.000299692
0.000293255
0.000271082
0.000280857
0.000287294
0.000271797
0.000306845
0.000301838
0.000296116
0.000255346
0.000185251
0.000291586
0.000247717
0.000283480
0.000282049
0.000281334
0.000276804
0.000220060
0.000236034
0.000278473
0.000254631
0.000257015
0.000279903
0.000294447
0.000244141
0.000281572
0.000325918
0.000305414
0.000277758
0.000243902
0.000287533
0.000256062
0.000276566
0.000277996
0.000220776
0.000299454
0.000278950
0.000275373
0.000255108
0.000212908
0.000262499
0.000280619
0.000278473
0.000232935
0.000253677
0.000241995
0.000240326
0.000288725
0.000280380
0.000280142
0.000254154
0.000282764
0.000282526
0.000286818
0.000308752
0.000285625
0.000298500
0.000267506
0.000259638
0.000250340
0.000345469
0.000262737
0.000277281
0.000252962
0.000255823
0.000285387
0.000280380
0.000278950
0.000276804
0.000281811
0.000264883
0.000238419
0.000282526
0.000264168
0.000282049
0.000277042
0.000286579
0.000290871
0.000844002
0.000241518
0.000231743
0.000299692
0.000303507
0.000307083
0.000282526
0.000347137
0.000276089
0.000276327
0.000239372
0.000309229
0.000278950
0.000300646
0.000285149
0.000279903
0.000278711
0.000244379
0.000232220
0.000278234
0.000277042
0.000280619
0.000284433
0.000278234
0.000288248
0.000213623
0.000274658
0.000284433
0.000282288
0.000276327
0.000315905
0.000288248
0.000331640
0.000236750
0.000280619
0.000269890
0.000298977
0.000306368
0.000250578
0.000248671
0.000250816
0.000278950
0.000274658
0.000282288
0.000284195
0.000283241
0.000234127
0.000252962
0.000279427
0.000282526
0.000285625
0.000282764
0.000278473
0.000286579
0.000281811
0.000281334
0.000312328
0.000285149
0.000319719
0.000296116
0.000207663
0.000346422
0.000311136
0.000276089
0.000303984
0.000219345
0.000274897
0.000287771
0.000281811
0.000287056
0.000277519
0.000285387
0.000284910
0.000233889
0.000278950
0.000288963
0.000279188
0.000287294
0.000281811
0.000277758
0.000212669
0.000296593
0.000320196
0.000316143
0.000277996
0.000348806
0.000290155
0.000261068
0.000315189
0.000308752
0.000290394
0.000302076
0.000215769
0.000275135
0.000288963
0.000282526
0.000282288
0.000279427
0.000282288
0.000235081
0.000312328
0.000280857
0.000280380
0.000280619
0.000279665
0.000286102
0.000242472
0.000288248
0.000277758
0.000280142
0.000293493
0.000287533
0.000324488
0.000233889
0.000283718
0.000295639
0.000285625
0.000281096
0.000277996
0.000285387
0.000217199
0.000285864
0.000287533
0.000283718
0.000267029
0.000335455
0.000338316
0.000303745
0.000278473
0.000279903
0.000280142
0.000294685
0.000280380
0.000281572
0.000279665
0.000280857
0.000280142
0.000285387
0.000285387
0.000238895
0.000282288
0.000282288
0.000317335
0.000282288
0.000289440
0.000245333
0.000286341
0.000214100
0.000279427
0.000280619
0.000289440
0.000242710
0.000278711
0.000285149
0.000285625
0.000281334
0.000282049
0.000281096
0.000284433
0.000231266
0.000215292
0.000289917
0.000284433
0.000283718
0.000278950
0.000303268
0.000258684
0.000294209
0.000331640
0.000217438
0.000256300
0.000281572
0.000310898
0.000284672
0.000283003
0.000281572
0.000282049
0.000274897
0.000310898
0.000281334
0.000279427
0.000286579
0.000276566
0.000274897
0.000292540
0.000280857
0.000308037
0.000281334
0.000302076
0.000289202
0.000296354
0.000319481
0.000301838
0.000290155
0.000309706
0.000317812
0.000246763
0.000242710
0.000283480
0.000271797
0.000214815
0.000281096
0.000239611
0.000282526
0.000280380
0.000279427
0.000285864
0.000274181
0.000306129
0.000278711
0.000279665
0.000284195
0.000281811
0.000304937
0.000286818
0.000239849
0.000288963
0.000265121
0.000351906
0.000316381
0.000287533
0.000279427
0.000277996
0.000277042
0.000242233
0.000287056
0.000289202
0.000280857
0.000262976
0.000285387
0.000282764
0.000287294
0.000313044
0.000238895
0.000279903
0.000259638
0.000308037
0.000213623
0.000284672
0.000257730
0.000229597
0.000283718
0.000304699
0.000283957
0.000299215
0.000304937
0.000291824
0.000213861
0.000313997
0.000308752
0.000278950
0.000259399
0.000256777
0.000248909
0.000286818
0.000286579
0.000314713
0.000258923
0.000257969
0.000263691
0.000256062
0.000286341
0.000310898
0.000282288
0.000288010
0.000255108
0.000239134
0.000309944
0.000291109
0.000288010
0.000280380
0.000282049
0.000277519
0.000289917
0.000303030
0.000278950
0.000314236
0.000282049
0.000244141
0.000280857
0.000216007
0.000282764
0.000287294
0.000283480
0.000276804
0.000285387
0.000286579
0.000274658
0.000275612
0.000284433
0.000249624
0.000293255
0.000341415
0.000307083
0.000292778
0.000302315
0.000285864
0.000294447
0.000339508
0.000316620
0.000300646
0.000281811
0.000256062
0.000280142
0.000288725
0.000285387
0.000278473
0.000286102
0.000286579
0.000287294
0.000281096
0.000286341
0.000278950
0.000282764
0.000276804
0.000288486
0.000282526
0.000281572
0.000241756
0.000280619
0.000216961
0.000307322
0.000303268
0.000284672
0.000259161
0.000277758
0.000309467
0.000291586
0.000227928
0.000221729
0.000282764
0.000287294
0.000285864
0.000284910
0.000243902
0.000280142
0.000279903
0.000286818
0.000281811
0.000279903
0.000280619
0.000281334
0.000283957
0.000278950
0.000261545
0.000284672
0.000304699
0.000300884
0.000315189
0.000293493
0.000285625
0.000256062
0.000241280
0.000278711
0.000341415
0.000278234
0.000273943
0.000279427
0.000279188
0.000288248
0.000219345
0.000289202
0.000284672
0.000292063
0.000288963
0.000230551
0.000288486
0.000282764
0.000316143
0.000275612
0.000284195
0.000262260
0.000224590
0.000217676
0.000317335
0.000288486
0.000326395
0.000332832
0.000275612
0.000291824
0.000301361
0.000273705
0.000247717
0.000190973
0.000282288
0.000282764
0.000286818
0.000282049
0.000259399
0.000284433
0.000275373
0.000241280
0.000262976
0.000287771
0.000247717
0.000282764
0.000288963
0.000241995
0.000266314
0.000277281
0.000212431
0.000278711
0.000287294
0.000286579
0.000279903
0.000278950
0.000241995
0.000257969
0.000349283
0.000277281
0.000280380
0.000281811
0.000309944
0.000282288
0.000259399
0.000286818
0.000281334
0.000281334
0.000276327
0.000244379
0.000278473
0.000286341
0.000263453
0.000282288
0.000275373
0.000284433
0.000241995
0.000308037
0.000297308
0.000339270
0.000283241
0.000245094
0.000276089
0.000305891
0.000298738
0.000302315
0.000310183
0.000266075
0.000279427
0.000281334
0.000215292
0.000282049
0.000314713
0.000284195
0.000261307
0.000285864
0.000279665
0.000283003
0.000275135
0.000212908
0.000219107
0.000278950
0.000281811
0.000284195
0.000310659
0.000307322
0.000307560
0.000283718
0.000263691
0.000306606
0.000279665
0.000292778
0.000303268
0.000279188
0.000283480
0.000284195
0.000294685
0.000283718
0.000300407
0.000283957
0.000285149
0.000279903
0.000321627
0.000283480
0.000286341
0.000283241
0.000244856
0.000280380
0.000279903
0.000285625
0.000240326
0.000300646
0.000291109
0.000298262
0.000282764
0.000347376
0.000306368
0.000334740
0.000339270
0.000313997
0.000254631
0.000277042
0.000281096
0.000283718
0.000284195
0.000286102
0.000283241
0.000279903
0.000287771
