0.000440359
0.000337362
0.000328779
0.000351191
0.000401258
0.000349522
0.000355482
0.000356436
0.000349522
0.000349283
0.000378370
0.000321627
0.000355482
0.000285387
0.000313282
0.000353098
0.000411987
0.000373363
0.000350714
0.000374794
0.000404596
0.000366926
0.000377893
0.000350952
0.000322819
0.000353098
0.000370026
0.000354528
0.000409126
0.000370979
0.000348806
0.000349760
0.000329256
0.000353098
0.000436306
0.000348091
0.000324965
0.000353336
0.000354052
0.000432491
0.000356197
0.000349045
0.000329971
0.000358343
0.000350475
0.000351906
0.000418901
0.000353336
0.000360250
0.000351667
0.000399590
0.000358820
0.000350952
0.000381708
0.000377417
0.000350237
0.000358105
0.000409842
0.000355482
0.000375509
0.000350475
0.000359774
0.000401974
0.000324726
0.000349283
0.000356674
0.000354767
0.000436783
0.000352621
0.000378609
0.000359058
0.000355959
0.000321150
0.000356197
0.000368595
0.000413656
0.000320196
0.000379324
0.000352621
0.000326633
0.000359058
0.000413656
0.000357389
0.000356913
0.000355244
0.000372171
0.000406027
0.000365019
0.000378847
0.000319958
0.000357389
0.000357866
0.000383854
0.000406742
0.000353336
0.000360012
0.000352859
0.000450850
0.000356436
0.000355482
0.000357628
0.000325680
0.000321150
0.000302315
0.000349760
0.000279665
0.000381231
0.000352383
0.000357628
0.000349998
0.000349283
0.000384331
0.000354052
0.000332355
0.000306606
0.000344038
0.000323296
0.000348091
0.000357628
0.000375509
0.000354528
0.000350237
0.000380993
0.000346661
0.000355721
0.000354052
0.000350714
0.000281334
0.000351429
0.000345707
0.000289917
0.000352383
0.000362873
0.000376701
0.000346899
0.000352621
0.000349522
0.000347853
0.000380754
0.000345945
0.000350237
0.000317335
0.000350475
0.000356674
0.000347853
0.000360012
0.000353575
0.000353098
0.000379562
0.000360727
0.000349760
0.000350237
0.000349760
0.000370264
0.000346899
0.000355721
0.000267506
0.000353575
0.000380278
0.000348568
0.000327587
0.000346661
0.000348568
0.000377417
0.000347376
0.000353813
0.000347614
0.000279903
0.000369787
0.000350952
0.000354052
0.000370502
0.000346422
0.000347137
0.000373602
0.000349283
0.000327826
0.000351906
0.000349522
0.000353336
0.000346661
0.000369549
0.000288963
0.000341892
0.000381470
0.000346184
0.000347853
0.000349760
0.000350952
0.000344515
0.000346899
0.000346184
0.000342846
0.000346899
0.000276804
0.000318766
0.000349283
0.000350714
0.000348568
0.000347376
0.000354767
0.000349283
0.000367880
0.000346661
0.000348806
0.000373840
0.000347376
0.000351191
0.000346661
0.000349045
0.000308037
0.000282764
0.000347137
0.000378370
0.000349998
0.000345469
0.000369072
0.000346899
0.000362873
0.000348806
0.000345469
0.000356913
0.000356674
0.000349522
0.000348330
0.000344992
0.000365019
0.000342131
0.000356436
0.000348091
0.000345707
0.000373840
0.000340939
0.000324488
0.000316381
0.000350714
0.000361681
0.000372410
0.000347853
0.000347853
0.000362396
0.000343323
0.000345230
0.000359297
0.000346184
0.000366211
0.000344515
0.000360727
0.000379562
0.000351906
0.000350237
0.000351906
0.000352383
0.000376940
0.000347137
0.000355244
0.000344038
0.000342131
0.000369072
0.000348330
0.000835180
0.000356913
0.000345469
0.000364780
0.000348330
0.000345469
0.000366688
0.000345230
0.000370026
0.000345945
0.000351429
0.000364304
0.000358582
0.000355721
0.000345707
0.000343323
0.000316381
0.000345945
0.000357151
0.000346422
0.000347853
0.000373840
0.000347376
0.000342607
0.000353575
0.000321150
0.000343323
0.000345469
0.000348330
0.000346899
0.000379324
0.000347853
0.000347137
0.000367880
0.000347614
0.000373602
0.000352859
0.000326872
0.000379086
0.000351191
0.000356436
0.000353813
0.000348330
0.000375986
0.000344515
0.000360012
0.000353098
0.000344992
0.000377417
0.000347376
0.000333309
0.000361443
0.000314951
0.000315189
0.000333786
0.000341892
0.000365496
0.000346184
0.000347614
0.000372171
0.000345469
0.000363111
0.000352383
0.000346899
0.000255823
0.000348091
0.000346899
0.000345945
0.000350475
0.000345945
0.000361681
0.000368357
0.000351667
0.000313997
0.000372887
0.000348806
0.000320911
0.000372171
0.000379801
0.000373602
0.000369549
0.000344038
0.000352859
0.000349760
0.000348568
0.000345230
0.000349045
0.000349283
0.000345945
0.000348806
0.000345707
0.000349045
0.000345945
0.000347137
0.000348568
0.000350952
0.000344276
0.000346661
0.000359774
0.000351191
0.000317097
0.000262260
0.000349998
0.000350714
0.000383854
0.000373602
0.000366211
0.000375509
0.000288963
0.000347853
0.000347614
0.000344992
0.000347614
0.000346184
0.000264645
0.000342846
0.000346661
0.000345469
0.000263929
0.000347614
0.000340462
0.000344276
0.000346184
0.000266314
0.000372410
0.000367403
0.000264168
0.000370264
0.000351667
0.000320911
0.000306368
0.000379801
0.000373602
0.000298023
0.000348091
0.000281811
0.000347137
0.000349998
0.000348091
0.000345707
0.000348091
0.000343800
0.000344515
0.000344992
0.000266790
0.000345707
0.000278234
0.000346661
0.000348091
0.000344515
0.000347614
0.000350475
0.000349045
0.000314236
0.000281572
0.000346422
0.000308752
0.000314713
0.000272274
0.000356197
0.000266790
0.000363350
0.000274897
0.000328302
0.000371695
0.000309229
0.000283003
0.000333071
0.000282764
0.000367403
0.000288248
0.000368118
0.000281811
0.000364065
0.000365734
0.000336170
0.000260353
0.000344038
0.000348806
0.000349760
0.000261784
0.000344038
0.000348568
0.000344992
0.000269413
0.000339985
0.000346899
0.000346899
0.000262976
0.000347614
0.000263929
0.000345469
0.000348568
0.000349045
0.000276566
0.000347853
0.000354052
0.000347137
0.000321627
0.000344515
0.000354290
0.000354767
0.000345469
0.000321388
0.000324011
0.000352383
0.000374079
0.000372648
0.000371695
0.000375748
0.000373125
0.000343561
0.000345469
0.000347137
0.000352144
0.000345945
0.000346661
0.000342846
0.000346899
0.000347614
0.000280619
0.000346661
0.000341892
0.000345469
0.000350475
0.000341415
0.000307560
0.000360727
0.000351906
0.000321627
0.000365973
0.000348091
0.000349283
0.000373363
0.000372887
0.000367880
0.000354767
0.000350475
0.000315905
0.000346899
0.000347376
0.000346184
0.000348330
0.000346899
0.000367403
0.000349522
0.000349045
0.000346422
0.000350237
0.000343800
0.000343561
0.000353098
0.000348091
0.000348330
0.000371933
0.000348806
0.000252008
0.000368595
0.000352859
0.000320911
0.000378609
0.000369310
0.000330448
0.000343084
0.000351906
0.000342131
0.000351429
0.000348091
0.000344038
0.000344515
0.000346661
0.000350714
0.000346422
0.000343800
0.000344992
0.000349998
0.000348330
0.000347853
0.000350714
0.000345707
0.000342369
0.000367880
0.000351906
0.000371933
0.000373602
0.000349522
0.000319481
0.000381708
0.000370979
0.000369310
0.000372410
0.000348091
0.000345230
0.000353575
0.000288248
0.000348091
0.000344276
0.000354528
0.000347614
0.000347614
0.000344515
0.000345230
0.000345469
0.000352383
0.000344276
0.000344276
0.000348091
0.000369072
0.000356913
0.000349522
0.000373840
0.000369787
0.000355482
0.000317097
0.000380278
0.000380516
0.000363111
0.000381231
0.000344515
0.000345469
0.000345945
0.000346661
0.000350475
0.000335217
0.000342607
0.000319242
0.000344753
0.000345230
0.000346184
0.000342607
0.000349522
0.000302076
0.000348568
0.000348568
0.000371218
0.000370979
0.000348568
0.000369549
0.000356436
0.000370979
0.000342369
0.000278234
0.000386000
0.000364304
0.000374079
0.000349045
0.000347853
0.000346422
0.000345945
0.000346661
0.000351191
0.000344753
0.000347376
0.000349283
0.000345230
0.000350952
0.000345230
0.000347853
0.000348806
0.000349045
0.000347137
0.000370741
0.000351191
0.000323534
0.000372410
0.000355482
0.000354290
0.000375271
0.000373602
0.000378609
0.000357389
0.000352383
0.000346422
0.000348330
0.000353575
0.000348806
0.000347853
0.000345707
0.000350237
0.000347376
0.000346899
0.000345945
0.000350475
0.000350237
0.000346422
0.000346661
0.000353336
0.000344276
0.000375032
0.000350952
0.000354290
0.000372648
0.000348806
0.000323296
0.000382423
0.000378847
0.000378132
0.000369072
0.000345707
0.000344276
0.000346661
0.000343323
0.000346184
0.000345707
0.000344753
0.000348330
0.000345707
0.000346661
0.000344515
0.000347853
0.000343323
0.000335455
0.000346184
0.000345469
0.000346661
0.000365496
0.000352383
0.000367880
0.000372887
0.000347614
0.000307560
0.000337124
0.000370741
0.000366449
0.000374079
0.000369072
0.000342607
0.000347853
0.000345707
0.000343561
0.000345230
0.000345469
0.000347853
0.000346422
0.000347376
0.000344515
0.000347853
0.000349283
0.000359297
0.000344038
0.000346661
0.000371695
0.000363588
0.000322104
0.000377893
0.000372410
0.000352383
0.000370026
0.000379801
0.000372887
0.000330687
0.000363111
0.000278234
0.000348330
0.000268459
0.000347137
0.000344753
0.000352383
0.000353575
0.000348806
0.000344992
0.000352621
0.000347853
0.000346899
0.000345945
0.000282288
0.000346184
0.000350714
0.000367641
0.000356436
0.000269651
0.000372410
0.000358343
0.000352144
0.000272751
0.000376701
0.000374794
0.000364304
0.000375271
0.000346899
0.000350952
0.000347853
0.000349760
0.000348568
0.000351906
0.000343800
0.000351191
0.000344992
0.000350714
0.000346184
0.000358105
0.000351191
0.000333309
0.000341892
0.000343561
0.000373125
0.000327826
0.000348806
0.000370502
0.000357389
0.000354290
0.000349045
0.000349760
0.000315905
0.000376225
0.000344992
0.000352144
0.000344753
0.000342846
0.000349998
0.000276804
0.000350475
0.000347137
0.000347137
0.000348568
0.000344992
0.000272989
0.000352383
0.000270128
0.000343800
0.000349998
0.000352144
0.000270605
0.000352621
0.000333548
0.000372171
0.000268459
0.000307083
0.000274420
0.000384092
0.000287533
0.000372171
0.000325680
0.000361681
0.000274420
0.000344276
0.000371218
0.000294924
0.000310898
0.000339270
0.000342607
0.000348330
0.000346661
0.000347853
0.000342607
0.000342369
0.000353336
0.000344753
0.000344992
0.000346899
0.000353813
0.000344753
0.000369549
0.000351667
0.000380993
0.000362635
0.000380754
0.000352621
0.000366688
0.000350952
0.000350237
0.000343800
0.000345707
0.000346661
0.000344753
0.000347614
0.000346422
0.000341177
0.000346184
0.000342846
0.000347137
0.000344515
0.000346661
0.000341177
0.000346661
0.000354052
0.000358343
0.000351191
0.000372171
0.000361919
0.000954390
0.000366449
0.000380754
0.000372410
0.000363827
0.000367880
0.000348091
0.000276566
0.000344038
0.000340462
0.000345230
0.000349998
0.000341654
0.000347614
0.000344276
0.000264645
0.000342131
0.000340462
0.000343323
0.000280619
0.000348568
0.000348568
0.000372171
0.000353575
0.000325203
0.000371695
0.000359774
0.000317097
0.000372171
0.000370979
0.000374317
0.000355482
0.000368595
0.000341892
0.000292778
0.000356197
0.000348806
0.000347853
0.000351906
0.000344753
0.000347137
0.000344515
0.000347137
0.000346184
0.000346661
0.000346661
0.000345469
0.000338793
0.000301838
0.000371695
0.000350475
0.000374079
0.000365257
0.000357389
0.000345230
0.000370502
0.000326395
0.000362158
0.000371695
0.000346422
0.000345707
0.000351667
0.000344753
0.000348330
0.000347614
0.000344992
0.000341177
0.000347614
0.000348568
0.000339270
0.000346422
0.000299931
0.000336409
0.000346184
0.000346184
0.000300407
0.000352383
0.000348806
0.000352621
0.000302792
0.000346422
0.000349522
0.000339985
0.000356436
0.000309944
0.000378370
0.000351906
0.000345707
0.000369787
0.000361204
0.000349283
0.000345945
0.000370502
0.000370979
0.000355244
0.000370979
0.000342607
0.000346899
0.000349522
0.000343323
0.000303745
0.000349760
0.000341892
0.000341654
0.000349760
0.000342846
0.000342846
0.000339985
0.000345945
0.000343323
0.000344753
0.000348568
0.000344038
0.000346422
0.000339985
0.000344753
0.000344515
0.000341415
0.000347614
0.000346184
0.000341892
0.000342607
0.000343084
0.000338078
0.000349045
0.000371933
0.000349760
0.000317812
0.000365973
0.000356674
0.000317097
0.000373363
0.000373602
0.000370264
0.000375509
0.000341177
0.000343561
0.000344515
0.000346661
0.000341177
0.000342369
0.000340700
0.000340223
0.000340939
0.000274181
0.000348806
0.000348806
0.000345469
0.000343800
0.000340939
0.000340700
0.000341654
0.000344992
0.000353098
0.000312567
0.000370026
0.000350475
0.000303507
0.000369310
