0.000318527
0.000331163
0.000301600
0.000295639
0.000377893
0.000323772
0.000259876
0.000355244
0.000320673
0.000284672
0.000318527
0.000318766
0.000320673
0.000294447
0.000258446
0.000267506
0.000288486
0.000298023
0.000348806
0.000300169
0.000290871
0.000328779
0.000383854
0.000356197
0.000305653
0.000333548
0.000351429
0.000331879
0.000245333
0.000324726
0.000325918
0.000402927
0.000323296
0.000331879
0.000327587
0.000326872
0.000351906
0.000292778
0.000243902
0.000325441
0.000331640
0.000288486
0.000324726
0.000370026
0.000331402
0.000327587
0.000333786
0.000324011
0.000332117
0.000292301
0.000322819
0.000395536
0.000327587
0.000324726
0.000335693
0.000352383
0.000329018
0.000322104
0.000329971
0.000270128
0.000377178
0.000353575
0.000327349
0.000298023
0.000347614
0.000327110
0.000331163
0.000341177
0.000326395
0.000338793
0.000323772
0.000324011
0.000388384
0.000329256
0.000329494
0.000329018
0.000306606
0.000351429
0.000259876
0.000325918
0.000408411
0.000329971
0.000328302
0.000349998
0.000324249
0.000328541
0.000321865
0.000324965
0.000348091
0.000373840
0.000282764
0.000320673
0.000324011
0.000337124
0.000326157
0.000324488
0.000339270
0.000324249
0.000348806
0.000323534
0.000320911
0.000351191
0.000324726
0.000298500
0.000296354
0.000320673
0.000326633
0.000323057
0.000338316
0.000321865
0.000268936
0.000346899
0.000322819
0.000327110
0.000327110
0.000322819
0.000313044
0.000323057
0.000345707
0.000322819
0.000327826
0.000264168
0.000330210
0.000322819
0.000349045
0.000326157
0.000248671
0.000347853
0.000321865
0.000314713
0.000330925
0.000323534
0.000329494
0.000296116
0.000322104
0.000345945
0.000319719
0.000331402
0.000320196
0.000320435
0.000335932
0.000322819
0.000354767
0.000323296
0.000257730
0.000339985
0.000321627
0.000322819
0.000340939
0.000324011
0.000321388
0.000344276
0.000254631
0.000323534
0.000325680
0.000321865
0.000295877
0.000332594
0.000323772
0.000326157
0.000322104
0.000250816
0.000319242
0.000323057
0.000353098
0.000323534
0.000351429
0.000322104
0.000325441
0.000291586
0.000334263
0.000324249
0.000348568
0.000327826
0.000348806
0.000323057
0.000324011
0.000330687
0.000325441
0.000330448
0.000349283
0.000329494
0.000330210
0.000278234
0.000323772
0.000346184
0.000323534
0.000305176
0.000328302
0.000324488
0.000350475
0.000321627
0.000255585
0.000348806
0.000325680
0.000336170
0.000334978
0.000324488
0.000360250
0.000326395
0.000343800
0.000325680
0.000321388
0.000332355
0.000357628
0.000322104
0.000321627
0.000324249
0.000347853
0.000294447
0.000317097
0.000275612
0.000325918
0.000327587
0.000325441
0.000323296
0.000351667
0.000328541
0.000331879
0.000329256
0.000323534
0.000349283
0.000290632
0.000322819
0.000322580
0.000328302
0.000331402
0.000326633
0.000327826
0.000324011
0.000329733
0.000330687
0.000325203
0.000304937
0.000359535
0.000336647
0.000351191
0.000347376
0.000324726
0.000353813
0.000330687
0.000323772
0.000255823
0.000339031
0.000323296
0.000348330
0.000323057
0.000328779
0.000329018
0.000325203
0.000336885
0.000322342
0.000320435
0.000332594
0.000272036
0.000324249
0.000330687
0.000327110
0.000353813
0.000251293
0.000334978
0.000324726
0.000338793
0.000354767
0.000314236
0.000321388
0.000302076
0.000325918
0.000325203
0.000327587
0.000321627
0.000324965
0.000330210
0.000323772
0.000324488
0.000354052
0.000285625
0.000325918
0.000325441
0.000325203
0.000346422
0.000235081
0.000247717
0.000322342
0.000324249
0.000334501
0.000327349
0.000327110
0.000354052
0.000328064
0.000340223
0.000323534
0.000328064
0.000324488
0.000269413
0.000258446
0.000323057
0.000355482
0.000327826
0.000261545
0.000357628
0.000318766
0.000346661
0.000322580
0.000319958
0.000334263
0.000353098
0.000323296
0.000245094
0.000321865
0.000348091
0.000321150
0.000320911
0.000271797
0.000325441
0.000324965
0.000351191
0.000323057
0.000292540
0.000324726
0.000233173
0.000337362
0.000326872
0.000319958
0.000344276
0.000344992
0.000320673
0.000318050
0.000349760
0.000267267
0.000242949
0.000337124
0.000347614
0.000326157
0.000285864
0.000324726
0.000322819
0.000323296
0.000319719
0.000322104
0.000327110
0.000354528
0.000352621
0.000319242
0.000325918
0.000316858
0.000328302
0.000298262
0.000335693
0.000323772
0.000260592
0.000329256
0.000330448
0.000339985
0.000323057
0.000323057
0.000349522
0.000347137
0.000350237
0.000346184
0.000321627
0.000324488
0.000322342
0.000325918
0.000324488
0.000321388
0.000320673
0.000321865
0.000322104
0.000321865
0.000322342
0.000324011
0.000319958
0.000323057
0.000329018
0.000326633
0.000290394
0.000349522
0.000328302
0.000332832
0.000345469
0.000327826
0.000333071
0.000347614
0.000352859
0.000341415
0.000346184
0.000269651
0.000329494
0.000272274
0.000264168
0.000323772
0.000319481
0.000322342
0.000291348
0.000321627
0.000324488
0.000323772
0.000323534
0.000324249
0.000326633
0.000325680
0.000320673
0.000324011
0.000348806
0.000326395
0.000271797
0.000349283
0.000329018
0.000350475
0.000290632
0.000348568
0.000335455
0.000349998
0.000322104
0.000327826
0.000328064
0.000322819
0.000299454
0.000324965
0.000296354
0.000327826
0.000328779
0.000321865
0.000322580
0.000324249
0.000322580
0.000258207
0.000325203
0.000324965
0.000324965
0.000343561
0.000336647
0.000293732
0.000333786
0.000335932
0.000325680
0.000351906
0.000349045
0.000331879
0.000278234
0.000323534
0.000324726
0.000322819
0.000325918
0.000319958
0.000328779
0.000323296
0.000287056
0.000326157
0.000256300
0.000322580
0.000324488
0.000326872
0.000269413
0.000324011
0.000288486
0.000348330
0.000294685
0.000330687
0.000352859
0.000328541
0.000264883
0.000298738
0.000352144
0.000343561
0.000332355
0.000353336
0.000322819
0.000324726
0.000282764
0.000297308
0.000324011
0.000325203
0.000319958
0.000329494
0.000321388
0.000326633
0.000320196
0.000323772
0.000253916
0.000324488
0.000327587
0.000326633
0.000350475
0.000348806
0.000331879
0.000347853
0.000329971
0.000298977
0.000328779
0.000324726
0.000344038
0.000267744
0.000356674
0.000327587
0.000325441
0.000325203
0.000324011
0.000323772
0.000324011
0.000325203
0.000293732
0.000321388
0.000321150
0.000325918
0.000323534
0.000321865
0.000329256
0.000322104
0.000289917
0.000322104
0.000320911
0.000329256
0.000332355
0.000327110
0.000323772
0.000329971
0.000332594
0.000326872
0.000325680
0.000342369
0.000327826
0.000349283
0.000269651
0.000325918
0.000292540
0.000356913
0.000349283
0.000332594
0.000349522
0.000322580
0.000324726
0.000299931
0.000323772
0.000326157
0.000315905
0.000322580
0.000327110
0.000326872
0.000324965
0.000325918
0.000320435
0.000323296
0.000326872
0.000324249
0.000321150
0.000321388
0.000319242
0.000311136
0.000294685
0.000326395
0.000326633
0.000323296
0.000330925
0.000328064
0.000324011
0.000321388
0.000287056
0.000322342
0.000345230
0.000325680
0.000297546
0.000343084
0.000332594
0.000324249
0.000324011
0.000350952
0.000350714
0.000351191
0.000349283
0.000324488
0.000325203
0.000329971
0.000327349
0.000323057
0.000323534
0.000325918
0.000324011
0.000329733
0.000323296
0.000321388
0.000324249
0.000328302
0.000324488
0.000329494
0.000322342
0.000350475
0.000330448
0.000294924
0.000256777
0.000328541
0.000330448
0.000349283
0.000355482
0.000343800
0.000346661
0.000322580
0.000328064
0.000324726
0.000324965
0.000326395
0.000272751
0.000325680
0.000324488
0.000322580
0.000321627
0.000324488
0.000323534
0.000330925
0.000324726
0.000321627
0.000325918
0.000327110
0.000339031
0.000331879
0.000351667
0.000355959
0.000310659
0.000329256
0.000316620
0.000357151
0.000336647
0.000352383
0.000322819
0.000332355
0.000319958
0.000319481
0.000325441
0.000325441
0.000328302
0.000325918
0.000327110
0.000327349
0.000324011
0.000324249
0.000321150
0.000329256
0.000326395
0.000326872
0.000324965
0.000340223
0.000330687
0.000295877
0.000350475
0.000343800
0.000291348
0.000355244
0.000346184
0.000334501
0.000324726
0.000350475
0.000326395
0.000326633
0.000327110
0.000330448
0.000327349
0.000330448
0.000323057
0.000324011
0.000322580
0.000322580
0.000322819
0.000322819
0.000328064
0.000326633
0.000327349
0.000354767
0.000334740
0.000335932
0.000303984
0.000344753
0.000329971
0.000355482
0.000347853
0.000348091
0.000347376
0.000320196
0.000320911
0.000288963
0.000328302
0.000319719
0.000332832
0.000323772
0.000326395
0.000324488
0.000321388
0.000324011
0.000289917
0.000324965
0.000326633
0.000321150
0.000324965
0.000321388
0.000324726
0.000332117
0.000301600
0.000337362
0.000344038
0.000331879
0.000293732
0.000350714
0.000353098
0.000349760
0.000326395
0.000320673
0.000348091
0.000324249
0.000320911
0.000325203
0.000253439
0.000325441
0.000321388
0.000326872
0.000241280
0.000316381
0.000323772
0.000324011
0.000249624
0.000323296
0.000319481
0.000348568
0.000237465
0.000322580
0.000344515
0.000328064
0.000294209
0.000219345
0.000315428
0.000277996
0.000266314
0.000279665
0.000305653
0.000319958
0.000320196
0.000321627
0.000314474
0.000319004
0.000319481
0.000321627
0.000295639
0.000321388
0.000320673
0.000225544
0.000322580
0.000318050
0.000319958
0.000319481
0.000334263
0.000329733
0.000238419
0.000290155
0.000238895
0.000222683
0.000287771
0.000331163
0.000275373
0.000348806
0.000352621
0.000325203
0.000319481
0.000320911
0.000320911
0.000249624
0.000320673
0.000323057
0.000325680
0.000249386
0.000319719
0.000322342
0.000320911
0.000323534
0.000321388
0.000325441
0.000320196
0.000329018
0.000328302
0.000350475
0.000343561
0.000326157
0.000289917
0.000358105
0.000346184
0.000329494
0.000307083
0.000343323
0.000320911
0.000322819
0.000270844
0.000322104
0.000321150
0.000321627
0.000321627
0.000318766
0.000323296
0.000326395
0.000324488
0.000245810
0.000322104
0.000318527
0.000319958
0.000351667
0.000243425
0.000325441
0.000348091
0.000335455
0.000261784
0.000349998
0.000347853
0.000349998
0.000344038
0.000344515
0.000328302
0.000318289
0.000322819
0.000330925
0.000322580
0.000319242
0.000319242
0.000265121
0.000320673
0.000323772
0.000320911
0.000324726
0.000250101
0.000322819
0.000323534
0.000322342
0.000233412
0.000338316
0.000271082
0.000344515
0.000333309
0.000298977
0.000343561
0.000332355
0.000325680
0.000241041
0.000333786
0.000239134
0.000227928
0.000204802
0.000223637
0.000241041
0.000324249
0.000317812
0.000287771
0.000325441
0.000322580
0.000324249
0.000321865
0.000328302
0.000317812
0.000314236
0.000253201
0.000338554
0.000326872
0.000320911
0.000244856
0.000327587
0.000299692
0.000345707
0.000344276
0.000338554
0.000345230
0.000318050
0.000322104
0.000329733
0.000319958
0.000319481
0.000327349
0.000323057
0.000324011
0.000322104
0.000322342
0.000319481
0.000319719
0.000324488
0.000321388
0.000322104
0.000321627
0.000319242
0.000348091
0.000325441
0.000350475
0.000244141
0.000325680
0.000292540
0.000348806
0.000267267
0.000353813
0.000338793
0.000320435
0.000323772
0.000319242
0.000323296
0.000326395
0.000322580
0.000321865
0.000325441
0.000319004
0.000321388
0.000243187
0.000244617
0.000320911
0.000319481
0.000324488
0.000320673
0.000318289
0.000340223
0.000323534
0.000298500
0.000317574
0.000326633
0.000345469
0.000344515
0.000354528
0.000345230
0.000346661
0.000320911
0.000320196
0.000320911
0.000319719
0.000319242
0.000316858
0.000322342
0.000322342
0.000320673
0.000324965
0.000322104
0.000319719
0.000321627
0.000320673
0.000321865
0.000295877
0.000344992
0.000331163
0.000334501
0.000292301
0.000333786
0.000325441
0.000350714
0.000350475
0.000347137
0.000346422
0.000325680
0.000275135
0.000318289
0.000318289
0.000321627
0.000322342
0.000245094
0.000319958
0.000319719
0.000320673
0.000288725
0.000322580
0.000324488
0.000320435
0.000319481
0.000320435
0.000320673
0.000324965
0.000330925
0.000251532
0.000347614
0.000309706
0.000323772
0.000289202
0.000344992
0.000344038
0.000339508
0.000323534
0.000258684
0.000316381
0.000317812
0.000317335
0.000254393
0.000322342
0.000321388
0.000320435
0.000326395
0.000323534
0.000319481
0.000320435
0.000324726
0.000321388
0.000323534
0.000326872
0.000350952
0.000327349
0.000328541
0.000344753
0.000325680
0.000299454
0.000343323
0.000347614
0.000308275
0.000321150
