0.011731625
0.001332045
0.001422167
0.001277685
0.011689425
0.011823177
0.011449099
0.001382351
0.001414537
0.001237392
0.001364708
0.001257181
0.001448393
0.001216412
0.001574993
0.001162529
0.001356125
0.001385689
0.001338482
0.011528969
0.001562119
0.001451731
0.001256943
0.001390934
0.001563072
0.011469603
0.001529455
0.001544952
0.001478910
0.001202822
0.001249790
0.001486301
0.001343250
0.001320839
0.001481533
0.001253128
0.001144171
0.001271009
0.001500845
0.011963844
0.001249313
0.001252890
0.001549482
0.001306772
0.011905193
0.001392841
0.001598835
0.001422882
0.001330137
0.001240253
0.001481533
0.001545668
0.001322746
0.001429081
0.001559496
0.001452923
0.001252890
0.001260281
0.001002073
0.001437902
0.001466990
0.001284361
0.001453400
0.001309156
0.001576185
0.001333237
0.001553297
0.001400948
0.001308441
0.001417875
0.001291752
0.001499653
0.001321077
0.001315117
0.001281977
0.001481533
0.001500607
0.001319885
0.001428604
0.001339197
0.001383305
0.001443148
0.001439095
0.001487494
0.001502275
0.001250029
0.001339436
0.001495600
0.001556635
0.001238823
0.011267662
0.001309872
0.001250505
0.001479626
0.001486063
0.001381397
0.001317978
0.001419067
0.001446247
0.001249552
0.001266479
0.001281023
0.001176834
0.001169920
0.001283169
0.001161337
0.001237631
0.001162291
0.001274824
0.001213312
0.001233339
0.001233816
0.001150131
0.001228571
0.001242161
0.001157761
0.001171827
0.001193762
0.001174450
0.001233816
0.001332521
0.001208067
0.001172066
0.001244068
0.001255035
0.001252174
0.001181602
0.001223087
0.001212120
0.001154423
0.001236439
0.001263618
0.001168966
0.001145840
0.001240253
0.001290560
0.001226664
0.001148701
0.001299858
0.001192331
0.001188040
0.001172304
0.001203537
0.001022339
0.001248360
0.001231670
0.001302242
0.001239538
0.001023769
0.001317501
0.001198053
0.001179695
0.001003981
0.001211405
0.001240492
0.001243114
0.001170874
0.001019239
0.001163483
0.001187086
0.001155376
0.001225710
0.001277208
0.001143217
0.001250982
0.001145840
0.001209974
0.001308441
0.001052141
0.001219749
0.001239777
0.001153231
0.000995398
0.001027346
0.001061916
0.001260519
0.001029968
0.011576653
0.001083851
0.001168251
0.001291513
0.001326084
0.001180649
0.001187563
0.001156092
0.001156330
0.001316309
0.001231194
0.001259565
0.001223803
0.001249790
0.001216412
0.001247644
0.001307487
0.001265526
0.001311064
0.001358032
0.001224995
0.001271486
0.001217127
0.001234770
0.001202822
0.001324892
0.001307726
0.001331806
0.001306057
0.001257896
0.001254559
0.001233339
0.001164913
0.001160383
0.001272202
0.001160622
0.001277924
0.001265764
0.001230001
0.001228571
0.001231194
0.001194239
0.001149416
0.001172066
0.001017332
0.001236200
0.001207352
0.001240492
0.001250982
0.001234293
0.001219749
0.001171827
0.001273155
0.001189470
0.001187801
0.001147032
0.001307249
0.001219749
0.001260281
0.001239538
0.001224041
0.001151085
0.001187563
0.001200199
0.001223564
0.001303911
0.001151323
0.001164198
0.001320601
0.001317263
0.001246691
0.001235008
0.001226425
0.001227140
0.001141787
0.001243591
0.001165390
0.001307726
0.001276493
0.001174927
0.001225471
0.001023054
0.001186848
0.001240492
0.001232862
0.001246214
0.000997543
0.001313210
0.001160145
0.001313686
0.001036167
0.001224995
0.001232147
0.001215219
0.001129627
0.001158953
0.001133680
0.001198530
0.001171350
0.001206160
0.001156569
0.001228094
0.001168251
0.001196623
0.001004696
0.001119137
0.001234770
0.001191378
0.001009703
0.001281738
0.001290560
0.001185894
0.001153469
0.001166582
0.001158714
0.001159191
0.001156330
0.001223087
0.001161337
0.001172543
0.001293898
0.001214027
0.001165628
0.001155138
0.001274347
0.001302719
0.001159906
0.001233101
0.001151562
0.001205921
0.001149178
0.001281977
0.001278162
0.001215219
0.001307726
0.001192093
0.001309395
0.001224041
0.001125336
0.001215458
0.001276255
0.001163006
0.001153708
0.001197338
0.001147747
0.001166821
0.001232624
0.001163721
0.001275301
0.001175642
0.001199007
0.001180649
0.001162767
0.001293659
0.001152515
0.001171112
0.001306534
0.001278400
0.001273870
0.001254082
0.001262188
0.001177073
0.001282930
0.001316547
0.001250267
0.001213551
0.001140594
0.001168728
0.001151323
0.001223326
0.001176357
0.001158237
0.001141548
0.001148701
0.001010180
0.001234770
0.001239061
0.001174688
0.001187325
0.001232147
0.001172304
0.001175404
0.001271725
0.001194477
0.001183987
0.001251221
0.001243114
0.011290550
0.001173258
0.001252890
0.001174688
0.001187086
0.001164436
0.001174688
0.001163006
0.001228809
0.001001596
0.001222849
0.001153469
0.001173019
0.001012325
0.001210451
0.001174212
0.001231670
0.001176596
0.001021862
0.001162052
0.001179457
0.001286030
0.000976086
0.001201153
0.001298428
0.001228094
0.001167536
0.001161575
0.001229286
0.001203060
0.001173973
0.001243591
0.001172781
0.001170397
0.001320362
0.001178503
0.001212597
0.001205444
0.001294136
0.001173973
0.001234293
0.001143456
0.001206398
0.001159906
0.001257181
0.001335382
0.001220226
0.000979900
0.001318455
0.001305342
0.001312494
0.001181602
0.001185894
0.001164198
0.001169205
0.001180410
0.001160145
0.001132965
0.001256466
0.001232862
0.001167059
0.011264563
0.001169205
0.001223803
0.001284599
0.001163960
0.001225948
0.001143694
0.001224756
0.001159191
0.001175880
0.001146317
0.001205206
0.001164675
0.001199961
0.001288652
0.001213074
0.001199484
0.001260281
0.001167774
0.001176119
0.001168013
0.001120090
0.001162767
0.001256943
0.001146317
0.001192093
0.001222610
0.001173258
0.001235962
0.001168966
0.001281023
0.001224756
0.001281977
0.001245022
0.001235485
0.001308441
0.001015663
0.001317024
0.001153708
0.001296043
0.001250505
0.001316071
0.001276016
0.001291275
0.001313210
0.001415730
0.001281023
0.001229525
0.001172304
0.001150846
0.001271009
0.001171827
0.001139402
0.001250029
0.001169682
0.001170397
0.001220703
0.001244783
0.001215696
0.001178265
0.001229763
0.001202822
0.001153946
0.001325369
0.001305819
0.001233816
0.001296520
0.001331091
0.001140118
0.001249313
0.001175165
0.001209021
0.001302958
0.001196146
0.001235723
0.001205921
0.001193285
0.001164913
0.001228333
0.001304150
0.001246214
0.001180649
0.001277447
0.001203537
0.001145840
0.001284599
0.001156569
0.001178980
0.001239061
0.001212597
0.001164198
0.011564493
0.001187801
0.001198769
0.001193523
0.001262903
0.001210213
0.001194954
0.001164198
0.001162291
0.001177549
0.001208782
0.001223326
0.001149178
0.001211882
0.001187563
0.001239538
0.001195908
0.001250505
0.001170397
0.001000643
0.001226425
0.001138926
0.001211405
0.001209259
0.001175880
0.001166821
0.001294613
0.001193047
0.001175642
0.001168966
0.001181364
0.001179695
0.001201391
0.001176596
0.001191616
0.001167536
0.001190424
0.001203299
0.001281500
0.001151800
0.001290560
0.001150370
0.001239061
0.001147985
0.001178980
0.001189232
0.001157045
0.001163960
0.001234531
0.000975609
0.001206636
0.001230478
0.001186132
0.001271009
0.001157999
0.001159191
0.001199007
0.001288414
0.001220703
0.001161814
0.001210451
0.001284838
0.001240015
0.001285791
0.001184225
0.001149893
0.001235962
0.001222610
0.001171589
0.001189709
0.001263857
0.001173258
0.001169443
0.001238585
0.001174212
0.001293421
0.001010418
0.001168251
0.001193523
0.001146793
0.001238585
0.001191139
0.001205444
0.001193285
0.001168966
0.001156092
0.001284361
0.001291752
0.001013756
0.001044035
0.001230001
0.001158237
0.001290083
0.011386156
0.001318455
0.001166821
0.001162052
0.001219988
0.001175642
0.001291037
0.001183033
0.001162767
0.001244545
0.001221657
0.001197815
0.001162529
0.001215219
0.001158953
0.001243114
0.001218557
0.001294613
0.001141787
0.001306772
0.001307249
0.001223326
0.001090527
0.001230478
0.001157522
0.001160145
0.001145601
0.001134157
0.001207829
0.001213312
0.001280546
0.001154900
0.001127958
0.001157761
0.001271009
0.001202345
0.000975609
0.001171589
0.001157284
0.001215219
0.001176596
0.001309872
0.001330614
0.001210690
0.001273632
0.011149168
0.001213074
0.001224041
0.001285791
0.001213312
0.001279116
0.001163721
0.001177549
0.001161337
0.001134634
0.001274109
0.001209259
0.001286030
0.001100540
0.001164675
0.001194954
0.001279831
0.001250744
0.001207590
0.001161814
0.001213551
0.000956059
0.001174450
0.001268864
0.001307726
0.001145363
0.001329422
0.001220703
0.001220226
0.001183271
0.001178503
0.001245022
0.001244307
0.001256943
0.001205921
0.001154661
0.001277685
0.001246691
0.001169920
0.001161575
0.001279354
0.001212597
0.001226187
0.001171350
0.001175404
0.001161337
0.001167059
0.001201868
0.001183748
0.001253605
0.001255512
0.001185894
0.001194954
0.001177311
0.001204491
0.001266003
0.001250267
0.001200438
0.001222134
0.001207829
0.001163244
0.001153231
0.001168966
0.001147509
0.001280308
0.001166821
0.001250505
0.001194954
0.001199722
0.001288652
0.001271248
0.001161814
0.001197577
0.001160145
0.001176596
0.001223564
0.001338959
0.001186848
0.001302004
0.001234055
0.001194000
0.001174212
0.001194715
0.001172304
0.001209259
0.001193047
0.001174688
0.001168251
0.001206398
0.001146793
0.001172304
0.001245022
0.011526823
0.001148939
0.001178026
0.001157999
0.001191378
0.001240015
0.001168013
0.001150370
0.001254082
0.001164436
0.001309633
0.000998974
0.001301289
0.001190901
0.001205683
0.001175404
0.001261711
0.001167059
0.001187086
0.001180410
0.001200199
0.001216650
0.001160622
0.001179218
0.001178026
0.001006126
0.001178026
0.001164436
0.001161337
0.001153946
0.001170397
0.001164913
0.001215219
0.001165867
0.001169205
0.001263618
0.001330137
0.001148462
0.001305819
0.001194954
0.001203537
0.001178980
0.001083851
0.001300097
0.001175880
0.001170158
0.001207829
0.001160622
0.001219273
0.001296759
0.001166344
0.001013041
0.001183987
0.001194954
0.001173258
0.001197577
0.001218557
0.011627674
0.001165390
0.001148701
0.001204967
0.001166821
0.001168966
0.001168489
0.001180649
0.001159906
0.001168489
0.001208544
0.001191139
0.000962496
0.001316071
0.001164913
0.001192808
0.001020193
0.001178265
0.001268148
0.001177311
0.001157761
0.001199484
0.001143456
0.001165867
0.001158476
0.001101971
0.001159430
0.001163721
0.001149178
0.001221180
0.001158237
0.001187563
0.001273394
0.001291752
0.011153460
0.001281261
0.001171112
0.001192808
0.001192331
0.001172543
0.001176119
0.001173973
0.001281500
0.001314163
0.001205206
0.001225710
0.001263618
0.001184225
0.001157522
0.001193762
0.001015186
0.001210213
0.001147032
0.001160860
0.001142979
0.001168728
0.001140356
0.001151562
0.001026630
0.001200438
0.001168013
0.001159191
0.001131535
0.001356125
0.001292706
0.001308203
0.001163244
0.001218557
0.001009703
0.001182318
0.001317978
0.001180649
0.001163483
0.001207829
0.001184464
0.001200676
0.001236677
0.001232147
0.001153946
0.001256704
0.001188993
0.001277447
0.001249075
0.001179457
0.001164436
0.001226664
0.001147985
0.001265526
0.001014948
0.000988007
0.001190424
0.001171350
0.001165152
0.001259565
0.001262665
0.001165152
0.001163006
0.001166582
0.001162291
0.001165867
0.001158714
0.001236677
0.001015425
0.001260996
0.001194000
0.001203299
0.001259089
0.001312017
0.001143217
0.001263857
0.001254797
0.001160622
0.001214981
0.001191854
0.001285315
0.001288891
0.001245260
0.001206875
0.001171112
0.001254559
0.001194000
0.001168013
0.001250744
0.001201868
0.001177311
0.001217365
0.001227379
0.001167297
0.001245499
0.001165867
0.001214266
0.001176357
0.001129389
0.001219988
0.001156330
0.001172304
0.001155376
0.001231670
0.001001596
0.001289606
0.001238585
0.001216888
0.001281500
0.001199722
0.001212358
0.001306057
0.001175642
0.001170158
0.001211643
0.001233816
0.001277924
0.001162052
0.001157045
0.001256704
0.001187563
0.001296282
0.001223564
0.001279593
0.001147509
0.001249313
0.001156807
0.001188278
0.001282454
0.001261950
0.001273870
0.001234770
0.001289606
0.001186609
0.001191139
0.001269341
0.001213551
0.001190901
0.001189947
0.001214266
0.001189947
0.001267910
0.001158237
0.001234055
0.001200199
0.001167297
0.001139879
0.001175404
0.001208305
0.001193047
0.001165390
0.001186371
0.001145601
0.001200676
0.001301765
0.001161575
0.001167059
0.001198769
0.001191616
0.001283646
0.001180410
0.001266479
