0.000169516
0.000163317
0.000180960
0.000102758
0.000103235
0.000113249
0.000117064
0.000102520
0.000103712
0.000102282
0.000102282
0.000106573
0.000112534
0.000102758
0.000107765
0.000101328
0.000106096
0.000102520
0.000110626
0.000101566
0.000100613
0.000100851
0.000101805
0.000100851
0.000116110
0.000102997
0.000101566
0.000100136
0.000105143
0.000100613
0.000108719
0.000101805
0.000101328
0.000100613
0.000100851
0.000102282
0.000171423
0.000113249
0.000104189
0.000105143
0.000101566
0.000119925
0.000124216
0.000104427
0.000101566
0.000101089
0.000100851
0.000100613
0.000116110
0.000104427
0.000102520
0.000100851
0.000102282
0.000101089
0.000113964
0.000209808
0.000115395
0.000107288
0.000105858
0.000109434
0.000115871
0.000104904
0.000102758
0.000100851
0.000101328
0.000108957
0.000150442
0.000113487
0.000105381
0.000101566
0.000102520
0.000106812
0.000111580
0.000108957
0.000102997
0.000102043
0.000151157
0.000118732
0.000128508
0.000105619
0.000101328
0.000100136
0.000101328
0.000099659
0.000117064
0.000102282
0.000102043
0.000106812
0.000104666
0.000102520
0.000118971
0.000102043
0.000101089
0.000100136
0.000101328
0.000100136
0.000142336
0.000106096
0.000103235
0.000106812
0.000101328
0.000104666
0.000128508
0.000106812
0.000100851
0.000103712
0.000100136
0.000099897
0.000109673
0.000100136
0.000100613
0.000100374
0.000100136
0.000100136
0.000109673
0.000102758
0.000101328
0.000099897
0.000104666
0.000099421
0.000099182
0.000099659
0.000101805
0.000100613
0.000105619
0.000099659
0.000109434
0.000100136
0.000101805
0.000099659
0.000100613
0.000106573
0.000102997
0.000099897
0.000100374
0.000100613
0.000108004
0.000101805
0.000103235
0.000100851
0.000100613
0.000100136
0.000100136
0.000099897
0.000103951
0.000101328
0.000100851
0.000100136
0.000104189
0.000101089
0.000100374
0.000099421
0.000099659
0.000099659
0.000101328
0.000101328
0.000121355
0.000104666
0.000103951
0.000101328
0.000099659
0.000104666
0.000101566
0.000102043
0.000100374
0.000099182
0.000101089
0.000100136
0.000101566
0.000100136
0.000100613
0.000100374
0.000099421
0.000099421
0.000103712
0.000200987
0.000109673
0.000102997
0.000105858
0.000102520
0.000100374
0.000099897
0.000101089
0.000099421
0.000101566
0.000100613
0.000101089
0.000110626
0.000102043
0.000100613
0.000100613
0.000106096
0.000101328
0.000100374
0.000100136
0.000101566
0.000118017
0.000102043
0.000101089
0.000101089
0.000100851
0.000099421
0.000099659
0.000101089
0.000102758
0.000101328
0.000100136
0.000099897
0.000102997
0.000102520
0.000101328
0.000101328
0.000100374
0.000099659
0.000099897
0.000099897
0.000103712
0.000108957
0.000100851
0.000100613
0.000098944
0.000105381
0.000101566
0.000099897
0.000100613
0.000100136
0.000099659
0.000099897
0.000101089
0.000099659
0.000099897
0.000105858
0.000099659
0.000099659
0.000102758
0.000102043
0.000101328
0.000100374
0.000103235
0.000102043
0.000099659
0.000099897
0.000099897
0.000100374
0.000099182
0.000099182
0.000099421
0.000099421
0.000109196
0.000104189
0.000099421
0.000104666
0.000100374
0.000101328
0.000100613
0.000106812
0.000104189
0.000100851
0.000099897
0.000101566
0.000100613
0.000099897
0.000099897
0.000107288
0.000105143
0.000101328
0.000100613
0.000099659
0.000102997
0.000101566
0.000099897
0.000099897
0.000100374
0.000099421
0.000099421
0.000100136
0.000100136
0.000106573
0.000106573
0.000100851
0.000099897
0.000104427
0.000101089
0.000101328
0.000101566
0.000102282
0.000100136
0.000099897
0.000100374
0.000101805
0.000102520
0.000100136
0.000099659
0.000100374
0.000103951
0.000203133
0.000117302
0.000102282
0.000104189
0.000107527
0.000101089
0.000101328
0.000100374
0.000100613
0.000099897
0.000099659
0.000099421
0.000099182
0.000113249
0.000105619
0.000100613
0.000104904
0.000102282
0.000100136
0.000099897
0.000101328
0.000143051
0.000104427
0.000103951
0.000101805
0.000100136
0.000099182
0.000099421
0.000100136
0.000109673
0.000100851
0.000100613
0.000098944
0.000102997
0.000102282
0.000100136
0.000099897
0.000100136
0.000099182
0.000101089
0.000100136
0.000104904
0.000101566
0.000106096
0.000108480
0.000100374
0.000104427
0.000108957
0.000100136
0.000100613
0.000099897
0.000100136
0.000099421
0.000098467
0.000101566
0.000101089
0.000099897
0.000099182
0.000100613
0.000102758
0.000102282
0.000100613
0.000098944
0.000102997
0.000106096
0.000133276
0.000102043
0.000100136
0.000101328
0.000100851
0.000099659
0.000102758
0.000101089
0.000107288
0.000112057
0.000101328
0.000104904
0.000104189
0.000100851
0.000101089
0.000102282
0.000107765
0.000102043
0.000100613
0.000101566
0.000099659
0.000099421
0.000099421
0.000102043
0.000103712
0.000102282
0.000101089
0.000106573
0.000102758
0.000107527
0.000099421
0.000100851
0.000099897
0.000099182
0.000099659
0.000100374
0.000099421
0.000098944
0.000099897
0.000108957
0.000101566
0.000104904
0.000101566
0.000100851
0.000099421
0.000098944
0.000099182
0.000100851
0.000100613
0.000101805
0.000099897
0.000100136
0.000099421
0.000098467
0.000103951
0.000196934
0.000115871
0.000103235
0.000103474
0.000102758
0.000100374
0.000099659
0.000099421
0.000101566
0.000102043
0.000107050
0.000099659
0.000099897
0.000098944
0.000109196
0.000100613
0.000104666
0.000101328
0.000100851
0.000099182
0.000100851
0.000099659
0.000099421
0.000099897
0.000101805
0.000102520
0.000099421
0.000099659
0.000100374
0.000103235
0.000102043
0.000100374
0.000100374
0.000103235
0.000103712
0.000100374
0.000099897
0.000099659
0.000098944
0.000100374
0.000099659
0.000104666
0.000101566
0.000100851
0.000109434
0.000113726
0.000112772
0.000100613
0.000101566
0.000099897
0.000099897
0.000188589
0.000105619
0.000100613
0.000102043
0.000101089
0.000099182
0.000099897
0.000100136
0.000102997
0.000101566
0.000100613
0.000100613
0.000110865
0.000102282
0.000100374
0.000099897
0.000100851
0.000100613
0.000100136
0.000099659
0.000101089
0.000099659
0.000100136
0.000101805
0.000109196
0.000105858
0.000101566
0.000100374
0.000101566
0.000099659
0.000127316
0.000104189
0.000100851
0.000101328
0.000100136
0.000099421
0.000099897
0.000099897
0.000103951
0.000103951
0.000107527
0.000099659
0.000102282
0.000101089
0.000099659
0.000099182
0.000098467
0.000099182
0.000099421
0.000100374
0.000099659
0.000099421
0.000099897
0.000102043
0.000107527
0.000104189
0.000100136
0.000100613
0.000099659
0.000099421
0.000098944
0.000099659
0.000098705
0.000102043
0.000107288
0.000098944
0.000099421
0.000098705
0.000110149
0.000100136
0.000102997
0.000100851
0.000102997
0.000101805
0.000099421
0.000100136
0.000101805
0.000101566
0.000098705
0.000099897
0.000100136
0.000099659
0.000098944
0.000102043
0.000100374
0.000111580
0.000101566
0.000100374
0.000099421
0.000101328
0.000118971
0.000101328
0.000099659
0.000101566
0.000099897
0.000100613
0.000106335
0.000101089
0.000103951
0.000102043
0.000100136
0.000099421
0.000102282
0.000102043
0.000099897
0.000100851
0.000100613
0.000099421
0.000099897
0.000098705
0.000103712
0.000100851
0.000099897
0.000102997
0.000116348
0.000112295
0.000101089
0.000100851
0.000100374
0.000100374
0.000099659
0.000099421
0.000106812
0.000100851
0.000099897
0.000099659
0.000099659
0.000099421
0.000103235
0.000202417
0.000110865
0.000101805
0.000104904
0.000102758
0.000100136
0.000099897
0.000100613
0.000100613
0.000099897
0.000099659
0.000100136
0.000099897
0.000100613
0.000101328
0.000099659
0.000113249
0.000103474
0.000105858
0.000101805
0.000099182
0.000120401
0.000109911
0.000100136
0.000101805
0.000101328
0.000100374
0.000100136
0.000106573
0.000102758
0.000101328
0.000105858
0.000098705
0.000102997
0.000102282
0.000099897
0.000099421
0.000105858
0.000099897
0.000099421
0.000100851
0.000103712
0.000100613
0.000099659
0.000100613
0.000097990
0.000111580
0.000102043
0.000101805
0.000102043
0.000101328
0.000100613
0.000100136
0.000100613
0.000101566
0.000101089
0.000099421
0.000099421
0.000100851
0.000103951
0.000101089
0.000102997
0.000100613
0.000102043
0.000108957
0.000100613
0.000102282
0.000099897
0.000100851
0.000099421
0.000105619
0.000116587
0.000105381
0.000102043
0.000104427
0.000101566
0.000114918
0.000102520
0.000101089
0.000099897
0.000100374
0.000125408
0.000105619
0.000107050
0.000102282
0.000100613
0.000099182
0.000099897
0.000100851
0.000104189
0.000102758
0.000115395
0.000105858
0.000104189
0.000102520
0.000135422
0.000114918
0.000104666
0.000103951
0.000103235
0.000100136
0.000104666
0.000108004
0.000108480
0.000107050
0.000101566
0.000106812
0.000114202
0.000102520
0.000100374
0.000099897
0.000099897
0.000100136
0.000098944
0.000101089
0.000107527
0.000101089
0.000099897
0.000099897
0.000103951
0.000202179
0.000106335
0.000101328
0.000104666
0.000102758
0.000100613
0.000100136
0.000099421
0.000099182
0.000100136
0.000098944
0.000100374
0.000099182
0.000100851
0.000101328
0.000099897
0.000106573
0.000112534
0.000107765
0.000197887
0.000158787
0.000146866
0.000105381
0.000108480
0.000104904
0.000102520
0.000101805
0.000100374
0.000101089
0.000103474
0.000101089
0.000105858
0.000099659
0.000102520
0.000101805
0.000101089
0.000099897
0.000099659
0.000099182
0.000099421
0.000101089
0.000100613
0.000099182
0.000098944
0.000102282
0.000099897
0.000104666
0.000101328
0.000112534
0.000101089
0.000099897
0.000099659
0.000099659
0.000101328
0.000101805
0.000100374
0.000099897
0.000099897
0.000099182
0.000103474
0.000100851
0.000103951
0.000100851
0.000103951
0.000102997
0.000100613
0.000099421
0.000099182
0.000099659
0.000100613
0.000100374
0.000100613
0.000105858
0.000099421
0.000100851
0.000099182
0.000104904
0.000133753
0.000107765
0.000100851
0.000102997
0.000121117
0.000101328
0.000099659
0.000108719
0.000101328
0.000100136
0.000106812
0.000099421
0.000103474
0.000101328
0.000100374
0.000099659
0.000102520
0.000101805
0.000099182
0.000099659
0.000099659
0.000099659
0.000100136
0.000099659
0.000103712
0.000101328
0.000100851
0.000101328
0.000099659
0.000108004
0.000102043
0.000108957
0.000102282
0.000100613
0.000100851
0.000099421
0.000101328
0.000101328
0.000106335
0.000099421
0.000100613
0.000099659
0.000109434
0.000200748
0.000193357
0.000108957
0.000103235
0.000114441
0.000099897
0.000099659
0.000100136
0.000098944
0.000106573
0.000100851
0.000099659
0.000101089
0.000100613
0.000101328
0.000099897
0.000105381
0.000100851
0.000100374
0.000113726
0.000101805
0.000126600
0.000104666
0.000102043
0.000102282
0.000100613
0.000099421
0.000107288
0.000100136
0.000103474
0.000101805
0.000100136
0.000100136
0.000102758
0.000101805
0.000099897
0.000100136
0.000099659
0.000101805
0.000099897
0.000101328
0.000099897
0.000100374
0.000100136
0.000102520
0.000100136
0.000103951
0.000102282
0.000107050
0.000102997
0.000099421
0.000100136
0.000099659
0.000099182
0.000102520
0.000100851
0.000099182
0.000098944
0.000112057
0.000110149
0.000101328
0.000103474
0.000101566
0.000102997
0.000114202
0.000101089
0.000100136
0.000100374
0.000099182
0.000100851
0.000100136
0.000099659
0.000100374
0.000099182
0.000101328
0.000099659
0.000105143
0.000100851
0.000100613
0.000107288
0.000102520
0.000116587
0.000100613
0.000099897
0.000102282
0.000102043
0.000099897
0.000099182
0.000100374
0.000103712
0.000100613
0.000099421
0.000102043
0.000104427
0.000101566
0.000099897
0.000099421
0.000099182
0.000098467
0.000107050
0.000100136
0.000111341
0.000101805
0.000101089
0.000101328
0.000099182
0.000105143
0.000100613
0.000100613
0.000110388
0.000102043
0.000100613
0.000098944
0.000098944
0.000101805
0.000100374
0.000099897
0.000099897
0.000100136
0.000104189
0.000194550
0.000112772
0.000099421
0.000102520
0.000102282
0.000138998
0.000104666
0.000100374
0.000100136
0.000099897
0.000098944
0.000195503
0.000106812
0.000100374
0.000103474
0.000100136
0.000104904
0.000102282
0.000100851
0.000100613
0.000110626
0.000127554
0.000105858
0.000101089
0.000111580
0.000100851
0.000099659
0.000099897
0.000099182
0.000104189
0.000101089
0.000102043
0.000100374
0.000102520
0.000101328
0.000099659
0.000099659
0.000100374
0.000099421
0.000100851
0.000100374
0.000099659
0.000099421
0.000106096
