0.017098188
0.005793333
0.005786657
0.005832911
0.005656004
0.005818367
0.004811764
0.005116224
0.005760193
0.004809618
0.005160093
0.015322685
0.005700827
0.004820347
0.004781246
0.005698919
0.005231380
0.004453659
0.005697489
0.005753279
0.005082130
0.005777121
0.004837513
0.005704641
0.004749537
0.004822969
0.004756927
0.005714655
0.005691767
0.005703688
0.005077124
0.004859447
0.004909277
0.005768299
0.004796028
0.005794764
0.004813671
0.005812645
0.005810976
0.004817724
0.005118370
0.004826069
0.004884005
0.005743504
0.004876614
0.004871130
0.005759478
0.005713701
0.004867792
0.005687475
0.005775690
0.004817247
0.005738974
0.004838705
0.005755663
0.005755901
0.004707336
0.004809380
0.004919767
0.004741430
0.005784988
0.004739523
0.005766630
0.005779743
0.005759954
0.004817724
0.005804777
0.004719496
0.013348103
0.005800009
0.005775690
0.004823208
0.004492044
0.004800081
0.005688667
0.005756140
0.004740238
0.004749298
0.005787373
0.005754232
0.005764961
0.005705595
0.004710674
0.005668163
0.004781008
0.004755259
0.005750418
0.005729914
0.004858494
0.004816055
0.004866600
0.004834175
0.005753040
0.004719973
0.005655766
0.005729675
0.004816055
0.005687714
0.005728483
0.004827738
0.004729271
0.004475594
0.004401207
0.014460325
0.397842884
0.689077616
0.593073368
0.497155666
0.403006315
0.308357716
0.212144852
0.118765116
0.022416830
0.004818916
0.004823685
0.363184690
0.784537554
0.883754253
0.866950035
1.261939287
1.164503098
1.066190481
0.967600107
0.870323181
0.773471355
0.694165945
0.618705988
0.520502806
0.422754765
0.324687004
0.226408958
0.128428698
0.035170317
0.003550291
0.003587723
0.003558874
0.003665924
0.003541231
0.003559589
0.003606319
0.003579378
0.003549099
0.003606796
0.003603697
0.003563881
0.003556967
0.003568888
0.003534079
0.003560543
0.003569126
0.012667179
0.003554821
0.003621340
0.003570795
0.003586292
0.364699841
0.806479931
1.160483122
1.072510958
0.988000870
0.890152931
0.793036938
0.694902420
0.845735312
0.747028828
0.882364988
0.786160707
0.688410282
0.606892586
0.514073610
0.484432220
0.385867119
0.287387609
0.188944340
0.090488434
0.391580343
0.308611631
0.215466499
0.118774176
0.025045156
0.004020214
0.004004478
0.004009724
0.004004955
0.004018068
0.003976822
0.004024267
0.003963232
0.004035473
0.004021406
0.004012585
0.003997803
0.004040480
0.004047632
0.004034996
0.004018545
0.114655018
0.023787737
0.003646374
0.361966848
0.788406372
1.158710003
1.072224379
0.974703550
0.876421213
0.778901577
0.680944204
0.661480427
0.562973261
0.464737654
0.366420269
0.267925739
0.169389486
0.070847750
0.003680706
0.003628731
0.003661633
0.003628492
0.003645897
0.003610373
0.003728628
0.003644466
0.003634453
0.003630638
0.003631115
0.003647327
0.003681898
0.003662348
0.003637552
0.003621578
0.003639698
0.003622293
0.003643036
0.003605843
0.003635406
0.003669977
0.015525103
0.003665209
0.003663301
0.363717794
0.748851061
1.019381046
0.930604696
0.878024817
0.779635906
0.680922508
0.582639694
0.484102726
0.385521412
0.287166357
0.188540697
0.089972734
0.410091877
0.802540541
0.953268290
0.854681015
0.756387711
0.657692432
0.558750153
0.460624218
0.362298250
0.263063192
0.165262699
0.065969706
0.004004717
0.391608238
0.724012852
1.007296324
1.028764248
0.930378437
0.831757545
0.733444929
0.634749413
0.536475182
0.437725544
0.573647976
0.475079298
0.376606464
0.713868618
0.897969484
0.981620312
0.981175423
0.882851839
1.133661032
1.035179615
1.080699682
0.993927956
0.895497084
0.796495914
0.698588610
0.603379965
0.505653858
0.407250166
0.308995247
0.210423946
0.112152338
0.022512674
0.003571987
0.003584862
0.003595591
0.003603458
0.384521008
0.775312185
1.134985685
1.258513689
1.464478016
1.368437529
1.272282362
1.175804853
1.086116552
0.989821434
0.893800497
0.797554255
0.706524611
0.610246420
0.514483690
0.418361425
0.322259426
0.225826979
0.130143642
0.032576084
0.004776239
0.004876375
0.379839659
0.704486609
1.018260002
0.921783447
0.840023994
0.743880987
0.648211956
0.551957846
0.455750704
0.359647989
0.263420820
0.167207479
0.071654558
0.004528046
0.334506512
0.725890875
1.194177389
1.303716183
1.222513437
1.136710167
1.041707754
0.945409775
0.849453211
0.753212452
0.661252260
0.565095663
0.469110489
0.372973919
0.272704124
0.181205750
0.084682226
0.004471064
0.004450083
0.004376173
0.376428127
0.737502098
0.979334116
0.883497238
0.791366339
0.695053816
0.600231647
0.505761862
0.409988642
0.313705683
0.218114853
0.122097254
0.065685034
0.389200926
0.748485565
1.211361647
1.124521971
1.032766819
0.937189102
0.841124058
0.745233774
0.648972273
0.553448200
0.457368851
0.361158848
0.265339136
0.169475794
0.072643757
0.004463196
0.004401207
0.344372988
0.734506607
0.943524599
0.847453356
0.751133680
0.655120373
0.559185505
0.462085962
0.366759777
0.270544291
0.174665928
0.078773975
0.004450798
0.004415751
0.391694069
0.793838739
1.158109426
1.074129581
0.978391171
0.882309675
0.786431074
0.690154314
0.594275236
0.498021126
0.404219866
0.312235355
0.217257738
0.121683121
0.024300814
0.004424095
0.375802279
0.417128325
0.598278284
0.504369497
0.408535957
0.315770388
0.408753872
0.597654581
0.502586603
0.408187389
0.312741518
0.645661354
1.047749519
1.170546532
1.250753164
1.154756546
1.058899403
0.963311434
1.066619396
0.970741510
0.875965834
0.990403891
0.894657612
0.798545837
0.706790924
0.610456467
0.514629126
0.418634892
0.322764158
0.226308107
0.130471468
0.033880711
0.004444599
0.364426374
0.839782953
1.159807920
1.094389677
0.998446465
0.907190561
0.810796499
0.715555668
0.619489670
0.523805618
0.428779840
0.333185911
0.237753153
0.139616013
0.268825769
0.668041706
1.040235043
1.208130360
1.198866606
1.104684830
1.009655237
0.915327072
0.820184231
0.725933313
0.634497166
0.544070005
0.451271296
0.355538368
0.259458780
0.163308859
0.066616297
0.004838467
0.004873276
0.016654015
0.004913807
0.004843235
0.004881144
0.004877806
0.004876137
0.004816532
0.024427652
0.349662066
0.718204975
1.154507399
1.280670643
1.462636948
1.366963625
1.271245003
1.175980091
1.088459492
1.018420219
0.922998905
0.827038527
0.735463619
0.639405727
0.543421507
0.452986717
0.357358217
0.261441231
0.165496349
0.072688580
0.004439592
0.004500151
0.028348923
0.004484415
0.004470825
0.004536152
0.004494667
0.004532337
0.004486322
0.004424810
0.004417658
0.004497290
0.004454851
0.004513741
0.004468679
0.004551411
0.004464626
0.004475355
0.004513264
0.004518509
0.284687519
0.188783407
0.092764616
0.004903316
0.004471779
0.004516125
0.004499197
0.004502296
0.004505396
0.004506350
0.004473448
0.004488707
0.004479170
0.004506350
0.004452944
0.004493475
0.016492844
0.004500866
0.004437208
0.004438400
0.004440069
0.004470110
0.004423380
0.004506826
0.004405022
0.004457951
0.004464149
0.080663919
0.004737854
0.004860878
0.391239405
0.813588619
0.936443567
0.840188742
0.744125128
0.647964716
0.552191019
0.456207752
0.359945059
0.264200449
0.167968750
0.071823835
0.016623735
0.024488211
0.115211248
0.298210859
0.561327457
0.478729486
0.709137917
0.615416050
0.519605398
0.423482895
0.327489376
0.235550404
0.139357805
0.039124727
0.004450560
0.004454613
0.016363621
0.004425287
0.004430532
0.004501581
0.004448652
0.004438400
0.004411459
0.004393816
0.004482746
0.004439354
0.379273653
0.714674234
0.898760557
0.804328442
0.809199333
1.281910658
1.756748199
2.014566183
1.918979406
1.823057413
1.727164984
1.630171776
1.536031246
1.440141201
1.345904112
1.250593901
1.155068398
1.059233904
0.963446379
0.867415667
0.786919594
0.691402197
0.595462561
0.500875473
0.950115204
0.918628454
0.881326437
0.794241190
0.697129011
0.603963375
0.508018017
0.412051916
0.316362858
0.220025778
0.123667240
0.034909248
0.074281454
0.004887581
0.004824877
0.004874706
0.378160715
0.761901379
0.890706062
0.794384718
0.698580980
0.604197025
0.508188486
0.412055969
0.316431999
0.220490217
0.124641895
0.035141945
0.391729355
0.862583637
0.931614161
0.835213184
0.739326239
0.645823479
0.550022840
0.454144239
0.357766628
0.261971712
0.165977240
0.069573402
0.016705513
0.391438484
0.791781664
1.119142771
1.023059845
0.926817417
0.830789804
0.734834909
0.638929129
0.542795658
0.444535255
0.350441694
0.248635292
0.158478737
0.062733173
0.004527330
0.004521608
0.004576445
0.004531860
0.004493237
0.004519463
0.004506111
0.004452944
0.004542351
0.004538774
0.004572868
0.004469395
0.004602194
0.384379625
0.891186237
0.802777529
0.756461859
0.660348892
0.564392567
0.468207359
0.372010946
0.275367737
0.180174828
0.083465338
0.004891396
0.208073616
0.111862421
0.022540331
0.377254248
0.515753746
0.433475971
0.346998453
0.255751848
0.159908295
0.063622952
0.004919529
0.004989386
0.016666889
0.004763365
0.016655684
0.004921198
0.004878521
0.004911661
0.004878998
0.004877806
0.004846096
0.004877806
0.004904032
0.004888296
0.004869461
0.004947901
0.004835844
0.004854679
0.004816055
0.004875183
0.004894257
0.004947424
0.016751528
0.004858255
0.004825354
0.005000114
0.004894495
0.004976511
0.004837751
0.004937649
0.004874945
0.004922628
0.004905462
0.004908085
0.004878998
0.004899502
0.014674425
0.004908562
0.004903555
0.004839182
0.004901171
0.004931211
0.004917145
0.004905224
0.004832983
0.004884243
0.005069256
0.004944324
0.004824877
0.004877090
0.004825592
0.005038261
0.004900932
0.005006790
0.004859209
0.004939556
0.004930019
0.004921198
0.004888058
0.004923344
0.004954576
0.004909039
0.004877806
0.004863739
0.004881382
0.004880667
0.004881382
0.004879475
0.014622927
0.377224922
0.856855154
0.922909021
0.934262991
0.978853464
0.883050442
0.786959648
0.691492319
0.636596918
0.540586233
0.444831133
0.349559546
0.758795738
1.250953436
1.174938202
1.080991983
0.984768629
0.888745070
0.792219162
0.696588993
0.601186752
0.507503271
0.411446571
0.315581083
0.219397545
0.123545647
0.026820421
0.004487753
0.004507065
0.004506111
0.004491091
0.004580259
0.004490376
0.004493237
0.004453182
0.004523516
0.004503727
0.004536867
0.004544497
0.004506826
0.004515171
0.016477823
0.004476309
0.004483938
0.004508018
0.004463911
0.004478693
0.004451513
0.004562378
0.004454613
0.004530668
0.016470194
0.004513264
0.004501581
0.004490614
0.004468203
0.004480124
0.004499435
0.004522800
0.004468203
0.004490852
0.004473448
0.004512548
0.004487276
0.004543066
0.390856028
0.714677811
0.994707346
0.899050236
0.814011097
0.721954584
0.627094030
0.849500418
0.753708601
0.657926321
0.564028740
0.468186617
0.370750666
0.735744238
1.094152927
1.394576311
1.306486130
1.210434675
1.116125107
1.020788431
0.930016756
0.846537352
1.071574926
1.037559032
0.941542149
0.855628014
0.759817362
0.663929939
0.568214655
0.472692490
0.382915258
0.295681238
0.591519356
0.495365620
0.974176645
1.124462605
1.046993017
0.973942518
0.879913568
0.784075022
0.687983751
0.591881990
0.496102810
0.400956869
0.308379650
0.212166071
0.116282225
0.019092083
0.004806042
0.377163172
0.789428949
0.726445436
0.641537189
0.654689789
1.022367954
0.926383734
0.830727339
0.734742641
0.638740301
1.167627096
1.361919641
1.290595770
1.194918633
1.099440098
1.004845619
0.909304142
0.813787937
0.717841625
0.675237656
0.579144001
0.483316183
0.387275457
0.291454077
0.195371866
0.174800634
0.536913157
0.812910557
0.830428123
0.734577179
0.638470650
0.542569876
0.446424007
0.350059509
0.254224539
0.157448530
0.062341928
0.378052473
0.678491592
1.008699894
1.024271011
1.190694094
1.199152231
1.105423689
1.012153625
0.957513094
0.863087654
0.767228365
0.671416044
0.575458765
0.479536295
0.383424759
0.283703804
0.191503525
0.085214615
0.004886389
0.004935741
0.377806664
0.780439377
1.232513905
1.138137579
1.042491913
0.946381569
0.852742434
0.756655216
0.660674095
0.564822674
0.468982220
0.372557878
0.276964903
0.180725813
0.084920168
0.004505157
0.004500628
0.004495382
0.004460573
0.004466295
0.358525038
0.742483139
0.683247089
0.724221468
0.628104210
0.532056093
0.436176300
0.340175390
0.244120836
0.147921324
0.052151442
0.004509449
0.004471540
0.004476547
0.004455090
0.004559517
0.004481554
0.004477501
0.016438961
0.004525900
0.016505718
0.004509449
0.004424334
0.004480600
0.004445076
0.004526377
