0.000212431
0.000176668
0.000113964
0.000104427
0.000101805
0.000112057
0.000110149
0.000101328
0.000112534
0.000103951
0.000100374
0.000111580
0.000102043
0.000099897
0.000099421
0.000100613
0.000099659
0.000109196
0.000102997
0.000101089
0.000099659
0.000107050
0.000104666
0.000107050
0.000100374
0.000104189
0.000099659
0.000101089
0.000101805
0.000107527
0.000099421
0.000101566
0.000105858
0.000099659
0.000099897
0.000108480
0.000131369
0.000107288
0.000101805
0.000103951
0.000100374
0.000123501
0.000100136
0.000100613
0.000100851
0.000099659
0.000099421
0.000107527
0.000103474
0.000100613
0.000099897
0.000098944
0.000108004
0.000107765
0.000101566
0.000106096
0.000102520
0.000103951
0.000102282
0.000107288
0.000100851
0.000099659
0.000099421
0.000100136
0.000099182
0.000103235
0.000101805
0.000109911
0.000117302
0.000102997
0.000100374
0.000099421
0.000099659
0.000100136
0.000099897
0.000099182
0.000099421
0.000099897
0.000100851
0.000100136
0.000099659
0.000106096
0.000103951
0.000100136
0.000099421
0.000100613
0.000102997
0.000100613
0.000101566
0.000099182
0.000098944
0.000098705
0.000098944
0.000098944
0.000100136
0.000103712
0.000199318
0.000113726
0.000108242
0.000105143
0.000102282
0.000101089
0.000106573
0.000098944
0.000098467
0.000099421
0.000097990
0.000098944
0.000101328
0.000099659
0.000099182
0.000098467
0.000103951
0.000100374
0.000099421
0.000100136
0.000102520
0.000118971
0.000103712
0.000098705
0.000097275
0.000099659
0.000099421
0.000098944
0.000098944
0.000109196
0.000099897
0.000109673
0.000101566
0.000102043
0.000099659
0.000098944
0.000100136
0.000099897
0.000099421
0.000099897
0.000102997
0.000103474
0.000102758
0.000099659
0.000099897
0.000100136
0.000104666
0.000100136
0.000099182
0.000099182
0.000098944
0.000103951
0.000101566
0.000099659
0.000099421
0.000099182
0.000098944
0.000099182
0.000099421
0.000103474
0.000100851
0.000100374
0.000110149
0.000103235
0.000109673
0.000111818
0.000100851
0.000098467
0.000098705
0.000098467
0.000105143
0.000099659
0.000101089
0.000099421
0.000100136
0.000105143
0.000104189
0.000099897
0.000100613
0.000098944
0.000102282
0.000107527
0.000106335
0.000099659
0.000099182
0.000107050
0.000099182
0.000100613
0.000098705
0.000103235
0.000106096
0.000113964
0.000102282
0.000102758
0.000100374
0.000105619
0.000102282
0.000098944
0.000100136
0.000100851
0.000099421
0.000099659
0.000100851
0.000100851
0.000098705
0.000099421
0.000103951
0.000100851
0.000098944
0.000098467
0.000097990
0.000099897
0.000101089
0.000107288
0.000098467
0.000099659
0.000098228
0.000099421
0.000098944
0.000103474
0.000205755
0.000111580
0.000128746
0.000106573
0.000100374
0.000099659
0.000099182
0.000100613
0.000099182
0.000099182
0.000098228
0.000098944
0.000101089
0.000099182
0.000098705
0.000098944
0.000103712
0.000100136
0.000099182
0.000100374
0.000098944
0.000121355
0.000103235
0.000099182
0.000098944
0.000105858
0.000099421
0.000098705
0.000098944
0.000105143
0.000105381
0.000099182
0.000111580
0.000102520
0.000099659
0.000099421
0.000099182
0.000097990
0.000099182
0.000100374
0.000102997
0.000108004
0.000101805
0.000110626
0.000102043
0.000101328
0.000104189
0.000099659
0.000107050
0.000099659
0.000219345
0.000106812
0.000100374
0.000099421
0.000100374
0.000097752
0.000100374
0.000099659
0.000099421
0.000103235
0.000100136
0.000099659
0.000109673
0.000106812
0.000098944
0.000100374
0.000098944
0.000098467
0.000098705
0.000097752
0.000097990
0.000098228
0.000101089
0.000100374
0.000098467
0.000098705
0.000103712
0.000105619
0.000098944
0.000099182
0.000101328
0.000102282
0.000101566
0.000101089
0.000098228
0.000103474
0.000098705
0.000098705
0.000098944
0.000102282
0.000100136
0.000099182
0.000102520
0.000108480
0.000102758
0.000098705
0.000102997
0.000099897
0.000105858
0.000100374
0.000099421
0.000102043
0.000101089
0.000098705
0.000099421
0.000100374
0.000104189
0.000099897
0.000099182
0.000099659
0.000098467
0.000099659
0.000101566
0.000100613
0.000098944
0.000098944
0.000102520
0.000098944
0.000098944
0.000103712
0.000215054
0.000113726
0.000105143
0.000112295
0.000101089
0.000106812
0.000098705
0.000098944
0.000098944
0.000100374
0.000106096
0.000098705
0.000101328
0.000098228
0.000098467
0.000098228
0.000103951
0.000100613
0.000099897
0.000100851
0.000101089
0.000142813
0.000103474
0.000099182
0.000097752
0.000100613
0.000100136
0.000098944
0.000098467
0.000102758
0.000105143
0.000098228
0.000103235
0.000100374
0.000100613
0.000098467
0.000098228
0.000098705
0.000098944
0.000099659
0.000101805
0.000100613
0.000101566
0.000100851
0.000098944
0.000098944
0.000102997
0.000098228
0.000097990
0.000098467
0.000098467
0.000098944
0.000101805
0.000098228
0.000097990
0.000097275
0.000098467
0.000108957
0.000099421
0.000109434
0.000099659
0.000098705
0.000102997
0.000108004
0.000100136
0.000099421
0.000098467
0.000100374
0.000098228
0.000097752
0.000098228
0.000098228
0.000100613
0.000099421
0.000097990
0.000099897
0.000104189
0.000098705
0.000099659
0.000099897
0.000101805
0.000130892
0.000103951
0.000100374
0.000104666
0.000098705
0.000098228
0.000097990
0.000098467
0.000102758
0.000099659
0.000101328
0.000102282
0.000098944
0.000112057
0.000100136
0.000098944
0.000098467
0.000098944
0.000099182
0.000102282
0.000098705
0.000101089
0.000098944
0.000098467
0.000104189
0.000104666
0.000100851
0.000100374
0.000098944
0.000098705
0.000098467
0.000100374
0.000101328
0.000098467
0.000142336
0.000106812
0.000115156
0.000109434
0.000230312
0.000123024
0.000110388
0.000106096
0.000108004
0.000110626
0.000102997
0.000100374
0.000098944
0.000098228
0.000099897
0.000116587
0.000106096
0.000110626
0.000101566
0.000099659
0.000099659
0.000105619
0.000105619
0.000099421
0.000100136
0.000238180
0.000222206
0.000256777
0.000230789
0.000238657
0.000221729
0.000138283
0.000103235
0.000101328
0.000104904
0.000101566
0.000102043
0.000103235
0.000100374
0.000111341
0.000100136
0.000099182
0.000099182
0.000099421
0.000100374
0.000102758
0.000099421
0.000102282
0.000100136
0.000098705
0.000099182
0.000104904
0.000103474
0.000098467
0.000098944
0.000097752
0.000098467
0.000100851
0.000099182
0.000098467
0.000098228
0.000104189
0.000098228
0.000099182
0.000103712
0.000100613
0.000099659
0.000103474
0.000099421
0.000098944
0.000108719
0.000099659
0.000100613
0.000098467
0.000098705
0.000098705
0.000097752
0.000099897
0.000098467
0.000099897
0.000098944
0.000104427
0.000098944
0.000100613
0.000100613
0.000116825
0.000100136
0.000108242
0.000098944
0.000098228
0.000099659
0.000097752
0.000098228
0.000098228
0.000102043
0.000099897
0.000099421
0.000103235
0.000100136
0.000103712
0.000099897
0.000100136
0.000098467
0.000099182
0.000099659
0.000098944
0.000098467
0.000100613
0.000099182
0.000099421
0.000097752
0.000110388
0.000105858
0.000098467
0.000098467
0.000107527
0.000098944
0.000102043
0.000098705
0.000097752
0.000097990
0.000098944
0.000098228
0.000099421
0.000202894
0.000115395
0.000101328
0.000104189
0.000101566
0.000100136
0.000109434
0.000101566
0.000098705
0.000099421
0.000098228
0.000100374
0.000098467
0.000101566
0.000098467
0.000098705
0.000097752
0.000104666
0.000099182
0.000100613
0.000102520
0.000124693
0.000100613
0.000101089
0.000098705
0.000105381
0.000099421
0.000104904
0.000105858
0.000097752
0.000101089
0.000099182
0.000204802
0.000109673
0.000105858
0.000099182
0.000107050
0.000101089
0.000098944
0.000098467
0.000099182
0.000101566
0.000099182
0.000101805
0.000106096
0.000098705
0.000096083
0.000102043
0.000101805
0.000098705
0.000097990
0.000102758
0.000100613
0.000100136
0.000098228
0.000097513
0.000098467
0.000097752
0.000098467
0.000099182
0.000102043
0.000100136
0.000098705
0.000102282
0.000099182
0.000098467
0.000106812
0.000099421
0.000098944
0.000104427
0.000098228
0.000098467
0.000099182
0.000101566
0.000098705
0.000099897
0.000102997
0.000099421
0.000111103
0.000098705
0.000099659
0.000121355
0.000100613
0.000108242
0.000099659
0.000099421
0.000098228
0.000099897
0.000098228
0.000101566
0.000100613
0.000105381
0.000099182
0.000102282
0.000099421
0.000098228
0.000098467
0.000105858
0.000099659
0.000100374
0.000100136
0.000100374
0.000098944
0.000100613
0.000099182
0.000098228
0.000103951
0.000099421
0.000098467
0.000098467
0.000098944
0.000098705
0.000100374
0.000101089
0.000101089
0.000098228
0.000097990
0.000099659
0.000098944
0.000102520
0.000199080
0.000124454
0.000105858
0.000108719
0.000100851
0.000100374
0.000100136
0.000127792
0.000100136
0.000104427
0.000098467
0.000099421
0.000099182
0.000100613
0.000100374
0.000102997
0.000103474
0.000099897
0.000098467
0.000099421
0.000100374
0.000120163
0.000102282
0.000102758
0.000101328
0.000098228
0.000098705
0.000099897
0.000104904
0.000102282
0.000100851
0.000099421
0.000098228
0.000103235
0.000100851
0.000098944
0.000098228
0.000101328
0.000099659
0.000104904
0.000097990
0.000103951
0.000100374
0.000101566
0.000098228
0.000098228
0.000103235
0.000100136
0.000099421
0.000097752
0.000098467
0.000104189
0.000098228
0.000101566
0.000097513
0.000102282
0.000099182
0.000098467
0.000098467
0.000102282
0.000101089
0.000098705
0.000098705
0.000102282
0.000100136
0.000158787
0.000106335
0.000125408
0.000102758
0.000098705
0.000098228
0.000098228
0.000098467
0.000100613
0.000098228
0.000099421
0.000103474
0.000100374
0.000099897
0.000099897
0.000098944
0.000124693
0.000109673
0.000108242
0.000098467
0.000097513
0.000097752
0.000099897
0.000099182
0.000102520
0.000100613
0.000098944
0.000106573
0.000103235
0.000099897
0.000097990
0.000099421
0.000100374
0.000111103
0.000099182
0.000099897
0.000098944
0.000098944
0.000100136
0.000098467
0.000100851
0.000104427
0.000100136
0.000104666
0.000098228
0.000098705
0.000098944
0.000099182
0.000100851
0.000098705
0.000108957
0.000098705
0.000097990
0.000104904
0.000103712
0.000225544
0.000119686
0.000102282
0.000104189
0.000099897
0.000099182
0.000098705
0.000099421
0.000098228
0.000109911
0.000101805
0.000098467
0.000098228
0.000100136
0.000098228
0.000098467
0.000104666
0.000101566
0.000099897
0.000099421
0.000106573
0.000118494
0.000100851
0.000100613
0.000098944
0.000124454
0.000101089
0.000101566
0.000098705
0.000102282
0.000099421
0.000098467
0.000098705
0.000103235
0.000099897
0.000099897
0.000098705
0.000098228
0.000104427
0.000101566
0.000098705
0.000101805
0.000100613
0.000102282
0.000100374
0.000098467
0.000104189
0.000101089
0.000097513
0.000098228
0.000098705
0.000210524
0.000114679
0.000105858
0.000100851
0.000107288
0.000098228
0.000098705
0.000098467
0.000102043
0.000101089
0.000099182
0.000097752
0.000102520
0.000105381
0.000098705
0.000098467
0.000100613
0.000098467
0.000107288
0.000099182
0.000098467
0.000098467
0.000100613
0.000104904
0.000099659
0.000103235
0.000099421
0.000098228
0.000099897
0.000099897
0.000129461
0.000102997
0.000101805
0.000099421
0.000100136
0.000098467
0.000099659
0.000098467
0.000102282
0.000099659
0.000098944
0.000099421
0.000102043
0.000098228
0.000098705
0.000098228
0.000098228
0.000097990
0.000109196
0.000100613
0.000099659
0.000099182
0.000102282
0.000098705
0.000098944
0.000105381
0.000101328
0.000098944
0.000098705
0.000098467
0.000098705
0.000098467
0.000102282
0.000099182
0.000099421
0.000099182
0.000097990
0.000098467
0.000102997
0.000198126
0.000112295
0.000102997
0.000104904
0.000100851
0.000100613
0.000098705
0.000099659
0.000098944
0.000104666
0.000101089
0.000099897
0.000100136
0.000102520
0.000101089
0.000098467
0.000103951
0.000099897
0.000098944
0.000097990
0.000099897
0.000134468
0.000101328
0.000100374
0.000098944
0.000099421
0.000098467
0.000099421
0.000098228
0.000108480
0.000099897
0.000099182
0.000105381
0.000103474
0.000098944
0.000099421
0.000098705
0.000099659
0.000098228
0.000100613
0.000121117
0.000103474
0.000099897
0.000100613
0.000098705
0.000098705
0.000104189
0.000101805
0.000099182
0.000099659
0.000099659
0.000099897
0.000099182
0.000099897
0.000099182
0.000098944
0.000097990
0.000098944
0.000097752
0.000101566
0.000100613
0.000098944
0.000098467
0.000102997
