0.011536598
0.010635376
0.010529995
0.010516405
0.010464430
0.010621786
0.010501862
0.010461807
0.010520220
0.010529518
0.010459900
0.010638952
0.010486841
0.010535955
0.010510921
0.010474205
0.010488272
0.010619879
0.010588646
0.010549545
0.010476112
0.010463715
0.010535955
0.010604382
0.010484219
0.010537624
0.010499477
0.010472775
0.010521412
0.010574579
0.010480404
0.010532141
0.010520935
0.010512352
0.010514736
0.010527611
0.010527372
0.010487556
0.010513783
0.010520458
0.010491133
0.010520697
0.010487080
0.010535479
0.010460854
0.010523319
0.010508776
0.010540485
0.010468483
0.010593414
0.010520220
0.010510206
0.010537148
0.010504723
0.010532618
0.010482550
0.010483742
0.010528803
0.010502338
0.010554075
0.010468960
0.010550022
0.010459661
0.010527611
0.010464191
0.010461569
0.010495186
0.010534525
0.010528326
0.010507822
0.010460854
0.010468960
0.010480642
0.010546446
0.010474205
0.010456800
0.010531187
0.010508060
0.010457277
0.010511398
0.010527611
0.010521173
0.010525703
0.010533810
0.010460854
0.010548353
0.010477304
0.010473967
0.010484695
0.010523796
0.010470867
0.010507107
0.010463476
0.010504961
0.010507107
0.010468483
0.010515213
0.010481834
0.010514975
0.010474443
0.010464907
0.010448217
0.010476589
0.010467529
0.010460377
0.010505915
0.010478258
0.010569811
0.010482073
0.010514498
0.010485888
0.010492325
0.010485649
0.010468006
0.010463715
0.010497570
0.010468245
0.010473728
0.010470390
0.010462523
0.010463953
0.010480165
0.010465622
0.010489941
0.010466337
0.010483742
0.010472298
0.010469198
0.010462999
0.010463476
0.010463476
0.010459661
0.010468245
0.010483980
0.010478258
0.010463238
0.010483980
0.010485411
0.010466814
0.010462284
0.010526657
0.010478020
0.010468245
0.010461807
0.010472298
0.010471344
0.010499001
0.010478735
0.010474205
0.010480165
0.010471106
0.010452509
0.010458708
0.010467768
0.010458946
0.010456562
0.010455608
0.010462999
0.010459423
0.010453463
0.010462523
0.010458469
0.010471106
0.010478735
0.010451555
0.010452509
0.010490417
0.010489225
0.010459900
0.010487556
0.010478020
0.010470629
0.010459185
0.010454416
0.010453939
0.010464907
0.010459900
0.010452271
0.010454655
0.010452509
0.010452747
0.010462046
0.010457754
0.010457516
0.010458469
0.010457039
0.010480881
0.010478735
0.010453224
0.010452986
0.010451794
0.010468960
0.010472536
0.010453939
0.010462761
0.010453463
0.010477543
0.010455132
0.010449171
0.010464191
0.010534048
0.010465622
0.010457039
0.010459900
0.010466576
0.010610104
0.010473490
0.010458469
0.010471582
0.010452509
0.010560513
0.010474920
0.010463476
0.010446548
0.010467768
0.010457516
0.010599375
0.010487318
0.010459423
0.010453224
0.010455847
0.010457039
0.010463953
0.010458231
0.010461330
0.010459661
0.010585070
0.010467529
0.010456085
0.010447502
0.010532618
0.010484457
0.010459661
0.010457516
0.010450602
0.010483027
0.010481834
0.010457516
0.010461569
0.010452747
0.010472059
0.010453224
0.010458469
0.010451794
0.010456085
0.010472775
0.010454655
0.010453224
0.010454893
0.010463715
0.010463238
0.010464907
0.010458708
0.010449648
0.010460854
0.010455132
0.010460615
0.010460377
0.010448456
0.010467052
0.010500908
0.010476112
0.010458469
0.010460377
0.010528088
0.010470152
0.010466576
0.010457993
0.010477543
0.010461569
0.010457516
0.010455847
0.010453224
0.010455370
0.010462046
0.010473728
0.010456324
0.010451078
0.010452747
0.010456562
0.010450363
0.010460138
0.010463715
0.010455132
0.010452986
0.010453939
0.010508776
0.010472775
0.010472059
0.010455608
0.010502815
0.010473728
0.010457754
0.010462284
0.010457754
0.010460615
0.010476112
0.010466337
0.010470390
0.010453701
0.010451078
0.010458708
0.010455608
0.010452271
0.010453939
0.010457993
0.010483265
0.010458708
0.010449409
0.010447979
0.010473490
0.010463953
0.010462523
0.010463715
0.010460377
0.010678530
0.010466814
0.010454893
0.010451078
0.010466099
0.010461330
0.010514498
0.010457277
0.010451794
0.010469675
0.010473490
0.010459900
0.010462284
0.010480404
0.010478973
0.010453463
0.010455608
0.010453701
0.010454416
0.010450125
0.010455132
0.010467052
0.010458708
0.010462284
0.010457039
0.010448694
0.010459661
0.010457754
0.010469198
0.010467052
0.010456085
0.010544300
0.010473728
0.010456085
0.010457039
0.010449409
0.010488749
0.010495901
0.010473728
0.010461330
0.010456562
0.010471344
0.010481358
0.010464668
0.010454178
0.010452032
0.010457993
0.010468483
0.010469198
0.010463476
0.010466576
0.010455608
0.010458946
0.010453224
0.010453224
0.010473013
0.010470390
0.010475159
0.010449171
0.010455608
0.010469437
0.010459661
0.010459900
0.010450125
0.010452747
0.010464668
0.010507584
0.010465145
0.010448694
0.010465622
0.010472059
0.010493279
0.010465384
0.010469437
0.010470390
0.010462999
0.010478497
0.010454416
0.010453939
0.010462761
0.010460854
0.010453939
0.010448694
0.010454655
0.010467529
0.010450363
0.010465860
0.010462523
0.010461807
0.010483503
0.010465384
0.010540009
0.010458231
0.010466814
0.010457754
0.010484457
0.010453224
0.010531425
0.010483980
0.010464191
0.010456562
0.010458708
0.010462046
0.010475874
0.010456324
0.010461569
0.010452747
0.010462046
0.010469198
0.010453224
0.010456562
0.010464907
0.010466814
0.010461569
0.010451078
0.010454893
0.010489702
0.010480642
0.010461569
0.010450363
0.010448694
0.010470629
0.010468483
0.010458469
0.010457277
0.010457277
0.010540724
0.010490656
0.010450363
0.010468483
0.010640144
0.010474205
0.010462523
0.010462999
0.010457754
0.010457993
0.010468721
0.010480165
0.010451555
0.010459661
0.010454893
0.010440588
0.010450602
0.010452747
0.010462046
0.010455847
0.010469198
0.010460615
0.010462761
0.010461807
0.010460615
0.010543585
0.010470390
0.010471821
0.010449409
0.010458469
0.010462284
0.010515690
0.010459185
0.010464907
0.010457993
0.010459900
0.010450363
0.010471344
0.010460615
0.010461092
0.010459185
0.010466337
0.010483742
0.010460138
0.010450363
0.010464668
0.010460854
0.010469675
0.010453463
0.010467052
0.010472775
0.010455847
0.010455608
0.010463953
0.010454655
0.010458231
0.010450840
0.010455132
0.010450363
0.010458469
0.010450602
0.010451078
0.010534763
0.010488987
0.010472298
0.010479689
0.010463953
0.010474443
0.010472536
0.010507345
0.010467529
0.010461330
0.010449886
0.010458231
0.010467768
0.010511637
0.010479212
0.010469437
0.010458946
0.010469437
0.010469675
0.010456085
0.010450363
0.010457754
0.010450363
0.010469437
0.010458469
0.010462761
0.010453224
0.010453939
0.010459423
0.010492802
0.010479212
0.010483265
0.010470390
0.010491610
0.010478973
0.010466576
0.010459900
0.010466337
0.010458469
0.010454416
0.010454893
0.010460615
0.010459661
0.010461569
0.010473490
0.010455370
0.010449409
0.010450125
0.010462523
0.010469913
0.010458231
0.010454655
0.010461569
0.010457039
0.010452032
0.010460377
0.010464430
0.010469675
0.010470867
0.010462046
0.010528326
0.010494232
0.010600328
0.010479212
0.010460854
0.010474920
0.010456085
0.010461807
0.010456324
0.010459185
0.010453939
0.010451555
0.010452747
0.010461569
0.010457516
0.010452509
0.010448694
0.010457993
0.010462046
0.010452271
0.010449409
0.010457754
0.010466814
0.010473013
0.010627985
0.010479212
0.010478497
0.010474682
0.010487556
0.010469437
0.010540485
0.010489702
0.010477304
0.010460377
0.010449409
0.010470629
0.010454893
0.010457039
0.010452747
0.010450125
0.010454655
0.010453224
0.010454655
0.010452986
0.010462284
0.010458469
0.010450840
0.010472298
0.010481596
0.010462284
0.010451555
0.010456085
0.010469913
0.010467529
0.010477543
0.010462523
0.010457754
0.010456324
0.010459185
0.010472059
0.010449886
0.010517836
0.010473490
0.010465860
0.010461330
0.010470390
0.010453463
0.010449886
0.010457516
0.010457039
0.010451317
0.010449171
0.010457993
0.010459900
0.010449648
0.010458946
0.010468245
0.010460377
0.010478497
0.010478258
0.010470629
0.010472059
0.010460854
0.010560274
0.010485649
0.010469675
0.010470867
0.010461330
0.010458469
0.010465145
0.010451317
0.010517359
0.010468721
0.010460377
0.010463476
0.010464668
0.010452271
0.010459900
0.010450602
0.010458469
0.010449648
0.010449409
0.010462999
0.010469913
0.010455847
0.010479689
0.010461092
0.010462046
0.010495186
0.010469675
0.010474205
0.010466337
0.010471344
0.010462523
0.010452986
0.010457754
0.010458946
0.010455370
0.010454893
0.010452747
0.010446072
0.010503531
0.010467052
0.010459900
0.010453224
0.010468245
0.010462046
0.010460854
0.010459661
0.010457993
0.010458708
0.010470152
0.010455847
0.010463715
0.010463238
0.010483503
0.010456562
0.010458231
0.010464191
0.010474205
0.010462523
0.010457277
0.010464668
0.010502815
0.010457039
0.010457993
0.010447741
0.010463238
0.010471821
0.010457516
0.010451794
0.010460377
0.010508060
0.010461092
0.010453224
0.010464191
0.010458231
0.010466576
0.010458231
0.010464907
0.010469198
0.010463715
0.010478497
0.010463953
0.010455847
0.010459423
0.010468006
0.010458946
0.010477304
0.010465145
0.010462999
0.010459661
0.010447502
0.010461330
0.010448933
0.010449886
0.010452986
0.010454893
0.010451555
0.010453701
0.010453701
0.010487080
0.010620356
0.010490656
0.010476112
0.010489941
0.010474205
0.010464907
0.010478020
0.010489225
0.010463715
0.010456085
0.010459423
0.010470152
0.010454178
0.010451794
0.010461569
0.010459900
0.010469437
0.010456324
0.010456800
0.010454655
0.010456562
0.010498762
0.010465384
0.010459661
0.010455370
0.010453463
0.010455847
0.010450840
0.010452271
0.010468006
0.010529757
0.010478258
0.010458708
0.010485888
0.010484934
0.010468006
0.010459423
0.010458708
0.010462284
0.010450602
0.010459661
0.010471821
0.010452986
0.010454416
0.010447502
0.010455847
0.010464668
0.010458708
0.010454893
0.010452271
0.010454416
0.010456800
0.010460377
0.010456800
0.010448933
0.010457993
0.010450602
0.010455608
0.010472536
0.010478497
0.010552168
0.010480165
0.010462761
0.010462999
0.010527372
0.010517836
0.010462999
0.010470867
0.010453939
0.010451555
0.010633230
0.010481119
0.010452986
0.010448694
0.010450363
0.010454416
0.010461569
0.010457516
0.010447741
0.010468006
0.010458946
0.010562658
0.010482788
0.010475636
0.010470152
0.010468006
0.010461330
0.010476112
0.010469675
0.010469913
0.010460377
0.010525465
0.010475636
0.010463476
0.010460377
0.010479689
0.010463715
0.010457516
0.010458708
0.010462046
0.010455847
0.010454893
0.010452271
0.010453224
0.010449648
0.010450363
0.010468245
0.010457754
0.010449648
0.010454893
0.010454178
0.010466814
0.010456085
0.010462284
0.010457754
0.010465622
0.010454655
0.010463238
0.010468006
0.010475159
0.010473967
0.010524511
0.010479212
0.010491133
0.010477543
0.010482550
0.010456324
0.010459423
0.010452509
0.010455370
0.010457277
0.010457754
0.010464191
0.010451317
0.010452032
0.010469198
0.010458469
0.010459900
0.010447025
0.010452509
0.010449409
0.010543585
0.010459900
0.010453463
0.010455132
0.010462284
0.010474920
0.010461569
0.010465145
0.010468483
0.010454655
0.010528564
0.010456562
0.010460854
0.010454416
0.010451555
0.010453224
0.010454178
0.010447025
0.010465384
0.010461807
0.010474443
0.010468721
0.010469675
0.010472298
0.010492325
0.010462999
0.010468006
0.010459185
0.010452032
0.010613441
0.010488033
0.010477781
0.010464907
0.010452032
0.010458231
0.010453939
0.010451794
0.010454416
0.010464191
0.010461569
0.010460615
0.010517597
0.010469198
0.010458469
0.010453701
0.010463238
0.010456800
0.010469913
0.010472059
0.010465384
0.010478497
0.010469437
0.010453224
0.010462284
0.010449171
0.010468721
0.010473728
0.010452271
0.010472059
0.010465860
0.010462999
0.010454416
0.010457039
0.010452271
0.010455608
0.010450840
0.010461807
0.010459185
0.010464907
0.010455132
0.010490179
0.010494709
0.010484219
0.010456324
0.010454893
0.010457754
0.010462046
0.010467768
0.010465384
0.010452509
0.010477781
0.010463476
0.010461807
0.010460377
0.010453463
0.010480642
0.010462523
0.010449171
0.010455370
0.010457039
0.010457277
0.010455608
0.010452986
0.010447264
0.010451794
0.010451317
0.010456085
0.010453463
0.010461807
0.010471106
0.010462761
0.010527372
0.010482788
0.010459661
0.010472298
0.010471106
0.010472775
0.010458469
0.010452032
0.010455608
0.010462284
0.010453224
0.010468006
