0.000396967
0.000372171
0.000215530
0.000194788
0.000260115
0.000282049
0.000192642
0.000198841
0.000189781
0.000315428
0.000195026
0.000239372
0.000218391
0.000259399
0.000191212
0.000194550
0.000251055
0.000281572
0.000206232
0.000192404
0.000189543
0.000188828
0.000248671
0.000256300
0.000198364
0.000202417
0.000254869
0.000190020
0.000185966
0.000261545
0.000201941
0.000251532
0.000190258
0.000249863
0.000186205
0.000262737
0.000258446
0.000197411
0.000252247
0.000195026
0.000194073
0.000238895
0.000270367
0.000193596
0.000255585
0.000200748
0.000189304
0.000234842
0.000199318
0.000248194
0.000199318
0.000246048
0.000189066
0.000229597
0.000254869
0.000203133
0.000199556
0.000190973
0.000186205
0.000300646
0.000256538
0.000237942
0.000196695
0.000191927
0.000248909
0.000192881
0.000305891
0.000205040
0.000261307
0.000226021
0.000194788
0.000200748
0.000204086
0.000252962
0.000193596
0.000191450
0.000254393
0.000282526
0.000198841
0.000247717
0.000192642
0.000262022
0.000185013
0.000183582
0.000191689
0.000195742
0.000245810
0.000189781
0.000191927
0.000194311
0.000191212
0.000252962
0.000188589
0.000187874
0.000185251
0.000250101
0.000186682
0.000184774
0.000242949
0.000221729
0.000189543
0.000180244
0.000199556
0.000185728
0.000181913
0.000182152
0.000205278
0.000181198
0.000177622
0.000181198
0.000179291
0.000186920
0.000180006
0.000180006
0.000178576
0.000188589
0.000186443
0.000187874
0.000187874
0.000184298
0.000183344
0.000185013
0.000180483
0.000180960
0.000179291
0.000181675
0.000179291
0.000180244
0.000182629
0.000219107
0.000184059
0.000181437
0.000203848
0.000188589
0.000180721
0.000183582
0.000182629
0.000234365
0.000183582
0.000185490
0.000186682
0.000182390
0.000185251
0.000190735
0.000181675
0.000188351
0.000187397
0.000186205
0.000183105
0.000184059
0.000180960
0.000195742
0.000181198
0.000180960
0.000177860
0.000188112
0.000184059
0.000182867
0.000184059
0.000180483
0.000218153
0.000192642
0.000204325
0.000184774
0.000181675
0.000266552
0.000268698
0.000193834
0.000185251
0.000191689
0.000180244
0.000180483
0.000180483
0.000185728
0.000178814
0.000195503
0.000186205
0.000182629
0.000182867
0.000180960
0.000182867
0.000186205
0.000179768
0.000179291
0.000183582
0.000189781
0.000180244
0.000181913
0.000180244
0.000203609
0.000184536
0.000180244
0.000188351
0.000191450
0.000189066
0.000184298
0.000190735
0.000184298
0.000182629
0.000192404
0.000180960
0.000185490
0.000179052
0.000179768
0.000179052
0.000193357
0.000183105
0.000186920
0.000182390
0.000181913
0.000181913
0.000180244
0.000178337
0.000180960
0.000186682
0.000189781
0.000180483
0.000182867
0.000187874
0.000180721
0.000206709
0.000182390
0.000187874
0.000180721
0.000180244
0.000190020
0.000180721
0.000179768
0.000179052
0.000182152
0.000179291
0.000191450
0.000178814
0.000183344
0.000186682
0.000193596
0.000185490
0.000185490
0.000185013
0.000181437
0.000180721
0.000182390
0.000184536
0.000180721
0.000183582
0.000189781
0.000180006
0.000179529
0.000187397
0.000180483
0.000209808
0.000195742
0.000195026
0.000181198
0.000179529
0.000182867
0.000209093
0.000193596
0.000182629
0.000183821
0.000185490
0.000187635
0.000178576
0.000179291
0.000182629
0.000198126
0.000183344
0.000182390
0.000184059
0.000180960
0.000180721
0.000180244
0.000179052
0.000186205
0.000184774
0.000190020
0.000182867
0.000181437
0.000193357
0.000180483
0.000204802
0.000196457
0.000194788
0.000188828
0.000180244
0.000184298
0.000179529
0.000181198
0.000181913
0.000183582
0.000187397
0.000180006
0.000179052
0.000183344
0.000178099
0.000187397
0.000181198
0.000184774
0.000184059
0.000181913
0.000179291
0.000185966
0.000180244
0.000179052
0.000178337
0.000181913
0.000180244
0.000185251
0.000181198
0.000180244
0.000210762
0.000185728
0.000190496
0.000182390
0.000181675
0.000183582
0.000219107
0.000184536
0.000183344
0.000180960
0.000181198
0.000185013
0.000179529
0.000182867
0.000191212
0.000187635
0.000180483
0.000182152
0.000182629
0.000180721
0.000185728
0.000187159
0.000179768
0.000180960
0.000185966
0.000184774
0.000184059
0.000187874
0.000185490
0.000182390
0.000180483
0.000213385
0.000203133
0.000189543
0.000187635
0.000182867
0.000179768
0.000180721
0.000181913
0.000183105
0.000180721
0.000180006
0.000179291
0.000183344
0.000179529
0.000186205
0.000185490
0.000188351
0.000183582
0.000181913
0.000186682
0.000183821
0.000180244
0.000180721
0.000181437
0.000183821
0.000202894
0.000189781
0.000184774
0.000182629
0.000181913
0.000211000
0.000194550
0.000183821
0.000180244
0.000183821
0.000205278
0.000182152
0.000180483
0.000187159
0.000179768
0.000184774
0.000179052
0.000179291
0.000184298
0.000184298
0.000200987
0.000193119
0.000184298
0.000189781
0.000186443
0.000229120
0.000188112
0.000190258
0.000182152
0.000185728
0.000189543
0.000200987
0.000227690
0.000193834
0.000193119
0.000220060
0.000191212
0.000187874
0.000182152
0.000186205
0.000180244
0.000188351
0.000180244
0.000182152
0.000179052
0.000182629
0.000179529
0.000197887
0.000183582
0.000192165
0.000182152
0.000180960
0.000184059
0.000182867
0.000183105
0.000187159
0.000179052
0.000180483
0.000181198
0.000181675
0.000179052
0.000180244
0.000181437
0.000182152
0.000179768
0.000186443
0.000244141
0.000192404
0.000186920
0.000184059
0.000204325
0.000288486
0.000188828
0.000199795
0.000188589
0.000182152
0.000183582
0.000181675
0.000190496
0.000186443
0.000183821
0.000180483
0.000184298
0.000181437
0.000180960
0.000186920
0.000185728
0.000180721
0.000183821
0.000183105
0.000180721
0.000179768
0.000193357
0.000180483
0.000188589
0.000250816
0.000189781
0.000183105
0.000180244
0.000183821
0.000186920
0.000179768
0.000181675
0.000180960
0.000187635
0.000192642
0.000185013
0.000206470
0.000184298
0.000193834
0.000190258
0.000184774
0.000195265
0.000182629
0.000186920
0.000189066
0.000182629
0.000183821
0.000189543
0.000187397
0.000186205
0.000183344
0.000184298
0.000184298
0.000184298
0.000193357
0.000220299
0.000192165
0.000208616
0.000188351
0.000207424
0.000187635
0.000185251
0.000184536
0.000183821
0.000184536
0.000190496
0.000187397
0.000193119
0.000192642
0.000207186
0.000190735
0.000188112
0.000185251
0.000196695
0.000186205
0.000184298
0.000185966
0.000189304
0.000188351
0.000187874
0.000185251
0.000188589
0.000191450
0.000185251
0.000190973
0.000225306
0.000187874
0.000191450
0.000187874
0.000186205
0.000184536
0.000183344
0.000194073
0.000186205
0.000184774
0.000183582
0.000204325
0.000193119
0.000195742
0.000191689
0.000187874
0.000187635
0.000184059
0.000208616
0.000185013
0.000183582
0.000185013
0.000190735
0.000195265
0.000185251
0.000184536
0.000184059
0.000184774
0.000183821
0.000195026
0.000187397
0.000186920
0.000190973
0.000197411
0.000195026
0.000189304
0.000189304
0.000190496
0.000191689
0.000185251
0.000183344
0.000184059
0.000188828
0.000188351
0.000186205
0.000185490
0.000190020
0.000186205
0.000204325
0.000190973
0.000185013
0.000184059
0.000185728
0.000192404
0.000193357
0.000195026
0.000184298
0.000183344
0.000184059
0.000196218
0.000188112
0.000232935
0.000194073
0.000198603
0.000189543
0.000185251
0.000183821
0.000190735
0.000184774
0.000184298
0.000184774
0.000183344
0.000190258
0.000197649
0.000271082
0.000198841
0.000192881
0.000188828
0.000199556
0.000193119
0.000190496
0.000187635
0.000190973
0.000193357
0.000192165
0.000187874
0.000186205
0.000194311
0.000186205
0.000200272
0.000190020
0.000240326
0.000190496
0.000188112
0.000215292
0.000195265
0.000184059
0.000185251
0.000182390
0.000183821
0.000189781
0.000184298
0.000190020
0.000194550
0.000185013
0.000184774
0.000188351
0.000184774
0.000184536
0.000185013
0.000184774
0.000185013
0.000185251
0.000190020
0.000190258
0.000189066
0.000185966
0.000193357
0.000208616
0.000200033
0.000185013
0.000191212
0.000219107
0.000190973
0.000182867
0.000185013
0.000195742
0.000183344
0.000183821
0.000184059
0.000182629
0.000183582
0.000193596
0.000188828
0.000193119
0.000187397
0.000188351
0.000193119
0.000298738
0.000190020
0.000193119
0.000185251
0.000194311
0.000336170
0.000298023
0.000209332
0.000183105
0.000183344
0.000182629
0.000195503
0.000195503
0.000188828
0.000226259
0.000196934
0.000212908
0.000191689
0.000184298
0.000185013
0.000184059
0.000185490
0.000185251
0.000189781
0.000192165
0.000188112
0.000185013
0.000184298
0.000194073
0.000191450
0.000190020
0.000193357
0.000186443
0.000188112
0.000202656
0.000185966
0.000184774
0.000186443
0.000186205
0.000184298
0.000184059
0.000193596
0.000185251
0.000184774
0.000226259
0.000192165
0.000185490
0.000184536
0.000184298
0.000199795
0.000183344
0.000183105
0.000185728
0.000189781
0.000190496
0.000193357
0.000186682
0.000186443
0.000203133
0.000190258
0.000191689
0.000200510
0.000187159
0.000191212
0.000184059
0.000192881
0.000183105
0.000190496
0.000182152
0.000185490
0.000190496
0.000192404
0.000190496
0.000183582
0.000184536
0.000224352
0.000189304
0.000186920
0.000183344
0.000187397
0.000184536
0.000185251
0.000186443
0.000187874
0.000193834
0.000193357
0.000196695
0.000187635
0.000202656
0.000191689
0.000185013
0.000190020
0.000186205
0.000184298
0.000191212
0.000191212
0.000188351
0.000187635
0.000184059
0.000183344
0.000198603
0.000195265
0.000187874
0.000187874
0.000226021
0.000334978
0.000198126
0.000186682
0.000184536
0.000188828
0.000188828
0.000190020
0.000191927
0.000191927
0.000194073
0.000191689
0.000185966
0.000186443
0.000195026
0.000193596
0.000187397
0.000185013
0.000184774
0.000183344
0.000190258
0.000191689
0.000185966
0.000183582
0.000185966
0.000184298
0.000183821
0.000197172
0.000185966
0.000186205
0.000184298
0.000250101
0.000242233
0.000200510
0.000196695
0.000192165
0.000189066
0.000190973
0.000184059
0.000184059
0.000190020
0.000196218
0.000185728
0.000184774
0.000187397
0.000190973
0.000185490
0.000182867
0.000191212
0.000191212
0.000190973
0.000192881
0.000191450
0.000188112
0.000192165
0.000184774
0.000184298
0.000191212
0.000191927
0.000185251
0.000186443
0.000232935
0.000202894
0.000187874
0.000202179
0.000187635
0.000184298
0.000183582
0.000183344
0.000185490
0.000189543
0.000190496
0.000190258
0.000188828
0.000188828
0.000185490
0.000185251
0.000184774
0.000185013
0.000184298
0.000184059
0.000187159
0.000183582
0.000190973
0.000184774
0.000185728
0.000183582
0.000195742
0.000188351
0.000188112
0.000212908
0.000211716
0.000234365
0.000190735
0.000182867
0.000183582
0.000192881
0.000188589
0.000185490
0.000182867
0.000189781
0.000198603
0.000185966
0.000184059
0.000187159
0.000185966
0.000187159
0.000191689
0.000185251
0.000184298
0.000185013
0.000194073
0.000186682
0.000186682
0.000189781
0.000187874
0.000185728
0.000196695
0.000208139
0.000185251
0.000183821
0.000185013
0.000226736
0.000187635
0.000188589
0.000184536
0.000184774
0.000189304
0.000183344
0.000190020
0.000209808
0.000188112
0.000187397
0.000187635
0.000193119
0.000184298
0.000185013
0.000183582
0.000195742
0.000184298
0.000185013
0.000192404
0.000187159
0.000187397
0.000185966
0.000202894
0.000182390
0.000196695
0.000185013
0.000184298
0.000184298
0.000187159
0.000223160
0.000190020
0.000185490
0.000187874
0.000184298
0.000186920
0.000184059
0.000183821
0.000197887
0.000188351
0.000185013
0.000186443
0.000195742
0.000186205
0.000183821
0.000183821
0.000184298
0.000186205
0.000215530
0.000188589
0.000205278
0.000191689
0.000190020
0.000184059
0.000189304
0.000191212
0.000184774
0.000194073
0.000185013
0.000194073
0.000185490
0.000213385
0.000186682
0.000185013
0.000184536
0.000183821
0.000185966
0.000184774
0.000192404
0.000196457
0.000187397
0.000187397
0.000189066
0.000186205
0.000192165
0.000191212
0.000185728
0.000189781
0.000183344
0.000194550
0.000209332
0.000192404
0.000195265
0.000187397
0.000187635
0.000197887
0.000190020
0.000207901
0.000218391
0.000187397
0.000241041
0.000191450
0.000185966
0.000185013
0.000184298
0.000183344
0.000183821
0.000183344
0.000190735
0.000191212
0.000186920
0.000186205
0.000194550
0.000184298
0.000233650
0.000196695
0.000194073
0.000190496
0.000186205
0.000192165
0.000187874
0.000186443
0.000184774
