0.031586409
0.031292677
0.031262636
0.031199217
0.031359434
0.031285524
0.031147957
0.031167746
0.031228065
0.031247377
0.031225681
0.031299353
0.031154871
0.031247377
0.031154633
0.031226397
0.031437159
0.031296253
0.031249762
0.031164408
0.031219482
0.031220675
0.031409740
0.031244278
0.031210423
0.031155109
0.031127453
0.031231642
0.031328440
0.031241655
0.031243563
0.031240940
0.031156063
0.031161547
0.031324625
0.031184196
0.031180620
0.031137228
0.031230450
0.031241417
0.031264305
0.031275272
0.031157255
0.031121731
0.031224966
0.031162024
0.031236410
0.031247854
0.031239271
0.031143188
0.031257629
0.031238794
0.031499386
0.031152725
0.031129599
0.031277418
0.031228065
0.031168461
0.031339169
0.031231403
0.031229973
0.031194687
0.031250477
0.031143665
0.031217813
0.031213999
0.031205893
0.031259775
0.031178474
0.031216383
0.031219482
0.031223297
0.031177759
0.031179905
0.031220913
0.031185627
0.031237125
0.031229258
0.031138659
0.031249046
0.031143427
0.031104803
0.031170130
0.031230927
0.031223059
0.031147480
0.031282425
0.031142235
0.031252146
0.031237602
0.031141281
0.031162024
0.031223059
0.031154156
0.031222582
0.031240940
0.031204939
0.031237125
0.031153679
0.031224728
0.031228781
0.031110764
0.031116009
0.031140566
0.031098843
0.031093121
0.031094790
0.031106710
0.031124592
0.031100750
0.031098604
0.031083822
0.031132698
0.031090498
0.031091213
0.031128645
0.031106234
0.031117678
0.031121492
0.031172276
0.031099558
0.031139374
0.031098604
0.031087875
0.031104088
0.031097412
0.031085014
0.031109571
0.031088591
0.031082392
0.031105518
0.031109333
0.031112194
0.031116247
0.031207323
0.031094074
0.031193018
0.031112909
0.031090021
0.031107426
0.031114340
0.031101465
0.031114101
0.031098366
0.031111479
0.031123400
0.031100035
0.031092167
0.031128883
0.031140089
0.031114101
0.031119585
0.031101942
0.031087399
0.031120300
0.031092405
0.031104326
0.031111479
0.031090975
0.031097889
0.031122446
0.031106949
0.031099319
0.031122446
0.031111717
0.031090021
0.031113386
0.031098604
0.031082630
0.031114340
0.031103134
0.031102180
0.031125784
0.031108379
0.021079063
0.031105995
0.031124592
0.000626564
0.020707369
0.031129837
0.031181574
0.031135082
0.031130552
0.031115294
0.031114817
0.031095982
0.031125546
0.031124353
0.031111717
0.031124353
0.031104088
0.031112194
0.031102419
0.031115532
0.031736612
0.031100273
0.031175375
0.031122446
0.031105042
0.031110048
0.031112909
0.031093836
0.031109333
0.031106234
0.010841131
0.031147003
0.031112671
0.031107903
0.031149864
0.031113625
0.031189680
0.031132936
0.031113386
0.031109333
0.031126976
0.031096458
0.031100273
0.031136990
0.031105757
0.031090498
0.031113148
0.031141520
0.031115055
0.031102896
0.031105042
0.031094074
0.031127453
0.031106949
0.031097651
0.031101227
0.031102657
0.031104803
0.031102657
0.031109810
0.031140566
0.031284094
0.031130314
0.031150579
0.031140089
0.031113386
0.031200409
0.031132936
0.031104803
0.031101465
0.031098604
0.031098366
0.031108618
0.031110764
0.031103373
0.031116486
0.031113863
0.031133413
0.031113386
0.031126022
0.031109333
0.031116009
0.031130552
0.031110525
0.031101465
0.031112909
0.031130552
0.031119347
0.031135559
0.031100750
0.031114340
0.031130075
0.031114817
0.031100035
0.031140566
0.031116247
0.031100273
0.031201124
0.031108379
0.031103134
0.031131506
0.031122684
0.031111717
0.031124830
0.031123400
0.031126261
0.031126499
0.031116247
0.031118155
0.031114340
0.031114578
0.031122684
0.031139374
0.031116724
0.031112194
0.031097174
0.031101465
0.031099558
0.031126976
0.031110525
0.031105518
0.031136274
0.031101227
0.031142712
0.031160116
0.031100512
0.031106710
0.031170845
0.031112432
0.031092644
0.031120062
0.031104565
0.031096220
0.031138659
0.031111956
0.031104326
0.031139135
0.031136751
0.031105280
0.031103134
0.031169415
0.031093597
0.031197786
0.031137705
0.031116009
0.031136036
0.031109095
0.031088591
0.031137228
0.031111956
0.031108379
0.031118393
0.031137943
0.031098127
0.031141520
0.031123877
0.031094551
0.031205654
0.031149149
0.031112432
0.031104088
0.031134367
0.031135082
0.031109571
0.031122208
0.031105280
0.031114340
0.031117678
0.031112194
0.031110287
0.031114817
0.031100750
0.031103373
0.031126499
0.031134367
0.031105757
0.031113863
0.031090975
0.031121016
0.031093836
0.031116962
0.031097651
0.031107187
0.031126976
0.031110525
0.031226158
0.031176329
0.031173468
0.031141996
0.031119585
0.031121254
0.031304598
0.031146049
0.031129599
0.031106710
0.031087399
0.031118393
0.031156063
0.031138897
0.031117201
0.031139374
0.031115532
0.031219482
0.031134367
0.031101704
0.031104803
0.031102180
0.031107426
0.031106949
0.031101942
0.031132936
0.031100273
0.031109810
0.031109095
0.031105995
0.031127214
0.031252146
0.031144857
0.031202078
0.031138897
0.031131506
0.031116486
0.031132698
0.031112194
0.031122923
0.031138659
0.031129360
0.031149864
0.031118393
0.031112909
0.031102896
0.031095266
0.031120777
0.031108856
0.031105757
0.031085253
0.031103849
0.031114101
0.031097651
0.031094313
0.031213045
0.031247854
0.031126022
0.031120539
0.031144857
0.031118393
0.031134844
0.031168938
0.031152964
0.031118870
0.031125784
0.031101942
0.031132460
0.031124115
0.031121731
0.031109571
0.031091928
0.031102657
0.031098127
0.031100035
0.031108618
0.031098127
0.031210899
0.031108141
0.031105280
0.031100273
0.031123638
0.031101942
0.031140804
0.031135082
0.031119823
0.031120777
0.031106472
0.031142473
0.031123161
0.031113148
0.031114340
0.031126499
0.031196594
0.031138182
0.031130314
0.031130552
0.031112909
0.031106234
0.031099796
0.031113625
0.031127214
0.031104803
0.031107426
0.031111479
0.031095266
0.031091690
0.031102180
0.031107426
0.031097889
0.031102896
0.031093836
0.031117201
0.031120777
0.031103373
0.031138659
0.031141758
0.031119823
0.031146526
0.031115532
0.031116486
0.031139612
0.031126738
0.031135082
0.031168938
0.031121492
0.031100512
0.031112909
0.031110525
0.031100988
0.031085253
0.031099319
0.031119347
0.031110525
0.031094790
0.031097651
0.031096935
0.031217337
0.031122684
0.031105280
0.031133413
0.031126022
0.031122684
0.031130314
0.031110287
0.031132221
0.031113625
0.031116247
0.031147480
0.031147003
0.031121254
0.031105280
0.031110525
0.031149626
0.031117439
0.031113386
0.031100273
0.031118155
0.031120777
0.031093121
0.031103611
0.031107426
0.031112671
0.031125546
0.031101942
0.031127453
0.031104803
0.031121016
0.031116247
0.031114101
0.031113863
0.031109810
0.031117916
0.031117439
0.031108379
0.031168461
0.031248093
0.031127214
0.031138182
0.031116486
0.031102896
0.031114578
0.031108141
0.031115294
0.031187296
0.031105280
0.031096220
0.031106234
0.031099558
0.031119823
0.031102657
0.031099081
0.031131268
0.031110287
0.031112909
0.031136036
0.031116009
0.031182528
0.031130314
0.031124353
0.031108618
0.031169653
0.031124830
0.031121254
0.031123638
0.031131268
0.031105995
0.031094790
0.031116009
0.031120300
0.031095505
0.031086922
0.031089067
0.031132221
0.031173229
0.031108141
0.031115532
0.031105042
0.031118155
0.031132221
0.031108618
0.031127214
0.031148195
0.031130552
0.031108379
0.031103611
0.031126738
0.031130314
0.031124353
0.031149387
0.031132460
0.031126261
0.031116009
0.031101704
0.031097889
0.031103373
0.031100273
0.031094313
0.031111479
0.031122208
0.031105280
0.031096220
0.031102180
0.031105518
0.031097412
0.031179428
0.031118870
0.031121016
0.031120062
0.031138182
0.031126976
0.031125307
0.031137943
0.031129599
0.031151295
0.031125546
0.031130314
0.031189203
0.031131506
0.031121254
0.031105757
0.031107903
0.031122446
0.031102180
0.031093359
0.031107903
0.031097412
0.031095028
0.031107903
0.031101227
0.031093836
0.031090975
0.031090975
0.031115770
0.031152248
0.031142235
0.031134129
0.031134129
0.031136036
0.031146288
0.031126499
0.031140327
0.031165361
0.031153202
0.031133652
0.031108856
0.031099081
0.031104088
0.031104088
0.031095743
0.031093597
0.031102896
0.031089544
0.031100035
0.031096697
0.031101704
0.031102896
0.031097651
0.031161785
0.031137466
0.031117439
0.031175375
0.031118631
0.031146049
0.031131268
0.031185627
0.031126022
0.031165838
0.031134605
0.031124830
0.031130075
0.031139612
0.031117201
0.031107664
0.031103849
0.031113386
0.031091213
0.031106472
0.031102657
0.031106710
0.031120777
0.031094790
0.031086922
0.031091690
0.031094551
0.031125307
0.031090260
0.031122208
0.031152725
0.031131268
0.031132460
0.031121731
0.031108379
0.031136274
0.031104088
0.031125069
0.031209946
0.031141520
0.031144857
0.031115770
0.031126738
0.031096458
0.031116962
0.031131744
0.031102180
0.031114101
0.031102896
0.031093836
0.031102896
0.031097412
0.031090498
0.031100273
0.031098366
0.031121969
0.031110764
0.031224489
0.031254292
0.031156301
0.031151056
0.031137466
0.031116247
0.031117201
0.031138897
0.031129599
0.031130791
0.031179667
0.031127930
0.031108856
0.031107426
0.031103849
0.031099796
0.031090021
0.031103373
0.031101942
0.031101465
0.031099796
0.031111479
0.031179905
0.031246185
0.031136274
0.031128407
0.031111956
0.031105995
0.031131029
0.031137705
0.031126976
0.031103373
0.031107903
0.031116247
0.031111956
0.031102419
0.031105042
0.031127930
0.031124353
0.031105042
0.031110048
0.031188011
0.031136513
0.031120062
0.031115770
0.031121016
0.031155825
0.031136751
0.031122446
0.031098127
0.031095505
0.031132460
0.031127214
0.031101942
0.031097412
0.031097174
0.031095266
0.031116486
0.031118870
0.031112432
0.031113148
0.031127214
0.031109810
0.031117439
0.031121492
0.031115294
0.031114817
0.031105995
0.031099319
0.031102896
0.031095266
0.031099558
0.031168222
0.031120300
0.031111717
0.031091690
0.031093836
0.031127930
0.031141281
0.031135798
0.031111240
0.031117439
0.031184673
0.031137943
0.031123161
0.031129122
0.031136036
0.031123400
0.031111479
0.031113863
0.031141281
0.031108618
0.031111002
0.031120539
0.031109333
0.031104803
0.031105518
0.031100035
0.031098366
0.031089067
0.031111956
0.031125307
0.031196833
0.031134605
0.031111002
0.031119108
0.031111956
0.031125069
0.031138182
0.031133890
0.031124115
0.031131029
0.031130314
0.031118631
0.031119347
0.031112194
0.031117678
0.031097889
0.031111717
0.031116009
0.031141043
0.031111240
0.031107426
0.031126022
0.031111717
0.031103373
0.031143904
0.031108856
0.031095505
0.031090498
0.031101227
0.031116486
0.031123877
0.031136990
0.031120777
0.031099319
0.031112671
0.031134367
0.031112194
0.031133652
0.031116247
0.031127214
0.031116724
0.031116724
0.031096697
0.031106234
0.031131983
0.031110287
0.031103611
0.031097889
0.031129599
0.031110764
0.031100273
0.031124830
0.031101465
0.031090736
0.031114578
0.031108856
0.031136274
0.031123877
0.031122923
0.031127453
0.031184435
0.031132221
0.031108618
0.031127930
0.031133890
0.031156540
0.031128645
0.031090736
0.031108856
0.031102657
0.031128407
0.031113625
0.031116486
0.031107664
0.031102896
0.031108141
0.031106710
0.031098127
0.031126738
0.031103373
0.031118393
0.031145811
0.031106234
0.031110764
0.031111479
0.031122208
0.031121254
0.031107187
0.031120300
0.031115055
0.031127691
0.031204462
0.031151056
0.031109333
0.031103611
0.031124115
0.031119108
0.031114817
0.031105995
0.031110048
0.031187773
0.031109571
0.031102896
0.031091452
0.031091928
0.031112909
0.031096220
0.031104565
0.031137943
0.031102657
0.031112194
0.031153440
0.031123638
0.031112432
0.031101942
0.031116962
0.031107187
0.031119108
0.031138420
0.031136513
0.031159878
0.031114340
0.031098843
0.031100512
0.031092167
0.031128407
0.031133175
0.031109333
0.031106472
0.031111956
0.031101942
0.031103373
0.031096458
0.031133890
0.031097889
0.031111240
0.031133413
0.031130552
0.031159639
0.031144142
0.031116247
0.031117916
0.031121254
0.031197071
0.031180859
0.031125069
0.031123877
0.031104326
0.031104088
0.031284332
0.031119347
0.031179190
0.031124115
0.031101227
0.031105042
0.031115055
0.031100512
0.031100988
0.031105757
0.031102657
0.031223536
0.031142473
0.031126022
0.031099796
0.031124353
0.031120539
0.031142950
0.031122208
0.031140566
0.031118870
0.031127453
0.031165838
0.031147242
0.031146049
0.031133175
0.031104803
0.031109810
0.031093836
0.031103611
0.031105518
0.031096458
0.031110048
0.031179905
