0.000172615
0.000175953
0.000129223
0.000122786
0.000122786
0.000138521
0.000124693
0.000138998
0.000118494
0.000119925
0.000117540
0.000150442
0.000126362
0.000118256
0.000116825
0.000114679
0.000170469
0.000134230
0.000130892
0.000118017
0.000122309
0.000115871
0.000116348
0.000144005
0.000126600
0.000126123
0.000118017
0.000117302
0.000119209
0.000133038
0.000174999
0.000117064
0.000117540
0.000115156
0.000115395
0.000134468
0.000120640
0.000132561
0.000123501
0.000116825
0.000116110
0.000133514
0.000127554
0.000118971
0.000119209
0.000116348
0.000116110
0.000184536
0.000122786
0.000167847
0.000116110
0.000115156
0.000117540
0.000136137
0.000120878
0.000119209
0.000120878
0.000116110
0.000116110
0.000128746
0.000113487
0.000111580
0.000111818
0.000110388
0.000109434
0.000114202
0.000112295
0.000160933
0.000127554
0.000112772
0.000109434
0.000109911
0.000116587
0.000110865
0.000110388
0.000109911
0.000111580
0.000109434
0.000115156
0.000109673
0.000109196
0.000110865
0.000111818
0.000109673
0.000110626
0.000113726
0.000110149
0.000155926
0.000109673
0.000113010
0.000109196
0.000111818
0.000111818
0.000113964
0.000115633
0.000108957
0.000109434
0.000109911
0.000118017
0.000111818
0.000109434
0.000108719
0.000114918
0.000109434
0.000109196
0.000108957
0.000111818
0.000142574
0.000115633
0.000110149
0.000110388
0.000109911
0.000110626
0.000108480
0.000108480
0.000118256
0.000109673
0.000112295
0.000109196
0.000112057
0.000108242
0.000109196
0.000109911
0.000109434
0.000109673
0.000110149
0.000109911
0.000108004
0.000117540
0.000111341
0.000108957
0.000108004
0.000115395
0.000109434
0.000110149
0.000108004
0.000108480
0.000109196
0.000108480
0.000108719
0.000114202
0.000108242
0.000113487
0.000110149
0.000108242
0.000113010
0.000217915
0.000122309
0.000112057
0.000113010
0.000112534
0.000108719
0.000113249
0.000108719
0.000108719
0.000108242
0.000108480
0.000110865
0.000121117
0.000118256
0.000108957
0.000108719
0.000116110
0.000109196
0.000108957
0.000109673
0.000115633
0.000172615
0.000112772
0.000107765
0.000108242
0.000108004
0.000113010
0.000108719
0.000115871
0.000112534
0.000122786
0.000109196
0.000119686
0.000111818
0.000108004
0.000108957
0.000110388
0.000109196
0.000110149
0.000115395
0.000113249
0.000110388
0.000115871
0.000118732
0.000117540
0.000108957
0.000114679
0.000111341
0.000108957
0.000108719
0.000109434
0.000115156
0.000107050
0.000109911
0.000108719
0.000107765
0.000110149
0.000108242
0.000108957
0.000113010
0.000115395
0.000110626
0.000110149
0.000109434
0.000157118
0.000114918
0.000111103
0.000110388
0.000109196
0.000110626
0.000204563
0.000118256
0.000134706
0.000110626
0.000107765
0.000108480
0.000114441
0.000112772
0.000109434
0.000109911
0.000111103
0.000133276
0.000126123
0.000115871
0.000108004
0.000108719
0.000111103
0.000108719
0.000107288
0.000119209
0.000109434
0.000109434
0.000111341
0.000110865
0.000108004
0.000109196
0.000110388
0.000108957
0.000107765
0.000110626
0.000108480
0.000108480
0.000109673
0.000117779
0.000109434
0.000108480
0.000114441
0.000112057
0.000108957
0.000110626
0.000115395
0.000109196
0.000107765
0.000109434
0.000109673
0.000108242
0.000109196
0.000109434
0.000110626
0.000116348
0.000205040
0.000123978
0.000113726
0.000110388
0.000114202
0.000108957
0.000110626
0.000108719
0.000108004
0.000108004
0.000108242
0.000108480
0.000108004
0.000110388
0.000123978
0.000110626
0.000114918
0.000109911
0.000111103
0.000116587
0.000108242
0.000138521
0.000112057
0.000112057
0.000108004
0.000108242
0.000109911
0.000112295
0.000108957
0.000112057
0.000116110
0.000108957
0.000111818
0.000110626
0.000107288
0.000114441
0.000110388
0.000108957
0.000108957
0.000110388
0.000111818
0.000110626
0.000108957
0.000119209
0.000112772
0.000108480
0.000114918
0.000110149
0.000109434
0.000111818
0.000107765
0.000108004
0.000108480
0.000109196
0.000110626
0.000108480
0.000114679
0.000108957
0.000108242
0.000112772
0.000109196
0.000108719
0.000110626
0.000108719
0.000110149
0.000108719
0.000109911
0.000108480
0.000108480
0.000108719
0.000108480
0.000109196
0.000108480
0.000109196
0.000133276
0.000110388
0.000114679
0.000110388
0.000108004
0.000111341
0.000111341
0.000118017
0.000109673
0.000109673
0.000108957
0.000118971
0.000116587
0.000108004
0.000108004
0.000112534
0.000108719
0.000109673
0.000111341
0.000108957
0.000109196
0.000108957
0.000109911
0.000108719
0.000107765
0.000109673
0.000109911
0.000108004
0.000109196
0.000108242
0.000116587
0.000114441
0.000113964
0.000115633
0.000109673
0.000108957
0.000108004
0.000108004
0.000115633
0.000109673
0.000115633
0.000108242
0.000110149
0.000107527
0.000114202
0.000213385
0.000147104
0.000111341
0.000112295
0.000109196
0.000108480
0.000108957
0.000110865
0.000108719
0.000113726
0.000109196
0.000108004
0.000109911
0.000108004
0.000108004
0.000118732
0.000110388
0.000117064
0.000109673
0.000108957
0.000108957
0.000109911
0.000130892
0.000108957
0.000112534
0.000108719
0.000107765
0.000110626
0.000108719
0.000108004
0.000112772
0.000109673
0.000107765
0.000111580
0.000108719
0.000108004
0.000108242
0.000110626
0.000108957
0.000109196
0.000109196
0.000117302
0.000108480
0.000110388
0.000108957
0.000110149
0.000119925
0.000116348
0.000109196
0.000114679
0.000109434
0.000108242
0.000108957
0.000119925
0.000109434
0.000107288
0.000108004
0.000109911
0.000115633
0.000114202
0.000111818
0.000109196
0.000109434
0.000120401
0.000108719
0.000107765
0.000107288
0.000110388
0.000108719
0.000108719
0.000108719
0.000108480
0.000114679
0.000115156
0.000108957
0.000108957
0.000122309
0.000115633
0.000109434
0.000108242
0.000109196
0.000134230
0.000117540
0.000110388
0.000109434
0.000108242
0.000108719
0.000111580
0.000108004
0.000108719
0.000112772
0.000109196
0.000108242
0.000111580
0.000109673
0.000109434
0.000108004
0.000109911
0.000108242
0.000108480
0.000109434
0.000111341
0.000108480
0.000109196
0.000110865
0.000108242
0.000114202
0.000116348
0.000110149
0.000116110
0.000109196
0.000112772
0.000109196
0.000108242
0.000108719
0.000108719
0.000107765
0.000109434
0.000108004
0.000108242
0.000113010
0.000112057
0.000109673
0.000112295
0.000110149
0.000113010
0.000108480
0.000110865
0.000108242
0.000107288
0.000108242
0.000125647
0.000114202
0.000110149
0.000109196
0.000109434
0.000120878
0.000116348
0.000109673
0.000109434
0.000116348
0.000129938
0.000122786
0.000108719
0.000108719
0.000108480
0.000108242
0.000111341
0.000109196
0.000108957
0.000114441
0.000111341
0.000111580
0.000112295
0.000108480
0.000108719
0.000131130
0.000115633
0.000111103
0.000110626
0.000118256
0.000113726
0.000109911
0.000110149
0.000108957
0.000109673
0.000107050
0.000128746
0.000112534
0.000114202
0.000109196
0.000108242
0.000108480
0.000109911
0.000109434
0.000109434
0.000109673
0.000110388
0.000108719
0.000109434
0.000243187
0.000120878
0.000111580
0.000112057
0.000115395
0.000108242
0.000109673
0.000110865
0.000108719
0.000109673
0.000109196
0.000114202
0.000111341
0.000110149
0.000108719
0.000110149
0.000118732
0.000127316
0.000110626
0.000108957
0.000109434
0.000158072
0.000115871
0.000110388
0.000108957
0.000108957
0.000110626
0.000110388
0.000108957
0.000112534
0.000110149
0.000108004
0.000109673
0.000111103
0.000109434
0.000108480
0.000109434
0.000110626
0.000109196
0.000108480
0.000109911
0.000115633
0.000110149
0.000109196
0.000108242
0.000110149
0.000117540
0.000123262
0.000111818
0.000108719
0.000110149
0.000108957
0.000110149
0.000107765
0.000115395
0.000109673
0.000108242
0.000110865
0.000110149
0.000113964
0.000110626
0.000112534
0.000110388
0.000111341
0.000109196
0.000107765
0.000108719
0.000109911
0.000108004
0.000108719
0.000108242
0.000108004
0.000108004
0.000107765
0.000108004
0.000113487
0.000119448
0.000112057
0.000117779
0.000111580
0.000112057
0.000110388
0.000109911
0.000109911
0.000109434
0.000108957
0.000108242
0.000112057
0.000108004
0.000111103
0.000110149
0.000109434
0.000108242
0.000111103
0.000108957
0.000108719
0.000108480
0.000116110
0.000109196
0.000109434
0.000108719
0.000111580
0.000110149
0.000110149
0.000113726
0.000107527
0.000113487
0.000112295
0.000109673
0.000115156
0.000108242
0.000108004
0.000108242
0.000108957
0.000108480
0.000109673
0.000108004
0.000110149
0.000108004
0.000111341
0.000211954
0.000122309
0.000109911
0.000114679
0.000116110
0.000107765
0.000107765
0.000110149
0.000108719
0.000108480
0.000108242
0.000108004
0.000108004
0.000112534
0.000108242
0.000109196
0.000113249
0.000111580
0.000120163
0.000114918
0.000110149
0.000112057
0.000109911
0.000111580
0.000109673
0.000115871
0.000108957
0.000110626
0.000110149
0.000112057
0.000110865
0.000109434
0.000108719
0.000112295
0.000109434
0.000109196
0.000109196
0.000111580
0.000108957
0.000109196
0.000109434
0.000109196
0.000108004
0.000108480
0.000108242
0.000108480
0.000113249
0.000111103
0.000109196
0.000128984
0.000111580
0.000109673
0.000108957
0.000110149
0.000108480
0.000109196
0.000108957
0.000117540
0.000109434
0.000112772
0.000109911
0.000112534
0.000109434
0.000111818
0.000109196
0.000119686
0.000108242
0.000118256
0.000114918
0.000110865
0.000110626
0.000108242
0.000108242
0.000108480
0.000109196
0.000109673
0.000112295
0.000110865
0.000108480
0.000119209
0.000111341
0.000109673
0.000108719
0.000108242
0.000108957
0.000108719
0.000108480
0.000110388
0.000109434
0.000111818
0.000108719
0.000108957
0.000108957
0.000110626
0.000116348
0.000129700
0.000109196
0.000110149
0.000108480
0.000109434
0.000108480
0.000113010
0.000110865
0.000109911
0.000109196
0.000109196
0.000113010
0.000112295
0.000109196
0.000132084
0.000113726
0.000110149
0.000115395
0.000107527
0.000108242
0.000109911
0.000108957
0.000110626
0.000108719
0.000110865
0.000110149
0.000108480
0.000108719
0.000111341
0.000108242
0.000174999
0.000114202
0.000111341
0.000108719
0.000108242
0.000118732
0.000220299
0.000115395
0.000114679
0.000114441
0.000110626
0.000118256
0.000112534
0.000108242
0.000123739
0.000111103
0.000112295
0.000110388
0.000109673
0.000115633
0.000108242
0.000107527
0.000109911
0.000109673
0.000111341
0.000110149
0.000109196
0.000108480
0.000110149
0.000108004
0.000113249
0.000108719
0.000110388
0.000108480
0.000108242
0.000109434
0.000115633
0.000108480
0.000108957
0.000108480
0.000107765
0.000112534
0.000111818
0.000109434
0.000108242
0.000119925
0.000111341
0.000114441
0.000108480
0.000108242
0.000109911
0.000108242
0.000109911
0.000108242
0.000112057
0.000116110
0.000112534
0.000110149
0.000111818
0.000109673
0.000108719
0.000107288
0.000109911
0.000108957
0.000108480
0.000110149
0.000108719
0.000109196
0.000108719
0.000108242
0.000108957
0.000112772
0.000111580
0.000109673
0.000108719
0.000123978
0.000139475
0.000115633
0.000108957
0.000108957
0.000109911
0.000108957
0.000109911
0.000109196
0.000112057
0.000109911
0.000108719
0.000108719
0.000111818
0.000109196
0.000110865
0.000115633
0.000110388
0.000109196
0.000109434
0.000109196
0.000111103
0.000110626
0.000109196
0.000109196
0.000117302
0.000113487
0.000111341
0.000109196
0.000109196
0.000209332
0.000122070
0.000110388
0.000111818
0.000109911
0.000110388
0.000108004
0.000110149
0.000108719
0.000112295
0.000110149
0.000111341
0.000109911
0.000113487
0.000111341
0.000107765
0.000108242
0.000110388
0.000109911
0.000109196
0.000109673
0.000109196
0.000115395
0.000108719
0.000115395
0.000109196
0.000113010
0.000111341
0.000109911
0.000109673
0.000108957
0.000167608
0.000117302
0.000110626
0.000108242
0.000108480
0.000108957
0.000109434
0.000109911
0.000112772
0.000117779
0.000111341
0.000108957
0.000112057
0.000109434
0.000110626
0.000108719
0.000110388
0.000108242
0.000108957
0.000109673
0.000109434
0.000114918
0.000109196
0.000108957
0.000108004
0.000112772
0.000111818
0.000109434
0.000114679
0.000110149
0.000114918
0.000110149
0.000108242
0.000115156
0.000110149
0.000108480
0.000110388
0.000108957
0.000119209
0.000110149
0.000112772
0.000110388
0.000112295
0.000108719
0.000109673
0.000107288
0.000110149
0.000108480
0.000108719
0.000114918
0.000108004
0.000114441
0.000108480
