0.000208855
0.000278234
0.000159025
0.000148296
0.000138998
0.000173092
0.000203848
0.000143528
0.000138760
0.000136852
0.000133753
0.000182629
0.000149727
0.000198126
0.000136614
0.000134945
0.000249863
0.000241518
0.000149727
0.000137806
0.000134230
0.000134706
0.000135422
0.000162601
0.000206470
0.000141621
0.000137091
0.000136852
0.000153303
0.000232220
0.000143051
0.000139236
0.000142336
0.000136614
0.000192642
0.000172377
0.000141144
0.000138760
0.000136137
0.000133991
0.000134468
0.000208139
0.000142813
0.000136375
0.000135899
0.000134706
0.000191212
0.000189304
0.000142574
0.000135183
0.000136137
0.000134706
0.000135422
0.000215530
0.000137091
0.000141859
0.000197411
0.000135660
0.000150204
0.000159740
0.000143528
0.000136137
0.000132322
0.000191450
0.000135183
0.000142336
0.000134468
0.000133991
0.000134230
0.000135183
0.000134468
0.000188589
0.000137091
0.000134230
0.000136375
0.000192642
0.000140429
0.000133514
0.000133753
0.000139952
0.000133276
0.000186920
0.000134230
0.000139713
0.000134706
0.000137329
0.000137329
0.000186682
0.000136375
0.000161648
0.000137329
0.000134468
0.000190496
0.000134230
0.000136137
0.000133276
0.000139475
0.000134468
0.000188828
0.000136137
0.000131369
0.000131607
0.000140429
0.000133514
0.000152349
0.000133038
0.000132799
0.000132561
0.000131130
0.000131845
0.000131369
0.000134230
0.000132084
0.000133753
0.000134706
0.000135660
0.000133991
0.000133038
0.000144482
0.000136852
0.000131845
0.000131845
0.000133991
0.000137568
0.000133753
0.000132084
0.000134945
0.000154018
0.000133753
0.000132084
0.000132799
0.000133753
0.000136852
0.000132799
0.000133276
0.000131607
0.000133038
0.000146151
0.000139475
0.000130177
0.000138283
0.000132322
0.000131845
0.000131845
0.000139952
0.000136137
0.000133514
0.000140667
0.000132322
0.000150919
0.000152349
0.000131845
0.000131607
0.000134945
0.000133753
0.000132799
0.000131607
0.000131369
0.000131607
0.000131369
0.000131369
0.000131130
0.000137091
0.000133991
0.000133276
0.000132084
0.000135183
0.000133991
0.000134706
0.000132084
0.000133038
0.000132561
0.000131369
0.000137329
0.000133276
0.000137091
0.000134706
0.000138521
0.000136852
0.000150442
0.000138760
0.000131130
0.000131130
0.000131369
0.000134468
0.000133038
0.000144243
0.000131845
0.000132084
0.000132084
0.000138521
0.000143051
0.000137568
0.000132799
0.000134468
0.000134945
0.000133276
0.000131845
0.000133276
0.000132322
0.000133038
0.000137806
0.000132561
0.000136852
0.000133514
0.000151157
0.000135660
0.000135422
0.000134706
0.000159740
0.000133991
0.000133991
0.000133276
0.000131369
0.000143290
0.000131607
0.000132561
0.000149250
0.000138521
0.000134706
0.000133753
0.000132322
0.000137568
0.000140190
0.000134230
0.000133276
0.000132084
0.000131845
0.000138760
0.000133276
0.000131369
0.000132084
0.000131845
0.000130892
0.000133038
0.000135660
0.000132561
0.000139475
0.000134230
0.000132322
0.000147581
0.000133514
0.000138998
0.000131845
0.000134230
0.000132084
0.000134468
0.000133514
0.000132799
0.000131845
0.000138283
0.000149488
0.000143290
0.000134230
0.000137329
0.000133514
0.000131845
0.000132561
0.000133038
0.000130653
0.000130653
0.000132799
0.000147581
0.000132322
0.000133038
0.000136137
0.000132561
0.000130653
0.000140429
0.000133038
0.000145197
0.000133276
0.000131845
0.000131130
0.000132561
0.000130892
0.000130892
0.000131845
0.000133514
0.000136614
0.000132322
0.000131369
0.000136137
0.000132084
0.000133276
0.000132322
0.000133991
0.000158787
0.000227690
0.000146151
0.000132799
0.000134468
0.000131130
0.000131369
0.000133514
0.000142813
0.000142097
0.000131369
0.000133753
0.000131845
0.000162601
0.000135183
0.000139713
0.000132799
0.000132799
0.000134945
0.000137806
0.000133514
0.000132322
0.000137568
0.000138044
0.000131845
0.000136614
0.000132799
0.000133753
0.000132799
0.000133991
0.000133276
0.000131369
0.000133991
0.000130653
0.000131130
0.000130653
0.000130415
0.000138283
0.000135422
0.000136614
0.000133276
0.000134706
0.000133038
0.000146151
0.000135422
0.000137329
0.000133753
0.000133038
0.000133276
0.000132561
0.000138760
0.000148296
0.000131130
0.000132084
0.000131845
0.000137329
0.000132561
0.000134945
0.000132799
0.000135422
0.000132322
0.000131130
0.000135660
0.000133276
0.000132322
0.000131130
0.000130177
0.000133276
0.000136137
0.000132322
0.000133753
0.000133991
0.000132084
0.000130892
0.000147581
0.000133514
0.000132084
0.000134230
0.000134468
0.000134706
0.000133038
0.000132561
0.000132084
0.000132084
0.000133276
0.000136375
0.000132799
0.000138998
0.000132799
0.000131130
0.000130892
0.000131607
0.000131369
0.000131130
0.000130415
0.000131607
0.000132084
0.000133991
0.000142097
0.000131845
0.000131845
0.000143766
0.000132322
0.000131130
0.000147343
0.000135183
0.000137568
0.000133276
0.000131607
0.000133276
0.000133276
0.000131369
0.000132084
0.000136137
0.000133514
0.000136375
0.000132799
0.000133991
0.000132561
0.000135660
0.000133276
0.000133038
0.000132084
0.000132799
0.000132084
0.000132084
0.000131845
0.000132799
0.000140905
0.000155687
0.000137568
0.000134945
0.000131845
0.000131607
0.000143766
0.000133753
0.000132322
0.000133514
0.000139236
0.000132322
0.000133276
0.000131845
0.000131130
0.000131845
0.000132084
0.000135899
0.000132084
0.000134468
0.000131845
0.000138998
0.000132799
0.000139236
0.000131130
0.000132322
0.000132084
0.000138044
0.000130653
0.000137329
0.000136137
0.000134945
0.000132322
0.000135183
0.000132799
0.000136614
0.000131845
0.000175476
0.000133276
0.000140905
0.000131845
0.000132561
0.000139475
0.000130653
0.000132084
0.000131845
0.000129223
0.000133753
0.000138521
0.000133753
0.000133753
0.000156641
0.000131607
0.000131607
0.000131369
0.000132799
0.000131845
0.000132084
0.000132799
0.000133514
0.000135660
0.000132561
0.000132084
0.000135183
0.000131130
0.000148058
0.000144720
0.000133753
0.000132799
0.000133753
0.000132084
0.000135660
0.000132561
0.000132084
0.000132799
0.000131369
0.000135422
0.000133991
0.000132561
0.000133038
0.000131607
0.000131607
0.000132799
0.000132561
0.000131369
0.000130892
0.000135183
0.000131607
0.000130177
0.000134945
0.000134230
0.000132084
0.000131607
0.000135660
0.000132322
0.000195503
0.000141144
0.000167370
0.000135183
0.000133991
0.000132561
0.000244379
0.000139713
0.000130892
0.000130892
0.000132084
0.000134468
0.000134230
0.000134945
0.000133991
0.000135899
0.000146389
0.000133753
0.000131845
0.000138998
0.000131845
0.000131607
0.000132322
0.000130892
0.000134945
0.000133276
0.000132799
0.000132084
0.000139475
0.000132322
0.000129938
0.000154734
0.000137329
0.000171185
0.000136852
0.000133753
0.000133514
0.000133276
0.000132322
0.000131130
0.000136614
0.000136614
0.000134230
0.000132322
0.000132799
0.000133038
0.000131130
0.000131369
0.000131130
0.000130415
0.000130892
0.000131607
0.000132322
0.000131130
0.000135899
0.000133038
0.000137329
0.000133038
0.000135422
0.000133038
0.000131369
0.000138283
0.000149012
0.000133038
0.000133514
0.000139713
0.000131607
0.000132561
0.000130892
0.000132799
0.000132322
0.000142336
0.000133038
0.000132561
0.000134230
0.000138521
0.000132561
0.000131607
0.000131845
0.000131607
0.000138044
0.000132561
0.000132084
0.000131607
0.000153065
0.000133276
0.000132561
0.000131607
0.000134945
0.000131845
0.000137806
0.000135183
0.000132322
0.000163078
0.000135660
0.000138044
0.000133753
0.000131369
0.000131845
0.000131369
0.000132561
0.000137329
0.000133276
0.000131607
0.000132799
0.000242233
0.000143290
0.000133038
0.000133753
0.000131845
0.000131607
0.000131607
0.000131369
0.000130415
0.000134945
0.000133276
0.000132084
0.000132322
0.000137329
0.000133753
0.000132084
0.000131130
0.000131607
0.000157356
0.000135660
0.000133514
0.000133276
0.000132084
0.000132084
0.000131369
0.000131130
0.000135899
0.000132084
0.000131369
0.000133991
0.000134230
0.000162601
0.000136614
0.000133038
0.000132561
0.000131369
0.000131130
0.000131130
0.000133276
0.000138760
0.000134468
0.000147104
0.000132561
0.000134468
0.000132084
0.000143290
0.000132799
0.000131607
0.000143051
0.000135422
0.000132799
0.000132322
0.000138760
0.000131845
0.000131607
0.000130653
0.000136375
0.000139713
0.000131845
0.000132799
0.000131369
0.000131607
0.000130653
0.000131130
0.000131369
0.000133514
0.000131369
0.000130415
0.000153542
0.000136375
0.000135899
0.000134230
0.000133753
0.000134706
0.000132561
0.000151873
0.000131607
0.000130892
0.000130892
0.000147581
0.000135422
0.000132799
0.000135422
0.000132561
0.000131607
0.000131369
0.000136375
0.000133514
0.000132084
0.000133991
0.000132084
0.000154734
0.000136614
0.000132561
0.000130653
0.000143528
0.000129938
0.000131845
0.000131607
0.000134945
0.000133514
0.000132322
0.000132084
0.000134230
0.000130892
0.000134230
0.000131845
0.000132322
0.000130892
0.000150442
0.000136614
0.000134706
0.000132799
0.000132799
0.000130892
0.000131607
0.000136375
0.000132799
0.000133514
0.000135183
0.000133038
0.000134468
0.000145197
0.000131845
0.000132322
0.000131845
0.000131845
0.000132084
0.000130653
0.000135183
0.000132322
0.000131607
0.000132322
0.000134468
0.000131130
0.000131130
0.000130415
0.000131130
0.000130177
0.000132322
0.000149012
0.000133514
0.000131845
0.000132322
0.000131607
0.000130892
0.000137568
0.000136614
0.000132322
0.000139236
0.000134945
0.000134945
0.000133038
0.000132084
0.000130415
0.000131130
0.000131130
0.000132561
0.000131607
0.000135422
0.000133514
0.000131369
0.000131607
0.000133753
0.000131369
0.000138760
0.000131845
0.000131607
0.000131607
0.000147104
0.000134230
0.000139952
0.000132799
0.000134706
0.000132322
0.000133038
0.000136137
0.000131369
0.000130892
0.000139236
0.000132084
0.000132799
0.000131607
0.000138283
0.000132561
0.000131369
0.000131130
0.000132084
0.000131130
0.000136852
0.000136375
0.000134706
0.000138760
0.000133991
0.000131130
0.000133276
0.000130415
0.000130892
0.000132561
0.000135660
0.000169992
0.000162840
0.000146151
0.000134468
0.000134230
0.000132561
0.000136852
0.000140190
0.000132084
0.000134468
0.000132561
0.000132084
0.000131607
0.000130653
0.000131845
0.000132322
0.000132084
0.000131369
0.000130892
0.000136614
0.000134706
0.000132561
0.000132084
0.000134706
0.000131845
0.000132799
0.000131845
0.000131607
0.000131607
0.000149012
0.000149965
0.000136614
0.000139713
0.000131607
0.000131607
0.000132322
0.000142097
0.000133276
0.000138760
0.000133753
0.000132322
0.000131369
0.000131369
0.000130415
0.000131607
0.000132084
0.000131369
0.000130415
0.000130892
0.000135899
0.000132084
0.000132322
0.000138283
0.000135660
0.000133276
0.000131845
0.000145912
0.000132084
0.000129700
0.000132084
0.000141621
0.000133276
0.000131369
0.000131130
0.000130892
0.000131130
0.000135422
0.000138760
0.000132561
0.000133991
0.000134230
0.000142097
0.000133276
0.000130892
0.000131845
0.000131130
0.000131845
0.000130653
0.000131845
0.000135899
0.000133514
0.000138283
0.000132084
0.000159502
0.000131607
0.000138283
0.000138521
0.000131369
0.000130653
0.000133276
0.000132322
0.000151873
0.000135183
0.000132561
0.000131369
0.000132561
0.000136137
0.000131369
0.000132322
0.000133038
0.000132799
0.000137806
0.000133753
0.000132084
0.000131607
0.000130892
0.000130892
0.000132322
0.000132799
0.000137806
0.000140905
0.000134706
0.000132561
0.000134706
0.000132561
0.000133514
0.000130892
0.000133514
0.000131130
0.000133753
0.000131845
0.000151396
0.000134706
0.000131607
0.000131130
0.000132322
0.000136375
0.000132084
0.000132084
0.000133991
0.000131607
0.000141144
0.000131845
0.000139713
0.000132084
0.000132084
0.000131845
0.000138760
0.000130415
0.000136137
0.000133276
0.000131369
0.000140429
0.000137091
0.000133276
0.000133038
0.000132322
0.000132322
0.000131130
0.000134230
0.000135899
0.000135183
0.000145435
0.000134706
0.000132084
0.000132322
0.000135899
0.000132084
0.000131845
0.000133753
0.000132322
0.000132322
0.000131369
0.000132561
0.000134706
0.000130415
0.000139475
0.000131607
0.000131369
0.000135660
0.000132799
0.000132561
0.000131845
0.000140905
0.000133276
0.000133276
0.000131130
0.000131130
0.000131369
0.000132561
0.000132322
0.000143051
0.000133753
0.000137806
