0.000168085
0.000175953
0.000115871
0.000108957
0.000106812
0.000131130
0.000112057
0.000109196
0.000118494
0.000156879
0.000106335
0.000130892
0.000116110
0.000110626
0.000108480
0.000106812
0.000113010
0.000180721
0.000115156
0.000108719
0.000107527
0.000108719
0.000106335
0.000128508
0.000110865
0.000117540
0.000108242
0.000119209
0.000109196
0.000130415
0.000110626
0.000108957
0.000107050
0.000110388
0.000111818
0.000116348
0.000111103
0.000110865
0.000114441
0.000105858
0.000105858
0.000115395
0.000159502
0.000107527
0.000105858
0.000105381
0.000106096
0.000114918
0.000108480
0.000104427
0.000104189
0.000107288
0.000106096
0.000134230
0.000111103
0.000108480
0.000219107
0.000134706
0.000108480
0.000121593
0.000110149
0.000147820
0.000111103
0.000106335
0.000105619
0.000105143
0.000204563
0.000154734
0.000108957
0.000105858
0.000105858
0.000107527
0.000111103
0.000107765
0.000153065
0.000105858
0.000108480
0.000134945
0.000111341
0.000107288
0.000106096
0.000117302
0.000105143
0.000105143
0.000104904
0.000109196
0.000107288
0.000134945
0.000106573
0.000108004
0.000104904
0.000112772
0.000108004
0.000105143
0.000104904
0.000107527
0.000106096
0.000106812
0.000104427
0.000105143
0.000105858
0.000106335
0.000110149
0.000107527
0.000107050
0.000104427
0.000105619
0.000104666
0.000104904
0.000103712
0.000108957
0.000107050
0.000104904
0.000103951
0.000103235
0.000108480
0.000108004
0.000106573
0.000114679
0.000110388
0.000104666
0.000106096
0.000104666
0.000103712
0.000106096
0.000103712
0.000104666
0.000105381
0.000104666
0.000111103
0.000104189
0.000105143
0.000108719
0.000104189
0.000103951
0.000105143
0.000106335
0.000130653
0.000106335
0.000104189
0.000108242
0.000105858
0.000104427
0.000104189
0.000104189
0.000107765
0.000105381
0.000104904
0.000112772
0.000107288
0.000103474
0.000106096
0.000104189
0.000105143
0.000105143
0.000104427
0.000107288
0.000108004
0.000111818
0.000105381
0.000111103
0.000106573
0.000110149
0.000106812
0.000104189
0.000105381
0.000205517
0.000118971
0.000106335
0.000108480
0.000109911
0.000107765
0.000103951
0.000103712
0.000103712
0.000108480
0.000111818
0.000113249
0.000116110
0.000108242
0.000104904
0.000107288
0.000110865
0.000103474
0.000103951
0.000105381
0.000105381
0.000105143
0.000103474
0.000103235
0.000103474
0.000105858
0.000109196
0.000106096
0.000104427
0.000105619
0.000107288
0.000136375
0.000108719
0.000108242
0.000104427
0.000106812
0.000106335
0.000104427
0.000103235
0.000107288
0.000105619
0.000105381
0.000104666
0.000115633
0.000104904
0.000106096
0.000104904
0.000104904
0.000102997
0.000106096
0.000117302
0.000104189
0.000104427
0.000104189
0.000104189
0.000106573
0.000109434
0.000105858
0.000103951
0.000104904
0.000103951
0.000104666
0.000103951
0.000103712
0.000103951
0.000112772
0.000103474
0.000109911
0.000103951
0.000108719
0.000107765
0.000107050
0.000112057
0.000112057
0.000104427
0.000105619
0.000104666
0.000103951
0.000103951
0.000103712
0.000104427
0.000103474
0.000104666
0.000103235
0.000104427
0.000105619
0.000115633
0.000103951
0.000109673
0.000105619
0.000107527
0.000130177
0.000105858
0.000109434
0.000108480
0.000105381
0.000103712
0.000103474
0.000102758
0.000107527
0.000103951
0.000107050
0.000106335
0.000113964
0.000112772
0.000107050
0.000104904
0.000103235
0.000103712
0.000110626
0.000107288
0.000107288
0.000105143
0.000103712
0.000104427
0.000106812
0.000108719
0.000104427
0.000104427
0.000104427
0.000103712
0.000104666
0.000105143
0.000102758
0.000102997
0.000105143
0.000103474
0.000103235
0.000103712
0.000109434
0.000208855
0.000112057
0.000106812
0.000114679
0.000105381
0.000106096
0.000104427
0.000103474
0.000103951
0.000104427
0.000103712
0.000108719
0.000104666
0.000103951
0.000103235
0.000104666
0.000108957
0.000104666
0.000103951
0.000104904
0.000107050
0.000131845
0.000110865
0.000108957
0.000103951
0.000107050
0.000104427
0.000104666
0.000103712
0.000107288
0.000104427
0.000104904
0.000107527
0.000113487
0.000112295
0.000106335
0.000104189
0.000103235
0.000103951
0.000105143
0.000107288
0.000104904
0.000105143
0.000104189
0.000105143
0.000105381
0.000109434
0.000104427
0.000103951
0.000104666
0.000104666
0.000103474
0.000105381
0.000108004
0.000103712
0.000104189
0.000103712
0.000111341
0.000104904
0.000107765
0.000108004
0.000106573
0.000106812
0.000104427
0.000124693
0.000108480
0.000107050
0.000103951
0.000104904
0.000103474
0.000103474
0.000121593
0.000108242
0.000106335
0.000106812
0.000107288
0.000110149
0.000105381
0.000104189
0.000107050
0.000104189
0.000104666
0.000110388
0.000104189
0.000103712
0.000104666
0.000103712
0.000102997
0.000103474
0.000107765
0.000104666
0.000111580
0.000106812
0.000104427
0.000111103
0.000108957
0.000103712
0.000103951
0.000105143
0.000106335
0.000109673
0.000106096
0.000105858
0.000109673
0.000104666
0.000105619
0.000109196
0.000105619
0.000104666
0.000111341
0.000104666
0.000109434
0.000109434
0.000103712
0.000103474
0.000112534
0.000110626
0.000103951
0.000103474
0.000203133
0.000111341
0.000104904
0.000106573
0.000104666
0.000116587
0.000108242
0.000105381
0.000110626
0.000105381
0.000103235
0.000104427
0.000111103
0.000104666
0.000102997
0.000103235
0.000104904
0.000108957
0.000104427
0.000102997
0.000105381
0.000107288
0.000109434
0.000112057
0.000103712
0.000103235
0.000105381
0.000103235
0.000104427
0.000104189
0.000107288
0.000103712
0.000104189
0.000106096
0.000110388
0.000103712
0.000114202
0.000106335
0.000104427
0.000103712
0.000106335
0.000104904
0.000104189
0.000103712
0.000105381
0.000104666
0.000106812
0.000108957
0.000104427
0.000104427
0.000105381
0.000104427
0.000105381
0.000106812
0.000103712
0.000109911
0.000111103
0.000103951
0.000103951
0.000103474
0.000108480
0.000114679
0.000104189
0.000107288
0.000105619
0.000104189
0.000116587
0.000111580
0.000103712
0.000102997
0.000113726
0.000103235
0.000104189
0.000103712
0.000105143
0.000104666
0.000105381
0.000108480
0.000104666
0.000109673
0.000104904
0.000108242
0.000104904
0.000105619
0.000103951
0.000103474
0.000105858
0.000102997
0.000103235
0.000109434
0.000113487
0.000106573
0.000104666
0.000107527
0.000104427
0.000103235
0.000111818
0.000106573
0.000103951
0.000104666
0.000111103
0.000107288
0.000112057
0.000104427
0.000104189
0.000104427
0.000105858
0.000109673
0.000105143
0.000103712
0.000104189
0.000103235
0.000104904
0.000111580
0.000103712
0.000104189
0.000105619
0.000102997
0.000104666
0.000103712
0.000108242
0.000105143
0.000104427
0.000107527
0.000103951
0.000103712
0.000165701
0.000112295
0.000106812
0.000104189
0.000111341
0.000106096
0.000104666
0.000105143
0.000103712
0.000102520
0.000105381
0.000109434
0.000104427
0.000104189
0.000106573
0.000129700
0.000129223
0.000104427
0.000104904
0.000105381
0.000114202
0.000103712
0.000105381
0.000103951
0.000108242
0.000104904
0.000103712
0.000108004
0.000104189
0.000103474
0.000106096
0.000120163
0.000104904
0.000104666
0.000105381
0.000111103
0.000104427
0.000105381
0.000104666
0.000104666
0.000103712
0.000107288
0.000103951
0.000104189
0.000105381
0.000103951
0.000108004
0.000104427
0.000104189
0.000103951
0.000109434
0.000104904
0.000103712
0.000103951
0.000111341
0.000109911
0.000105858
0.000113249
0.000104189
0.000103235
0.000105619
0.000111341
0.000105381
0.000103712
0.000104666
0.000104427
0.000104189
0.000104666
0.000103712
0.000103474
0.000108004
0.000105858
0.000110626
0.000103474
0.000104666
0.000145912
0.000109673
0.000103235
0.000103235
0.000104427
0.000106096
0.000103474
0.000103712
0.000107527
0.000105619
0.000104427
0.000104189
0.000106573
0.000105381
0.000109673
0.000105381
0.000126600
0.000105858
0.000104427
0.000104427
0.000108719
0.000112295
0.000104427
0.000103951
0.000109911
0.000108719
0.000105619
0.000104904
0.000103712
0.000104904
0.000104427
0.000103712
0.000104904
0.000103951
0.000103474
0.000105619
0.000103712
0.000104904
0.000107527
0.000202894
0.000112772
0.000110149
0.000114679
0.000110149
0.000177622
0.000110388
0.000104666
0.000116348
0.000105143
0.000103951
0.000197172
0.000130653
0.000104666
0.000104189
0.000103951
0.000108242
0.000106096
0.000103951
0.000110865
0.000107050
0.000136614
0.000115633
0.000106096
0.000102997
0.000103235
0.000106812
0.000103474
0.000105381
0.000107527
0.000105381
0.000103474
0.000104904
0.000107050
0.000104189
0.000103474
0.000105381
0.000111818
0.000103474
0.000102997
0.000104427
0.000103712
0.000103712
0.000103474
0.000103951
0.000109673
0.000108242
0.000104666
0.000103712
0.000103951
0.000108242
0.000104904
0.000104427
0.000105619
0.000103235
0.000102997
0.000105143
0.000104189
0.000103712
0.000107527
0.000107527
0.000107288
0.000106096
0.000106096
0.000103712
0.000104904
0.000105619
0.000103951
0.000113726
0.000104666
0.000104427
0.000105381
0.000110865
0.000104427
0.000103712
0.000103235
0.000110865
0.000117064
0.000110149
0.000103712
0.000104666
0.000105858
0.000102997
0.000104189
0.000102997
0.000103712
0.000105858
0.000103951
0.000103712
0.000106335
0.000104904
0.000104189
0.000103474
0.000107050
0.000103235
0.000103235
0.000106096
0.000103951
0.000113010
0.000104666
0.000105143
0.000106573
0.000110865
0.000103712
0.000103712
0.000106335
0.000108242
0.000105619
0.000104427
0.000104189
0.000200033
0.000110388
0.000110626
0.000104189
0.000102997
0.000103474
0.000105381
0.000105143
0.000104427
0.000113726
0.000106335
0.000105381
0.000104189
0.000113487
0.000103951
0.000114679
0.000112295
0.000103951
0.000113964
0.000112295
0.000112295
0.000105858
0.000102758
0.000104427
0.000104189
0.000103712
0.000108480
0.000104666
0.000103951
0.000104189
0.000103712
0.000135183
0.000108957
0.000104189
0.000104427
0.000103951
0.000105381
0.000103712
0.000103712
0.000107050
0.000105143
0.000103474
0.000104666
0.000107050
0.000103474
0.000123501
0.000105381
0.000111341
0.000106573
0.000111818
0.000106096
0.000111103
0.000103712
0.000103951
0.000102997
0.000103474
0.000108480
0.000105381
0.000103235
0.000102520
0.000103712
0.000103474
0.000104189
0.000105381
0.000104189
0.000102997
0.000104904
0.000103712
0.000103712
0.000108004
0.000105858
0.000108004
0.000106812
0.000106573
0.000110149
0.000113010
0.000112295
0.000103235
0.000109911
0.000111580
0.000105381
0.000104427
0.000102997
0.000103712
0.000103474
0.000103712
0.000109196
0.000106335
0.000105143
0.000104666
0.000111341
0.000126362
0.000105858
0.000103712
0.000104189
0.000103951
0.000106096
0.000104427
0.000103712
0.000106812
0.000105143
0.000104427
0.000103712
0.000107527
0.000104189
0.000104189
0.000104904
0.000103712
0.000103474
0.000105381
0.000120163
0.000108480
0.000105381
0.000103712
0.000102997
0.000102997
0.000108242
0.000105619
0.000104666
0.000104189
0.000104427
0.000103712
0.000103235
0.000105619
0.000103474
0.000103712
0.000105619
0.000110388
0.000102997
0.000105619
0.000208378
0.000114202
0.000111580
0.000113249
0.000103474
0.000104666
0.000106573
0.000105858
0.000105143
0.000112295
0.000105619
0.000103712
0.000103712
0.000105858
0.000104666
0.000104427
0.000108480
0.000111341
0.000104189
0.000104904
0.000105619
0.000112057
0.000105858
0.000104666
0.000104904
0.000102997
0.000105619
0.000103235
0.000103235
0.000106812
0.000105381
0.000103474
0.000103712
0.000107527
0.000110149
0.000103712
0.000104427
0.000104666
0.000104189
0.000102997
0.000113487
0.000108719
0.000104666
0.000103951
0.000104427
0.000103474
0.000109196
0.000104427
0.000104666
0.000104189
0.000103951
0.000103235
0.000102520
0.000103712
0.000103235
0.000103235
0.000105619
0.000104189
0.000103474
0.000108004
0.000105858
0.000107527
0.000106573
0.000107050
0.000103712
0.000105858
0.000105858
0.000103951
0.000103951
0.000103712
0.000103474
0.000139952
0.000111341
0.000109673
0.000106573
0.000106335
0.000111818
0.000106573
0.000104427
0.000104427
0.000104666
0.000108480
0.000105858
0.000103712
0.000109673
0.000102997
0.000106335
0.000104666
0.000104189
0.000107527
0.000106096
0.000111103
0.000104666
0.000107527
0.000110626
0.000104189
0.000105619
0.000104427
0.000103474
0.000110388
0.000125170
0.000113010
0.000107050
0.000103474
