0.000200987
0.000210762
0.000131607
0.000124216
0.000175238
0.000150681
0.000143766
0.000125408
0.000122070
0.000120163
0.000120163
0.000146389
0.000129938
0.000125408
0.000176907
0.000122309
0.000122309
0.000205755
0.000158548
0.000139713
0.000121355
0.000119448
0.000119448
0.000146627
0.000130653
0.000178576
0.000121355
0.000118971
0.000117540
0.000150442
0.000123024
0.000121355
0.000119448
0.000126362
0.000119209
0.000199556
0.000124693
0.000128508
0.000126600
0.000119448
0.000119448
0.000143051
0.000134468
0.000124693
0.000120163
0.000119686
0.000167131
0.000143290
0.000144482
0.000130177
0.000121117
0.000122070
0.000171185
0.000146866
0.000125170
0.000126123
0.000127077
0.000122547
0.000120878
0.000146866
0.000124454
0.000141859
0.000123024
0.000174522
0.000120878
0.000121117
0.000118017
0.000135899
0.000123739
0.000121593
0.000119686
0.000118732
0.000123739
0.000169992
0.000119925
0.000125885
0.000125170
0.000156641
0.000150442
0.000133753
0.000120163
0.000118494
0.000169277
0.000120163
0.000129223
0.000121117
0.000119209
0.000119686
0.000117302
0.000121832
0.000118017
0.000145435
0.000172853
0.000124931
0.000120640
0.000119686
0.000121593
0.000119448
0.000119925
0.000117779
0.000118732
0.000123262
0.000122547
0.000121355
0.000118494
0.000116825
0.000117302
0.000116825
0.000117064
0.000131845
0.000123262
0.000117540
0.000116110
0.000125170
0.000117540
0.000121832
0.000224113
0.000129700
0.000118017
0.000119925
0.000116348
0.000117540
0.000117302
0.000118494
0.000117064
0.000115633
0.000116110
0.000115633
0.000121832
0.000117302
0.000117540
0.000117064
0.000121593
0.000118732
0.000118017
0.000117302
0.000120640
0.000124693
0.000210047
0.000131607
0.000118494
0.000123262
0.000117064
0.000118256
0.000123262
0.000121593
0.000119686
0.000117540
0.000116825
0.000121355
0.000116587
0.000117779
0.000115871
0.000118017
0.000116825
0.000121355
0.000118732
0.000116825
0.000116110
0.000117064
0.000123024
0.000119209
0.000121355
0.000118971
0.000118732
0.000117779
0.000121593
0.000117064
0.000115871
0.000130177
0.000117302
0.000128508
0.000117779
0.000117779
0.000117064
0.000120401
0.000120163
0.000118732
0.000118017
0.000118732
0.000116348
0.000117064
0.000124931
0.000118017
0.000117540
0.000116348
0.000131845
0.000117064
0.000117302
0.000115156
0.000115395
0.000118732
0.000120401
0.000118256
0.000116348
0.000118732
0.000118256
0.000160456
0.000118732
0.000136852
0.000129700
0.000116825
0.000115871
0.000118256
0.000117302
0.000119925
0.000116587
0.000126362
0.000118732
0.000118017
0.000120163
0.000117779
0.000116587
0.000117779
0.000115395
0.000117302
0.000118494
0.000117064
0.000117302
0.000116110
0.000116587
0.000115633
0.000120878
0.000118017
0.000117302
0.000116587
0.000116587
0.000116348
0.000118017
0.000126839
0.000118256
0.000116587
0.000117540
0.000118256
0.000117302
0.000119925
0.000116348
0.000116110
0.000118971
0.000116825
0.000115156
0.000115871
0.000116110
0.000117779
0.000117064
0.000117779
0.000116348
0.000115633
0.000116110
0.000115156
0.000116110
0.000116825
0.000119925
0.000118971
0.000118017
0.000117302
0.000118971
0.000125408
0.000123024
0.000118017
0.000138760
0.000119209
0.000116587
0.000118017
0.000117302
0.000128031
0.000117064
0.000116587
0.000118971
0.000117064
0.000116825
0.000116110
0.000116587
0.000117064
0.000116587
0.000117540
0.000116110
0.000116587
0.000116587
0.000115871
0.000123024
0.000115633
0.000120640
0.000118971
0.000118017
0.000116587
0.000117540
0.000117064
0.000115633
0.000116825
0.000139713
0.000125647
0.000122786
0.000126362
0.000117540
0.000220060
0.000162363
0.000128746
0.000120878
0.000118971
0.000116825
0.000116348
0.000116825
0.000118971
0.000116587
0.000117540
0.000116825
0.000116825
0.000121117
0.000119686
0.000116110
0.000118017
0.000120878
0.000118971
0.000117540
0.000117540
0.000123978
0.000145197
0.000119448
0.000123501
0.000134706
0.000119448
0.000116348
0.000117779
0.000116110
0.000119448
0.000117779
0.000116110
0.000119209
0.000117302
0.000115395
0.000115633
0.000116587
0.000124931
0.000116348
0.000118732
0.000128508
0.000118971
0.000117540
0.000116110
0.000116110
0.000122547
0.000121593
0.000118256
0.000117779
0.000116825
0.000116348
0.000119686
0.000121117
0.000116348
0.000126839
0.000117779
0.000116825
0.000119448
0.000116110
0.000120878
0.000116587
0.000116587
0.000119448
0.000117064
0.000173569
0.000121593
0.000117779
0.000118256
0.000116825
0.000118017
0.000222445
0.000138760
0.000117540
0.000116587
0.000116825
0.000116110
0.000131607
0.000118971
0.000120640
0.000118017
0.000122786
0.000138998
0.000128269
0.000116825
0.000123024
0.000148535
0.000116825
0.000118971
0.000116825
0.000119448
0.000118256
0.000116587
0.000117302
0.000117540
0.000116110
0.000115633
0.000116587
0.000118017
0.000116587
0.000116825
0.000117302
0.000116110
0.000115633
0.000115633
0.000115633
0.000128269
0.000120640
0.000118256
0.000116587
0.000117064
0.000122070
0.000122547
0.000123024
0.000117064
0.000116110
0.000128984
0.000118494
0.000117779
0.000116348
0.000249863
0.000135422
0.000119448
0.000121593
0.000117540
0.000128508
0.000116587
0.000116110
0.000118017
0.000116825
0.000126839
0.000116348
0.000117302
0.000120401
0.000116110
0.000122547
0.000122786
0.000121355
0.000119686
0.000116825
0.000124454
0.000145435
0.000119925
0.000116348
0.000115633
0.000116825
0.000136375
0.000116348
0.000117779
0.000117064
0.000120401
0.000116825
0.000123024
0.000118971
0.000118017
0.000115633
0.000115871
0.000116348
0.000123739
0.000116587
0.000124931
0.000120163
0.000118017
0.000118494
0.000116587
0.000117540
0.000116825
0.000121593
0.000118732
0.000118494
0.000117302
0.000117064
0.000122786
0.000114918
0.000115871
0.000116348
0.000116348
0.000132084
0.000119209
0.000117540
0.000120640
0.000118256
0.000116587
0.000119209
0.000116825
0.000116348
0.000117540
0.000118017
0.000122547
0.000116587
0.000116825
0.000123501
0.000116587
0.000115871
0.000115156
0.000115633
0.000115871
0.000121117
0.000118732
0.000117064
0.000118017
0.000127316
0.000116825
0.000118256
0.000126362
0.000116110
0.000124216
0.000118494
0.000117779
0.000119209
0.000118732
0.000118017
0.000115633
0.000118732
0.000117064
0.000116110
0.000122309
0.000116825
0.000116825
0.000116825
0.000118017
0.000117779
0.000116110
0.000116348
0.000122309
0.000115633
0.000114202
0.000119448
0.000118256
0.000117064
0.000116587
0.000115871
0.000116348
0.000121832
0.000119209
0.000116110
0.000115633
0.000127077
0.000119686
0.000116348
0.000232935
0.000132561
0.000119686
0.000127554
0.000117779
0.000117064
0.000116587
0.000115156
0.000118494
0.000116825
0.000116587
0.000117302
0.000116348
0.000117779
0.000121832
0.000116110
0.000120640
0.000118017
0.000118732
0.000116110
0.000117540
0.000144005
0.000119925
0.000128746
0.000116110
0.000118017
0.000115633
0.000115871
0.000137091
0.000120878
0.000122547
0.000117540
0.000115871
0.000118971
0.000116348
0.000115871
0.000122309
0.000117064
0.000118256
0.000117302
0.000116348
0.000119448
0.000117540
0.000115871
0.000116587
0.000115871
0.000121593
0.000116587
0.000119209
0.000116825
0.000117064
0.000116110
0.000119448
0.000116825
0.000116587
0.000116348
0.000116348
0.000148058
0.000124216
0.000118732
0.000118732
0.000116110
0.000128031
0.000119925
0.000117064
0.000115395
0.000115633
0.000117302
0.000116825
0.000116110
0.000117779
0.000116825
0.000119686
0.000115395
0.000114679
0.000116110
0.000119925
0.000121117
0.000118971
0.000118256
0.000117302
0.000121117
0.000116587
0.000116110
0.000116348
0.000115633
0.000120401
0.000116587
0.000129223
0.000120640
0.000118494
0.000116825
0.000115871
0.000118494
0.000116587
0.000117064
0.000116825
0.000116348
0.000117064
0.000116110
0.000116825
0.000118971
0.000116110
0.000117302
0.000116110
0.000122309
0.000126839
0.000117540
0.000117540
0.000122786
0.000116825
0.000117302
0.000117779
0.000115395
0.000117302
0.000116110
0.000115395
0.000116825
0.000129938
0.000121355
0.000227690
0.000149727
0.000120640
0.000120878
0.000118732
0.000118256
0.000126362
0.000117064
0.000118017
0.000116348
0.000118017
0.000134468
0.000121355
0.000118494
0.000118017
0.000116825
0.000121832
0.000118256
0.000118971
0.000117540
0.000122309
0.000125170
0.000117302
0.000115633
0.000115633
0.000115395
0.000115871
0.000116110
0.000128746
0.000123978
0.000124216
0.000118017
0.000116587
0.000118971
0.000122547
0.000115633
0.000116587
0.000124693
0.000118494
0.000123262
0.000118971
0.000126362
0.000118494
0.000117540
0.000116110
0.000123739
0.000120163
0.000116587
0.000117540
0.000117302
0.000118017
0.000117302
0.000116110
0.000115395
0.000115633
0.000115395
0.000115633
0.000117302
0.000132561
0.000121832
0.000117540
0.000116348
0.000117064
0.000118494
0.000115395
0.000130177
0.000117064
0.000123262
0.000117779
0.000117064
0.000117779
0.000117064
0.000115633
0.000116587
0.000116110
0.000117064
0.000120640
0.000118256
0.000118256
0.000116348
0.000120163
0.000126362
0.000119448
0.000123262
0.000123739
0.000115633
0.000117064
0.000115871
0.000118017
0.000128269
0.000120163
0.000122547
0.000117779
0.000120640
0.000116825
0.000138044
0.000115395
0.000124931
0.000120401
0.000117302
0.000116825
0.000116110
0.000116110
0.000116348
0.000115871
0.000118017
0.000121117
0.000117064
0.000118494
0.000116348
0.000117779
0.000122786
0.000116825
0.000117779
0.000117302
0.000117064
0.000116825
0.000117540
0.000117779
0.000134706
0.000123501
0.000120163
0.000125408
0.000130653
0.000120163
0.000145674
0.000115395
0.000116825
0.000117064
0.000116348
0.000116587
0.000116348
0.000116348
0.000116110
0.000115871
0.000116587
0.000123739
0.000118256
0.000118494
0.000134230
0.000118017
0.000123501
0.000115871
0.000116110
0.000115871
0.000115633
0.000116110
0.000116587
0.000117540
0.000154018
0.000125170
0.000118494
0.000127077
0.000119686
0.000123739
0.000123262
0.000116587
0.000117540
0.000117302
0.000123739
0.000119686
0.000118971
0.000117540
0.000117302
0.000115871
0.000117302
0.000120640
0.000116587
0.000118017
0.000117302
0.000117064
0.000117064
0.000117064
0.000116587
0.000116587
0.000116110
0.000122070
0.000117064
0.000118017
0.000127792
0.000129700
0.000118017
0.000116587
0.000118256
0.000116110
0.000116110
0.000116587
0.000122070
0.000118017
0.000116110
0.000116348
0.000115395
0.000116587
0.000122070
0.000115871
0.000116110
0.000126600
0.000118494
0.000118971
0.000117064
0.000120163
0.000125885
0.000119925
0.000120401
0.000116587
0.000123501
0.000121832
0.000116110
0.000124216
0.000119686
0.000127792
0.000118017
0.000115871
0.000118732
0.000116825
0.000117779
0.000116587
0.000118017
0.000118256
0.000133276
0.000115871
0.000117064
0.000116587
0.000115871
0.000115633
0.000115871
0.000120878
0.000116110
0.000117779
0.000116348
0.000117540
0.000118732
0.000117064
0.000119448
0.000116348
0.000115395
0.000123262
0.000118256
0.000122309
0.000121117
0.000139475
0.000129223
0.000118017
0.000120163
0.000117302
0.000116825
0.000115871
0.000116825
0.000117540
0.000116110
0.000116825
0.000116110
0.000115871
0.000115395
0.000118017
0.000116348
0.000120878
0.000118256
0.000118732
0.000116587
0.000117302
0.000130415
0.000126600
0.000123262
0.000116348
0.000116110
0.000115156
0.000115871
0.000117302
0.000120163
0.000117302
0.000126839
0.000118017
0.000119686
0.000122309
0.000117540
0.000115871
0.000117302
0.000118017
0.000117064
0.000118971
0.000120163
0.000117779
0.000117302
0.000116110
0.000117779
0.000128269
0.000117540
0.000118017
0.000116825
0.000117064
0.000116110
0.000115871
0.000117540
0.000116110
0.000116825
0.000115871
0.000116825
0.000118017
0.000138283
0.000117302
0.000137568
0.000117540
0.000119448
0.000117302
0.000172853
0.000120401
0.000116348
0.000116825
0.000117302
0.000180483
0.000229836
0.000131130
0.000127554
0.000115633
0.000115156
0.000121832
0.000118732
0.000118732
0.000120878
0.000120640
0.000125885
0.000117302
0.000116110
0.000117302
0.000117302
0.000115633
0.000116348
0.000117540
0.000120878
0.000118256
0.000131369
0.000118494
0.000118971
0.000115633
0.000124454
0.000117302
0.000117302
0.000118732
0.000133038
0.000125647
0.000116825
0.000116348
0.000116110
