0.012378216
0.000086069
0.000096083
0.000088930
0.000094175
0.000090122
0.000085115
0.000082970
0.000085354
0.000087500
0.000090837
0.000085592
0.000082970
0.000083447
0.000092983
0.000087023
0.000092745
0.000085115
0.000082731
0.000082254
0.000082493
0.000084639
0.000092506
0.000083208
0.000082493
0.000085831
0.000084162
0.000083447
0.000087023
0.000084162
0.000083447
0.000083923
0.000083685
0.000082016
0.000090122
0.000178814
0.000101805
0.000085831
0.000085354
0.000083923
0.000091791
0.000085354
0.000082970
0.000082970
0.000082254
0.000095606
0.000107288
0.000083447
0.000082493
0.000083447
0.000082016
0.000089407
0.000103951
0.000089407
0.000083208
0.000086308
0.000108957
0.000084639
0.000091314
0.000085831
0.000083447
0.000083208
0.000084162
0.000083208
0.000092030
0.000086069
0.000172853
0.000091553
0.000085354
0.000083208
0.000089407
0.000084877
0.000083447
0.000083208
0.000083685
0.000094652
0.000191689
0.000110388
0.000086069
0.000087261
0.000082731
0.000087500
0.000093699
0.000084162
0.000082731
0.000084639
0.000084162
0.000082493
0.000088453
0.000083685
0.000083685
0.000082254
0.000082731
0.000083447
0.000089884
0.000086784
0.000084400
0.000083208
0.000084639
0.000089407
0.000102997
0.000088215
0.000087500
0.000088692
0.000089645
0.000090122
0.000100851
0.000089169
0.000087976
0.000087738
0.000087500
0.000092983
0.000089884
0.000088930
0.000094652
0.000088930
0.000101089
0.000092268
0.000089169
0.000088692
0.000088692
0.000089169
0.000087976
0.000087500
0.000091076
0.000090122
0.000089645
0.000088453
0.000090837
0.000089407
0.000087738
0.000088930
0.000087976
0.000087261
0.000087023
0.000097990
0.000093460
0.000089169
0.000087500
0.000087976
0.000088930
0.000092506
0.000089645
0.000088692
0.000087738
0.000089884
0.000090361
0.000088692
0.000087976
0.000088692
0.000088215
0.000087261
0.000087261
0.000088930
0.000098228
0.000212431
0.000118494
0.000094891
0.000093699
0.000090837
0.000088692
0.000088692
0.000088215
0.000087500
0.000087500
0.000098228
0.000134706
0.000103712
0.000097513
0.000097990
0.000102758
0.000100851
0.000102997
0.000095367
0.000095606
0.000097275
0.000184059
0.000105858
0.000096321
0.000094414
0.000095367
0.000093937
0.000093937
0.000099659
0.000099182
0.000097275
0.000097275
0.000101805
0.000103474
0.000095606
0.000094652
0.000094175
0.000094175
0.000095367
0.000095844
0.000096321
0.000110865
0.000096560
0.000094414
0.000094414
0.000094891
0.000098944
0.000094891
0.000094891
0.000094414
0.000096321
0.000096321
0.000094175
0.000094891
0.000095129
0.000096560
0.000095606
0.000094891
0.000100374
0.000097513
0.000097513
0.000095367
0.000094414
0.000097513
0.000094891
0.000095606
0.000094175
0.000093937
0.000094175
0.000093699
0.000096321
0.000105619
0.000095844
0.000094891
0.000094652
0.000093699
0.000099421
0.000096321
0.000094891
0.000095844
0.000095606
0.000122309
0.000099421
0.000094652
0.000093937
0.000095367
0.000099659
0.000095129
0.000094652
0.000097752
0.000095129
0.000097752
0.000095367
0.000097752
0.000095606
0.000095844
0.000095129
0.000094175
0.000100136
0.000093699
0.000094414
0.000094891
0.000099659
0.000095844
0.000094414
0.000095606
0.000099659
0.000095129
0.000094652
0.000094414
0.000093937
0.000095129
0.000094891
0.000094652
0.000094891
0.000094414
0.000093937
0.000094175
0.000093937
0.000098228
0.000192404
0.000115156
0.000097275
0.000098467
0.000094414
0.000093699
0.000094414
0.000094414
0.000093937
0.000094414
0.000094891
0.000096560
0.000117540
0.000095367
0.000093937
0.000094175
0.000098467
0.000095129
0.000094175
0.000094175
0.000095129
0.000115156
0.000097275
0.000093937
0.000094175
0.000096083
0.000094175
0.000094175
0.000099897
0.000097990
0.000095606
0.000097036
0.000094891
0.000097036
0.000095367
0.000094891
0.000095367
0.000095844
0.000095367
0.000095367
0.000093460
0.000097752
0.000106096
0.000096321
0.000094175
0.000094175
0.000098228
0.000095367
0.000100613
0.000094175
0.000095844
0.000096560
0.000094414
0.000094652
0.000094891
0.000093699
0.000094652
0.000094652
0.000100851
0.000097752
0.000095129
0.000096083
0.000095129
0.000097036
0.000093937
0.000094891
0.000094891
0.000095367
0.000094414
0.000100374
0.000093937
0.000096321
0.000103235
0.000095367
0.000094652
0.000094414
0.000098944
0.000095606
0.000094414
0.000094891
0.000094414
0.000116110
0.000097990
0.000095367
0.000094414
0.000094175
0.000094414
0.000093937
0.000094652
0.000099182
0.000097752
0.000097752
0.000094652
0.000097275
0.000094652
0.000094652
0.000094414
0.000093937
0.000094175
0.000101328
0.000095129
0.000095367
0.000094175
0.000102758
0.000095606
0.000093937
0.000098228
0.000095129
0.000094414
0.000094175
0.000094414
0.000097036
0.000094652
0.000093460
0.000094652
0.000094414
0.000093937
0.000094414
0.000093937
0.000098944
0.000197172
0.000122309
0.000099182
0.000098467
0.000096560
0.000095129
0.000094652
0.000094891
0.000093460
0.000093937
0.000095129
0.000096798
0.000094414
0.000093937
0.000106335
0.000095844
0.000099897
0.000097275
0.000101566
0.000094414
0.000095606
0.000133753
0.000111341
0.000118494
0.000102520
0.000097036
0.000094175
0.000093222
0.000094414
0.000104904
0.000095367
0.000095606
0.000094175
0.000097513
0.000094414
0.000094414
0.000094414
0.000095129
0.000100613
0.000094652
0.000094652
0.000099421
0.000096798
0.000100613
0.000095844
0.000094891
0.000098705
0.000095367
0.000095367
0.000103474
0.000096321
0.000096321
0.000093699
0.000093937
0.000093460
0.000094414
0.000093937
0.000102520
0.000093937
0.000097752
0.000096321
0.000098705
0.000095367
0.000097036
0.000102043
0.000134945
0.000096798
0.000093937
0.000093460
0.000093222
0.000094652
0.000095606
0.000093222
0.000094175
0.000120163
0.000099659
0.000100136
0.000094652
0.000094652
0.000095606
0.000094414
0.000122786
0.000099421
0.000094891
0.000093460
0.000094175
0.000093699
0.000093460
0.000093699
0.000097752
0.000095844
0.000102520
0.000094175
0.000097036
0.000100374
0.000094652
0.000093937
0.000094175
0.000093222
0.000093460
0.000094652
0.000097275
0.000094891
0.000094175
0.000099897
0.000094175
0.000099421
0.000095129
0.000093937
0.000093460
0.000100136
0.000096083
0.000093937
0.000094891
0.000094652
0.000101328
0.000100613
0.000100136
0.000092983
0.000097752
0.000196457
0.000113487
0.000097036
0.000097990
0.000095367
0.000094891
0.000094414
0.000094652
0.000095129
0.000093937
0.000094414
0.000095844
0.000169992
0.000096560
0.000102043
0.000096321
0.000098705
0.000095606
0.000094652
0.000093460
0.000100851
0.000113726
0.000098228
0.000094175
0.000093460
0.000093699
0.000094891
0.000094652
0.000094891
0.000098705
0.000094891
0.000096321
0.000094175
0.000097275
0.000094652
0.000094652
0.000094652
0.000093460
0.000093937
0.000094414
0.000093222
0.000098705
0.000097036
0.000095844
0.000100613
0.000102758
0.000100136
0.000095844
0.000094414
0.000093937
0.000100613
0.000187635
0.000100613
0.000093937
0.000095129
0.000100851
0.000093460
0.000093460
0.000093699
0.000097990
0.000097036
0.000098705
0.000095606
0.000097036
0.000093937
0.000093699
0.000094175
0.000095844
0.000094414
0.000093937
0.000093699
0.000095606
0.000093937
0.000093937
0.000093460
0.000104904
0.000099659
0.000095606
0.000094175
0.000094891
0.000093222
0.000116110
0.000098228
0.000094891
0.000095129
0.000093699
0.000093699
0.000094652
0.000093937
0.000098705
0.000095129
0.000097275
0.000094652
0.000096560
0.000093937
0.000094175
0.000093937
0.000093460
0.000093460
0.000095367
0.000095129
0.000095367
0.000094891
0.000093460
0.000093699
0.000093222
0.000106812
0.000095844
0.000094891
0.000100136
0.000094414
0.000095606
0.000093937
0.000094652
0.000093699
0.000095844
0.000094414
0.000093460
0.000094175
0.000098467
0.000193834
0.000108719
0.000103951
0.000098705
0.000095129
0.000095129
0.000094414
0.000093699
0.000095129
0.000094175
0.000093937
0.000095844
0.000094891
0.000094175
0.000093937
0.000101328
0.000100851
0.000095844
0.000101089
0.000093460
0.000097036
0.000145197
0.000098467
0.000094891
0.000094652
0.000095129
0.000093937
0.000093937
0.000094652
0.000098467
0.000096083
0.000096321
0.000094891
0.000097036
0.000094175
0.000094175
0.000094175
0.000095844
0.000093460
0.000095129
0.000093460
0.000098467
0.000095844
0.000094175
0.000094891
0.000093937
0.000117064
0.000099421
0.000095606
0.000093937
0.000095606
0.000096560
0.000094414
0.000096083
0.000094175
0.000094891
0.000093699
0.000093460
0.000093937
0.000097752
0.000096798
0.000096560
0.000096321
0.000096798
0.000093937
0.000093222
0.000093460
0.000094175
0.000093460
0.000094891
0.000099897
0.000095844
0.000099897
0.000095606
0.000099659
0.000100374
0.000098228
0.000104904
0.000096083
0.000094652
0.000093460
0.000121593
0.000098467
0.000094652
0.000094652
0.000095606
0.000095367
0.000094414
0.000093937
0.000097990
0.000095367
0.000103235
0.000095844
0.000098467
0.000096083
0.000096798
0.000094891
0.000094414
0.000094175
0.000096321
0.000095367
0.000097752
0.000095606
0.000093937
0.000093937
0.000093937
0.000106096
0.000096560
0.000095844
0.000095129
0.000098705
0.000096560
0.000094414
0.000093460
0.000094175
0.000095844
0.000093460
0.000093460
0.000093937
0.000098228
0.000184298
0.000107050
0.000097036
0.000097752
0.000096083
0.000094175
0.000093699
0.000095129
0.000094175
0.000094414
0.000093937
0.000111103
0.000099897
0.000097036
0.000095129
0.000096083
0.000099659
0.000106573
0.000096560
0.000100136
0.000095129
0.000097036
0.000101805
0.000094891
0.000094652
0.000095367
0.000093937
0.000093699
0.000099897
0.000098467
0.000095606
0.000101805
0.000096083
0.000098228
0.000095129
0.000094414
0.000111103
0.000099659
0.000096798
0.000096560
0.000095606
0.000098944
0.000096560
0.000095606
0.000094175
0.000094891
0.000098467
0.000104189
0.000096798
0.000093699
0.000093937
0.000095844
0.000094891
0.000093937
0.000094652
0.000095129
0.000095844
0.000094652
0.000093460
0.000097752
0.000095606
0.000095844
0.000094175
0.000096798
0.000095606
0.000095367
0.000094652
0.000094175
0.000093937
0.000093460
0.000093222
0.000095844
0.000095129
0.000093222
0.000094414
0.000094414
0.000099182
0.000095367
0.000102997
0.000096560
0.000095844
0.000102043
0.000098944
0.000096083
0.000093937
0.000094175
0.000094652
0.000093699
0.000094891
0.000103951
0.000095367
0.000096798
0.000094175
0.000097036
0.000094652
0.000100851
0.000094175
0.000094414
0.000094652
0.000093937
0.000094652
0.000096321
0.000094175
0.000095129
0.000095844
0.000094652
0.000098467
0.000121593
0.000101566
0.000094414
0.000094652
0.000096083
0.000094414
0.000096560
0.000094414
0.000094891
0.000094652
0.000094414
0.000093699
0.000098467
0.000095367
0.000105143
0.000096321
0.000097752
0.000094175
0.000093937
0.000094414
0.000094175
0.000093937
0.000094414
0.000094175
0.000096321
0.000095129
0.000094175
0.000100851
0.000094652
0.000098467
0.000094652
0.000100613
0.000095129
0.000095606
0.000121593
0.000097513
0.000094652
0.000094175
0.000094414
0.000093222
0.000093222
0.000094175
0.000097275
0.000094891
0.000096083
0.000093460
0.000096560
0.000095367
0.000094175
0.000094414
0.000094414
0.000093937
0.000094652
0.000093460
0.000098228
0.000095367
0.000095129
0.000094175
0.000093222
0.000098467
0.000094652
0.000100851
0.000100613
0.000095367
0.000097513
0.000094891
0.000093460
0.000093699
0.000094175
0.000093460
0.000094652
0.000094175
0.000097990
0.000095606
0.000095844
0.000094175
0.000096798
0.000094175
0.000093937
0.000093937
0.000095844
0.000096560
0.000093937
0.000093222
0.000095606
0.000100136
0.000094175
0.000093937
0.000094891
0.000098705
0.000095367
0.000093460
0.000095129
0.000094175
0.000126123
0.000097752
0.000096083
0.000095606
0.000094652
0.000100136
0.000094175
0.000093937
0.000097513
0.000094891
0.000096560
0.000094891
0.000099421
0.000095367
0.000099897
0.000094175
0.000093937
0.000093460
0.000092983
0.000093937
0.000095367
0.000093937
0.000094652
0.000093937
0.000094175
0.000098944
0.000095367
0.000094175
0.000102997
0.000096083
0.000095606
0.000094891
0.000093699
0.000093222
0.000093937
0.000094175
0.000094175
0.000093460
0.000098705
0.000207901
0.000125408
0.000098705
0.000098228
