0.000206947
0.000166655
0.000116110
0.000108242
0.000106096
0.000116825
0.000112772
0.000109434
0.000111103
0.000109673
0.000106812
0.000158310
0.000114441
0.000105858
0.000104904
0.000105858
0.000106573
0.000118494
0.000106096
0.000105381
0.000105143
0.000104427
0.000109673
0.000113726
0.000106573
0.000105619
0.000123262
0.000158072
0.000110149
0.000117540
0.000106096
0.000105381
0.000106812
0.000106812
0.000104427
0.000114441
0.000106573
0.000115395
0.000107765
0.000109434
0.000105143
0.000114441
0.000106096
0.000104427
0.000104666
0.000106335
0.000105381
0.000114679
0.000106335
0.000105858
0.000105619
0.000104666
0.000116587
0.000113726
0.000106096
0.000105619
0.000119686
0.000110149
0.000104904
0.000110388
0.000107050
0.000104904
0.000105619
0.000104427
0.000105858
0.000109673
0.000208616
0.000122547
0.000106812
0.000109196
0.000106812
0.000105381
0.000105619
0.000105619
0.000104666
0.000103951
0.000104666
0.000106812
0.000104904
0.000104427
0.000105143
0.000104666
0.000110149
0.000107765
0.000104904
0.000105143
0.000105381
0.000157356
0.000110388
0.000107050
0.000104666
0.000107288
0.000105143
0.000105143
0.000104189
0.000114441
0.000105858
0.000106812
0.000105619
0.000107527
0.000104666
0.000104427
0.000104666
0.000104666
0.000102758
0.000104904
0.000107765
0.000108719
0.000105619
0.000105381
0.000106335
0.000104189
0.000112534
0.000105858
0.000105858
0.000104666
0.000205517
0.000145912
0.000112057
0.000111103
0.000110149
0.000104427
0.000106812
0.000105143
0.000110388
0.000108719
0.000111103
0.000112772
0.000104427
0.000107765
0.000105381
0.000104904
0.000104427
0.000104427
0.000103951
0.000103951
0.000103474
0.000106335
0.000105381
0.000104189
0.000103951
0.000104427
0.000109911
0.000105858
0.000104666
0.000105381
0.000106096
0.000171661
0.000110865
0.000112295
0.000103235
0.000103951
0.000104904
0.000107050
0.000103951
0.000108480
0.000105381
0.000107050
0.000105381
0.000107527
0.000104189
0.000103951
0.000105143
0.000104666
0.000103951
0.000105381
0.000110388
0.000113487
0.000111341
0.000104904
0.000104427
0.000105619
0.000110149
0.000105143
0.000104189
0.000104427
0.000103951
0.000106335
0.000116825
0.000106335
0.000104189
0.000103951
0.000105619
0.000106812
0.000104189
0.000108480
0.000208139
0.000119448
0.000107765
0.000108480
0.000105858
0.000105143
0.000103951
0.000104427
0.000104666
0.000105143
0.000103712
0.000107050
0.000104427
0.000103951
0.000105143
0.000103712
0.000110149
0.000106096
0.000103951
0.000105619
0.000104189
0.000160217
0.000110626
0.000108242
0.000104666
0.000104427
0.000104189
0.000103951
0.000102997
0.000108004
0.000104904
0.000107288
0.000103951
0.000108004
0.000104666
0.000104189
0.000111818
0.000104189
0.000103712
0.000104904
0.000113249
0.000107765
0.000105143
0.000105143
0.000104427
0.000104904
0.000115871
0.000110626
0.000104427
0.000104666
0.000103951
0.000106573
0.000113964
0.000106573
0.000104666
0.000107765
0.000105143
0.000104189
0.000103712
0.000108480
0.000104427
0.000105619
0.000104666
0.000106812
0.000103951
0.000104427
0.000103712
0.000103474
0.000103474
0.000110388
0.000104427
0.000106096
0.000103951
0.000104666
0.000103235
0.000104666
0.000109196
0.000105381
0.000104427
0.000105619
0.000105619
0.000147581
0.000121832
0.000107527
0.000103474
0.000108004
0.000104666
0.000103951
0.000103235
0.000115156
0.000104666
0.000109673
0.000107288
0.000104904
0.000103712
0.000104427
0.000104904
0.000110865
0.000103474
0.000105143
0.000107288
0.000111341
0.000105143
0.000106573
0.000104189
0.000103474
0.000109434
0.000105381
0.000104189
0.000105619
0.000104427
0.000112772
0.000125408
0.000105381
0.000102758
0.000104427
0.000104189
0.000103951
0.000103712
0.000108242
0.000204086
0.000120878
0.000110626
0.000106812
0.000105381
0.000110388
0.000104189
0.000105858
0.000104427
0.000104189
0.000103235
0.000124216
0.000109673
0.000106573
0.000111341
0.000110626
0.000110388
0.000105619
0.000104666
0.000104904
0.000104904
0.000138521
0.000114202
0.000121355
0.000104904
0.000104427
0.000103712
0.000103235
0.000103712
0.000108480
0.000106335
0.000107765
0.000108004
0.000105858
0.000105143
0.000128746
0.000109196
0.000105619
0.000111341
0.000106812
0.000107288
0.000109434
0.000106335
0.000107527
0.000104189
0.000103951
0.000110626
0.000111103
0.000104904
0.000105619
0.000104427
0.000106335
0.000104904
0.000118017
0.000103712
0.000105143
0.000105381
0.000104904
0.000103951
0.000109911
0.000105858
0.000107050
0.000106335
0.000105381
0.000104666
0.000103712
0.000104666
0.000105143
0.000103712
0.000102997
0.000103235
0.000105381
0.000104427
0.000105143
0.000103235
0.000103712
0.000116348
0.000104666
0.000104427
0.000104427
0.000106812
0.000134230
0.000107050
0.000113249
0.000104427
0.000104904
0.000104189
0.000103712
0.000104189
0.000108004
0.000105858
0.000106812
0.000107527
0.000105381
0.000104427
0.000103951
0.000104189
0.000103712
0.000110388
0.000105381
0.000104189
0.000105381
0.000103474
0.000104427
0.000103235
0.000103951
0.000111341
0.000105858
0.000104427
0.000104427
0.000103951
0.000105381
0.000102997
0.000127554
0.000104666
0.000103712
0.000104427
0.000103712
0.000104189
0.000209093
0.000123739
0.000111341
0.000109196
0.000105858
0.000104904
0.000104904
0.000104427
0.000103951
0.000110149
0.000102997
0.000105381
0.000109196
0.000104427
0.000103474
0.000103951
0.000103712
0.000115156
0.000104904
0.000104427
0.000105381
0.000104666
0.000115156
0.000106573
0.000105143
0.000111103
0.000104189
0.000104189
0.000105619
0.000103235
0.000107765
0.000104427
0.000205278
0.000120640
0.000101328
0.000099182
0.000099182
0.000099421
0.000098705
0.000097752
0.000099421
0.000107050
0.000101089
0.000100136
0.000100136
0.000100374
0.000097990
0.000103235
0.000098944
0.000099421
0.000098467
0.000099182
0.000105858
0.000099659
0.000098467
0.000108719
0.000101566
0.000098705
0.000097990
0.000097990
0.000104189
0.000099897
0.000100613
0.000101566
0.000099897
0.000097752
0.000097752
0.000097752
0.000098467
0.000098944
0.000098467
0.000099421
0.000106335
0.000097990
0.000098228
0.000097752
0.000098228
0.000103712
0.000099182
0.000097513
0.000099421
0.000104904
0.000103951
0.000099659
0.000099897
0.000108480
0.000098944
0.000104904
0.000097990
0.000097990
0.000102282
0.000191450
0.000114918
0.000103235
0.000100613
0.000098705
0.000097990
0.000099182
0.000097513
0.000104427
0.000099421
0.000099182
0.000100136
0.000098705
0.000099659
0.000097752
0.000098467
0.000103235
0.000099659
0.000098467
0.000106335
0.000097513
0.000101328
0.000099897
0.000101089
0.000097513
0.000108719
0.000099421
0.000098467
0.000098228
0.000108719
0.000101805
0.000105858
0.000103474
0.000099897
0.000098467
0.000099897
0.000098705
0.000097990
0.000097990
0.000222683
0.000107050
0.000101089
0.000098705
0.000098705
0.000099659
0.000098228
0.000103951
0.000098944
0.000097513
0.000099182
0.000117064
0.000103951
0.000100136
0.000098705
0.000105381
0.000105143
0.000100374
0.000098705
0.000097752
0.000102282
0.000101805
0.000100613
0.000101089
0.000104904
0.000098944
0.000098467
0.000098944
0.000097990
0.000099421
0.000099421
0.000103474
0.000101089
0.000099659
0.000099659
0.000099182
0.000097990
0.000104427
0.000098944
0.000105381
0.000098228
0.000097990
0.000101328
0.000098944
0.000098705
0.000097513
0.000107527
0.000100136
0.000100613
0.000100613
0.000100851
0.000099421
0.000100851
0.000101089
0.000099659
0.000132799
0.000107765
0.000105143
0.000099182
0.000100613
0.000097990
0.000104666
0.000099659
0.000098705
0.000097752
0.000098467
0.000096083
0.000101566
0.000098467
0.000098467
0.000099421
0.000125647
0.000103235
0.000098467
0.000100374
0.000098705
0.000108719
0.000099182
0.000097752
0.000098228
0.000102997
0.000098944
0.000101328
0.000102043
0.000098467
0.000098944
0.000098705
0.000098467
0.000098944
0.000097990
0.000099897
0.000099897
0.000100374
0.000098467
0.000104427
0.000098944
0.000102520
0.000101566
0.000100136
0.000099659
0.000098705
0.000097752
0.000101089
0.000098705
0.000097990
0.000097990
0.000103474
0.000101805
0.000101328
0.000101566
0.000196695
0.000106335
0.000104427
0.000102520
0.000100851
0.000100136
0.000098705
0.000098467
0.000098467
0.000097513
0.000098228
0.000097513
0.000099897
0.000098944
0.000098228
0.000097752
0.000103474
0.000101089
0.000098467
0.000098467
0.000100374
0.000122309
0.000102758
0.000098944
0.000102282
0.000097990
0.000098467
0.000106812
0.000102997
0.000101328
0.000100374
0.000098944
0.000100851
0.000101566
0.000098467
0.000099182
0.000097990
0.000105143
0.000098228
0.000097752
0.000098705
0.000101566
0.000101805
0.000098705
0.000105381
0.000098705
0.000103474
0.000100851
0.000098944
0.000099659
0.000098228
0.000217199
0.000105619
0.000099659
0.000097990
0.000097036
0.000098467
0.000108004
0.000110388
0.000104904
0.000101089
0.000099897
0.000100374
0.000101566
0.000099897
0.000098705
0.000098705
0.000097990
0.000097752
0.000098228
0.000098228
0.000099897
0.000107765
0.000098944
0.000098467
0.000098467
0.000109434
0.000100374
0.000099659
0.000100136
0.000098467
0.000122786
0.000104666
0.000098944
0.000098944
0.000099421
0.000097990
0.000105619
0.000099659
0.000102520
0.000101566
0.000098705
0.000100613
0.000101566
0.000098467
0.000099182
0.000097990
0.000105619
0.000098228
0.000098467
0.000099182
0.000098944
0.000100374
0.000099182
0.000099897
0.000097752
0.000109196
0.000099659
0.000098944
0.000099421
0.000098228
0.000097990
0.000101089
0.000098228
0.000098467
0.000108957
0.000098467
0.000106573
0.000100613
0.000103474
0.000226259
0.000127316
0.000103235
0.000103712
0.000106573
0.000100374
0.000098944
0.000098228
0.000098467
0.000098228
0.000098467
0.000099659
0.000101328
0.000098705
0.000097990
0.000097990
0.000103474
0.000100136
0.000098467
0.000098944
0.000099897
0.000126362
0.000102758
0.000099659
0.000098944
0.000120640
0.000098467
0.000099182
0.000108242
0.000108719
0.000099182
0.000097990
0.000100613
0.000101328
0.000099182
0.000097752
0.000097990
0.000098467
0.000098705
0.000098705
0.000098467
0.000101566
0.000101566
0.000098705
0.000098705
0.000099421
0.000103235
0.000100136
0.000098467
0.000098467
0.000098467
0.000105619
0.000100851
0.000098467
0.000097990
0.000118732
0.000098705
0.000099421
0.000103235
0.000102997
0.000100613
0.000100613
0.000101328
0.000101328
0.000099659
0.000099659
0.000098467
0.000098705
0.000098705
0.000098705
0.000098467
0.000097275
0.000100851
0.000098705
0.000097990
0.000097752
0.000102758
0.000099897
0.000099421
0.000098944
0.000099421
0.000128269
0.000102758
0.000099421
0.000098228
0.000102997
0.000098705
0.000099182
0.000104904
0.000102758
0.000099897
0.000098467
0.000100136
0.000101566
0.000098944
0.000098944
0.000097990
0.000098705
0.000104904
0.000097513
0.000098467
0.000101089
0.000100613
0.000099182
0.000097275
0.000099897
0.000103712
0.000102997
0.000104427
0.000097990
0.000098228
0.000105858
0.000102997
0.000101328
0.000099659
0.000099897
0.000098467
0.000097990
0.000099182
0.000107050
0.000199318
0.000113726
0.000103235
0.000102758
0.000099897
0.000106812
0.000098467
0.000098705
0.000098467
0.000098467
0.000098705
0.000119209
0.000106573
0.000102043
0.000100136
0.000100613
0.000104427
0.000100374
0.000099897
0.000099182
0.000099659
0.000127554
0.000101805
0.000099659
0.000099659
0.000100374
0.000104904
0.000098705
0.000097990
0.000116348
0.000106573
0.000100136
0.000101805
0.000102520
0.000098944
0.000098467
0.000099659
0.000098467
0.000098944
0.000099421
0.000100374
0.000102043
0.000101328
0.000099897
0.000098705
0.000099897
0.000102997
0.000099421
0.000099897
0.000099421
0.000098705
0.000098944
0.000100136
0.000097513
0.000097990
0.000097990
0.000099182
0.000098944
0.000098944
0.000105858
0.000101566
0.000098944
0.000101566
0.000102282
0.000108480
0.000100374
0.000098944
0.000099182
0.000098228
0.000098228
0.000098228
0.000097275
0.000100374
0.000100613
0.000098705
0.000097752
0.000103712
0.000099659
0.000099182
0.000099659
0.000104427
0.000109911
0.000102043
0.000098944
0.000097990
0.000099421
0.000097990
0.000098467
0.000098228
0.000101566
0.000111103
0.000103474
0.000102997
0.000102520
