0.000159264
0.000190496
0.000115633
0.000107288
0.000104666
0.000179768
0.000120163
0.000109673
0.000105858
0.000104427
0.000120401
0.000146389
0.000119448
0.000107765
0.000104427
0.000104189
0.000234604
0.000180960
0.000115871
0.000104189
0.000106573
0.000103235
0.000102758
0.000126123
0.000108957
0.000111818
0.000107050
0.000103474
0.000109434
0.000124931
0.000109434
0.000105143
0.000103235
0.000103951
0.000102997
0.000122309
0.000115156
0.000105143
0.000107288
0.000102520
0.000104189
0.000137568
0.000111818
0.000107288
0.000104189
0.000103951
0.000137568
0.000185013
0.000115633
0.000104904
0.000106573
0.000104427
0.000104666
0.000126600
0.000107527
0.000108719
0.000108242
0.000103951
0.000104427
0.000124216
0.000109434
0.000107050
0.000104427
0.000102520
0.000102282
0.000102758
0.000102282
0.000113964
0.000103235
0.000102282
0.000103951
0.000149488
0.000108480
0.000103474
0.000102282
0.000104189
0.000102758
0.000133276
0.000103235
0.000102520
0.000104427
0.000102997
0.000102520
0.000103235
0.000102520
0.000107050
0.000107050
0.000104904
0.000103712
0.000105858
0.000103474
0.000103235
0.000102043
0.000102282
0.000102043
0.000103235
0.000101328
0.000105381
0.000102520
0.000102043
0.000110626
0.000101566
0.000106573
0.000103474
0.000102520
0.000102758
0.000100851
0.000153542
0.000106096
0.000101566
0.000103712
0.000102282
0.000102282
0.000101089
0.000101089
0.000105858
0.000102520
0.000102282
0.000100613
0.000105619
0.000109196
0.000101566
0.000100851
0.000101805
0.000101089
0.000102282
0.000105381
0.000103235
0.000103474
0.000101089
0.000102758
0.000101805
0.000107050
0.000102997
0.000101805
0.000103712
0.000102043
0.000112534
0.000102282
0.000104666
0.000103474
0.000102043
0.000102282
0.000101805
0.000102043
0.000106335
0.000221729
0.000112772
0.000102997
0.000105619
0.000103474
0.000102043
0.000102043
0.000101805
0.000108004
0.000102520
0.000101089
0.000106096
0.000101089
0.000101089
0.000103474
0.000101328
0.000112534
0.000102520
0.000102043
0.000102520
0.000105381
0.000110149
0.000115633
0.000104189
0.000103235
0.000102758
0.000103235
0.000101566
0.000101328
0.000105381
0.000102282
0.000103951
0.000101566
0.000104189
0.000102043
0.000101328
0.000101089
0.000101089
0.000101089
0.000103235
0.000101089
0.000107527
0.000102520
0.000107765
0.000103235
0.000101089
0.000106573
0.000103712
0.000101566
0.000102520
0.000101566
0.000101328
0.000127792
0.000100851
0.000102758
0.000101089
0.000102520
0.000101566
0.000101328
0.000112772
0.000104427
0.000103474
0.000102282
0.000104666
0.000102282
0.000101328
0.000101089
0.000101328
0.000101089
0.000101566
0.000100613
0.000118971
0.000111103
0.000104427
0.000104904
0.000102043
0.000107050
0.000102282
0.000101328
0.000102043
0.000101328
0.000123024
0.000114441
0.000104427
0.000111818
0.000101566
0.000101328
0.000102043
0.000101566
0.000105619
0.000102997
0.000109434
0.000104189
0.000104189
0.000109911
0.000102282
0.000102282
0.000101089
0.000100851
0.000101805
0.000104189
0.000103235
0.000107050
0.000101328
0.000108957
0.000101089
0.000106573
0.000102043
0.000102282
0.000102043
0.000101089
0.000106096
0.000109673
0.000102758
0.000102997
0.000102043
0.000102043
0.000100851
0.000100613
0.000105143
0.000103235
0.000102043
0.000103235
0.000101328
0.000101805
0.000100613
0.000101089
0.000102758
0.000099897
0.000102043
0.000101089
0.000100374
0.000103712
0.000100374
0.000108719
0.000101089
0.000106096
0.000108957
0.000101089
0.000117540
0.000112534
0.000128269
0.000104666
0.000110388
0.000104427
0.000102282
0.000102997
0.000101328
0.000104666
0.000104904
0.000101566
0.000100851
0.000103235
0.000101566
0.000101566
0.000106812
0.000107050
0.000100613
0.000099897
0.000101566
0.000101089
0.000102520
0.000110626
0.000101089
0.000108480
0.000101566
0.000105858
0.000101805
0.000101089
0.000106335
0.000103235
0.000101328
0.000102043
0.000108004
0.000103712
0.000100613
0.000101089
0.000102758
0.000102043
0.000115633
0.000182867
0.000115156
0.000108004
0.000103951
0.000103474
0.000102043
0.000107288
0.000100374
0.000100613
0.000100613
0.000101089
0.000102282
0.000103951
0.000107765
0.000109434
0.000101089
0.000106573
0.000101805
0.000102043
0.000102282
0.000101805
0.000120401
0.000103474
0.000108480
0.000104904
0.000101566
0.000101328
0.000101328
0.000101089
0.000105143
0.000102282
0.000101089
0.000103712
0.000102043
0.000102758
0.000101566
0.000100613
0.000101566
0.000101805
0.000102520
0.000103712
0.000103712
0.000102997
0.000104427
0.000102997
0.000101089
0.000105619
0.000108004
0.000100851
0.000101328
0.000101089
0.000101566
0.000100374
0.000100851
0.000113010
0.000103235
0.000101089
0.000100851
0.000101089
0.000105143
0.000101805
0.000101328
0.000104427
0.000102997
0.000102758
0.000101566
0.000101566
0.000106812
0.000101328
0.000101566
0.000101805
0.000101089
0.000101089
0.000103712
0.000103474
0.000100851
0.000111818
0.000102043
0.000108480
0.000102758
0.000103474
0.000140667
0.000106096
0.000110149
0.000106335
0.000101566
0.000101566
0.000102282
0.000101089
0.000104427
0.000101805
0.000100851
0.000103235
0.000102043
0.000102043
0.000102997
0.000101566
0.000100613
0.000100613
0.000101328
0.000107288
0.000102520
0.000101089
0.000101805
0.000105858
0.000101089
0.000106812
0.000102043
0.000100851
0.000101566
0.000101328
0.000101328
0.000101566
0.000101089
0.000115633
0.000103474
0.000101328
0.000106335
0.000100851
0.000112295
0.000105143
0.000102758
0.000105858
0.000101566
0.000101566
0.000100851
0.000100613
0.000101089
0.000101566
0.000102282
0.000100851
0.000100851
0.000100613
0.000101089
0.000107288
0.000101805
0.000105381
0.000102997
0.000101089
0.000101566
0.000101328
0.000119448
0.000109911
0.000101328
0.000103474
0.000109673
0.000101566
0.000101566
0.000101566
0.000108004
0.000101328
0.000101089
0.000104189
0.000101805
0.000103474
0.000101089
0.000100851
0.000101328
0.000100851
0.000101805
0.000105858
0.000101328
0.000103951
0.000100851
0.000102758
0.000101089
0.000112295
0.000108004
0.000101328
0.000101328
0.000103712
0.000101089
0.000102282
0.000100851
0.000108004
0.000106573
0.000102520
0.000108480
0.000101089
0.000203371
0.000121832
0.000102282
0.000104189
0.000108719
0.000151396
0.000121355
0.000101328
0.000101089
0.000101328
0.000101566
0.000222445
0.000106096
0.000101089
0.000105381
0.000102282
0.000104427
0.000106812
0.000103235
0.000101566
0.000108480
0.000144243
0.000104666
0.000102520
0.000101805
0.000102997
0.000108004
0.000102043
0.000100613
0.000100374
0.000104189
0.000102520
0.000101566
0.000109673
0.000101089
0.000101566
0.000101328
0.000102997
0.000100613
0.000101805
0.000101805
0.000101328
0.000100374
0.000103474
0.000104666
0.000102758
0.000100851
0.000105619
0.000103474
0.000102043
0.000101328
0.000100374
0.000100851
0.000099421
0.000102043
0.000102282
0.000116348
0.000101805
0.000101089
0.000107765
0.000106096
0.000105381
0.000101089
0.000105619
0.000103235
0.000102043
0.000101566
0.000101328
0.000101089
0.000101089
0.000101566
0.000101566
0.000100851
0.000101566
0.000100374
0.000108004
0.000100851
0.000105619
0.000101805
0.000100851
0.000102997
0.000125408
0.000108004
0.000102043
0.000101328
0.000102758
0.000107050
0.000101328
0.000101328
0.000102282
0.000103712
0.000109196
0.000100851
0.000103951
0.000101566
0.000101328
0.000102997
0.000101328
0.000107765
0.000101089
0.000102282
0.000105619
0.000101566
0.000108480
0.000101328
0.000108957
0.000099659
0.000108480
0.000101328
0.000101089
0.000202179
0.000111580
0.000102043
0.000101566
0.000101089
0.000102758
0.000107527
0.000105619
0.000101089
0.000101566
0.000104666
0.000102520
0.000103235
0.000105143
0.000102043
0.000108480
0.000101566
0.000113010
0.000100374
0.000107765
0.000102282
0.000102282
0.000100851
0.000100851
0.000100136
0.000106335
0.000108957
0.000102043
0.000102043
0.000102282
0.000101805
0.000127554
0.000104189
0.000101566
0.000104666
0.000102758
0.000102997
0.000108957
0.000102520
0.000105858
0.000102758
0.000101805
0.000107527
0.000103951
0.000102997
0.000102997
0.000101566
0.000101328
0.000101566
0.000100851
0.000102282
0.000101566
0.000101566
0.000101328
0.000100613
0.000102520
0.000109434
0.000102282
0.000101328
0.000107288
0.000101805
0.000102282
0.000101089
0.000101805
0.000100374
0.000108480
0.000102282
0.000105619
0.000102043
0.000105858
0.000103712
0.000107288
0.000102282
0.000105143
0.000101089
0.000102520
0.000101566
0.000102758
0.000101328
0.000100613
0.000100851
0.000108242
0.000100851
0.000101328
0.000100374
0.000102758
0.000111103
0.000102520
0.000101089
0.000101328
0.000101328
0.000106335
0.000105381
0.000102758
0.000102043
0.000102282
0.000101089
0.000128508
0.000101805
0.000104666
0.000108719
0.000101566
0.000101089
0.000106573
0.000100613
0.000101566
0.000101805
0.000100851
0.000101089
0.000101566
0.000101566
0.000103951
0.000102043
0.000101805
0.000100851
0.000109673
0.000105619
0.000103235
0.000102282
0.000101328
0.000101089
0.000102043
0.000101328
0.000100136
0.000100613
0.000102043
0.000101089
0.000100136
0.000110865
0.000105381
0.000194550
0.000110865
0.000101566
0.000105381
0.000102043
0.000105619
0.000100851
0.000100851
0.000101328
0.000101328
0.000100613
0.000101089
0.000100136
0.000100374
0.000100851
0.000102520
0.000106096
0.000102520
0.000101805
0.000102997
0.000101089
0.000131130
0.000104427
0.000101805
0.000101566
0.000102520
0.000100613
0.000102997
0.000101328
0.000108719
0.000108719
0.000102758
0.000104427
0.000103712
0.000100851
0.000113010
0.000100613
0.000100613
0.000100613
0.000100613
0.000101328
0.000103474
0.000101566
0.000106812
0.000100851
0.000103712
0.000105619
0.000102758
0.000101089
0.000101089
0.000101089
0.000101328
0.000100851
0.000108719
0.000108242
0.000102997
0.000102043
0.000100136
0.000121117
0.000106096
0.000102520
0.000112534
0.000103712
0.000105619
0.000102758
0.000122547
0.000100851
0.000100613
0.000100851
0.000100851
0.000101328
0.000118494
0.000105619
0.000103951
0.000102282
0.000103712
0.000108004
0.000103712
0.000102282
0.000102520
0.000101805
0.000101805
0.000101089
0.000104427
0.000101805
0.000105858
0.000101805
0.000102043
0.000100851
0.000111580
0.000102758
0.000102520
0.000101089
0.000110388
0.000101566
0.000124693
0.000100851
0.000100851
0.000100851
0.000101805
0.000100851
0.000109434
0.000104666
0.000102520
0.000102520
0.000103474
0.000106335
0.000102043
0.000108004
0.000101328
0.000102043
0.000102043
0.000103474
0.000107765
0.000100374
0.000102520
0.000101566
0.000101328
0.000100851
0.000110388
0.000200510
0.000110626
0.000102282
0.000105143
0.000102043
0.000108004
0.000101566
0.000101089
0.000102282
0.000102282
0.000102520
0.000101805
0.000100613
0.000101089
0.000100374
0.000103235
0.000108004
0.000109434
0.000101566
0.000105381
0.000100374
0.000144243
0.000188112
0.000108004
0.000103474
0.000104427
0.000107527
0.000100374
0.000101328
0.000113249
0.000104427
0.000103235
0.000102043
0.000103474
0.000101805
0.000103951
0.000101089
0.000106812
0.000101805
0.000100851
0.000101328
0.000109196
0.000102043
0.000101805
0.000103235
0.000103235
0.000106335
0.000103951
0.000101328
0.000101805
0.000102043
0.000102282
0.000100374
0.000099897
0.000101328
0.000102758
0.000108004
0.000101089
0.000101566
0.000112295
0.000109911
0.000104666
0.000103712
0.000104904
0.000102282
0.000103712
0.000102282
0.000100851
0.000100136
0.000100374
0.000100374
0.000108719
0.000103712
0.000100851
0.000101566
0.000102520
0.000106335
0.000101805
0.000101328
0.000101328
0.000102520
0.000154495
0.000114918
0.000105381
0.000101089
0.000102520
0.000101566
0.000107050
0.000100851
0.000103951
0.000108480
0.000102997
0.000101328
0.000103712
0.000101089
0.000103235
0.000101328
0.000101089
0.000101566
0.000102758
0.000100851
0.000104189
0.000102520
0.000101089
0.000101566
0.000102520
0.000105858
0.000102520
0.000102282
0.000101328
0.000102043
0.000101805
0.000100851
0.000100374
0.000100136
0.000102758
0.000102043
0.000101089
0.000100613
0.000104427
0.000224352
0.000118732
0.000107050
0.000105143
0.000101566
0.000108957
0.000101089
0.000100851
0.000101805
0.000100374
0.000100851
0.000102282
0.000101566
0.000100613
