0.159944773
0.211379290
0.260418892
0.321348190
0.393943787
0.460393429
0.537103653
0.635637283
0.747565031
0.858879328
0.990547895
1.076061726
1.121473789
1.021622419
0.922173738
0.822124958
0.739123583
0.639299154
0.539921045
0.440461397
0.340617895
0.328438044
0.401891232
0.497249126
0.577662230
0.613286734
0.717419624
0.791417360
0.883763313
0.992974043
1.129719973
1.223128557
1.321081161
1.452187300
1.382880449
1.289408445
1.189543724
1.088613987
0.984857321
0.885331631
0.785968304
0.686415434
0.585695982
0.481908321
0.377232552
0.273184299
0.173758030
0.073327780
0.002511978
0.002858639
0.164034128
0.220880508
0.283425808
0.336196899
0.397783756
0.480654478
0.546756744
0.627982616
0.735584021
0.828370094
0.889000893
0.850269556
0.760028124
0.854772329
0.756341457
0.658421278
0.560221434
0.619194269
0.706757069
0.804151535
0.907125950
1.030266523
1.133169651
1.146906614
1.048733711
0.950675726
0.852533579
0.754194975
0.656088591
0.557977676
0.459832668
0.361587763
0.263297796
0.165263414
0.067080736
0.002954006
0.002442360
0.002921343
0.163482428
0.221884251
0.284335136
0.348801851
0.412459850
0.497264147
0.599094391
0.688150167
0.804455996
0.829040766
0.730755568
0.657748461
0.559016705
0.461341143
0.362872601
0.264914036
0.166616917
0.068379879
0.163306475
0.201792479
0.260540247
0.323338032
0.389511347
0.466058969
0.529589891
0.575939894
0.669919729
0.762202501
0.792849541
0.835295677
0.981453180
1.088637829
1.181792498
1.344619989
1.285626173
1.191243410
1.102659702
1.006959200
0.911367416
0.813766479
0.728823900
0.704740047
0.642480373
0.544410467
0.446324110
0.348348379
0.370560884
0.272384644
0.358629942
0.438406944
0.527259111
0.480014563
0.400276184
0.303219318
0.205087900
0.106886148
0.008266687
0.002128601
0.002114773
0.002134323
0.002100229
0.002116680
0.002115011
0.002121210
0.002104998
0.002145529
0.002118826
0.002182245
0.002130985
0.002168417
0.011966467
0.002201319
0.002120972
0.002151728
0.002135277
0.002154350
0.002115011
0.002156258
0.002136707
0.002120256
0.002109766
0.011891842
0.002104044
0.002153397
0.002092600
0.002142191
0.002097130
0.002124310
0.002135277
0.002142191
0.002110243
0.002125025
0.002120018
0.002122879
0.002141476
0.002156496
0.002131701
0.002161980
0.002172947
0.002191305
0.002111673
0.002151012
0.002144814
0.002113819
0.002127409
0.002094984
0.002268791
0.002128839
0.002076626
0.002145529
0.002125025
0.002107382
0.002099991
0.011729717
0.002094507
0.002130270
0.002090931
0.002117157
0.002074957
0.002115726
0.002109528
0.002133131
0.002141237
0.002175808
0.002135038
0.002164602
0.002129078
0.002150059
0.002150774
0.002141953
0.002125263
0.002142906
0.002094269
0.002117395
0.002084017
0.012118101
0.002126217
0.002104759
0.002102613
0.002120018
0.002107382
0.002102137
0.002113342
0.002089024
0.002100229
0.002144337
0.002129555
0.002171755
0.002138138
0.002182007
0.002132893
0.002165079
0.002183914
0.002156496
0.002160788
0.002150774
0.002179861
0.002136946
0.002146482
0.002103806
0.002103329
0.002106905
0.002103806
0.002111673
0.002102137
0.002133131
0.002097130
0.002112150
0.002085686
0.002092361
0.002107382
0.002134085
0.002099037
0.002118587
0.002127171
0.002141714
0.002076626
0.002168894
0.011475325
0.002140045
0.002155066
0.002170801
0.002168417
0.002151728
0.002156973
0.002151489
0.002110481
0.002108335
0.002113104
0.002122879
0.002122164
0.002133608
0.002120733
0.002117395
0.002100468
0.002126217
0.002096891
0.002135277
0.002100945
0.002132416
0.002123117
0.002105236
0.002156734
0.002156734
0.002144575
0.002162457
0.002137423
0.002115726
0.002150774
0.002148867
0.002107382
0.012009382
0.002140284
0.002140760
0.002104759
0.002123356
0.002105713
0.002132654
0.002130508
0.002145529
0.002105236
0.002128124
0.002088070
0.002132893
0.002123356
0.002101183
0.002107859
0.002122879
0.002101898
0.002162457
0.002128363
0.002185345
0.002133846
0.002136230
0.002163172
0.002172232
0.002151489
0.002128839
0.002152681
0.002461910
0.002104759
0.002132893
0.002135038
0.002127409
0.002092361
0.002115726
0.002087593
0.002110481
0.002094507
0.002127647
0.002094269
0.002137423
0.002111673
0.011646748
0.002138615
0.002135992
0.002130270
0.002158642
0.002127886
0.002160072
0.002146482
0.011984348
0.002136469
0.002157927
0.002113581
0.002136469
0.002123594
0.002161264
0.002091885
0.002144337
0.002080441
0.002117872
0.002114058
0.002099752
0.002110481
0.002119303
0.002073288
0.002143860
0.002109528
0.002120972
0.002111197
0.002143621
0.002099276
0.002173662
0.002133846
0.002152205
0.002133369
0.002159119
0.002151012
0.002164602
0.002128124
0.002146482
0.002112627
0.002149343
0.002106905
0.002103567
0.002081633
0.002120256
0.002086639
0.012002945
0.002111912
0.002137661
0.002099514
0.002109289
0.002121449
0.002162457
0.002103090
0.002129555
0.002091408
0.002129793
0.002101183
0.002161503
0.002124548
0.002149105
0.002134562
0.012003899
0.002129078
0.002143145
0.002127171
0.002137184
0.002104759
0.002132177
0.002117634
0.002133608
0.002118349
0.002121925
0.002126217
0.002102613
0.002129793
0.002153158
0.002089262
0.002113342
0.002139330
0.002099276
0.002095461
0.002127647
0.002100945
0.002151728
0.002118111
0.002118111
0.002103567
0.002142429
0.002140760
0.002135038
0.002111197
0.002131462
0.002109528
0.002130032
0.002103567
0.002092123
0.002080202
0.002084017
0.002093077
0.002079248
0.002107859
0.002087355
0.002079248
0.011883736
0.002135515
0.002105236
0.002079248
0.002121687
0.002156734
0.002135515
0.002146721
0.002115488
0.002122402
0.002130985
0.002127647
0.002131939
0.002128839
0.002150297
0.002112389
0.002119780
0.002115011
0.002143621
0.002140522
0.002126455
0.002127886
0.002128601
0.002126694
0.002127171
0.002128124
0.002109289
0.002112865
0.002105474
0.002089739
0.002130985
0.002107143
0.002146721
0.002100229
0.002131224
0.002140760
0.002113581
0.002122879
0.002102375
0.002108812
0.002126694
0.002103329
0.002112627
0.002105236
0.002149343
0.002111673
0.002099276
0.002091408
0.002135515
0.002138853
0.002108097
0.002082825
0.002120495
0.011970282
0.002118349
0.012133121
0.002174377
0.002094984
0.002154827
0.002140522
0.002168179
0.002143621
0.002153397
0.002131462
0.002143145
0.002160072
0.002148151
0.002123356
0.002110720
0.002098083
0.002134800
0.002080202
0.002111435
0.002120733
0.002118111
0.002081871
0.002110004
0.011473179
0.002114534
0.002097368
0.023729563
0.002124786
0.002118111
0.002102852
0.002162933
0.002151489
0.002172470
0.002159119
0.002187967
0.002129555
0.011720181
0.002126932
0.002119064
0.002097130
0.002151966
0.002114773
0.002106190
0.002125740
0.002116442
0.002086878
0.002139568
0.002114534
0.002124310
0.002089739
0.002158403
0.002125740
0.002142668
0.002097368
0.002119780
0.002091885
0.002152681
0.002088070
0.002159357
0.002154827
0.002165318
0.002143145
0.002150297
0.002129078
0.002164841
0.002110243
0.002159357
0.002119064
0.002121925
0.002109528
0.002127886
0.002122641
0.002102375
0.002086401
0.002167463
0.002154112
0.002150297
0.002127647
0.002153158
0.002152443
0.002108335
0.002091408
0.002148151
0.002174854
0.002157450
0.002148151
0.002157450
0.002100945
0.002138615
0.002131224
0.002179146
0.002153397
0.002157688
0.002116919
0.002150059
0.002102375
0.002120018
0.002121449
0.002107143
0.011879444
0.002136469
0.002127647
0.002097130
0.002085209
0.002126932
0.002106667
0.002163887
0.002115488
0.002121449
0.002118587
0.002150536
0.002167225
0.002146482
0.002147913
0.002139330
0.002142191
0.002161741
0.002131701
0.002146721
0.002127171
0.002156258
0.002116203
0.002116680
0.002098560
0.002090931
0.002106428
0.011671543
0.002094984
0.002103090
0.002119780
0.002117395
0.002143860
0.002101421
0.002139091
0.002099276
0.002096891
0.002125025
0.002101898
0.002172709
0.002152920
0.002151012
0.011962652
0.002161741
0.002138138
0.002140760
0.002124071
0.002142191
0.002110004
0.002126217
0.002137423
0.002106905
0.002087355
0.002119541
0.002098799
0.002099514
0.002130747
0.011990070
0.002099991
0.002114296
0.002114534
0.002149820
0.002112150
0.002116680
0.002123117
0.002155066
0.002145767
0.002129555
0.002149582
0.002162218
0.011980772
0.002170563
0.002148390
0.002157927
0.002139568
0.011644363
0.002125502
0.002120733
0.002154827
0.002134562
0.002111912
0.002119064
0.002111912
0.011952877
0.002104044
0.002148151
0.002101898
0.002113104
0.002125740
0.002130985
0.002086639
0.012013197
0.002181768
0.002169132
0.002146721
0.002171993
0.002136946
0.002163887
0.002148151
0.002130985
0.002116680
0.002134323
0.002147913
0.002136707
0.002122402
0.002119541
0.002120495
0.002115011
0.002114296
0.002128601
0.002096415
0.002169609
0.002092838
0.002149343
0.002096415
0.002113342
0.002104044
0.002137661
0.002066374
0.002186537
0.002124786
0.002145529
0.002171278
0.002162457
0.002165556
0.002146244
0.002171755
0.002138853
0.002139568
0.002121449
0.002104998
0.002113581
0.002099037
0.002112627
0.002102852
0.002148867
0.002112865
0.002129316
0.002082586
0.002136230
0.002129316
0.002119780
0.002122164
0.002141237
0.002120495
0.002114773
0.002122402
0.002152920
0.002152920
0.002158165
0.002127409
0.002175331
0.002148390
0.002176285
0.002146482
0.002133369
0.002124310
0.002144337
0.002079725
0.002110004
0.002108335
0.002134085
0.002100468
0.002075195
0.002130032
0.002129316
0.002086878
0.002101421
0.002096415
0.011928558
0.002106190
0.002112389
0.002105236
0.002153158
0.002134800
0.002159834
0.002136946
0.002152443
0.002142191
0.002169847
0.011605740
0.011951923
0.002188206
0.002163410
0.002116442
0.002128124
0.002116442
0.002128124
0.002099514
0.002139807
0.002109289
0.002115488
0.002111435
0.002089500
0.002107859
0.002138138
0.002110004
0.002117157
0.002103806
0.002154350
0.002133369
0.002128124
0.002150536
0.002147198
0.002153873
0.002171278
0.002116442
0.002132654
0.002118826
0.002153635
0.002087831
0.002126694
0.002125263
0.002146244
0.002080679
0.002099514
0.002096176
0.002108574
0.002091169
0.002140999
0.002132893
0.002129555
0.002138376
0.002123833
0.002114296
0.002096415
0.002114296
0.002158642
0.002136469
0.002166033
0.002143383
0.002188206
0.002156496
0.011961460
0.002139330
0.002121210
0.002126694
0.002159834
0.011853456
0.002145052
0.002075672
0.002130985
0.002117395
0.002117634
0.002115250
0.002127409
0.011895180
0.002130747
0.002104282
0.002126217
0.002128601
0.002094746
0.002102613
0.002162457
0.002127886
0.002166033
0.002139330
0.002159595
0.002119064
0.002143621
0.002134800
0.002164364
0.002115250
0.002148390
0.002122164
0.002106905
0.002104521
0.002130747
0.002097845
0.002083778
0.002086878
0.002110958
0.002120256
0.002140522
0.002129793
0.002107620
0.002122879
0.002120256
0.002106190
0.002154112
0.002159357
0.002147436
0.002153397
0.002157211
0.002161980
0.002155542
0.002147913
0.002141953
0.002118111
0.002145052
0.002132177
0.002153158
0.002105951
0.002146959
0.011479378
0.002147913
0.002099037
0.002080202
0.002106667
0.002130032
0.002079010
0.002126455
0.002136230
0.002134085
0.002133131
0.002120972
0.002130747
0.002134323
0.002122402
0.002155066
0.002143145
0.002173662
0.002125740
0.002156019
0.002109528
0.002148628
0.002121210
0.002136469
0.002074957
0.002149343
0.002138138
0.002135754
0.002125978
0.002120495
0.002121449
0.002115726
0.002126694
0.002142906
0.002108812
0.002150059
0.002060175
0.002120495
0.002144337
0.002115488
0.002113581
0.002165556
0.002112389
0.002155781
0.002137423
0.002115250
0.011985540
0.002166510
0.002129078
0.002114296
0.002111673
0.002113819
0.002065659
0.002097607
0.002061129
0.002119780
0.002044678
0.002090931
0.002074242
0.002110243
0.002082109
0.002076864
0.002052069
0.002117157
0.002085447
0.002145052
0.002074480
0.002159357
0.002133846
0.002134562
0.002110958
0.002112389
0.002138138
0.002125263
0.002123356
0.002120018
0.002131224
0.002125263
0.002131462
0.002125263
0.002142429
0.002157688
0.002115011
0.002121925
0.002093554
0.002135754
0.002116680
0.002149105
0.002121687
0.002106667
0.002080917
0.002101421
0.002108335
0.002101421
0.002115965
0.002122402
0.011933327
0.002146482
0.002132893
0.002109766
0.002102852
0.002110481
0.002097845
0.002129793
0.002078772
0.002106190
0.002110720
