1607018512.501577139
1607018512.602131367
1607018512.702604532
1607018512.802987099
1607018512.903692007
1607018513.004165649
1607018513.104529381
1607018513.204869032
1607018513.305218220
1607018513.405555487
1607018513.506240129
1607018513.606615067
1607018513.706993103
1607018513.807332277
1607018513.907666445
1607018514.008039951
1607018514.108464479
1607018514.208983660
1607018514.309365988
1607018514.409746170
1607018514.510094404
1607018514.610517025
1607018514.710989952
1607018514.811322212
1607018514.911639214
1607018515.012033463
1607018515.112447262
1607018515.213061571
1607018515.313472033
1607018515.413877010
1607018515.514189720
1607018515.614550591
1607018515.715028524
1607018515.815402746
1607018515.915796280
1607018516.016181946
1607018516.116592646
1607018516.217038155
1607018516.317466736
1607018516.417947531
1607018516.518324852
1607018516.618632317
1607018516.718999624
1607018516.819325447
1607018516.919720650
1607018517.020147085
1607018517.120475769
1607018517.220891237
1607018517.321529865
1607018517.421862841
1607018517.522264004
1607018517.622677565
1607018517.723015070
1607018517.823337555
1607018517.923720598
1607018518.024053097
1607018518.124478102
1607018518.224856377
1607018518.325251579
1607018518.425647736
1607018518.525989532
1607018518.626378775
1607018518.726742506
1607018518.827126741
1607018518.927457809
1607018519.027765751
1607018519.128155470
1607018519.228486538
1607018519.328902483
1607018519.429256201
1607018519.529574156
1607018519.629993677
1607018519.730404139
1607018519.830812931
1607018519.931225777
1607018520.031639338
1607018520.132054806
1607018520.232465506
1607018520.332792521
1607018520.433149815
1607018520.533575296
1607018520.634031057
1607018520.734521389
1607018520.834935188
1607018520.935324907
1607018521.035656691
1607018521.135973215
1607018521.236337900
1607018521.336676359
1607018521.437146187
1607018521.537619591
1607018521.638007641
1607018521.738402128
1607018521.838770390
1607018521.939207792
1607018522.039623737
1607018522.139944792
1607018522.240278959
1607018522.340697527
1607018522.441206217
1607018522.541604280
1607018522.642053604
1607018522.742474794
1607018522.842842340
1607018522.943157673
1607018523.043461561
1607018523.143820047
1607018523.244223833
1607018523.344654560
1607018523.445043564
1607018523.545363426
1607018523.645662785
1607018523.745984554
1607018523.846328259
1607018523.946649313
1607018524.047007799
1607018524.147313118
1607018524.247618437
1607018524.347934723
1607018524.448255062
1607018524.548588514
1607018524.648930311
1607018524.749258518
1607018524.849563837
1607018524.949903727
1607018525.050323248
1607018525.150657415
1607018525.250987768
1607018525.351295948
1607018525.451610565
1607018525.551951647
1607018525.652294874
1607018525.752613783
1607018525.852920294
1607018525.953227758
1607018526.053562164
1607018526.153958797
1607018526.254359961
1607018526.354784966
1607018526.455417871
1607018526.555739164
1607018526.656344652
1607018526.756709099
1607018526.857056379
1607018526.957375765
1607018527.057681322
1607018527.157988787
1607018527.258312702
1607018527.358658075
1607018527.458991766
1607018527.559301138
1607018527.659605026
1607018527.759907484
1607018527.860224724
1607018527.960712671
1607018528.061495066
1607018528.161791325
1607018528.262105703
1607018528.362425566
1607018528.462771893
1607018528.563139915
1607018528.663454533
1607018528.763931990
1607018528.864277124
1607018528.964687586
1607018529.065042734
1607018529.165463686
1607018529.265817642
1607018529.366007090
1607018529.466240883
1607018529.566434860
1607018529.666634560
1607018529.766861677
1607018529.867021084
1607018529.967194796
1607018530.067357540
1607018530.167513132
1607018530.267719030
1607018530.367935419
1607018530.468134642
1607018530.568331480
1607018530.668496609
1607018530.768692493
1607018530.868906260
1607018530.969092607
1607018531.069257975
1607018531.169415712
1607018531.269572020
1607018531.369745255
1607018531.469922781
1607018531.570091724
1607018531.670252323
1607018531.770408392
1607018531.870574236
1607018531.970745564
1607018532.070916176
1607018532.171080351
1607018532.271238089
1607018532.371413946
1607018532.471617460
1607018532.571813107
1607018532.671994686
1607018532.772189856
1607018532.872421265
1607018532.972648144
1607018533.072895050
1607018533.173119545
1607018533.273339510
1607018533.373558760
1607018533.473778248
1607018533.573994637
1607018533.674187899
1607018533.774423361
1607018533.874631882
1607018533.974796534
1607018534.074989080
1607018534.175151348
1607018534.275314093
1607018534.375499964
1607018534.475923061
1607018534.576090336
1607018534.676249743
1607018534.776415110
1607018534.876609325
1607018534.976799965
1607018535.076976538
1607018535.177137136
1607018535.277297974
1607018535.377486229
1607018535.477674007
1607018535.577853680
1607018535.678032637
1607018535.778201103
1607018535.878382444
1607018535.978561163
1607018536.078754902
1607018536.178934813
1607018536.279139280
1607018536.379329443
1607018536.479516029
1607018536.579673767
1607018536.679830790
1607018536.780001402
1607018536.880175829
1607018536.980362415
1607018537.080515862
1607018537.180666924
1607018537.280827761
1607018537.381006002
1607018537.481181622
1607018537.581341028
1607018537.681499481
1607018537.781651974
1607018537.881834507
1607018537.982003689
1607018538.082178354
1607018538.182341099
1607018538.282500505
1607018538.382675171
1607018538.482860804
1607018538.583017826
1607018538.683194637
1607018538.783351421
1607018538.883526564
1607018538.983701468
1607018539.083861351
1607018539.184029102
1607018539.284202814
1607018539.384364843
1607018539.484520197
1607018539.584691048
1607018539.684843063
1607018539.785024643
1607018539.885207653
1607018539.985373497
1607018540.085527897
1607018540.185679674
1607018540.285833836
1607018540.386031151
1607018540.486207247
1607018540.586367846
1607018540.686635256
1607018540.786807299
1607018540.886965513
1607018540.987137318
1607018541.087307453
1607018541.187467337
1607018541.287645578
1607018541.387827158
1607018541.488010645
1607018541.588188410
1607018541.688385725
1607018541.788584948
1607018541.888827801
1607018541.989103079
1607018542.089318275
1607018542.189536095
1607018542.289772749
1607018542.390022039
1607018542.490213871
1607018542.590372562
1607018542.690596104
1607018542.790822029
1607018542.891033888
1607018542.991229773
1607018543.091392040
1607018543.191585064
1607018543.291821718
1607018543.392045498
1607018543.492290258
1607018543.592504263
1607018543.692737818
1607018543.792966127
1607018543.893183947
1607018543.993397236
1607018544.093616486
1607018544.193861008
1607018544.294054508
1607018544.394223928
1607018544.494441032
1607018544.594673872
1607018544.694904566
1607018544.795135260
1607018544.895379782
1607018544.995596409
1607018545.095820904
1607018545.196048737
1607018545.296274185
1607018545.396493912
1607018545.496751547
1607018545.596966505
1607018545.697161674
1607018545.797326803
1607018545.897516727
1607018545.997720718
1607018546.097951651
1607018546.198172331
1607018546.298393488
1607018546.398619413
1607018546.498841763
1607018546.599096060
1607018546.699318647
1607018546.799511433
1607018546.899696112
1607018546.999856234
1607018547.100014210
1607018547.200447559
1607018547.300767183
1607018547.400927067
1607018547.501088142
1607018547.601248264
1607018547.701401711
1607018547.801554441
1607018547.901586533
1607018548.001573324
1607018548.101568222
1607018548.201604605
1607018548.301601171
1607018548.401606798
1607018548.501600742
1607018548.601583958
1607018548.701602459
1607018548.801603079
1607018548.901598692
1607018549.001573563
1607018549.101624489
1607018549.201642513
1607018549.301615477
1607018549.401610613
1607018549.501620293
1607018549.601603746
1607018549.701604128
1607018549.801600695
1607018549.901603699
1607018550.001605988
1607018550.101601124
1607018550.201603889
1607018550.301608324
1607018550.401604891
1607018550.501597643
1607018550.601573467
1607018550.701602936
1607018550.801602840
1607018550.901601791
1607018551.001603842
1607018551.101616144
1607018551.201601028
1607018551.301592827
1607018551.401578665
1607018551.501571655
1607018551.601572514
1607018551.701647758
1607018551.801619053
1607018551.901617050
1607018552.001577377
1607018552.101598501
1607018552.201606750
1607018552.301603317
1607018552.401601315
1607018552.501601696
1607018552.601601124
1607018552.701601744
1607018552.801600456
1607018552.901584148
1607018553.001594543
1607018553.101601124
1607018553.201602936
1607018553.301599503
1607018553.401601315
1607018553.501601696
1607018553.601604939
1607018553.701600552
1607018553.801584959
1607018553.901570082
1607018554.001601696
1607018554.101600409
1607018554.201609850
1607018554.301619768
1607018554.401626587
1607018554.501626492
1607018554.601603985
1607018554.701994658
1607018554.801604271
1607018554.901601076
1607018555.001603365
1607018555.101609230
1607018555.201603651
1607018555.301587343
1607018555.401601315
1607018555.501582861
1607018555.601601839
1607018555.701576233
1607018555.801617146
1607018555.901607275
1607018556.001603842
1607018556.101617336
1607018556.201604366
1607018556.301601887
1607018556.401582003
1607018556.501585960
1607018556.601574421
1607018556.701569557
1607018556.801566601
1607018556.901567936
1607018557.001592636
1607018557.101572514
1607018557.201593637
1607018557.301576138
1607018557.401576519
1607018557.501571178
1607018557.601568699
1607018557.701725960
1607018557.801563978
1607018557.901566744
1607018558.001566648
1607018558.101597786
1607018558.201603174
1607018558.301606894
1607018558.401601553
1607018558.501601219
1607018558.601617575
1607018558.701608896
1607018558.801601648
1607018558.901596308
1607018559.001578093
1607018559.101569891
1607018559.201567650
1607018559.301585197
1607018559.401581526
1607018559.501570940
1607018559.601566792
1607018559.701565981
1607018559.801564217
1607018559.901592493
1607018560.001569033
1607018560.101598263
1607018560.201601267
1607018560.301599264
1607018560.401620150
1607018560.501907825
1607018560.601600885
1607018560.701599836
1607018560.801579237
1607018560.901570559
1607018561.001566648
1607018561.101575136
1607018561.201569080
1607018561.301726818
1607018561.401578903
1607018561.501569748
1607018561.601571798
1607018561.701568365
1607018561.801599503
1607018561.901599169
1607018562.001600266
1607018562.101600647
1607018562.201601028
1607018562.301772118
1607018562.401604414
1607018562.501626253
1607018562.601600409
1607018562.701568365
1607018562.801580906
1607018562.901569128
1607018563.001580954
1607018563.101590395
1607018563.201572895
1607018563.301571131
1607018563.401574373
1607018563.501725435
1607018563.601566315
1607018563.701617718
1607018563.801602602
1607018563.901600838
1607018564.001608133
1607018564.101615191
1607018564.201600790
1607018564.301790237
1607018564.401602507
1607018564.501600027
1607018564.601601839
1607018564.701589584
1607018564.801598787
1607018564.901585817
1607018565.001600742
1607018565.101576805
1607018565.201631069
1607018565.301624775
1607018565.401601791
1607018565.501600742
1607018565.601585388
1607018565.701571226
1607018565.801568270
1607018565.901725292
1607018566.001578808
1607018566.101586103
1607018566.201572180
1607018566.301581144
1607018566.401607752
1607018566.501600981
1607018566.601599216
1607018566.701598644
1607018566.801603317
1607018566.901602745
1607018567.001603603
1607018567.101578236
1607018567.201570511
1607018567.301614761
1607018567.401600122
1607018567.501601934
1607018567.601583242
1607018567.701615572
1607018567.801649332
1607018567.901631355
1607018568.001603842
1607018568.101570368
1607018568.201567173
1607018568.301569700
1607018568.401573420
1607018568.501570225
1607018568.601600409
1607018568.701803923
1607018568.801603079
1607018568.901602745
1607018569.001602173
1607018569.101600170
1607018569.201604128
1607018569.301598310
1607018569.401602507
1607018569.501579762
1607018569.601571083
1607018569.701567173
1607018569.801576138
1607018569.901567936
1607018570.001569271
1607018570.101566076
1607018570.201565266
1607018570.301568985
1607018570.401568174
1607018570.501567125
1607018570.601595402
1607018570.701575756
1607018570.801565886
1607018570.901565313
1607018571.001565933
1607018571.101565599
1607018571.201565266
1607018571.301568270
1607018571.401588678
1607018571.501571178
1607018571.601567745
1607018571.701564550
1607018571.801722288
1607018571.901565552
1607018572.001565695
1607018572.101565123
1607018572.201585531
1607018572.301572561
1607018572.401570320
1607018572.501565933
1607018572.601722717
1607018572.701565266
1607018572.801565886
1607018572.901566744
1607018573.001565695
1607018573.101564407
1607018573.201565266
1607018573.301593542
1607018573.401582956
1607018573.501568079
1607018573.601567268
1607018573.701565266
1607018573.801723003
1607018573.901564598
1607018574.001565218
1607018574.101563454
1607018574.201565027
1607018574.301567554
1607018574.401568413
1607018574.501600742
1607018574.601602554
1607018574.701598644
1607018574.801621914
1607018574.901603460
1607018575.001603603
1607018575.101619244
1607018575.201601267
1607018575.301989555
1607018575.401602507
1607018575.501600742
1607018575.601597786
1607018575.701626539
1607018575.801604986
1607018575.901629925
1607018576.001628399
1607018576.101608515
1607018576.201603174
1607018576.301602364
1607018576.401590347
1607018576.501598835
1607018576.601601839
1607018576.701600790
1607018576.801604271
1607018576.901598215
1607018577.001601458
1607018577.101584435
1607018577.201610804
1607018577.301602125
1607018577.401609421
1607018577.501602411
1607018577.601599693
1607018577.701619387
1607018577.801582098
1607018577.901600599
1607018578.001601458
1607018578.101603270
1607018578.201604366
1607018578.301602840
1607018578.401598930
1607018578.501597881
1607018578.601596117
1607018578.701628685
1607018578.801596403
1607018578.901755571
1607018579.001604319
1607018579.101588726
1607018579.201599121
1607018579.301599264
1607018579.401600361
1607018579.501598597
1607018579.601601839
1607018579.701598167
1607018579.801601171
1607018579.901579857
1607018580.001595259
1607018580.101586819
1607018580.201580048
1607018580.301572084
1607018580.401572704
1607018580.501570702
1607018580.601568460
1607018580.701565742
1607018580.801576614
1607018580.901572943
1607018581.001602411
1607018581.101604223
1607018581.201605082
1607018581.301625490
1607018581.401633739
1607018581.501633167
1607018581.601585627
1607018581.701573133
1607018581.801602602
1607018581.901599884
1607018582.001604557
1607018582.101598501
1607018582.201580048
1607018582.301593304
1607018582.401593447
1607018582.501605034
1607018582.601601124
1607018582.701599598
1607018582.801599264
1607018582.901577711
1607018583.001572132
1607018583.101602077
1607018583.201601505
1607018583.301605940
1607018583.401606083
1607018583.501575947
1607018583.601604223
1607018583.701607227
1607018583.801604509
1607018583.901578188
1607018584.001632690
1607018584.101627350
1607018584.201602697
1607018584.301601171
1607018584.401605129
1607018584.501599789
1607018584.601577282
1607018584.701581717
1607018584.801611185
1607018584.901600838
1607018585.001628637
1607018585.101600409
1607018585.201568604
1607018585.301568747
1607018585.401579142
1607018585.501574278
1607018585.601591587
1607018585.701572180
1607018585.801567316
1607018585.901565790
1607018586.001565695
1607018586.101564407
1607018586.201586962
1607018586.301600695
1607018586.401576281
1607018586.501569510
1607018586.601566315
1607018586.701566219
1607018586.801583767
1607018586.901573658
1607018587.001570702
1607018587.101567268
1607018587.201602936
1607018587.301595926
1607018587.401600838
1607018587.501573563
1607018587.601567507
1607018587.701564550
1607018587.801565886
1607018587.901565790
1607018588.001586199
1607018588.101571560
1607018588.201565981
1607018588.301568985
1607018588.401568174
1607018588.501565218
1607018588.601587296
1607018588.701573133
1607018588.801568508
1607018588.901566744
1607018589.001567125
1607018589.101582527
1607018589.201582909
1607018589.301573753
1607018589.401591301
1607018589.501573563
1607018589.601568222
1607018589.701565981
1607018589.801587105
1607018589.901571274
1607018590.001567841
1607018590.101565361
1607018590.201566935
1607018590.301568985
1607018590.401598930
1607018590.501573563
1607018590.601567507
1607018590.701569319
1607018590.801598072
1607018590.901595592
1607018591.001599312
1607018591.101601839
1607018591.201600075
1607018591.301587105
1607018591.401607037
1607018591.501603127
1607018591.601628304
1607018591.701632261
1607018591.801622868
1607018591.901757240
1607018592.001604795
1607018592.101604223
1607018592.201602936
1607018592.301600695
1607018592.401577711
1607018592.501569510
1607018592.601579666
1607018592.701597691
1607018592.801601887
1607018592.901595116
1607018593.001575232
1607018593.101569653
1607018593.201567411
1607018593.301586151
1607018593.401593685
1607018593.501572371
1607018593.601567745
1607018593.701565027
1607018593.801564217
1607018593.901583433
1607018594.001569748
1607018594.101565123
1607018594.201565266
1607018594.301570892
1607018594.401598692
1607018594.501595020
1607018594.601600409
1607018594.701580763
1607018594.801570654
1607018594.901568174
1607018595.001566887
1607018595.101586342
1607018595.201573610
1607018595.301571369
1607018595.401596546
1607018595.501573801
1607018595.601568222
1607018595.701585054
1607018595.801571369
1607018595.901566029
1607018596.001568079
1607018596.101566553
1607018596.201565981
1607018596.301600218
1607018596.401582241
1607018596.501587629
1607018596.601573467
1607018596.701566935
1607018596.801566124
1607018596.901584864
1607018597.001570940
1607018597.101591587
1607018597.201570988
1607018597.301568031
1607018597.401573181
1607018597.501586199
1607018597.601576567
1607018597.701568604
1607018597.801565409
1607018597.901565552
1607018598.001566172
1607018598.101583004
1607018598.201572418
1607018598.301568747
1607018598.401566267
1607018598.501565695
1607018598.601566792
1607018598.701582193
1607018598.801570892
1607018598.901567221
1607018599.001567602
1607018599.101565599
1607018599.201601267
1607018599.301595688
1607018599.401598930
1607018599.501572371
1607018599.601569414
1607018599.701565504
1607018599.801654577
1607018599.901588678
1607018600.001570702
1607018600.101565838
1607018600.201564074
1607018600.301567078
1607018600.401569843
1607018600.501585007
1607018600.601572990
1607018600.701567888
1607018600.801565647
1607018600.901565790
1607018601.001564980
1607018601.101583481
1607018601.201571703
1607018601.301569939
1607018601.401588440
1607018601.501582384
1607018601.601570606
1607018601.701584816
1607018601.801571608
1607018601.901565075
1607018602.001649141
1607018602.101566076
1607018602.201567411
1607018602.301585436
1607018602.401584387
1607018602.501610279
1607018602.601571798
1607018602.701565504
1607018602.801568747
1607018602.901583195
1607018603.001571655
1607018603.101566076
1607018603.201565742
1607018603.301606178
1607018603.401605844
1607018603.501599073
1607018603.601607084
1607018603.701602459
1607018603.801602364
1607018603.901575089
1607018604.001568794
1607018604.101722002
1607018604.201565742
1607018604.301565647
1607018604.401580334
1607018604.501579762
1607018604.601570606
1607018604.701565742
1607018604.801564693
1607018604.901565552
1607018605.001566887
1607018605.101566076
1607018605.201582193
1607018605.301568747
1607018605.401576042
1607018605.501748562
1607018605.601572990
1607018605.701566696
1607018605.801566362
1607018605.901565075
1607018606.001574278
1607018606.101569176
1607018606.201568127
1607018606.301600695
1607018606.401580095
1607018606.501570463
1607018606.601569414
1607018606.701565742
1607018606.801564932
1607018606.901564598
1607018607.001566172
1607018607.101564407
1607018607.201565266
1607018607.301567554
1607018607.401594639
1607018607.501573801
1607018607.601568699
1607018607.701569319
1607018607.801591635
1607018607.901577473
1607018608.001567602
1607018608.101565361
1607018608.201565027
1607018608.301565886
1607018608.401565790
1607018608.501582384
1607018608.601572990
1607018608.701567173
1607018608.801565409
1607018608.901725054
1607018609.001566172
1607018609.101564169
1607018609.201565027
1607018609.301568031
1607018609.401567221
1607018609.501565933
1607018609.601568222
1607018609.701565504
1607018609.801565170
1607018609.901564360
1607018610.001563787
1607018610.101565838
1607018610.201565981
1607018610.301567078
1607018610.401567936
1607018610.501592875
1607018610.601574421
1607018610.701564789
1607018610.801564217
1607018610.901564121
1607018611.001566410
1607018611.101566315
1607018611.201600790
1607018611.301577091
1607018611.401579142
1607018611.501567602
1607018611.601586819
1607018611.701571703
1607018611.801571369
1607018611.901606560
1607018612.001599550
1607018612.101600885
1607018612.201591492
1607018612.301575422
1607018612.401571274
1607018612.501602411
