1607017777.573810339
1607017777.673809052
1607017777.773812294
1607017777.873810291
1607017777.973832369
1607017778.073824883
1607017778.173808575
1607017778.273807049
1607017778.373807192
1607017778.473804474
1607017778.573790312
1607017778.673788786
1607017778.773787260
1607017778.873787880
1607017778.973787308
1607017779.073786736
1607017779.173786640
1607017779.273787498
1607017779.373803616
1607017779.473814726
1607017779.573805332
1607017779.673806906
1607017779.773813486
1607017779.873805761
1607017779.973808527
1607017780.073803186
1607017780.173806190
1607017780.273807764
1607017780.373807192
1607017780.473814487
1607017780.573807478
1607017780.673827887
1607017780.773806334
1607017780.873805285
1607017780.973805428
1607017781.073903561
1607017781.173810482
1607017781.273805618
1607017781.373805285
1607017781.473806381
1607017781.573812485
1607017781.673805237
1607017781.773802280
1607017781.873798609
1607017781.973804951
1607017782.073804379
1607017782.173807621
1607017782.273791552
1607017782.373803616
1607017782.473802090
1607017782.573800564
1607017782.673790932
1607017782.773794174
1607017782.873800039
1607017782.973806381
1607017783.073806763
1607017783.173803568
1607017783.273824453
1607017783.373821020
1607017783.473801613
1607017783.573796988
1607017783.673808575
1607017783.773806810
1607017783.873793602
1607017783.973804235
1607017784.073790073
1607017784.173805475
1607017784.273805618
1607017784.373808622
1607017784.473806143
1607017784.573809385
1607017784.673804522
1607017784.773808479
1607017784.873807192
1607017784.973794222
1607017785.073882580
1607017785.173804045
1607017785.273803949
1607017785.373806715
1607017785.473806620
1607017785.573805809
1607017785.673804283
1607017785.773803473
1607017785.873829126
1607017785.973814249
1607017786.073797464
1607017786.173796654
1607017786.273793697
1607017786.373806715
1607017786.473803997
1607017786.573791742
1607017786.673790216
1607017786.773788452
1607017786.873790264
1607017786.973789215
1607017787.073789120
1607017787.173786879
1607017787.273787260
1607017787.373790741
1607017787.473793507
1607017787.573791027
1607017787.673788071
1607017787.773787022
1607017787.873789310
1607017787.973786831
1607017788.073787928
1607017788.173787355
1607017788.273789167
1607017788.373789310
1607017788.473787546
1607017788.573787928
1607017788.673793077
1607017788.773786545
1607017788.873789310
1607017788.973787546
1607017789.073786736
1607017789.173787117
1607017789.273787022
1607017789.373804092
1607017789.473791599
1607017789.573791027
1607017789.673791170
1607017789.773790359
1607017789.873790026
1607017789.973787308
1607017790.073786974
1607017790.173786879
1607017790.273787022
1607017790.373806953
1607017790.473795652
1607017790.573792934
1607017790.673788071
1607017790.773787022
1607017790.873789310
1607017790.973805904
1607017791.073807001
1607017791.173789024
1607017791.273788929
1607017791.373799324
1607017791.473788261
1607017791.573789120
1607017791.673787117
1607017791.773786783
1607017791.873788834
1607017791.973787785
1607017792.073794365
1607017792.173789263
1607017792.273787498
1607017792.373790264
1607017792.473793983
1607017792.573786736
1607017792.673793316
1607017792.773786545
1607017792.873789310
1607017792.973787546
1607017793.073793411
1607017793.173786640
1607017793.273786783
1607017793.373792648
1607017793.473789692
1607017793.573791981
1607017793.673787832
1607017793.773787022
1607017793.873790979
1607017793.973786831
1607017794.073786736
1607017794.173786640
1607017794.273787498
1607017794.373804808
1607017794.473802328
1607017794.573787928
1607017794.673786879
1607017794.773786545
1607017794.873789072
1607017794.973787785
1607017795.073786974
1607017795.173786640
1607017795.273800135
1607017795.373793602
1607017795.473787308
1607017795.573795795
1607017795.673787355
1607017795.773786545
1607017795.873788118
1607017795.973787069
1607017796.073788166
1607017796.173793554
1607017796.273788691
1607017796.373789549
1607017796.473819971
1607017796.573812246
1607017796.673810482
1607017796.773808479
1607017796.873805523
1607017796.973805189
1607017797.073802233
1607017797.173798561
1607017797.273791790
1607017797.373805523
1607017797.473793983
1607017797.573803902
1607017797.673805952
1607017797.773804903
1607017797.873811722
1607017797.973800898
1607017798.073790550
1607017798.173802853
1607017798.273805380
1607017798.373807192
1607017798.473803759
1607017798.573792696
1607017798.673790455
1607017798.773791313
1607017798.873790026
1607017798.973804951
1607017799.073804379
1607017799.173820019
1607017799.273816109
1607017799.373804808
1607017799.473804474
1607017799.573805571
1607017799.673805237
1607017799.773803711
1607017799.873804808
1607017799.973793983
1607017800.073796034
1607017800.173789978
1607017800.273789883
1607017800.373806477
1607017800.473807812
1607017800.573804855
1607017800.673804045
1607017800.773802280
1607017800.873796225
1607017800.973799706
1607017801.073802710
1607017801.173790693
1607017801.273790836
1607017801.373792648
1607017801.473806381
1607017801.573794365
1607017801.673791409
1607017801.773788691
1607017801.873793840
1607017801.973787069
1607017802.073786497
1607017802.173786879
1607017802.273793697
1607017802.373788834
1607017802.473786592
1607017802.573788643
1607017802.673790216
1607017802.773786783
1607017802.873786688
1607017802.973786592
1607017803.073792696
1607017803.173786402
1607017803.273787022
1607017803.373797655
1607017803.473788738
1607017803.573793411
1607017803.673786640
1607017803.773786545
1607017803.873786688
1607017803.973787308
1607017804.073789120
1607017804.173786879
1607017804.273786783
1607017804.373808384
1607017804.473816395
1607017804.573801041
1607017804.673801899
1607017804.773797035
1607017804.873797655
1607017804.973790646
1607017805.073791027
1607017805.173790455
1607017805.273792028
1607017805.373794556
1607017805.473788500
1607017805.573791504
1607017805.673788548
1607017805.773802280
1607017805.873804092
1607017805.973804474
1607017806.073805809
1607017806.173821688
1607017806.273803711
1607017806.373804092
1607017806.473809004
1607017806.573804379
1607017806.673804522
1607017806.773804426
1607017806.873930454
1607017806.973791599
1607017807.073807716
1607017807.173791170
1607017807.273803711
1607017807.373794794
1607017807.473790884
1607017807.573792219
1607017807.673788548
1607017807.773787498
1607017807.873793602
1607017807.973786831
1607017808.073792934
1607017808.173787355
1607017808.273787022
1607017808.373793602
1607017808.473788023
1607017808.573786974
1607017808.673789263
1607017808.773787022
1607017808.873786926
1607017808.973786592
1607017809.073786736
1607017809.173855305
1607017809.273786783
1607017809.373793602
1607017809.473789692
1607017809.573786736
1607017809.673786879
1607017809.773788214
1607017809.873786926
1607017809.973787308
1607017810.073786736
1607017810.173786879
1607017810.273793459
1607017810.373790979
1607017810.473787546
1607017810.573786259
1607017810.673786640
1607017810.773786783
1607017810.873793125
1607017810.973786354
1607017811.073786497
1607017811.173786640
1607017811.273786783
1607017811.373789549
1607017811.473786831
1607017811.573787212
1607017811.673788071
1607017811.773786783
1607017811.873786926
1607017811.973786831
1607017812.073786497
1607017812.173787594
1607017812.273786545
1607017812.373791218
1607017812.473788500
1607017812.573793411
1607017812.673786879
1607017812.773786545
1607017812.873786688
1607017812.973787308
1607017813.073786736
1607017813.173786640
1607017813.273884058
1607017813.373794317
1607017813.473787546
1607017813.573786736
1607017813.673786879
1607017813.773786783
1607017813.873787642
1607017813.973786592
1607017814.073786736
1607017814.173786879
1607017814.273787022
1607017814.373790503
1607017814.473787308
1607017814.573787212
1607017814.673789024
1607017814.773787022
1607017814.873786688
1607017814.973786592
1607017815.073792696
1607017815.173786640
1607017815.273787737
1607017815.373792410
1607017815.473788023
1607017815.573787451
1607017815.673786879
1607017815.773786783
1607017815.873786688
1607017815.973788023
1607017816.073787451
1607017816.173787594
1607017816.273787498
1607017816.373792410
1607017816.473787785
1607017816.573787451
1607017816.673786640
1607017816.773788929
1607017816.873793364
1607017816.973786831
1607017817.073786736
1607017817.173786163
1607017817.273789406
1607017817.373790026
1607017817.473787069
1607017817.573787212
1607017817.673787117
1607017817.773788929
1607017817.873789072
1607017817.973787308
1607017818.073786736
1607017818.173786879
1607017818.273787260
1607017818.373789310
1607017818.473787308
1607017818.573786736
1607017818.673786640
1607017818.773786545
1607017818.873786449
1607017818.973787069
1607017819.073786736
1607017819.173786640
1607017819.273787022
1607017819.373788595
1607017819.473786831
1607017819.573786974
1607017819.673786879
1607017819.773786545
1607017819.873786449
1607017819.973786116
1607017820.073786497
1607017820.173787594
1607017820.273787260
1607017820.373805761
1607017820.473787785
1607017820.573786974
1607017820.673786879
1607017820.773788214
1607017820.873787165
1607017820.973786116
1607017821.073786259
1607017821.173786402
1607017821.273786783
1607017821.373794317
1607017821.473788738
1607017821.573786736
1607017821.673787117
1607017821.773786545
1607017821.873786688
1607017821.973787308
1607017822.073787212
1607017822.173786640
1607017822.273787022
1607017822.373789072
1607017822.473787546
1607017822.573788643
1607017822.673788548
1607017822.773793221
1607017822.873786688
1607017822.973786592
1607017823.073792696
1607017823.173786163
1607017823.273786783
1607017823.373790503
1607017823.473787308
1607017823.573812485
1607017823.673805952
1607017823.773807526
1607017823.873807192
1607017823.973812342
1607017824.073806763
1607017824.173805714
1607017824.273807287
1607017824.373806953
1607017824.473808289
1607017824.573805809
1607017824.673805714
1607017824.773803473
1607017824.873793364
1607017824.973791838
1607017825.073789835
1607017825.173794031
1607017825.273794174
1607017825.373802662
1607017825.473790884
1607017825.573790073
1607017825.673806190
1607017825.773797274
1607017825.873796225
1607017825.973788500
1607017826.073798895
1607017826.173792839
1607017826.273791313
1607017826.373794317
1607017826.473802328
1607017826.573791027
1607017826.673789740
1607017826.773793459
1607017826.873791218
1607017826.973791838
1607017827.073787451
1607017827.173799753
1607017827.273799658
1607017827.373804092
1607017827.473801374
1607017827.573790073
1607017827.673800468
1607017827.773827314
1607017827.873819113
1607017827.973798037
1607017828.073793411
1607017828.173802853
1607017828.273798704
1607017828.373805046
1607017828.473798275
1607017828.573792696
1607017828.673800707
1607017828.773796082
1607017828.873787403
1607017828.973793268
1607017829.073797226
1607017829.173788548
1607017829.273800611
1607017829.373804569
1607017829.473799229
1607017829.573798895
1607017829.673798561
1607017829.773797750
1607017829.873798370
1607017829.973789692
1607017830.073793411
1607017830.173787117
1607017830.273787260
1607017830.373788834
1607017830.473787785
1607017830.573788404
1607017830.673790216
1607017830.773798227
1607017830.873798609
1607017830.973791599
1607017831.073797226
1607017831.173798323
1607017831.273796082
1607017831.373796940
1607017831.473790407
1607017831.573795319
1607017831.673788309
1607017831.773786545
1607017831.873787165
1607017831.973805904
1607017832.073788404
1607017832.173790455
1607017832.273787498
1607017832.373795748
1607017832.473788023
1607017832.573805809
1607017832.673796415
1607017832.773787260
1607017832.873793364
1607017832.973788738
1607017833.073792934
1607017833.173786640
1607017833.273787022
1607017833.373797894
1607017833.473788261
1607017833.573787928
1607017833.673787594
1607017833.773786783
1607017833.873786688
1607017833.973787308
1607017834.073786736
1607017834.173786640
1607017834.273787737
1607017834.373796225
1607017834.473787308
1607017834.573806047
1607017834.673806190
1607017834.773789406
1607017834.873787165
1607017834.973788738
1607017835.073787212
1607017835.173787117
1607017835.273788452
1607017835.373795509
1607017835.473786831
1607017835.573787212
1607017835.673787117
1607017835.773786783
1607017835.873789310
1607017835.973793030
1607017836.073786259
1607017836.173787355
1607017836.273787022
1607017836.373791933
1607017836.473788023
1607017836.573786974
1607017836.673786879
1607017836.773786306
1607017836.873786211
1607017836.973787308
1607017837.073786497
1607017837.173786640
1607017837.273802519
1607017837.373791695
1607017837.473786831
1607017837.573786497
1607017837.673786640
1607017837.773786306
1607017837.873786211
1607017837.973786354
1607017838.073786497
1607017838.173786402
1607017838.273798704
1607017838.373827457
1607017838.473819017
1607017838.573796749
1607017838.673794270
1607017838.773786545
1607017838.873786449
1607017838.973787785
1607017839.073792934
1607017839.173793077
1607017839.273787737
1607017839.373790264
1607017839.473789692
1607017839.573786974
1607017839.673804760
1607017839.773787737
1607017839.873788357
1607017839.973787785
1607017840.073786736
1607017840.173799515
1607017840.273795366
1607017840.373797894
1607017840.473787546
1607017840.573786736
1607017840.673786640
1607017840.773786306
1607017840.873786211
1607017840.973787069
1607017841.073786259
1607017841.173786402
1607017841.273786783
1607017841.373786688
1607017841.473786592
1607017841.573786974
1607017841.673786879
1607017841.773786068
1607017841.873786211
1607017841.973789215
1607017842.073786497
1607017842.173786640
1607017842.273787022
1607017842.373787165
1607017842.473787546
1607017842.573786736
1607017842.673802853
1607017842.773798466
1607017842.873802185
1607017842.973804235
1607017843.073804855
1607017843.173803329
1607017843.273807049
1607017843.373804092
1607017843.473793745
1607017843.573805094
1607017843.673835516
1607017843.773821115
1607017843.873804331
1607017843.973803282
1607017844.073792458
1607017844.173803329
1607017844.273801327
1607017844.373800993
1607017844.473799229
1607017844.573789120
1607017844.673800707
1607017844.773791790
1607017844.873801708
1607017844.973801613
1607017845.073797464
1607017845.173804522
1607017845.273804188
1607017845.373803139
1607017845.473801851
1607017845.573794842
1607017845.673792124
1607017845.773787737
1607017845.873793602
1607017845.973792076
1607017846.073787212
1607017846.173796654
1607017846.273789167
1607017846.373806477
1607017846.473797321
1607017846.573786974
1607017846.673800945
1607017846.773798466
1607017846.873799801
1607017846.973799706
1607017847.073799133
1607017847.173796892
1607017847.273787975
1607017847.373788357
1607017847.473787069
1607017847.573795319
1607017847.673789263
1607017847.773786545
1607017847.873786688
1607017847.973794937
1607017848.073801041
1607017848.173789024
1607017848.273799181
1607017848.373802900
1607017848.473800898
1607017848.573799849
1607017848.673799992
1607017848.773799896
1607017848.873799086
1607017848.973836422
1607017849.073814154
1607017849.173801899
1607017849.273801804
1607017849.373800039
1607017849.473802090
1607017849.573802233
1607017849.673800230
1607017849.773802280
1607017849.873805761
1607017849.973800182
1607017850.073791027
1607017850.173788548
1607017850.273787975
1607017850.373803139
1607017850.473793507
1607017850.573788881
1607017850.673799992
1607017850.773797274
1607017850.873790741
1607017850.973798990
1607017851.073802233
1607017851.173797369
1607017851.273798227
1607017851.373797417
1607017851.473795652
1607017851.573798418
1607017851.673810005
1607017851.773791552
1607017851.873794556
1607017851.973788023
1607017852.073786736
1607017852.173787117
1607017852.273787022
1607017852.373793364
1607017852.473787785
1607017852.573789597
1607017852.673787117
1607017852.773786783
1607017852.873786926
1607017852.973786592
1607017853.073786736
1607017853.173794508
1607017853.273801565
1607017853.373801470
1607017853.473802090
1607017853.573800325
1607017853.673797846
1607017853.773791552
1607017853.873787403
1607017853.973786831
1607017854.073793173
1607017854.173789740
1607017854.273822784
1607017854.373790979
1607017854.473787785
1607017854.573786497
1607017854.673786402
1607017854.773789167
1607017854.873798847
1607017854.973789215
1607017855.073786974
1607017855.173803568
1607017855.273801088
1607017855.373805523
1607017855.473803282
1607017855.573803663
1607017855.673792362
1607017855.773787498
1607017855.873793364
1607017855.973787069
1607017856.073786497
1607017856.173788071
1607017856.273787260
1607017856.373790026
1607017856.473787069
1607017856.573789120
1607017856.673787117
1607017856.773786783
1607017856.873787642
1607017856.973787785
1607017857.073789597
1607017857.173800707
1607017857.273800135
1607017857.373802900
1607017857.473801851
1607017857.573800087
1607017857.673801184
1607017857.773792267
1607017857.873795271
1607017857.973797798
1607017858.073796511
1607017858.173790455
1607017858.273788214
1607017858.373787642
1607017858.473786592
1607017858.573788404
1607017858.673786402
1607017858.773786306
1607017858.873786688
1607017858.973793030
1607017859.073786259
1607017859.173786402
1607017859.273786545
1607017859.373805761
1607017859.473805189
1607017859.573832035
1607017859.673805475
1607017859.773806334
1607017859.873803616
1607017859.973805189
1607017860.073805809
1607017860.173804522
1607017860.273805380
1607017860.373804569
1607017860.473891735
1607017860.573802233
1607017860.673792839
1607017860.773790121
1607017860.873791933
1607017860.973790169
1607017861.073798418
1607017861.173788309
1607017861.273801327
1607017861.373805523
1607017861.473800659
1607017861.573794127
1607017861.673786879
1607017861.773799181
1607017861.873803854
1607017861.973803282
1607017862.073790312
1607017862.173788071
1607017862.273795128
1607017862.373793602
1607017862.473788261
1607017862.573795080
1607017862.673801661
1607017862.773799181
1607017862.873790264
1607017862.973787546
1607017863.073787451
1607017863.173787594
1607017863.273824215
1607017863.373804092
1607017863.473790407
1607017863.574040890
1607017863.673789740
1607017863.773787737
1607017863.873788357
1607017863.973788023
1607017864.073787928
1607017864.173787832
1607017864.273787498
1607017864.373792171
1607017864.473796368
1607017864.573804617
1607017864.673797846
1607017864.773803949
1607017864.873800755
1607017864.973797321
1607017865.073798895
1607017865.173795700
1607017865.273804903
1607017865.373801708
1607017865.473801851
1607017865.573804140
1607017865.673790932
1607017865.773788452
1607017865.873788357
1607017865.973787308
1607017866.073787451
1607017866.173789263
1607017866.273790836
1607017866.373802662
1607017866.473807573
1607017866.573803663
1607017866.673802376
1607017866.773803234
1607017866.873803377
1607017866.973800898
1607017867.073800325
1607017867.173816442
1607017867.273802757
1607017867.373794556
1607017867.473788023
1607017867.573788643
1607017867.673789501
1607017867.773787975
1607017867.873789549
1607017867.973788023
1607017868.073787689
1607017868.173792601
1607017868.273793936
1607017868.373796701
1607017868.473789692
1607017868.573788166
1607017868.673871279
1607017868.773787498
1607017868.873789310
1607017868.973802567
1607017869.073799849
1607017869.173803329
1607017869.273804903
1607017869.373804331
1607017869.473802328
1607017869.573790312
1607017869.673794031
1607017869.773805618
1607017869.873795033
1607017869.973796606
1607017870.073796272
1607017870.173797131
1607017870.273802757
1607017870.373804808
1607017870.473789454
1607017870.573787928
1607017870.673787594
1607017870.773787737
1607017870.873789549
1607017870.973787546
1607017871.073787689
1607017871.173787594
1607017871.273787022
1607017871.373798847
1607017871.473789692
1607017871.573787928
1607017871.673787832
1607017871.773787498
1607017871.873787880
1607017871.973792315
1607017872.073788166
1607017872.173788309
1607017872.273789883
1607017872.373790741
1607017872.473793983
1607017872.573788166
1607017872.673791647
1607017872.773788929
1607017872.873788834
1607017872.973788738
1607017873.073787451
1607017873.173787832
1607017873.273802042
1607017873.374051094
1607017873.473803997
1607017873.573790550
1607017873.673796177
1607017873.773793221
1607017873.873790264
1607017873.973788023
1607017874.073787689
1607017874.173787594
1607017874.273787975
1607017874.373789787
1607017874.473788023
1607017874.573787928
1607017874.673787594
1607017874.773787260
1607017874.873789310
1607017874.973787546
1607017875.073787689
1607017875.173787594
1607017875.273787975
1607017875.373803139
1607017875.473789215
1607017875.573787928
1607017875.673798323
1607017875.773808718
1607017875.873800755
1607017875.973800898
1607017876.073812962
1607017876.173793077
1607017876.273802519
1607017876.373794556
1607017876.473788977
1607017876.573788404
1607017876.673787832
1607017876.773787498
1607017876.873789549
1607017876.973788023
1607017877.073787212
1607017877.173787594
1607017877.273787498
1607017877.373790026
1607017877.473794460
