1607017882.477381229
1607017882.577557325
1607017882.677726984
1607017882.777874708
1607017882.878020763
1607017882.978170633
1607017883.078316689
1607017883.178506136
1607017883.278648138
1607017883.378806353
1607017883.478970528
1607017883.579118967
1607017883.679266453
1607017883.779410362
1607017883.879554272
1607017883.979696512
1607017884.079838514
1607017884.179982662
1607017884.280138016
1607017884.380340576
1607017884.480530739
1607017884.580708027
1607017884.680854321
1607017884.781001091
1607017884.881151438
1607017884.981300116
1607017885.081446409
1607017885.181590080
1607017885.281736612
1607017885.381895065
1607017885.482055664
1607017885.582200766
1607017885.682341576
1607017885.782481432
1607017885.882635832
1607017885.982829094
1607017886.082966566
1607017886.183123589
1607017886.283328295
1607017886.383497477
1607017886.483660936
1607017886.583805084
1607017886.683980703
1607017886.784187317
1607017886.884391308
1607017886.984616041
1607017887.084857225
1607017887.185072422
1607017887.285263777
1607017887.385426044
1607017887.485660791
1607017887.585862398
1607017887.686007023
1607017887.786149740
1607017887.886290312
1607017887.986439466
1607017888.086600780
1607017888.186744928
1607017888.286887884
1607017888.387048483
1607017888.487262011
1607017888.587470770
1607017888.687675476
1607017888.787906408
1607017888.888091087
1607017888.988239527
1607017889.088380575
1607017889.188524723
1607017889.288668633
1607017889.388812065
1607017889.489021778
1607017889.589326382
1607017889.689468861
1607017889.789657593
1607017889.889796972
1607017889.989945650
1607017890.090084791
1607017890.190223932
1607017890.290364742
1607017890.390507221
1607017890.490666389
1607017890.590864420
1607017890.690977812
1607017890.791172028
1607017890.891319990
1607017890.991482735
1607017891.091650009
1607017891.191794157
1607017891.291935205
1607017891.392110586
1607017891.492291212
1607017891.592442989
1607017891.692586184
1607017891.792727709
1607017891.892877340
1607017891.993022919
1607017892.093166113
1607017892.193305492
1607017892.293448448
1607017892.393593311
1607017892.493739128
1607017892.593881369
1607017892.694023609
1607017892.794165373
1607017892.894305706
1607017892.994446754
1607017893.094588041
1607017893.194726467
1607017893.294879198
1607017893.395118713
1607017893.495334148
1607017893.595561743
1607017893.695765972
1607017893.795917273
1607017893.896059513
1607017893.996200800
1607017894.096353054
1607017894.196584940
1607017894.297073126
1607017894.397287607
1607017894.497505426
1607017894.597713470
1607017894.697960854
1607017894.798190832
1607017894.898404360
1607017894.998614788
1607017895.098843098
1607017895.199057817
1607017895.299270391
1607017895.399506330
1607017895.499719858
1607017895.599916220
1607017895.700130939
1607017895.800364971
1607017895.900582790
1607017896.000806570
1607017896.101038694
1607017896.201259136
1607017896.301477194
1607017896.401702881
1607017896.501943111
1607017896.602158070
1607017896.702369690
1607017896.802582979
1607017896.902775288
1607017897.002944469
1607017897.103151798
1607017897.203527927
1607017897.303898335
1607017897.404142380
1607017897.504356146
1607017897.604562521
1607017897.704779387
1607017897.805027008
1607017897.905247211
1607017898.005434752
1607017898.105753422
1607017898.205895662
1607017898.306058645
1607017898.406248569
1607017898.506435633
1607017898.606634140
1607017898.706849813
1607017898.807104111
1607017898.907779455
1607017899.007941961
1607017899.108095884
1607017899.208245039
1607017899.308449030
1607017899.408663988
1607017899.508863688
1607017899.609080076
1607017899.709754229
1607017899.809958935
1607017899.910163641
1607017900.010376692
1607017900.110588789
1607017900.210787535
1607017900.310933113
1607017900.411079168
1607017900.511220217
1607017900.611361265
1607017900.711506605
1607017900.811659336
1607017900.911872864
1607017901.012091398
1607017901.112265348
1607017901.212472916
1607017901.312685728
1607017901.412885427
1607017901.513070345
1607017901.613245964
1607017901.713404417
1607017901.813731670
1607017901.914031506
1607017902.014172792
1607017902.114313364
1607017902.214457750
1607017902.314596891
1607017902.414735794
1607017902.514874697
1607017902.615023136
1607017902.715185165
1607017902.815349102
1607017902.915591478
1607017903.015800238
1607017903.115974188
1607017903.216134548
1607017903.316372633
1607017903.416548014
1607017903.516744137
1607017903.616905689
1607017903.717111111
1607017903.817257881
1607017903.917410135
1607017904.017613411
1607017904.117831707
1607017904.217978239
1607017904.318121910
1607017904.418286562
1607017904.518501043
1607017904.618697882
1607017904.718919992
1607017904.819163561
1607017904.919398069
1607017905.019599676
1607017905.119764566
1607017905.219989777
1607017905.320210457
1607017905.420428991
1607017905.520635605
1607017905.620882273
1607017905.721110344
1607017905.821323872
1607017905.921540737
1607017906.021755934
1607017906.121976614
1607017906.222193956
1607017906.322433233
1607017906.422650576
1607017906.522871494
1607017906.623088598
1607017906.723303795
1607017906.823518991
1607017906.923739195
1607017907.023977757
1607017907.124191046
1607017907.224386692
1607017907.324581146
1607017907.424788237
1607017907.524964094
1607017907.625108242
1607017907.725248575
1607017907.825394392
1607017907.925550461
1607017908.025724173
1607017908.125954866
1607017908.226165771
1607017908.326360464
1607017908.426533937
1607017908.526729584
1607017908.626932383
1607017908.727110147
1607017908.827257633
1607017908.927401304
1607017909.027570009
1607017909.127776146
1607017909.227989197
1607017909.328205585
1607017909.428420067
1607017909.528629780
1607017909.628830194
1607017909.729067326
1607017909.829282284
1607017909.929482460
1607017910.029651880
1607017910.129884958
1607017910.230081558
1607017910.330245972
1607017910.430486202
1607017910.530702114
1607017910.630875826
1607017910.731072187
1607017910.831229925
1607017910.931385517
1607017911.031590223
1607017911.131807327
1607017911.232009172
1607017911.332169056
1607017911.432357311
1607017911.532515049
1607017911.632668734
1607017911.732878208
1607017911.833054543
1607017911.933260918
1607017912.033479691
1607017912.133682728
1607017912.233895779
1607017912.334111452
1607017912.434353590
1607017912.534564495
1607017912.634775877
1607017912.735008478
1607017912.835224390
1607017912.935443878
1607017913.035833597
1607017913.136217833
1607017913.236374855
1607017913.336526394
1607017913.436746120
1607017913.536959410
1607017913.637171745
1607017913.737329245
1607017913.837474108
1607017913.937618971
1607017914.037771225
1607017914.137945175
1607017914.238091707
1607017914.338238001
1607017914.438398361
1607017914.538546324
1607017914.638713360
1607017914.738984585
1607017914.839235783
1607017914.939471245
1607017915.039724350
1607017915.139963627
1607017915.240172386
1607017915.340379715
1607017915.440535784
1607017915.540689468
1607017915.640846729
1607017915.741089106
1607017915.841308355
1607017915.941512108
1607017916.041668415
1607017916.141824961
1607017916.241984129
1607017916.342203379
1607017916.442416430
1607017916.542616844
1607017916.642816782
1607017916.742979050
1607017916.843184710
1607017916.943404436
1607017917.043576479
1607017917.143784761
1607017917.244009495
1607017917.344218016
1607017917.444424391
1607017917.544592619
1607017917.644790888
1607017917.744953156
1607017917.845169306
1607017917.945392609
1607017918.045633078
1607017918.145810843
1607017918.246180058
1607017918.346719742
1607017918.446963072
1607017918.547204018
1607017918.647395372
1607017918.747617960
1607017918.847814798
1607017918.947995424
1607017919.048145533
1607017919.148294449
1607017919.248464108
1607017919.348717690
1607017919.448935509
1607017919.549131632
1607017919.649299145
1607017919.749525070
1607017919.849725723
1607017919.949888229
1607017920.050115108
1607017920.150325775
1607017920.250483751
1607017920.350637197
1607017920.450797796
1607017920.550970793
1607017920.651127338
1607017920.751287222
1607017920.851490498
1607017920.951699257
1607017921.051909208
1607017921.152113199
1607017921.252263308
1607017921.352410793
1607017921.452558756
1607017921.552717209
1607017921.652911663
1607017921.753067732
1607017921.853213787
1607017921.953357458
1607017922.053503275
1607017922.153652906
1607017922.253818750
1607017922.354046822
1607017922.454286337
1607017922.554495811
1607017922.654691219
1607017922.754898310
1607017922.855111599
1607017922.955274820
1607017923.055480719
1607017923.155658007
1607017923.255875587
1607017923.356127262
1607017923.456333399
1607017923.556486845
1607017923.656633139
1607017923.756793976
1607017923.856964588
1607017923.957129717
1607017924.057287931
1607017924.157480717
1607017924.257631779
1607017924.357780457
1607017924.457942963
1607017924.558092117
1607017924.658254862
1607017924.758450031
1607017924.858668327
1607017924.958896875
1607017925.059140444
1607017925.159340858
1607017925.259548903
1607017925.359768152
1607017925.459991693
1607017925.560221910
1607017925.660746336
1607017925.761000395
1607017925.861367941
1607017925.961597204
1607017926.061824322
1607017926.162048340
1607017926.262304068
1607017926.362524033
1607017926.462722778
1607017926.562883139
1607017926.663071394
1607017926.763295412
1607017926.863518715
1607017926.963754416
1607017927.063909054
1607017927.164056063
1607017927.264215946
1607017927.364458561
1607017927.464718342
1607017927.565183640
1607017927.665329695
1607017927.765475035
1607017927.865617990
1607017927.965768337
1607017928.065912485
1607017928.166055918
1607017928.266216278
1607017928.366450548
1607017928.466672897
1607017928.566893101
1607017928.667116404
1607017928.767321825
1607017928.867497683
1607017928.967703581
1607017929.067911148
1607017929.168062687
1607017929.268209696
1607017929.368362188
1607017929.468579292
1607017929.568758011
1607017929.668905735
1607017929.769048214
1607017929.869192362
1607017929.969340086
1607017930.069484711
1607017930.169630289
1607017930.269771338
1607017930.369918585
1607017930.470087051
1607017930.570240974
1607017930.670387030
1607017930.770528793
1607017930.870670080
1607017930.970810652
1607017931.070964336
1607017931.171103716
1607017931.271246433
1607017931.371387482
1607017931.471529245
1607017931.571670055
1607017931.671811819
1607017931.771952152
1607017931.872093916
1607017931.972235680
1607017932.072377682
1607017932.172517538
1607017932.272658110
1607017932.372797012
1607017932.472938776
1607017932.573080063
1607017932.673218966
1607017932.773357868
1607017932.873500586
1607017932.973650694
1607017933.073796034
1607017933.173935175
1607017933.274185658
1607017933.374639511
1607017933.474781752
1607017933.574920654
1607017933.675063372
1607017933.775202751
1607017933.875343561
1607017933.975483418
1607017934.075624466
1607017934.175765991
1607017934.275907278
1607017934.376049757
1607017934.476203203
1607017934.576348305
1607017934.676497936
1607017934.776640177
1607017934.876781702
1607017934.976923943
1607017935.077065945
1607017935.177207470
1607017935.277350187
1607017935.377452850
1607017935.477437258
1607017935.577437401
1607017935.677436829
1607017935.777436495
1607017935.877436876
1607017935.977440119
1607017936.077443361
1607017936.177437305
1607017936.277437449
1607017936.377439260
1607017936.477437019
1607017936.577435017
1607017936.677437067
1607017936.777436256
1607017936.877436161
1607017936.977443457
1607017937.077612638
1607017937.177436352
1607017937.277436733
1607017937.377436638
1607017937.477437019
1607017937.577436686
1607017937.677436829
1607017937.777437210
1607017937.877437115
1607017937.977436781
1607017938.077436924
1607017938.177436590
1607017938.277436733
1607017938.377437115
1607017938.477437258
1607017938.577437401
1607017938.677436829
1607017938.777436733
1607017938.877436638
1607017938.977437973
1607017939.077437162
1607017939.177437067
1607017939.277450800
1607017939.377439976
1607017939.477437496
1607017939.577436924
1607017939.677436829
1607017939.777436972
1607017939.877436638
1607017939.977437019
1607017940.077436209
1607017940.177436590
1607017940.277436972
1607017940.377449751
1607017940.477438927
1607017940.577437639
1607017940.677437544
1607017940.777436972
1607017940.877437353
1607017940.977437258
1607017941.077436924
1607017941.177436829
1607017941.277437210
1607017941.377439022
1607017941.477437496
1607017941.577437401
1607017941.677436590
1607017941.777437210
1607017941.877436876
1607017941.977440357
1607017942.077437401
1607017942.177437067
1607017942.277436256
1607017942.377439976
1607017942.477437019
1607017942.577437401
1607017942.677437305
1607017942.777436733
1607017942.877436399
1607017942.977437258
1607017943.077436924
1607017943.177437305
1607017943.277436256
1607017943.377437830
1607017943.477437735
1607017943.577437639
1607017943.677437067
1607017943.777436733
1607017943.877436876
1607017943.977437496
1607017944.077436447
1607017944.177437067
1607017944.277437210
1607017944.377438068
1607017944.477437735
1607017944.577437162
1607017944.677437067
1607017944.777436972
1607017944.877436161
1607017944.977439880
1607017945.077437162
1607017945.177436829
1607017945.277437210
1607017945.377437592
1607017945.477437019
1607017945.577437162
1607017945.677436590
1607017945.777437210
1607017945.877437353
1607017945.977437735
1607017946.077436924
1607017946.177436829
1607017946.277437449
1607017946.377588511
1607017946.477437735
1607017946.577437162
1607017946.677436590
1607017946.777436733
1607017946.877436638
1607017946.977437496
1607017947.077436924
1607017947.177436590
1607017947.277436733
1607017947.377441883
1607017947.477438927
1607017947.577437401
1607017947.677436590
1607017947.777437210
1607017947.877436638
1607017947.977438211
1607017948.077440023
1607017948.177437305
1607017948.277437210
1607017948.377437115
1607017948.477437019
1607017948.577436924
1607017948.677436829
1607017948.777436733
1607017948.877436876
1607017948.977436781
1607017949.077436686
1607017949.177436829
1607017949.277436972
1607017949.377435923
1607017949.477437258
1607017949.577436924
1607017949.677437305
1607017949.777436733
1607017949.877436638
1607017949.977437019
1607017950.077437162
1607017950.177436113
1607017950.277436018
1607017950.377438068
1607017950.477437019
1607017950.577436686
1607017950.677437067
1607017950.777436733
1607017950.877436876
1607017950.977436066
1607017951.077439070
1607017951.177437067
1607017951.277437210
1607017951.377436876
1607017951.477437019
1607017951.577436924
1607017951.677437305
1607017951.777436972
1607017951.877437115
1607017951.977437019
1607017952.077436209
1607017952.177436829
1607017952.277436972
1607017952.377437115
1607017952.477590084
1607017952.577437162
1607017952.677436113
1607017952.777436972
1607017952.877436876
1607017952.977436781
1607017953.077436686
1607017953.177437067
1607017953.277590275
1607017953.377441406
1607017953.477438450
1607017953.577436686
1607017953.677436829
1607017953.777436733
1607017953.877436876
1607017953.977436066
1607017954.077438593
1607017954.177437067
1607017954.277436972
1607017954.377438784
1607017954.477437735
1607017954.577437162
1607017954.677437067
1607017954.777521372
1607017954.877437353
1607017954.977437258
1607017955.077437401
1607017955.177437305
1607017955.277437210
1607017955.377437353
1607017955.477437496
1607017955.577536106
1607017955.677437067
1607017955.777436733
1607017955.877437353
1607017955.977437258
1607017956.077436924
1607017956.177437067
1607017956.277441740
1607017956.377437115
1607017956.477437019
1607017956.577437162
1607017956.677437067
1607017956.777437210
1607017956.877437353
1607017956.977437019
1607017957.077436924
1607017957.177438974
1607017957.277451754
1607017957.377439976
1607017957.477437735
1607017957.577437401
1607017957.677437305
1607017957.777437449
1607017957.877437592
1607017957.977437258
1607017958.077437162
1607017958.177437067
1607017958.277437449
1607017958.377452612
1607017958.477438688
1607017958.577437401
1607017958.677437067
1607017958.777437210
1607017958.877437353
1607017958.977437258
1607017959.077437162
1607017959.177436590
1607017959.277437449
1607017959.377439737
1607017959.477438211
1607017959.577436924
1607017959.677437067
1607017959.777438641
1607017959.877437115
1607017959.977437973
1607017960.077437878
1607017960.177436829
1607017960.277442932
1607017960.377437353
1607017960.477437496
1607017960.577436924
1607017960.677443027
1607017960.777437687
1607017960.877437353
1607017960.977437019
1607017961.077436924
1607017961.177437305
1607017961.277437210
1607017961.377439260
1607017961.477437258
1607017961.577438593
1607017961.677436590
1607017961.777436733
1607017961.877436876
1607017961.977437019
1607017962.077436924
1607017962.177436829
1607017962.277436972
1607017962.377437592
1607017962.477436781
1607017962.577436924
1607017962.677437067
1607017962.777436972
1607017962.877436399
1607017962.977436066
1607017963.077436924
1607017963.177439451
1607017963.277437925
1607017963.377437592
1607017963.477437258
1607017963.577436686
1607017963.677436829
1607017963.777437210
1607017963.877436876
1607017963.977436304
1607017964.077436686
1607017964.177437782
1607017964.277436972
1607017964.377437115
1607017964.477437496
1607017964.577437878
1607017964.677437305
1607017964.777436256
1607017964.877437353
1607017964.977437735
1607017965.077437401
1607017965.177436113
1607017965.277436733
1607017965.377444267
1607017965.477438688
1607017965.577435255
1607017965.677436352
1607017965.777496338
1607017965.877436638
1607017965.977436543
1607017966.077436924
1607017966.177437305
1607017966.277442932
1607017966.377439260
1607017966.477444887
1607017966.577443361
1607017966.677436352
1607017966.777436018
1607017966.877436638
1607017966.977437258
1607017967.077437162
1607017967.177443266
1607017967.277445555
1607017967.377436399
1607017967.477436781
1607017967.577443123
1607017967.677437067
1607017967.777437449
1607017967.877443314
1607017967.977437973
1607017968.077436447
1607017968.177437544
1607017968.277437210
1607017968.377437115
1607017968.477437258
1607017968.577437401
1607017968.677443504
1607017968.777436256
1607017968.877436161
1607017968.977436304
1607017969.077436924
1607017969.177437305
1607017969.277438879
1607017969.377438307
1607017969.477441311
1607017969.577437401
1607017969.677436352
1607017969.777436018
1607017969.877435923
1607017969.977437258
1607017970.077437162
1607017970.177506924
1607017970.277436495
1607017970.377435684
1607017970.477437019
1607017970.577436924
1607017970.677436590
1607017970.777436256
1607017970.877437353
1607017970.977522373
1607017971.077437162
1607017971.177436829
1607017971.277443171
1607017971.377437830
1607017971.477436781
1607017971.577437162
1607017971.677437305
1607017971.777436733
1607017971.877436638
1607017971.977436066
1607017972.077453375
1607017972.177480459
1607017972.277453184
1607017972.377454758
1607017972.477452755
1607017972.577443123
1607017972.677441359
1607017972.777437925
1607017972.877436638
1607017972.977437258
1607017973.077437639
1607017973.177438021
1607017973.277437687
1607017973.377453804
1607017973.477452517
1607017973.577439070
1607017973.677437067
1607017973.777438164
1607017973.877437115
1607017973.977437258
1607017974.077440500
1607017974.177450657
1607017974.277454376
1607017974.377563238
1607017974.477444649
1607017974.577437639
1607017974.677437544
1607017974.777437449
1607017974.877438068
1607017974.977436781
1607017975.077437639
1607017975.177437544
1607017975.277452230
1607017975.377439260
1607017975.477437496
1607017975.577436924
1607017975.677436829
1607017975.777437210
1607017975.877437353
1607017975.977437019
1607017976.077436686
1607017976.177436352
1607017976.277436733
1607017976.377438307
1607017976.477438211
1607017976.577437639
1607017976.677437305
1607017976.777443647
1607017976.877437115
1607017976.977437735
1607017977.077436924
1607017977.177437305
1607017977.277437449
1607017977.377442598
1607017977.477454185
1607017977.577436924
1607017977.677436829
1607017977.777436972
1607017977.877436876
1607017977.977435589
1607017978.077437162
1607017978.177523375
1607017978.277436495
1607017978.377443552
1607017978.477437735
1607017978.577437639
1607017978.677436829
1607017978.777436972
1607017978.877437592
1607017978.977436543
1607017979.077452660
1607017979.177452564
1607017979.277453899
1607017979.377454042
1607017979.477452517
1607017979.577455759
1607017979.677452564
1607017979.777451754
1607017979.877449274
1607017979.977448225
1607017980.077477694
1607017980.177462578
1607017980.277449608
1607017980.377452850
1607017980.477440119
1607017980.577450514
1607017980.677450895
1607017980.777458191
1607017980.877450466
1607017980.977448940
1607017981.077452898
1607017981.177450657
1607017981.277453423
1607017981.377450943
1607017981.477439165
1607017981.577437639
1607017981.677437067
1607017981.777437449
1607017981.877438068
1607017981.977453470
1607017982.077452421
1607017982.177452803
1607017982.277452707
1607017982.377453089
1607017982.477452993
