1607018302.492853165
1607018302.593081236
1607018302.693386078
1607018302.793581724
1607018302.893752337
1607018302.993985415
1607018303.094185591
1607018303.194363117
1607018303.294692516
1607018303.394867659
1607018303.495044470
1607018303.595222235
1607018303.695410728
1607018303.795644999
1607018303.895817041
1607018303.996023417
1607018304.096522093
1607018304.196753740
1607018304.296938896
1607018304.397113085
1607018304.497298956
1607018304.597471952
1607018304.697721958
1607018304.798050404
1607018304.898233652
1607018304.998407364
1607018305.098634481
1607018305.198831320
1607018305.299083710
1607018305.399275303
1607018305.499577761
1607018305.599770784
1607018305.699945450
1607018305.800114155
1607018305.900283813
1607018306.000511646
1607018306.100698709
1607018306.200869799
1607018306.301041126
1607018306.401218414
1607018306.501390219
1607018306.601563215
1607018306.701749086
1607018306.801982880
1607018306.902151346
1607018307.002320766
1607018307.102488279
1607018307.202659130
1607018307.302901268
1607018307.403090715
1607018307.503295660
1607018307.603473663
1607018307.703641415
1607018307.803811789
1607018307.903995037
1607018308.004163980
1607018308.104397535
1607018308.204565763
1607018308.304734945
1607018308.404903889
1607018308.505137205
1607018308.605307817
1607018308.705493212
1607018308.805667162
1607018308.905835390
1607018309.006066561
1607018309.106235743
1607018309.206403732
1607018309.306572199
1607018309.406741381
1607018309.506909609
1607018309.607084513
1607018309.707311630
1607018309.807479382
1607018309.907645702
1607018310.007815361
1607018310.107982159
1607018310.208149910
1607018310.308318377
1607018310.408557177
1607018310.508723974
1607018310.608906031
1607018310.709074020
1607018310.809240341
1607018310.909461021
1607018311.009630919
1607018311.109799385
1607018311.209967136
1607018311.310135603
1607018311.410367727
1607018311.510538101
1607018311.610711575
1607018311.710894823
1607018311.811069250
1607018311.911297321
1607018312.011470556
1607018312.111636877
1607018312.211804390
1607018312.311975002
1607018312.412142277
1607018312.512309313
1607018312.612475872
1607018312.712642193
1607018312.812807560
1607018312.912986517
1607018313.013149500
1607018313.113314629
1607018313.213479280
1607018313.313653231
1607018313.413852692
1607018313.514019966
1607018313.614184380
1607018313.714348793
1607018313.814514875
1607018313.914681673
1607018314.014848709
1607018314.114971161
1607018314.215135574
1607018314.315301657
1607018314.415472984
1607018314.515638828
1607018314.615806103
1607018314.715987206
1607018314.816157341
1607018314.916325092
1607018315.016494036
1607018315.116677046
1607018315.216842175
1607018315.317009211
1607018315.417182446
1607018315.517354250
1607018315.617521286
1607018315.717688084
1607018315.817853451
1607018315.918020248
1607018316.018188715
1607018316.118355036
1607018316.218521595
1607018316.318688154
1607018316.418874979
1607018316.519046545
1607018316.619213820
1607018316.719377279
1607018316.819539785
1607018316.919704437
1607018317.019878626
1607018317.120044470
1607018317.220243216
1607018317.320486546
1607018317.420663834
1607018317.520836592
1607018317.621004343
1607018317.721176386
1607018317.821359873
1607018317.921527386
1607018318.021696806
1607018318.121866941
1607018318.222035170
1607018318.322201014
1607018318.422368765
1607018318.522538185
1607018318.622707844
1607018318.722888470
1607018318.823059082
1607018318.923223495
1607018319.023391962
1607018319.123556614
1607018319.223720074
1607018319.323898554
1607018319.424117088
1607018319.524291515
1607018319.624457359
1607018319.724625826
1607018319.824797869
1607018319.924961805
1607018320.025126696
1607018320.125292540
1607018320.225473166
1607018320.325639486
1607018320.425814629
1607018320.525981903
1607018320.626147270
1607018320.726316452
1607018320.826503515
1607018320.926680088
1607018321.026847124
1607018321.126971245
1607018321.227138281
1607018321.327308178
1607018321.427491903
1607018321.527667999
1607018321.627842426
1607018321.728008986
1607018321.828175306
1607018321.928342581
1607018322.028507471
1607018322.128671169
1607018322.228836060
1607018322.329008579
1607018322.429172277
1607018322.529335260
1607018322.629502058
1607018322.729665041
1607018322.829832315
1607018322.929997444
1607018323.030164480
1607018323.130330563
1607018323.230494499
1607018323.330660343
1607018323.430834532
1607018323.530970335
1607018323.631134748
1607018323.731306314
1607018323.831486702
1607018323.931652308
1607018324.031817913
1607018324.131983995
1607018324.232149601
1607018324.332316875
1607018324.432487488
1607018324.532654285
1607018324.632821560
1607018324.732989788
1607018324.833157063
1607018324.933323622
1607018325.033489466
1607018325.133655787
1607018325.233822346
1607018325.333992481
1607018325.434185266
1607018325.534360170
1607018325.634529591
1607018325.734699249
1607018325.834865332
1607018325.935040951
1607018326.035220861
1607018326.135391712
1607018326.235557556
1607018326.335725069
1607018326.435909748
1607018326.536084652
1607018326.636247873
1607018326.736420155
1607018326.836603642
1607018326.936775684
1607018327.036941528
1607018327.137109041
1607018327.237276316
1607018327.337441683
1607018327.437609911
1607018327.537779331
1607018327.637946606
1607018327.738113165
1607018327.838281393
1607018327.938446760
1607018328.038614750
1607018328.138778925
1607018328.238942623
1607018328.339115143
1607018328.439287901
1607018328.539454699
1607018328.639621496
1607018328.739787579
1607018328.839951754
1607018328.940130234
1607018329.040296316
1607018329.140464067
1607018329.240652561
1607018329.341066599
1607018329.441396236
1607018329.541561127
1607018329.641724348
1607018329.741889238
1607018329.842061043
1607018329.942276955
1607018330.042610884
1607018330.142782211
1607018330.242948294
1607018330.343122005
1607018330.443295479
1607018330.543466091
1607018330.643635035
1607018330.743800640
1607018330.843965054
1607018330.944129229
1607018331.044293404
1607018331.144457817
1607018331.244683981
1607018331.345173359
1607018331.445372820
1607018331.545545816
1607018331.645713568
1607018331.745880127
1607018331.846046925
1607018331.946221113
1607018332.046385288
1607018332.146551609
1607018332.246716022
1607018332.346886873
1607018332.447060347
1607018332.547224522
1607018332.647387743
1607018332.747709513
1607018332.848053932
1607018332.948222399
1607018333.048388720
1607018333.148552179
1607018333.248718739
1607018333.348888159
1607018333.449057341
1607018333.549223661
1607018333.649389267
1607018333.749555349
1607018333.849719763
1607018333.949885845
1607018334.050048590
1607018334.150222301
1607018334.250388145
1607018334.350557566
1607018334.450735092
1607018334.550918341
1607018334.651090622
1607018334.751255274
1607018334.851420879
1607018334.951585531
1607018335.051750183
1607018335.151915550
1607018335.252082348
1607018335.352398157
1607018335.452718019
1607018335.552881002
1607018335.653043032
1607018335.753209114
1607018335.853375912
1607018335.953573942
1607018336.053813696
1607018336.154289722
1607018336.254454374
1607018336.354623318
1607018336.454794645
1607018336.554964781
1607018336.655148983
1607018336.755316257
1607018336.855482817
1607018336.955649137
1607018337.055824757
1607018337.155992985
1607018337.256159544
1607018337.356338024
1607018337.456584930
1607018337.556756973
1607018337.656921148
1607018337.757086515
1607018337.857252836
1607018337.957416296
1607018338.057584524
1607018338.157750130
1607018338.257917404
1607018338.358086824
1607018338.458255529
1607018338.558421135
1607018338.658584833
1607018338.758751392
1607018338.858917952
1607018338.959092140
1607018339.059486389
1607018339.159968853
1607018339.260132313
1607018339.360296965
1607018339.460464239
1607018339.560627222
1607018339.660791874
1607018339.760955811
1607018339.861120701
1607018339.961287260
1607018340.061459303
1607018340.161656141
1607018340.261839867
1607018340.362004757
1607018340.462169170
1607018340.562342167
1607018340.662507534
1607018340.762671709
1607018340.862835169
1607018340.962972403
1607018341.063136578
1607018341.163305759
1607018341.263489962
1607018341.363732100
1607018341.463913202
1607018341.564087868
1607018341.664251328
1607018341.764415741
1607018341.864607334
1607018341.964866877
1607018342.065048218
1607018342.165219307
1607018342.265394211
1607018342.365567684
1607018342.465734005
1607018342.565901279
1607018342.666069031
1607018342.766238213
1607018342.866405010
1607018342.966571808
1607018343.066736698
1607018343.166903496
1607018343.267215252
1607018343.367560625
1607018343.467784405
1607018343.568430424
1607018343.668618441
1607018343.768784761
1607018343.868951082
1607018343.969117403
1607018344.069285154
1607018344.169451237
1607018344.269618034
1607018344.369787455
1607018344.469967365
1607018344.570134163
1607018344.670298338
1607018344.770463467
1607018344.870630026
1607018344.970798731
1607018345.070972204
1607018345.171147823
1607018345.271314859
1607018345.371482849
1607018345.471654177
1607018345.571822405
1607018345.671990395
1607018345.772154093
1607018345.872318745
1607018345.972484827
1607018346.072650194
1607018346.172813892
1607018346.273003578
1607018346.373240709
1607018346.473414898
1607018346.573583364
1607018346.673758984
1607018346.773928881
1607018346.874095678
1607018346.974264383
1607018347.074430943
1607018347.174599409
1607018347.274766207
1607018347.374938726
1607018347.475133657
1607018347.575304747
1607018347.675471306
1607018347.775638580
1607018347.875810862
1607018347.975976467
1607018348.076145172
1607018348.176325083
1607018348.276497126
1607018348.376666069
1607018348.476839304
1607018348.577010155
1607018348.677179098
1607018348.777345181
1607018348.877511263
1607018348.977677584
1607018349.077845335
1607018349.178010941
1607018349.278181314
1607018349.378352880
1607018349.478554249
1607018349.578727484
1607018349.678906441
1607018349.779077291
1607018349.879247904
1607018349.979416132
1607018350.079607725
1607018350.179864645
1607018350.280109644
1607018350.380290508
1607018350.480463028
1607018350.580635071
1607018350.680806398
1607018350.780974627
1607018350.881144285
1607018350.981316090
1607018351.081524372
1607018351.181794405
1607018351.282084942
1607018351.382348061
1607018351.482592344
1607018351.582787991
1607018351.682993412
1607018351.783256054
1607018351.883560896
1607018351.983824015
1607018352.084108829
1607018352.184352398
1607018352.284544706
1607018352.384739399
1607018352.485085249
1607018352.585347891
1607018352.685616493
1607018352.785889149
1607018352.886105061
1607018352.986371279
1607018353.086668730
1607018353.186941624
1607018353.287245035
1607018353.387511015
1607018353.488027334
1607018353.588290691
1607018353.688531399
1607018353.788776159
1607018353.889034033
1607018353.989249468
1607018354.089452028
1607018354.189718485
1607018354.289945841
1607018354.390204191
1607018354.490502119
1607018354.590765715
1607018354.691004038
1607018354.791316271
1607018354.891595125
1607018354.992016315
1607018355.092241287
1607018355.192422628
1607018355.292618752
1607018355.392905474
1607018355.492926359
1607018355.592912912
1607018355.692907810
1607018355.792906761
1607018355.892910480
1607018355.992928982
1607018356.092922449
1607018356.192924261
1607018356.292927742
1607018356.392925978
1607018356.492926359
1607018356.592923880
1607018356.692922831
1607018356.792913914
1607018356.892910242
1607018356.992912292
1607018357.092913389
1607018357.192909479
1607018357.292910337
1607018357.392927647
1607018357.492924213
1607018357.592927933
1607018357.692926407
1607018357.792926788
1607018357.892922401
1607018357.992923737
1607018358.092913628
1607018358.192910194
1607018358.292913198
1607018358.392910719
1607018358.492917776
1607018358.592909575
1607018358.692907572
1607018358.792907238
1607018358.892917156
1607018358.992909193
1607018359.092909813
1607018359.192907572
1607018359.292914152
1607018359.392925501
1607018359.492927790
1607018359.592920542
1607018359.692909718
1607018359.792910814
1607018359.893060207
1607018359.992906570
1607018360.092925549
1607018360.192932367
1607018360.292927742
1607018360.392927170
1607018360.492913008
1607018360.592910051
1607018360.692911386
1607018360.792909384
1607018360.892908096
1607018360.992927790
1607018361.092928410
1607018361.192921400
1607018361.292922020
1607018361.392917395
1607018361.492912769
1607018361.592909098
1607018361.692907572
1607018361.792923450
1607018361.892924309
1607018361.992914200
1607018362.092908382
1607018362.192909718
1607018362.292927980
1607018362.392952919
1607018362.492933035
1607018362.592927456
1607018362.692925453
1607018362.792928696
1607018362.892919779
1607018362.992920876
1607018363.092926741
1607018363.192915916
1607018363.292924881
1607018363.392925262
1607018363.493075848
1607018363.592928410
1607018363.692919493
1607018363.792912483
1607018363.892909050
1607018363.992907286
1607018364.092908382
1607018364.192928314
1607018364.292928219
1607018364.392926693
1607018364.492931843
1607018364.592924356
1607018364.692914724
1607018364.792911053
1607018364.892908096
1607018364.992910147
1607018365.092926502
1607018365.192934036
1607018365.292918682
1607018365.392911673
1607018365.492910147
1607018365.592911482
1607018365.692908287
1607018365.792907476
1607018365.892917156
1607018365.992929220
1607018366.092926502
1607018366.192927361
1607018366.292914867
1607018366.392911673
1607018366.492908716
1607018366.592908382
1607018366.692908525
1607018366.792907238
1607018366.892907143
1607018366.992907524
1607018367.092906713
1607018367.192906141
1607018367.292907000
1607018367.392919540
1607018367.492909908
1607018367.592906952
1607018367.692906857
1607018367.792908669
1607018367.892905951
1607018367.992908716
1607018368.092907429
1607018368.192907572
1607018368.292907715
1607018368.392907143
1607018368.492906809
1607018368.592906952
1607018368.692907810
1607018368.792906284
1607018368.892907381
1607018368.992907286
1607018369.092907906
1607018369.192923307
1607018369.292927504
1607018369.392927647
1607018369.492927074
1607018369.592926264
1607018369.692924023
1607018369.792924404
1607018369.892911196
1607018369.992908716
1607018370.092909575
1607018370.192908287
1607018370.292908192
1607018370.392908096
1607018370.492912769
1607018370.592906713
1607018370.692907810
1607018370.792920351
1607018370.892926216
1607018370.992925882
1607018371.092922449
1607018371.193043947
1607018371.292910099
1607018371.392908812
1607018371.492907763
1607018371.592907190
1607018371.692974329
1607018371.792906523
1607018371.892906666
1607018371.992907047
1607018372.092906713
1607018372.192928314
1607018372.292933226
1607018372.392913103
1607018372.493004322
1607018372.592906952
1607018372.692908049
1607018372.792911053
1607018372.892909765
1607018372.992908001
1607018373.092908621
1607018373.192909002
1607018373.292907715
1607018373.392924786
1607018373.492910862
1607018373.592909098
1607018373.692906857
1607018373.792907715
1607018373.892908335
1607018373.992911577
1607018374.092908621
1607018374.192907095
1607018374.292907715
1607018374.392909050
1607018374.492906570
1607018374.592909575
1607018374.692908764
1607018374.792907476
1607018374.892907143
1607018374.992907524
1607018375.092907667
1607018375.192909002
1607018375.292930365
1607018375.392925978
1607018375.492922306
1607018375.592914581
1607018375.692909002
1607018375.792932987
1607018375.892908335
1607018375.992906570
1607018376.092906475
1607018376.192925215
1607018376.292927980
1607018376.392914295
1607018376.492909193
1607018376.592906952
1607018376.692906618
1607018376.792906761
1607018376.892906427
1607018376.992912054
1607018377.092908144
1607018377.192930460
1607018377.292917490
1607018377.392910957
1607018377.492907763
1607018377.592910290
1607018377.692908764
1607018377.792907238
1607018377.892907143
1607018377.992907047
1607018378.092907429
1607018378.192917585
1607018378.292910814
1607018378.392908096
1607018378.492915154
1607018378.592907667
1607018378.692907572
1607018378.792910814
1607018378.892908573
1607018378.992906809
1607018379.092906952
1607018379.192926407
1607018379.292914391
1607018379.392921448
1607018379.492921591
1607018379.592910290
1607018379.692911386
1607018379.792908192
1607018379.892907858
1607018379.992910385
1607018380.092907667
1607018380.192907572
1607018380.292907953
1607018380.392907619
1607018380.492906809
1607018380.592909575
1607018380.692908287
1607018380.792907476
1607018380.892924786
1607018380.992913008
1607018381.092925549
1607018381.192928314
1607018381.292917967
1607018381.392929077
1607018381.492927074
1607018381.592927694
1607018381.692912340
1607018381.792912006
1607018381.892910004
1607018381.992909193
1607018382.092924833
1607018382.192911386
1607018382.292911530
1607018382.392908573
1607018382.492909193
1607018382.592908621
1607018382.692911148
1607018382.792909145
1607018382.892909527
1607018382.992907047
1607018383.092907667
1607018383.192909241
1607018383.292935133
1607018383.392927170
1607018383.492926836
1607018383.592925310
1607018383.693162680
1607018383.792928696
1607018383.892932653
1607018383.992911816
1607018384.092909575
1607018384.192908764
1607018384.292910576
1607018384.392929554
1607018384.492914915
1607018384.592910290
1607018384.692934513
1607018384.792932749
1607018384.892927170
1607018384.992919683
1607018385.092914820
1607018385.192979574
1607018385.292908192
1607018385.392927885
1607018385.492927551
1607018385.592926025
1607018385.692927599
1607018385.792926311
1607018385.892927885
1607018385.992927551
1607018386.092926502
1607018386.192921400
1607018386.292928219
1607018386.392912865
1607018386.492934227
1607018386.592912197
1607018386.692945242
1607018386.792921066
1607018386.892914534
1607018386.992909670
1607018387.092908859
1607018387.192927599
1607018387.292913198
1607018387.392926693
1607018387.492931604
1607018387.592925072
1607018387.692927122
1607018387.792925596
1607018387.892924786
1607018387.992911100
1607018388.092913151
1607018388.192908764
1607018388.292906761
1607018388.392910242
1607018388.492908478
1607018388.592907190
1607018388.692912102
1607018388.792907953
1607018388.892924309
1607018388.992910385
1607018389.092907667
1607018389.192917347
1607018389.292912006
1607018389.392909765
1607018389.493066311
1607018389.592921972
1607018389.692914486
1607018389.792910099
1607018389.892906666
1607018389.992906570
1607018390.092919588
1607018390.192928076
1607018390.292926550
1607018390.392915010
1607018390.492926836
1607018390.592912436
1607018390.692907333
1607018390.792906761
1607018390.892907381
1607018390.992927074
1607018391.092926025
1607018391.192926645
1607018391.292927504
1607018391.392926931
1607018391.492911100
1607018391.592923164
1607018391.692914009
1607018391.792912960
1607018391.892937899
1607018391.992912531
1607018392.092908859
1607018392.192907810
1607018392.292921543
1607018392.392913818
1607018392.492908955
1607018392.592906952
1607018392.692906618
1607018392.792907476
1607018392.893066883
1607018392.992907763
1607018393.092907190
1607018393.192907095
1607018393.292907715
1607018393.392922878
1607018393.492914915
1607018393.593068361
1607018393.692907810
1607018393.792907000
1607018393.892907143
1607018393.992906094
1607018394.092910767
1607018394.192907095
1607018394.292907953
1607018394.392907858
1607018394.492906570
1607018394.592911005
1607018394.692910433
1607018394.792908192
1607018394.892906666
1607018394.992907763
1607018395.092919827
1607018395.192931652
1607018395.292921066
1607018395.392924786
1607018395.492921114
1607018395.592910767
1607018395.692909479
1607018395.793065310
1607018395.892908573
1607018395.992910385
1607018396.092907906
1607018396.192927361
1607018396.293085337
1607018396.392928362
1607018396.492931366
1607018396.592932463
1607018396.692930222
1607018396.792930841
1607018396.892926931
1607018396.992913961
1607018397.092906952
1607018397.192910194
1607018397.292912006
1607018397.392909527
1607018397.492915154
1607018397.592911720
1607018397.692909956
1607018397.792908192
1607018397.892909527
1607018397.992908716
1607018398.092911482
1607018398.192909718
1607018398.292909861
1607018398.392909765
1607018398.492909670
1607018398.592909336
1607018398.692925215
1607018398.792913198
1607018398.892913342
1607018398.992920876
1607018399.092911482
1607018399.192909718
1607018399.292909384
1607018399.392911673
1607018399.492928028
1607018399.592927217
1607018399.692912340
1607018399.792907000
1607018399.892915010
1607018399.992906809
1607018400.092926741
1607018400.192912579
1607018400.292911291
1607018400.392920494
1607018400.492913008
1607018400.592930555
1607018400.692915678
1607018400.792910337
1607018400.892909050
1607018400.992907047
1607018401.092909336
1607018401.192910671
1607018401.292910099
1607018401.392923355
1607018401.492917061
1607018401.592912912
1607018401.692908764
1607018401.792909861
1607018401.892910004
1607018401.992910862
1607018402.092909813
1607018402.192907333
1607018402.292909861
1607018402.392905474
1607018402.492911339
