1607017467.566490173
1607017467.666477442
1607017467.766470909
1607017467.866474152
1607017467.966474771
1607017468.066473246
1607017468.166472912
1607017468.266473055
1607017468.366475105
1607017468.466473341
1607017468.566473961
1607017468.666472912
1607017468.766472816
1607017468.866472960
1607017468.966473103
1607017469.066472769
1607017469.166473389
1607017469.266475201
1607017469.366473675
1607017469.466471910
1607017469.566472769
1607017469.666472673
1607017469.766473293
1607017469.866476297
1607017469.966472626
1607017470.066472530
1607017470.166472673
1607017470.266472578
1607017470.366472960
1607017470.466471672
1607017470.566478729
1607017470.666472912
1607017470.766472816
1607017470.866472721
1607017470.966473341
1607017471.066472530
1607017471.166478872
1607017471.266472340
1607017471.366472721
1607017471.466472626
1607017471.566473007
1607017471.666472673
1607017471.766472578
1607017471.866472721
1607017471.966472387
1607017472.066472292
1607017472.166473150
1607017472.266472578
1607017472.366477966
1607017472.466476679
1607017472.566472769
1607017472.666472673
1607017472.766473293
1607017472.866472721
1607017472.966472864
1607017473.066472530
1607017473.166472673
1607017473.266472578
1607017473.366478920
1607017473.466474533
1607017473.566472769
1607017473.666472673
1607017473.766472578
1607017473.866472721
1607017473.966473818
1607017474.066478968
1607017474.166472912
1607017474.266472578
1607017474.366472483
1607017474.466472626
1607017474.566473246
1607017474.666472912
1607017474.766472578
1607017474.866472721
1607017474.966472864
1607017475.066472530
1607017475.166472435
1607017475.266472340
1607017475.366474628
1607017475.466472864
1607017475.566472769
1607017475.666478634
1607017475.766473532
1607017475.866472960
1607017475.966472387
1607017476.066472292
1607017476.166472673
1607017476.266474247
1607017476.366476059
1607017476.466473579
1607017476.566473246
1607017476.666472673
1607017476.766472816
1607017476.866472721
1607017476.966473579
1607017477.066472769
1607017477.166473150
1607017477.266486168
1607017477.366474152
1607017477.466472864
1607017477.566473961
1607017477.666474342
1607017477.766472578
1607017477.866472960
1607017477.966472387
1607017478.066472530
1607017478.166472435
1607017478.266478777
1607017478.366472244
1607017478.466473818
1607017478.566472769
1607017478.666472435
1607017478.766472340
1607017478.866472244
1607017478.966472864
1607017479.066472292
1607017479.166478872
1607017479.266472101
1607017479.366474628
1607017479.466473579
1607017479.566472292
1607017479.666472197
1607017479.766478777
1607017479.866472721
1607017479.966472864
1607017480.066472769
1607017480.166472435
1607017480.266472578
1607017480.366474867
1607017480.466472864
1607017480.566472530
1607017480.666472197
1607017480.766472340
1607017480.866472483
1607017480.966472626
1607017481.066478729
1607017481.166472673
1607017481.266472340
1607017481.366473913
1607017481.466472626
1607017481.566472769
1607017481.666478872
1607017481.766472578
1607017481.866472483
1607017481.966473579
1607017482.066490412
1607017482.166491985
1607017482.266488075
1607017482.366474152
1607017482.466474295
1607017482.566489697
1607017482.666492939
1607017482.766486645
1607017482.866512775
1607017482.966490269
1607017483.066489935
1607017483.166482687
1607017483.266486883
1607017483.366487980
1607017483.466679811
1607017483.566490173
1607017483.666495323
1607017483.766493797
1607017483.866493225
1607017483.966492653
1607017484.066494942
1607017484.166493177
1607017484.266489744
1607017484.366488695
1607017484.466489315
1607017484.566490650
1607017484.666494846
1607017484.766490221
1607017484.866489172
1607017484.966488838
1607017485.066491365
1607017485.166492224
1607017485.266493320
1607017485.366516829
1607017485.466522455
1607017485.566515207
1607017485.666491985
1607017485.766494274
1607017485.866490841
1607017485.966491699
1607017486.066493273
1607017486.166492701
1607017486.266490221
1607017486.366491795
1607017486.466494083
1607017486.566492081
1607017486.666494846
1607017486.766491652
1607017486.866491079
1607017486.966496706
1607017487.066783905
1607017487.166498423
1607017487.266493559
1607017487.366502047
1607017487.466500282
1607017487.566494942
1607017487.666499853
1607017487.766505003
1607017487.866498709
1607017487.966794968
1607017488.066502810
1607017488.166493654
1607017488.266496420
1607017488.366493225
1607017488.466496468
1607017488.566493273
1607017488.666493654
1607017488.766493320
1607017488.866494179
1607017488.966519117
1607017489.066508293
1607017489.166500568
1607017489.266499281
1607017489.366505861
1607017489.466492891
1607017489.566492796
1607017489.666494608
1607017489.766492128
1607017489.866491318
1607017489.966491461
1607017490.066493273
1607017490.166493893
1607017490.266492128
1607017490.366493225
1607017490.466493130
1607017490.566491127
1607017490.666494131
1607017490.766492367
1607017490.866491318
1607017490.966491938
1607017491.066491604
1607017491.166504383
1607017491.266493797
1607017491.366492748
1607017491.466492653
1607017491.566492558
1607017491.666496515
1607017491.766491652
1607017491.866490602
1607017491.966492891
1607017492.066493750
1607017492.166491747
1607017492.266492367
1607017492.366495371
1607017492.466501713
1607017492.566494226
1607017492.666499615
1607017492.766497135
1607017492.866514444
1607017492.966492414
1607017493.066493511
1607017493.166532993
1607017493.266505003
1607017493.366494894
1607017493.466505527
1607017493.566495895
1607017493.666509390
1607017493.766506433
1607017493.866494894
1607017493.966511488
1607017494.066496849
1607017494.166495800
1607017494.266495943
1607017494.366495609
1607017494.466500998
1607017494.566500187
1607017494.666493893
1607017494.766492128
1607017494.866494179
1607017494.966498375
1607017495.066504717
1607017495.166494370
1607017495.266492367
1607017495.366513491
1607017495.466522694
1607017495.566494226
1607017495.666504383
1607017495.766493559
1607017495.866500139
1607017495.966492414
1607017496.066490173
1607017496.166488647
1607017496.266492605
1607017496.366490841
1607017496.466497183
1607017496.566492081
1607017496.666491747
1607017496.766493320
1607017496.866496325
1607017496.966502905
1607017497.066496849
1607017497.166490793
1607017497.266493320
1607017497.366500616
1607017497.466502905
1607017497.566492319
1607017497.666491270
1607017497.766492128
1607017497.866491079
1607017497.966497183
1607017498.066506863
1607017498.166503906
1607017498.266493559
1607017498.366492033
1607017498.466492176
1607017498.566498518
1607017498.666492701
1607017498.766496897
1607017498.866498709
1607017498.966493607
1607017499.066502094
1607017499.166494131
1607017499.266494274
1607017499.366499186
1607017499.466493130
1607017499.566493988
1607017499.666498184
1607017499.766503096
1607017499.866499186
1607017499.966493368
1607017500.066501141
1607017500.166497231
1607017500.266507149
1607017500.366499186
1607017500.466498852
1607017500.566502810
1607017500.666513205
1607017500.766494751
1607017500.866495609
1607017500.966500282
1607017501.066495895
1607017501.166502714
1607017501.266502380
1607017501.366501093
1607017501.466498852
1607017501.566500425
1607017501.666495085
1607017501.766500711
1607017501.866512537
1607017501.966499805
1607017502.066519499
1607017502.166506290
1607017502.266501427
1607017502.366500854
1607017502.466495275
1607017502.566500664
1607017502.666492462
1607017502.766492367
1607017502.866497755
1607017502.966493368
1607017503.066493511
1607017503.166493893
1607017503.266514540
1607017503.366492510
1607017503.466492176
1607017503.566491842
1607017503.666493177
1607017503.766492844
1607017503.866492510
1607017503.966496229
1607017504.066490412
1607017504.166489840
1607017504.266492128
1607017504.366490841
1607017504.466490030
1607017504.566493034
1607017504.666490793
1607017504.766490698
1607017504.866492748
1607017504.966494083
1607017505.066495180
1607017505.166493893
1607017505.266491175
1607017505.366494656
1607017505.466492176
1607017505.566495895
1607017505.666493893
1607017505.766491890
1607017505.866504669
1607017505.966499329
1607017506.066498280
1607017506.166492939
1607017506.266492367
1607017506.366491556
1607017506.466493845
1607017506.566494703
1607017506.666496754
1607017506.766491890
1607017506.866492510
1607017506.966519594
1607017507.066490650
1607017507.166493893
1607017507.266497135
1607017507.366494417
1607017507.466491461
1607017507.566493034
1607017507.666493177
1607017507.766491652
1607017507.866490126
1607017507.966490030
1607017508.066489458
1607017508.166475773
1607017508.266487122
1607017508.366512775
1607017508.466508389
1607017508.566488981
1607017508.666494131
1607017508.766489744
1607017508.866487980
1607017508.966722727
1607017509.066487074
1607017509.166487932
1607017509.266489267
1607017509.366488457
1607017509.466476679
1607017509.566474438
1607017509.666492224
1607017509.766493320
1607017509.866488695
1607017509.966493130
1607017510.066492558
1607017510.166496515
1607017510.266494513
1607017510.366494656
1607017510.466500282
1607017510.566494942
1607017510.666489840
1607017510.766497612
1607017510.866495132
1607017510.966495514
1607017511.066514969
1607017511.166490793
1607017511.266489983
1607017511.366492748
1607017511.466489077
1607017511.566476583
1607017511.666481018
1607017511.766476154
1607017511.866497755
1607017511.966506243
1607017512.066501379
1607017512.166496277
1607017512.266493559
1607017512.366495371
1607017512.466492653
1607017512.566499710
1607017512.666492701
1607017512.766494751
1607017512.866497040
1607017512.966492176
1607017513.066491127
1607017513.166493654
1607017513.266494751
1607017513.366494417
1607017513.466491461
1607017513.566501856
1607017513.666516542
1607017513.766491413
1607017513.866495609
1607017513.966492891
1607017514.066493750
1607017514.166491508
1607017514.266490459
1607017514.366493464
1607017514.466490984
1607017514.566490412
1607017514.666490555
1607017514.766490698
1607017514.866715670
1607017514.966490507
1607017515.066490173
1607017515.166491032
1607017515.266491413
1607017515.366491318
1607017515.466494083
1607017515.566491127
1607017515.666493893
1607017515.766489029
1607017515.866493702
1607017515.966488600
1607017516.066490173
1607017516.166513920
1607017516.266497374
1607017516.366487980
1607017516.466492176
1607017516.566487312
1607017516.666490078
1607017516.766477823
1607017516.866492510
1607017516.966490507
1607017517.066489697
1607017517.166494370
1607017517.266492128
1607017517.366493464
1607017517.466490746
1607017517.566494465
1607017517.666493177
1607017517.766496420
1607017517.866497993
1607017517.966492891
1607017518.066492081
1607017518.166493893
1607017518.266489029
1607017518.366488934
1607017518.466492176
1607017518.566493273
1607017518.666492701
1607017518.766489983
1607017518.866515875
1607017518.966492891
1607017519.066489458
1607017519.166489840
1607017519.266490698
1607017519.366489410
1607017519.466489792
1607017519.566483021
1607017519.666491270
1607017519.766490459
1607017519.866488934
1607017519.966492653
1607017520.066489935
1607017520.166489840
1607017520.266481400
1607017520.366486788
1607017520.466488600
1607017520.566489697
1607017520.666489363
1607017520.766484737
1607017520.866487741
1607017520.966480255
1607017521.066489458
1607017521.166476965
1607017521.266491413
1607017521.366498232
1607017521.466510534
1607017521.566491127
1607017521.666499376
1607017521.766493082
1607017521.866492987
1607017521.966491938
1607017522.066491842
1607017522.166521311
1607017522.266495705
1607017522.366490602
1607017522.466489553
1607017522.566483021
1607017522.666490793
1607017522.766489744
1607017522.866493940
1607017522.966490746
1607017523.066476107
1607017523.166477203
1607017523.266497612
1607017523.366490126
1607017523.466488838
1607017523.566493750
1607017523.666495085
1607017523.766492367
1607017523.866494894
1607017523.966492891
1607017524.066528559
1607017524.166920185
1607017524.266494036
1607017524.366492033
1607017524.466492653
1607017524.566491604
1607017524.666488647
1607017524.766489267
1607017524.866492987
1607017524.966488838
1607017525.066479683
1607017525.166474819
1607017525.266477346
1607017525.366485834
1607017525.466475725
1607017525.566488504
1607017525.666489840
1607017525.766489744
1607017525.866491556
1607017525.966496468
1607017526.066481829
1607017526.166486740
1607017526.266492128
1607017526.366490602
1607017526.466490030
1607017526.566504240
1607017526.666501522
1607017526.766476631
1607017526.866510153
1607017526.966502428
1607017527.066491604
1607017527.166491985
1607017527.266489744
1607017527.366499901
1607017527.466499567
1607017527.566491365
1607017527.666490555
1607017527.766492605
1607017527.866492510
1607017527.966489077
1607017528.066489697
1607017528.166491032
1607017528.266490459
1607017528.366491318
1607017528.466490984
1607017528.566489697
1607017528.666491032
1607017528.766507626
1607017528.866501808
1607017528.966490269
1607017529.066492558
1607017529.166491270
1607017529.266515017
1607017529.366490364
1607017529.466489792
1607017529.566489458
1607017529.666489363
1607017529.766489983
1607017529.866489649
1607017529.966490030
1607017530.066490412
1607017530.166495800
1607017530.266489983
1607017530.366494894
1607017530.466490030
1607017530.566489935
1607017530.666490555
1607017530.766492605
1607017530.866490364
1607017530.966487408
1607017531.066490650
1607017531.166490078
1607017531.266491652
1607017531.369675875
1607017531.466499567
1607017531.566491604
1607017531.666493177
1607017531.766491175
1607017531.866514206
1607017531.966492891
1607017532.066494226
1607017532.166492462
1607017532.266491890
1607017532.366491795
1607017532.466491461
1607017532.566493988
1607017532.666491985
1607017532.766497612
1607017532.866491795
1607017532.966491938
1607017533.066491127
1607017533.166493893
1607017533.266491652
1607017533.366491795
1607017533.466491461
1607017533.566489458
1607017533.666490316
1607017533.766489744
1607017533.866489887
1607017533.966486216
1607017534.066490173
1607017534.166490316
1607017534.266490459
1607017534.366608143
1607017534.466508150
1607017534.566496372
1607017534.666491270
1607017534.766498089
1607017534.866750956
1607017534.966497898
1607017535.066491604
1607017535.166497707
1607017535.266495943
1607017535.366496563
1607017535.466500044
1607017535.566490889
1607017535.666489601
1607017535.766475201
1607017535.866493702
1607017535.966500044
1607017536.066512585
1607017536.166495562
1607017536.266491652
1607017536.366480350
1607017536.466492891
1607017536.566489935
1607017536.666491985
1607017536.766494274
1607017536.866490126
1607017536.966489792
1607017537.066521883
1607017537.166491270
1607017537.266476154
1607017537.366498470
1607017537.466495037
1607017537.566490650
1607017537.666493416
1607017537.766493559
1607017537.866494894
1607017537.966506958
1607017538.066514730
1607017538.166494846
1607017538.266492367
1607017538.366500616
1607017538.466492176
1607017538.566491604
1607017538.666491747
1607017538.766491652
1607017538.866497278
1607017538.966494799
1607017539.066491604
1607017539.166494846
1607017539.266490459
1607017539.366494417
1607017539.466490984
1607017539.566499233
1607017539.666491747
1607017539.766491652
1607017539.866497755
1607017539.966490269
1607017540.066491604
1607017540.166496277
1607017540.266494274
1607017540.366492510
1607017540.466489315
1607017540.566497326
1607017540.666496754
1607017540.766500473
1607017540.866491556
1607017540.966490746
1607017541.066497326
1607017541.166498184
1607017541.266498804
1607017541.366498232
1607017541.466496706
1607017541.566496611
1607017541.666493654
1607017541.766493082
1607017541.866522312
1607017541.966506243
1607017542.066494226
1607017542.166498899
1607017542.266490936
1607017542.366487265
1607017542.466491461
1607017542.566490173
1607017542.666496038
1607017542.766498327
1607017542.866491795
1607017542.966494799
1607017543.066494226
1607017543.166492701
1607017543.266494989
1607017543.366490841
1607017543.466492414
1607017543.566494465
1607017543.666491985
1607017543.766497135
1607017543.866493464
1607017543.966494799
1607017544.066495180
1607017544.166491985
1607017544.266498327
1607017544.366497517
1607017544.466524839
1607017544.566500425
1607017544.666496515
1607017544.767066717
1607017544.866505146
1607017544.966493368
1607017545.066495180
1607017545.166491270
1607017545.266490936
1607017545.366492748
1607017545.466494560
1607017545.566498280
1607017545.666496038
1607017545.766491890
1607017545.866491556
1607017545.966488600
1607017546.066491842
1607017546.166497707
1607017546.266496897
1607017546.366491318
1607017546.466507912
1607017546.566496849
1607017546.666490555
1607017546.766498089
1607017546.866492033
1607017546.966479540
1607017547.066476822
1607017547.166479588
1607017547.266475439
1607017547.366847992
1607017547.466490269
1607017547.566490173
1607017547.666490316
1607017547.766488075
1607017547.866488457
1607017547.966484308
1607017548.066492081
1607017548.166489601
1607017548.266497612
1607017548.366491318
1607017548.466485739
1607017548.566776991
1607017548.666490316
1607017548.766493559
1607017548.866491795
1607017548.966483831
1607017549.066489935
1607017549.166488886
1607017549.266488552
1607017549.366491556
1607017549.466489077
1607017549.566492796
1607017549.666492701
1607017549.766505241
1607017549.866495848
1607017549.966493130
1607017550.066493034
1607017550.166491032
1607017550.266494036
1607017550.366492271
1607017550.466490746
1607017550.566486835
1607017550.666486979
1607017550.766489744
1607017550.866488457
1607017550.966496706
1607017551.066491127
1607017551.166490555
1607017551.266489029
1607017551.366491795
1607017551.466497421
1607017551.566503763
1607017551.666493177
1607017551.766500711
1607017551.866507292
1607017551.966492414
1607017552.066495657
1607017552.166496515
1607017552.266490459
1607017552.366515398
1607017552.466491222
1607017552.566499710
1607017552.666493893
1607017552.766494989
1607017552.866496563
1607017552.966492891
1607017553.066501141
1607017553.166542053
1607017553.266490698
1607017553.366505146
1607017553.466499329
1607017553.566498041
1607017553.666492224
1607017553.766492128
1607017553.866487026
1607017553.966490746
1607017554.066491604
1607017554.166491985
1607017554.266491175
1607017554.366501570
1607017554.466498613
1607017554.566497564
1607017554.666491032
1607017554.766491175
1607017554.866490602
1607017554.966515303
1607017555.066495419
1607017555.166498423
1607017555.266493082
1607017555.366493225
1607017555.466496468
1607017555.566497087
1607017555.666513205
1607017555.766494751
1607017555.866492271
1607017555.966498852
1607017556.066492558
1607017556.166491985
1607017556.266496658
1607017556.366495609
1607017556.466503382
1607017556.566496372
1607017556.666494846
1607017556.766496181
1607017556.866492748
1607017556.966490984
1607017557.066491842
1607017557.166490555
1607017557.266489744
1607017557.366491556
1607017557.466492176
1607017557.566516161
1607017557.666493654
1607017557.766494036
1607017557.866491795
1607017557.966498375
1607017558.066493988
1607017558.166492939
1607017558.266499043
1607017558.366496801
1607017558.466493130
1607017558.566491365
1607017558.666490316
1607017558.766493559
1607017558.866492748
1607017558.966495991
1607017559.066490889
1607017559.166490555
1607017559.266491413
1607017559.366490126
1607017559.466482639
1607017559.566480875
1607017559.666485786
1607017559.766474247
1607017559.866477013
1607017559.966495275
1607017560.066489935
1607017560.166525602
1607017560.266500950
1607017560.366492987
1607017560.466498852
1607017560.566497087
1607017560.666499853
1607017560.766502619
1607017560.866491318
1607017560.966495514
1607017561.066494226
1607017561.166494608
1607017561.266492844
1607017561.366491318
1607017561.466498375
1607017561.566495657
1607017561.666500568
1607017561.766492605
1607017561.866490841
1607017561.966492176
1607017562.066498518
1607017562.166496277
1607017562.266494989
1607017562.366493464
1607017562.466490984
1607017562.566490889
1607017562.666493177
1607017562.766520500
1607017562.866513729
1607017562.966497898
1607017563.066493273
1607017563.166505098
1607017563.266499519
1607017563.366492271
1607017563.466497183
1607017563.566494465
1607017563.666495085
1607017563.766489744
1607017563.866490841
1607017563.966493368
1607017564.066491842
1607017564.166497946
1607017564.266494036
1607017564.366490126
1607017564.466489077
1607017564.566480160
1607017564.666488886
1607017564.766496897
1607017564.866499662
1607017564.966498137
1607017565.066499472
1607017565.166494608
1607017565.266494274
1607017565.366515160
1607017565.466547489
1607017565.566490889
1607017565.666490316
1607017565.766491652
1607017565.866500139
1607017565.966493130
1607017566.066492081
1607017566.166490316
1607017566.266489744
1607017566.366488934
1607017566.466493368
1607017566.566477537
1607017566.666494608
1607017566.766498566
1607017566.866492033
1607017566.966488123
1607017567.066487312
1607017567.166489363
1607017567.266492128
1607017567.366496563
1607017567.466494322
