1607018197.488753080
1607018197.588970900
1607018197.689196348
1607018197.789405107
1607018197.889558077
1607018197.989709616
1607018198.089881420
1607018198.190035105
1607018198.290192604
1607018198.390348434
1607018198.490494728
1607018198.590643644
1607018198.690798044
1607018198.790942907
1607018198.891090870
1607018198.991291761
1607018199.091458559
1607018199.191676855
1607018199.291841745
1607018199.392004728
1607018199.492197275
1607018199.592357159
1607018199.692548275
1607018199.792764902
1607018199.892932415
1607018199.993135929
1607018200.093289137
1607018200.193434477
1607018200.293581009
1607018200.393734694
1607018200.493897200
1607018200.594049454
1607018200.694211960
1607018200.794363737
1607018200.894509792
1607018200.994662762
1607018201.094911575
1607018201.195070982
1607018201.295219660
1607018201.395375252
1607018201.495534420
1607018201.595682859
1607018201.695831299
1607018201.795975924
1607018201.896176815
1607018201.996319771
1607018202.096469641
1607018202.196615696
1607018202.296778917
1607018202.396933317
1607018202.497088194
1607018202.597252846
1607018202.697401047
1607018202.797555923
1607018202.897747755
1607018202.997892857
1607018203.098038197
1607018203.198182583
1607018203.298329830
1607018203.398483992
1607018203.498630285
1607018203.598776340
1607018203.698920250
1607018203.799067974
1607018203.899265528
1607018203.999409199
1607018204.099552870
1607018204.199694872
1607018204.299839020
1607018204.399992704
1607018204.500151157
1607018204.600303173
1607018204.700455666
1607018204.800654173
1607018204.900798559
1607018205.000941753
1607018205.101086855
1607018205.201234579
1607018205.301386118
1607018205.401547909
1607018205.501704931
1607018205.601861000
1607018205.702025890
1607018205.802181721
1607018205.902328253
1607018206.002572060
1607018206.102791071
1607018206.202961922
1607018206.303133965
1607018206.403305292
1607018206.503468037
1607018206.603618383
1607018206.703770399
1607018206.803915024
1607018206.904058456
1607018207.004249811
1607018207.104396582
1607018207.204539776
1607018207.304686308
1607018207.404844999
1607018207.504996300
1607018207.605141401
1607018207.705285788
1607018207.805428028
1607018207.905571222
1607018208.005713940
1607018208.105855227
1607018208.205996275
1607018208.306142569
1607018208.406314373
1607018208.506465912
1607018208.606631279
1607018208.706784725
1607018208.806929588
1607018208.907076836
1607018209.007221460
1607018209.107367754
1607018209.207525730
1607018209.307772636
1607018209.408002853
1607018209.508213997
1607018209.608417988
1607018209.708633661
1607018209.808876991
1607018209.909085989
1607018210.009239435
1607018210.109384298
1607018210.209527731
1607018210.309677839
1607018210.409827232
1607018210.509971619
1607018210.610115290
1607018210.710260153
1607018210.810401917
1607018210.910543680
1607018211.010685205
1607018211.110836744
1607018211.210966587
1607018211.311111689
1607018211.411262035
1607018211.511410236
1607018211.611557722
1607018211.711724758
1607018211.811869144
1607018211.912010193
1607018212.012153625
1607018212.112298012
1607018212.212440014
1607018212.312585592
1607018212.412743330
1607018212.512891293
1607018212.613037586
1607018212.713181257
1607018212.813324213
1607018212.913467884
1607018213.013611794
1607018213.113755941
1607018213.213905573
1607018213.314052582
1607018213.414201498
1607018213.514344215
1607018213.614486933
1607018213.714634418
1607018213.814784765
1607018213.914931059
1607018214.015083313
1607018214.115226984
1607018214.215368271
1607018214.315514326
1607018214.415673018
1607018214.515820503
1607018214.615964651
1607018214.716109514
1607018214.816267967
1607018214.916426897
1607018215.016570330
1607018215.116715670
1607018215.216859341
1607018215.317013025
1607018215.417163372
1607018215.517306566
1607018215.617449760
1607018215.717601299
1607018215.817747116
1607018215.917905807
1607018216.018050909
1607018216.118194580
1607018216.218337536
1607018216.318487644
1607018216.418661118
1607018216.518815041
1607018216.618966579
1607018216.719114780
1607018216.819265604
1607018216.919409513
1607018217.019552469
1607018217.119694471
1607018217.219835997
1607018217.319981575
1607018217.420141459
1607018217.520290375
1607018217.620438337
1607018217.720593214
1607018217.820744753
1607018217.920888186
1607018218.021030188
1607018218.121174812
1607018218.221317530
1607018218.321470499
1607018218.421632767
1607018218.521779060
1607018218.621922970
1607018218.722066879
1607018218.822209120
1607018218.922352791
1607018219.022494078
1607018219.122641087
1607018219.222782612
1607018219.322944880
1607018219.423170805
1607018219.523323298
1607018219.623468637
1607018219.723618507
1607018219.823761940
1607018219.923908472
1607018220.024057865
1607018220.124252558
1607018220.224397182
1607018220.324542761
1607018220.424699068
1607018220.524850368
1607018220.625000954
1607018220.725147009
1607018220.825304270
1607018220.925449133
1607018221.025597334
1607018221.125750303
1607018221.225891829
1607018221.326036930
1607018221.426185131
1607018221.526328802
1607018221.626470089
1607018221.726618052
1607018221.826760292
1607018221.926910162
1607018222.027066946
1607018222.127207756
1607018222.227348566
1607018222.327491999
1607018222.427640915
1607018222.527784586
1607018222.627928734
1607018222.728070498
1607018222.828212261
1607018222.928353786
1607018223.028495550
1607018223.128639698
1607018223.228795528
1607018223.328955650
1607018223.429153681
1607018223.529324055
1607018223.629474878
1607018223.729625940
1607018223.829798460
1607018223.929953575
1607018224.030102730
1607018224.130248547
1607018224.230392218
1607018224.330536604
1607018224.430688858
1607018224.530835152
1607018224.630966425
1607018224.731109858
1607018224.831258059
1607018224.931400061
1607018225.031541109
1607018225.131682158
1607018225.231825113
1607018225.331970215
1607018225.432118416
1607018225.532263279
1607018225.632407188
1607018225.732549429
1607018225.832690716
1607018225.932831526
1607018226.032973528
1607018226.133114815
1607018226.233256102
1607018226.333400726
1607018226.433552265
1607018226.533700705
1607018226.633844137
1607018226.733989239
1607018226.834144115
1607018226.934288740
1607018227.034431219
1607018227.134582758
1607018227.234724283
1607018227.334872961
1607018227.435039043
1607018227.535186291
1607018227.635331392
1607018227.735475540
1607018227.835623980
1607018227.935764313
1607018228.035904646
1607018228.136045456
1607018228.236186266
1607018228.336331606
1607018228.436482430
1607018228.536630869
1607018228.636789322
1607018228.736933708
1607018228.837075710
1607018228.937217712
1607018229.037358761
1607018229.137501001
1607018229.237642527
1607018229.337789059
1607018229.437952995
1607018229.538103819
1607018229.638247490
1607018229.738390207
1607018229.838538647
1607018229.938687563
1607018230.038831234
1607018230.138972759
1607018230.239129066
1607018230.339374304
1607018230.439584494
1607018230.539732933
1607018230.639874697
1607018230.740016460
1607018230.840158224
1607018230.940299511
1607018231.040447235
1607018231.140588284
1607018231.240728855
1607018231.340881109
1607018231.441038847
1607018231.541186333
1607018231.641331911
1607018231.741476536
1607018231.841619730
1607018231.941761255
1607018232.041901827
1607018232.142049074
1607018232.242190838
1607018232.342334032
1607018232.442478895
1607018232.542626143
1607018232.642771721
1607018232.742913961
1607018232.843067408
1607018232.943220854
1607018233.043364525
1607018233.143509150
1607018233.243654490
1607018233.343800783
1607018233.443950891
1607018233.544093370
1607018233.644241095
1607018233.744384289
1607018233.844524622
1607018233.944665432
1607018234.044806719
1607018234.144947767
1607018234.245091438
1607018234.345238209
1607018234.445380211
1607018234.545522213
1607018234.645665884
1607018234.745810270
1607018234.845957041
1607018234.946098566
1607018235.046240330
1607018235.146381617
1607018235.246525049
1607018235.346680641
1607018235.446870804
1607018235.547034264
1607018235.647177458
1607018235.747319221
1607018235.847462177
1607018235.947613001
1607018236.047759771
1607018236.147905827
1607018236.248049259
1607018236.348195791
1607018236.448350906
1607018236.548498869
1607018236.648644686
1607018236.748787165
1607018236.848929405
1607018236.949070692
1607018237.049218655
1607018237.149359226
1607018237.249500751
1607018237.349642992
1607018237.449785233
1607018237.549926996
1607018237.650071383
1607018237.750213623
1607018237.850355387
1607018237.950497627
1607018238.050638437
1607018238.150788069
1607018238.250929356
1607018238.351074696
1607018238.451216698
1607018238.551362514
1607018238.651511908
1607018238.751653194
1607018238.851796150
1607018238.951948643
1607018239.052097797
1607018239.152242899
1607018239.252384424
1607018239.352532387
1607018239.452693462
1607018239.552838802
1607018239.652981043
1607018239.753123283
1607018239.853272200
1607018239.953415155
1607018240.053556442
1607018240.153697491
1607018240.253839016
1607018240.353981972
1607018240.454125166
1607018240.554268837
1607018240.654415369
1607018240.754558802
1607018240.854700327
1607018240.954842329
1607018241.054967880
1607018241.155108690
1607018241.255255938
1607018241.355398655
1607018241.455547571
1607018241.555694580
1607018241.655843496
1607018241.755984306
1607018241.856131077
1607018241.956273794
1607018242.056422949
1607018242.156567097
1607018242.256709576
1607018242.356852293
1607018242.456994295
1607018242.557136297
1607018242.657277584
1607018242.757425070
1607018242.857565641
1607018242.957713127
1607018243.057855129
1607018243.157997608
1607018243.258138895
1607018243.358286381
1607018243.458451509
1607018243.558599949
1607018243.658754826
1607018243.758899927
1607018243.859047413
1607018243.959196091
1607018244.059340000
1607018244.159482241
1607018244.259624243
1607018244.359768867
1607018244.459921122
1607018244.560087204
1607018244.660237551
1607018244.760382652
1607018244.860536098
1607018244.960693359
1607018245.060868025
1607018245.161014557
1607018245.261171818
1607018245.361377716
1607018245.461530447
1607018245.561675072
1607018245.661818027
1607018245.761960030
1607018245.862100840
1607018245.962248325
1607018246.062388897
1607018246.162536621
1607018246.262680531
1607018246.362834930
1607018246.462968588
1607018246.563116550
1607018246.663270473
1607018246.763412952
1607018246.863560677
1607018246.963701487
1607018247.063848972
1607018247.163989782
1607018247.264131546
1607018247.364286184
1607018247.464476585
1607018247.564634323
1607018247.664777994
1607018247.764919519
1607018247.865060091
1607018247.965204954
1607018248.065360785
1607018248.165504217
1607018248.265647650
1607018248.365796804
1607018248.465940714
1607018248.566085577
1607018248.666230440
1607018248.766372681
1607018248.866518021
1607018248.966667414
1607018249.066811085
1607018249.166956902
1607018249.267099619
1607018249.367251635
1607018249.467392683
1607018249.567536116
1607018249.667685509
1607018249.767831087
1607018249.867974997
1607018249.968116760
1607018250.068258762
1607018250.168406963
1607018250.268549442
1607018250.368693352
1607018250.468836069
1607018250.568982601
1607018250.669125080
1607018250.769265413
1607018250.869407415
1607018250.969548941
1607018251.069696665
1607018251.169850349
1607018251.269991875
1607018251.370139122
1607018251.470298052
1607018251.570443392
1607018251.670586586
1607018251.770728350
1607018251.870877743
1607018251.971022844
1607018252.071163416
1607018252.171304941
1607018252.271449566
1607018252.371602058
1607018252.471745253
1607018252.571892262
1607018252.672044992
1607018252.772189617
1607018252.872332096
1607018252.972474813
1607018253.072616339
1607018253.172758818
1607018253.272902966
1607018253.373045683
1607018253.473194361
1607018253.573340178
1607018253.673482656
1607018253.773627043
1607018253.873769045
1607018253.973914146
1607018254.074066162
1607018254.174210548
1607018254.274352074
1607018254.374494553
1607018254.474638224
1607018254.574779749
1607018254.674921513
1607018254.775070190
1607018254.875217199
1607018254.975359201
1607018255.075506210
1607018255.175646782
1607018255.275787830
1607018255.375934601
1607018255.476093769
1607018255.576239347
1607018255.676384449
1607018255.776526451
1607018255.876667976
1607018255.976809025
1607018256.076949835
1607018256.177090406
1607018256.277233601
1607018256.377378702
1607018256.477524519
1607018256.577674627
1607018256.677822113
1607018256.777972698
1607018256.878114223
1607018256.978255749
1607018257.078401327
1607018257.178561687
1607018257.278718710
1607018257.378925323
1607018257.479090929
1607018257.579235554
1607018257.679380178
1607018257.779521704
1607018257.879670143
1607018257.979812384
1607018258.079953671
1607018258.180095196
1607018258.280236006
1607018258.380378008
1607018258.480519056
1607018258.580661058
1607018258.680812120
1607018258.780954123
1607018258.881095648
1607018258.981235981
1607018259.081382751
1607018259.181523561
1607018259.281664848
1607018259.381818771
1607018259.482014894
1607018259.582172394
1607018259.682317972
1607018259.782465935
1607018259.882609129
1607018259.982755423
1607018260.082910299
1607018260.183065653
1607018260.283210993
1607018260.383381844
1607018260.483655691
1607018260.583882332
1607018260.684046268
1607018260.784196615
1607018260.884349585
1607018260.984494448
1607018261.084636927
1607018261.184779644
1607018261.284924984
1607018261.385073423
1607018261.485218287
1607018261.585368633
1607018261.685513973
1607018261.785655975
1607018261.885797262
1607018261.985939503
1607018262.086081743
1607018262.186224699
1607018262.286365747
1607018262.386508465
1607018262.486654282
1607018262.586805105
1607018262.686948538
1607018262.787094355
1607018262.887236357
1607018262.987378120
1607018263.087526083
1607018263.187680483
1607018263.287824154
1607018263.387987137
1607018263.488143921
1607018263.588287830
1607018263.688431263
1607018263.788573980
1607018263.888717175
1607018263.988806963
1607018264.088807344
1607018264.188807487
1607018264.288808107
1607018264.388814211
1607018264.488807917
1607018264.588809967
1607018264.688807249
1607018264.788807154
1607018264.888807058
1607018264.988806963
1607018265.088806629
1607018265.188807249
1607018265.288808107
1607018265.388813734
1607018265.488811016
1607018265.588807583
1607018265.688807011
1607018265.788806915
1607018265.888807058
1607018265.988809347
1607018266.088808775
1607018266.188832760
1607018266.288809538
1607018266.388810158
1607018266.488814354
1607018266.588806391
1607018266.688807011
1607018266.788806915
1607018266.888806820
1607018266.988806725
1607018267.088807106
1607018267.188806772
1607018267.288807631
1607018267.388810635
1607018267.488807201
1607018267.588807344
1607018267.688807011
1607018267.788806915
1607018267.888813019
1607018267.988806725
1607018268.088806868
1607018268.188806772
1607018268.288806915
1607018268.388807297
1607018268.488807678
1607018268.588808537
1607018268.688813210
1607018268.788806915
1607018268.888807535
1607018268.988807678
1607018269.088806868
1607018269.188825846
1607018269.288817406
1607018269.388813496
1607018269.488808155
1607018269.588807106
1607018269.688806772
1607018269.788809299
1607018269.888808012
1607018269.988808393
1607018270.088806868
1607018270.188806772
1607018270.288808346
1607018270.388808489
1607018270.488807440
1607018270.588808060
1607018270.688807249
1607018270.788806915
1607018270.888806820
1607018270.988806963
1607018271.088806868
1607018271.188806772
1607018271.288807154
1607018271.388814449
1607018271.488810301
1607018271.588813543
1607018271.688807249
1607018271.788813353
1607018271.888806820
1607018271.988807917
1607018272.088807106
1607018272.188806772
1607018272.288810015
1607018272.388808727
1607018272.488807440
1607018272.588808537
1607018272.688807487
1607018272.788806915
1607018272.888813257
1607018272.988806725
1607018273.088806629
1607018273.188806534
1607018273.288807154
1607018273.388806581
1607018273.488806963
1607018273.588807106
1607018273.688806772
1607018273.788806915
1607018273.888808012
1607018273.988810062
1607018274.088807583
1607018274.188813448
1607018274.288807392
1607018274.388807297
1607018274.488807917
1607018274.588807106
1607018274.688807011
1607018274.788806915
1607018274.888806820
1607018274.988807678
1607018275.088806629
1607018275.188809395
1607018275.288808584
1607018275.388810635
1607018275.488807917
1607018275.588807106
1607018275.688813210
1607018275.788806915
1607018275.888806820
1607018275.988806725
1607018276.088807106
1607018276.188806772
1607018276.288807392
1607018276.388807535
1607018276.488808155
1607018276.588813305
1607018276.688813448
1607018276.788808584
1607018276.888807535
1607018276.988806963
1607018277.088806868
1607018277.188806772
1607018277.288807392
1607018277.388813496
1607018277.488807678
1607018277.588808060
1607018277.688807011
1607018277.788806915
1607018277.888806820
1607018277.988807678
1607018278.088813305
1607018278.188806772
1607018278.288810015
1607018278.388807535
1607018278.488807201
1607018278.588807106
1607018278.688807011
1607018278.788806915
1607018278.888807535
1607018278.988806963
1607018279.088806868
1607018279.188807011
1607018279.288807154
1607018279.388816357
1607018279.488807440
1607018279.588808060
1607018279.688807249
1607018279.788808584
1607018279.888807297
1607018279.988806725
1607018280.088810682
1607018280.188807726
1607018280.288809061
1607018280.388808727
1607018280.488809347
1607018280.588810682
1607018280.688808441
1607018280.788806915
1607018280.888807058
1607018280.988807917
1607018281.088807344
1607018281.188813210
1607018281.288809776
1607018281.388807297
1607018281.488807201
1607018281.588806868
1607018281.688806534
1607018281.788806677
1607018281.888813257
1607018281.988806486
1607018282.088806868
1607018282.188807011
1607018282.288807392
1607018282.388806581
1607018282.488806963
1607018282.588807344
1607018282.688806772
1607018282.788812876
1607018282.888806581
1607018282.988812923
1607018283.088806629
1607018283.188806534
1607018283.288807154
1607018283.388816833
1607018283.488808632
1607018283.588807106
1607018283.688806772
1607018283.788806915
1607018283.888807058
1607018283.988807440
1607018284.088807106
1607018284.188807011
1607018284.288810253
1607018284.388810158
1607018284.488807678
1607018284.588812828
1607018284.688807249
1607018284.788807631
1607018284.888807058
1607018284.988807440
1607018285.088806868
1607018285.188807011
1607018285.288808107
1607018285.388807774
1607018285.488813639
1607018285.588812351
1607018285.688809395
1607018285.788808584
1607018285.888813496
1607018285.988807201
1607018286.088806868
1607018286.188806772
1607018286.288825512
1607018286.388810396
1607018286.488808393
1607018286.588807344
1607018286.688807249
1607018286.788806677
1607018286.888807058
1607018286.988807678
1607018287.088807344
1607018287.188807011
1607018287.288811922
1607018287.388818026
1607018287.488810062
1607018287.588807583
1607018287.688807487
1607018287.788806915
1607018287.888813019
1607018287.988806963
1607018288.088806868
1607018288.188807011
1607018288.288807154
1607018288.388807535
1607018288.488807201
1607018288.588810921
1607018288.688807011
1607018288.788806915
1607018288.888807297
1607018288.988806963
1607018289.088806868
1607018289.188806772
1607018289.288807392
1607018289.388815880
1607018289.488810539
1607018289.588808775
1607018289.688808203
1607018289.788807631
1607018289.888808966
1607018289.988808155
1607018290.088807344
1607018290.188819647
1607018290.288822174
1607018290.388828039
1607018290.488811255
1607018290.588808298
1607018290.688808441
1607018290.788806915
1607018290.888807774
1607018290.988807917
1607018291.088813305
1607018291.188807011
1607018291.288807392
1607018291.388808250
1607018291.488807440
1607018291.588807344
1607018291.688807487
1607018291.788806915
1607018291.888806581
1607018291.988812923
1607018292.088813066
1607018292.188806772
1607018292.288807154
1607018292.388809443
1607018292.488808393
1607018292.588814020
1607018292.688807487
1607018292.788806915
1607018292.888806820
1607018292.988807678
1607018293.088806868
1607018293.188807011
1607018293.288807154
1607018293.388807535
1607018293.488818407
1607018293.588807583
1607018293.688807249
1607018293.788806915
1607018293.888807058
1607018293.988806963
1607018294.088806629
1607018294.188806534
1607018294.288808107
1607018294.388807058
1607018294.488806725
1607018294.588807821
1607018294.688807249
1607018294.788806677
1607018294.888807058
1607018294.988806486
1607018295.088806868
1607018295.188806534
1607018295.288818598
1607018295.388822794
1607018295.488810778
1607018295.588807583
1607018295.688807249
1607018295.788806915
1607018295.888813019
1607018295.988808393
1607018296.088807583
1607018296.188806772
1607018296.288808346
1607018296.388812304
1607018296.488807917
1607018296.588809013
1607018296.688807011
1607018296.788806915
1607018296.888807058
1607018296.988806963
1607018297.088806629
1607018297.188807249
1607018297.288807154
1607018297.388807058
1607018297.488806963
