1607017572.470179796
1607017572.570470095
1607017572.670717239
1607017572.770984650
1607017572.871259212
1607017572.971520901
1607017573.071758509
1607017573.171997309
1607017573.272232533
1607017573.372518301
1607017573.472928286
1607017573.573184252
1607017573.673443079
1607017573.773679256
1607017573.874145269
1607017573.974398136
1607017574.074694872
1607017574.174958944
1607017574.275222778
1607017574.375466824
1607017574.475716114
1607017574.575954676
1607017574.676191807
1607017574.776465178
1607017574.876910210
1607017574.977157116
1607017575.077437401
1607017575.177675247
1607017575.277904272
1607017575.378157616
1607017575.478397608
1607017575.578648567
1607017575.678898335
1607017575.779140711
1607017575.879375696
1607017575.979630470
1607017576.079858065
1607017576.180083990
1607017576.280306101
1607017576.380564213
1607017576.480790138
1607017576.581026793
1607017576.681298733
1607017576.781575680
1607017576.881815672
1607017576.982078075
1607017577.082303047
1607017577.182534933
1607017577.282778025
1607017577.382992268
1607017577.483288288
1607017577.583674192
1607017577.683910847
1607017577.784147263
1607017577.884405851
1607017577.984631777
1607017578.084859371
1607017578.185092926
1607017578.285336256
1607017578.385618210
1607017578.485870123
1607017578.586113214
1607017578.686332941
1607017578.786573648
1607017578.886811733
1607017578.987061262
1607017579.087851048
1607017579.188106537
1607017579.289041519
1607017579.389259100
1607017579.489472151
1607017579.589628935
1607017579.689841509
1607017579.790011168
1607017579.890155554
1607017579.990287781
1607017580.090425968
1607017580.190570116
1607017580.290720224
1607017580.390861750
1607017580.490965128
1607017580.591099024
1607017580.691236258
1607017580.791391134
1607017580.891609192
1607017580.991831303
1607017581.092091084
1607017581.192325354
1607017581.292539597
1607017581.392768860
1607017581.492983103
1607017581.593191862
1607017581.693440676
1607017581.793663263
1607017581.894006729
1607017581.994207621
1607017582.094378710
1607017582.194558620
1607017582.294703722
1607017582.394845486
1607017582.494963884
1607017582.595100641
1607017582.695251465
1607017582.795414448
1607017582.895676136
1607017582.995884657
1607017583.096073866
1607017583.196206093
1607017583.296341896
1607017583.396488190
1607017583.496650219
1607017583.596847534
1607017583.697079659
1607017583.797322989
1607017583.897542477
1607017583.997771025
1607017584.097986460
1607017584.198193789
1607017584.298385382
1607017584.398542643
1607017584.498783827
1607017584.598993301
1607017584.700124502
1607017584.800348282
1607017584.900575638
1607017585.000856638
1607017585.101079941
1607017585.201306820
1607017585.301537275
1607017585.401781797
1607017585.502001762
1607017585.602217197
1607017585.702437878
1607017585.802677155
1607017585.902822495
1607017586.002965212
1607017586.103103638
1607017586.203254938
1607017586.303402901
1607017586.403560400
1607017586.503776312
1607017586.603969812
1607017586.704208851
1607017586.804358959
1607017586.904508352
1607017587.004646063
1607017587.104798794
1607017587.205023527
1607017587.305248976
1607017587.405472279
1607017587.505709648
1607017587.605927944
1607017587.706151247
1607017587.806397200
1607017587.906610966
1607017588.006830454
1607017588.107064962
1607017588.207285166
1607017588.307501078
1607017588.407721996
1607017588.507973194
1607017588.608186245
1607017588.708397150
1607017588.808607578
1607017588.908807516
1607017589.008983135
1607017589.109184504
1607017589.209420681
1607017589.309605837
1607017589.409765482
1607017589.509986401
1607017589.610204935
1607017589.710435629
1607017589.810671091
1607017589.911431074
1607017590.011651039
1607017590.111993551
1607017590.212224722
1607017590.312459707
1607017590.412740469
1607017590.512969017
1607017590.613215923
1607017590.713513613
1607017590.813755512
1607017590.913975000
1607017591.014200926
1607017591.114405632
1607017591.214605808
1607017591.314812899
1607017591.414981365
1607017591.515231133
1607017591.615403414
1607017591.715590715
1607017591.815732718
1607017591.915896177
1607017592.016026258
1607017592.116177320
1607017592.216369867
1607017592.316513300
1607017592.416667223
1607017592.516812801
1607017592.616955757
1607017592.717090368
1607017592.817216396
1607017592.917343616
1607017593.017469645
1607017593.117596865
1607017593.217728376
1607017593.317861080
1607017593.418011665
1607017593.518145800
1607017593.618288279
1607017593.718425274
1607017593.818551302
1607017593.918678284
1607017594.018806219
1607017594.118935823
1607017594.219079018
1607017594.319221497
1607017594.419449091
1607017594.519684315
1607017594.619925976
1607017594.720139980
1607017594.820354223
1607017594.920598507
1607017595.020809412
1607017595.121002197
1607017595.221166611
1607017595.321325779
1607017595.421547413
1607017595.521741152
1607017595.621949196
1607017595.722125530
1607017595.822293043
1607017595.922425270
1607017596.022559643
1607017596.122696400
1607017596.222909689
1607017596.323136568
1607017596.423676968
1607017596.523855686
1607017596.623999357
1607017596.724172592
1607017596.824427605
1607017596.924660206
1607017597.024912596
1607017597.125125170
1607017597.225300074
1607017597.325500965
1607017597.425661802
1607017597.525893927
1607017597.626136780
1607017597.726367474
1607017597.826604366
1607017597.926778316
1607017598.026924372
1607017598.127067804
1607017598.227206230
1607017598.327365160
1607017598.427592754
1607017598.527834892
1607017598.628106833
1607017598.729602814
1607017598.829828739
1607017598.930020332
1607017599.030176401
1607017599.130541801
1607017599.230772257
1607017599.330982208
1607017599.431203842
1607017599.531451464
1607017599.631671667
1607017599.731879950
1607017599.832056522
1607017599.932279587
1607017600.032492399
1607017600.132656574
1607017600.232928514
1607017600.333222866
1607017600.433452368
1607017600.533712387
1607017600.633937836
1607017600.734161854
1607017600.834401846
1607017600.934594393
1607017601.034810781
1607017601.134980917
1607017601.235233545
1607017601.335461140
1607017601.435688257
1607017601.535932541
1607017601.636147738
1607017601.736354113
1607017601.836502790
1607017601.936688900
1607017602.036829233
1607017602.136986256
1607017602.237193823
1607017602.337438107
1607017602.437667370
1607017602.537866592
1607017602.638099909
1607017602.738293886
1607017602.838441372
1607017602.938616514
1607017603.038785219
1607017603.138962030
1607017603.239408731
1607017603.339665890
1607017603.439887285
1607017603.540111780
1607017603.640327930
1607017603.740513086
1607017603.840713739
1607017603.940927267
1607017604.041164637
1607017604.141375065
1607017604.241592646
1607017604.341814280
1607017604.442059755
1607017604.542271376
1607017604.642453671
1607017604.742613554
1607017604.842865467
1607017604.943090200
1607017605.043299675
1607017605.143464565
1607017605.243667364
1607017605.343844891
1607017605.444054365
1607017605.544219971
1607017605.644367456
1607017605.744539261
1607017605.844752312
1607017605.944947243
1607017606.045120478
1607017606.145267248
1607017606.245414257
1607017606.345587969
1607017606.445792437
1607017606.545948744
1607017606.646108866
1607017606.746263742
1607017606.846466780
1607017606.946619749
1607017607.046763420
1607017607.146908998
1607017607.247073650
1607017607.347230673
1607017607.447440386
1607017607.547615051
1607017607.647770882
1607017607.747927189
1607017607.848126650
1607017607.948272467
1607017608.048408031
1607017608.148540497
1607017608.248687267
1607017608.348889351
1607017608.449093819
1607017608.549240112
1607017608.649382353
1607017608.749541759
1607017608.849735260
1607017608.949872971
1607017609.050019264
1607017609.150150299
1607017609.250280619
1607017609.350421906
1607017609.450597048
1607017609.550740480
1607017609.650892019
1607017609.751045704
1607017609.851224661
1607017609.951362610
1607017610.051509619
1607017610.151641846
1607017610.251785040
1607017610.351928949
1607017610.452129841
1607017610.552267313
1607017610.652397871
1607017610.752540588
1607017610.852730989
1607017610.952879667
1607017611.053062677
1607017611.153192043
1607017611.253320694
1607017611.353470325
1607017611.453713179
1607017611.553861141
1607017611.654011250
1607017611.754185438
1607017611.854401112
1607017611.954540968
1607017612.054685116
1607017612.154816866
1607017612.254947424
1607017612.355094194
1607017612.455273151
1607017612.555410147
1607017612.655555964
1607017612.755696774
1607017612.855902910
1607017612.956037045
1607017613.056169271
1607017613.156310558
1607017613.256476402
1607017613.356624126
1607017613.456812859
1607017613.556956530
1607017613.657100201
1607017613.757254839
1607017613.857453823
1607017613.957614183
1607017614.057755709
1607017614.157903194
1607017614.258045912
1607017614.358202457
1607017614.458410263
1607017614.558566093
1607017614.658708334
1607017614.758867741
1607017614.859072924
1607017614.959222555
1607017615.059394836
1607017615.159547329
1607017615.259699821
1607017615.359854221
1607017615.460043669
1607017615.560194492
1607017615.660354853
1607017615.760514736
1607017615.860703945
1607017615.960869789
1607017616.061013699
1607017616.161159754
1607017616.261318445
1607017616.361507416
1607017616.461704493
1607017616.561853170
1607017616.662004232
1607017616.762162209
1607017616.862385750
1607017616.962534428
1607017617.062682629
1607017617.162825108
1607017617.262965679
1607017617.363121986
1607017617.463329792
1607017617.563478947
1607017617.663620710
1607017617.763782978
1607017617.863982916
1607017617.964132071
1607017618.064282417
1607017618.164429188
1607017618.264577627
1607017618.364734650
1607017618.464929581
1607017618.565079451
1607017618.665259600
1607017618.765414000
1607017618.865603447
1607017618.965751171
1607017619.065921545
1607017619.166066885
1607017619.266241550
1607017619.366402864
1607017619.466604948
1607017619.566761732
1607017619.666906834
1607017619.767067671
1607017619.867267609
1607017619.967416048
1607017620.067566633
1607017620.167744160
1607017620.267889023
1607017620.368046522
1607017620.468266487
1607017620.568420410
1607017620.668563604
1607017620.768718958
1607017620.868945360
1607017620.969093800
1607017621.069245577
1607017621.169388771
1607017621.269569874
1607017621.369794846
1607017621.470033884
1607017621.570251465
1607017621.670234919
1607017621.770243883
1607017621.870241880
1607017621.970235586
1607017622.070241451
1607017622.170238018
1607017622.270235300
1607017622.370245457
1607017622.470236063
1607017622.570235729
1607017622.670235872
1607017622.770248413
1607017622.870236874
1607017622.970235586
1607017623.070235729
1607017623.170235872
1607017623.270235538
1607017623.370251179
1607017623.470236301
1607017623.570233107
1607017623.670235157
1607017623.770243168
1607017623.870239019
1607017623.970249414
1607017624.070246458
1607017624.170233250
1607017624.270232439
1607017624.370245934
1607017624.470235109
1607017624.570236444
1607017624.670246124
1607017624.770246029
1607017624.870237112
1607017624.970242262
1607017625.070235252
1607017625.170239687
1607017625.270236731
1607017625.370247841
1607017625.470247030
1607017625.570235968
1607017625.670235872
1607017625.770248652
1607017625.870235920
1607017625.970235348
1607017626.070235491
1607017626.170236588
1607017626.270249844
1607017626.370249033
1607017626.470236301
1607017626.570235729
1607017626.670235634
1607017626.770244837
1607017626.870242119
1607017626.970238686
1607017627.070235729
1607017627.170235395
1607017627.270235538
1607017627.370245457
1607017627.470236540
1607017627.570238829
1607017627.670235872
1607017627.770244598
1607017627.870236635
1607017627.970236063
1607017628.070235729
1607017628.170238256
1607017628.270235538
1607017628.370248079
1607017628.470236301
1607017628.570235729
1607017628.670235872
1607017628.770249128
1607017628.870235682
1607017628.970235586
1607017629.070241928
1607017629.170235395
1607017629.270235777
1607017629.370264292
1607017629.470237255
1607017629.570241928
1607017629.670236111
1607017629.770245552
1607017629.870241642
1607017629.970239401
1607017630.070235968
1607017630.170235634
1607017630.270236254
1607017630.370246410
1607017630.470235825
1607017630.570239067
1607017630.670235634
1607017630.770245552
1607017630.870236397
1607017630.970235586
1607017631.070235491
1607017631.170238018
1607017631.270241737
1607017631.370244980
1607017631.470242262
1607017631.570236206
1607017631.670235395
1607017631.770248175
1607017631.870236874
1607017631.970238686
1607017632.070233822
1607017632.170233488
1607017632.270235062
1607017632.370249271
1607017632.470235109
1607017632.570233345
1607017632.670233250
1607017632.770245075
1607017632.870234251
1607017632.970242739
1607017633.070233822
1607017633.170232534
1607017633.270247936
1607017633.370245934
1607017633.470235348
1607017633.570240259
1607017633.670236826
1607017633.770245790
1607017633.870237112
1607017633.970235825
1607017634.070235491
1607017634.170238256
1607017634.270236254
1607017634.370245934
1607017634.470237255
1607017634.570241690
1607017634.670235872
1607017634.770248413
1607017634.870242357
1607017634.970235825
1607017635.070235491
1607017635.170235634
1607017635.270235062
1607017635.370249748
1607017635.470243454
1607017635.570235729
1607017635.670235634
1607017635.770244837
1607017635.870237350
1607017635.970242262
1607017636.070242167
1607017636.170236349
1607017636.270241976
1607017636.370254755
1607017636.470236063
1607017636.570237637
1607017636.670235872
1607017636.770245552
1607017636.870245218
1607017636.970235586
1607017637.070235729
1607017637.170261383
1607017637.270236254
1607017637.370250225
1607017637.470249891
1607017637.570250034
1607017637.670239449
1607017637.770249844
1607017637.870235920
1607017637.970235348
1607017638.070235252
1607017638.170235395
1607017638.270235538
1607017638.370248556
1607017638.470237970
1607017638.570236206
1607017638.670236111
1607017638.770245075
1607017638.870243073
1607017638.970242500
1607017639.070235968
1607017639.170242786
1607017639.270235777
1607017639.370245218
1607017639.470236778
1607017639.570239305
1607017639.670235872
1607017639.770271063
1607017639.870239258
1607017639.970235348
1607017640.070239544
1607017640.170235872
1607017640.270233631
1607017640.370247841
1607017640.470232964
1607017640.570232868
1607017640.670232296
1607017640.770246983
1607017640.870233536
1607017640.970239401
1607017641.070232630
1607017641.170232773
1607017641.270232916
1607017641.370248318
1607017641.470234156
1607017641.570232868
1607017641.670233011
1607017641.770241022
1607017641.870233536
1607017641.970235348
1607017642.070236921
1607017642.170232773
1607017642.270232201
1607017642.370242596
1607017642.470239639
1607017642.570234299
1607017642.670232296
1607017642.770243645
1607017642.870232821
1607017642.970238924
1607017643.070232630
1607017643.170238495
1607017643.270233154
1607017643.370247126
1607017643.470233440
1607017643.570233583
1607017643.670233011
1607017643.770244360
1607017643.870232821
1607017643.970232487
1607017644.070238590
1607017644.170232296
1607017644.270231962
1607017644.370248318
1607017644.470237494
1607017644.570233107
1607017644.670232773
1607017644.770244122
1607017644.870233536
1607017644.970235109
1607017645.070252895
1607017645.170234680
1607017645.270252228
1607017645.370246172
1607017645.470232964
1607017645.570236206
1607017645.670232534
1607017645.770240545
1607017645.870232821
1607017645.970232010
1607017646.070231915
1607017646.170235395
1607017646.270232677
1607017646.370241642
1607017646.470238686
1607017646.570232630
1607017646.670232534
1607017646.770246744
1607017646.870233774
1607017646.970232725
1607017647.070232630
1607017647.170232534
1607017647.270232677
1607017647.370248079
1607017647.470233440
1607017647.570233107
1607017647.670240641
1607017647.770249128
1607017647.870233536
1607017647.970235825
1607017648.070236206
1607017648.170233011
1607017648.270231962
1607017648.370244026
1607017648.470239401
1607017648.570234299
1607017648.670235634
1607017648.770242453
1607017648.870232821
1607017648.970232725
1607017649.070232630
1607017649.170235395
1607017649.270232916
1607017649.370246887
1607017649.470233202
1607017649.570233822
1607017649.670239210
1607017649.770246267
1607017649.870232344
1607017649.970232010
1607017650.070232153
1607017650.170232058
1607017650.270233631
1607017650.370244741
1607017650.470234156
1607017650.570232391
1607017650.670238256
1607017650.770244122
1607017650.870233297
1607017650.970234871
1607017651.070236683
1607017651.170239449
1607017651.270232677
1607017651.370245695
1607017651.470233202
1607017651.570236444
1607017651.670232773
1607017651.770240307
1607017651.870232582
1607017651.970232248
1607017652.070232391
1607017652.170234203
1607017652.270232201
1607017652.370244741
1607017652.470232725
1607017652.570233107
1607017652.670232296
1607017652.770252466
1607017652.870233536
1607017652.970233917
1607017653.070232153
1607017653.170232296
1607017653.270232439
1607017653.370254278
1607017653.470234156
1607017653.570232153
1607017653.670232296
1607017653.770240307
1607017653.870232582
1607017653.970235586
1607017654.070232868
1607017654.170235634
1607017654.270232439
1607017654.370243549
1607017654.470232487
1607017654.570239782
1607017654.670233011
1607017654.770247459
1607017654.870234251
1607017654.970232725
1607017655.070239067
1607017655.170242310
1607017655.270232439
1607017655.370243788
1607017655.470233202
1607017655.570237398
1607017655.670233250
1607017655.770244598
1607017655.870233536
1607017655.970232487
1607017656.070232153
1607017656.170232058
1607017656.270232439
1607017656.370254517
1607017656.470235109
1607017656.570232630
1607017656.670232296
1607017656.770250320
1607017656.870233297
1607017656.970235348
1607017657.070233107
1607017657.170239687
1607017657.270252466
1607017657.370245218
1607017657.470233679
1607017657.570237875
1607017657.670234919
1607017657.770242453
1607017657.870232582
1607017657.970232248
1607017658.070232153
1607017658.170255423
1607017658.270232916
1607017658.370244026
1607017658.470232964
1607017658.570232868
1607017658.670232058
1607017658.770247221
1607017658.870233297
1607017658.970232725
1607017659.070239067
1607017659.170232773
1607017659.270232677
1607017659.370248318
1607017659.470234632
1607017659.570238829
1607017659.670233011
1607017659.770241737
1607017659.870232821
1607017659.970235586
1607017660.070232630
1607017660.170236111
1607017660.270232201
1607017660.370244503
1607017660.470233917
1607017660.570235729
1607017660.670234919
1607017660.770268679
1607017660.870233536
1607017660.970232487
1607017661.070232630
1607017661.170235395
1607017661.270233393
1607017661.370244026
1607017661.470233917
1607017661.570232868
1607017661.670232773
1607017661.770244122
1607017661.870232821
1607017661.970238686
1607017662.070232391
1607017662.170232296
1607017662.270232201
1607017662.370244503
1607017662.470234156
1607017662.570232153
1607017662.670232058
1607017662.770243645
1607017662.870233774
1607017662.970236063
1607017663.070232868
1607017663.170232534
1607017663.270236731
1607017663.370269775
1607017663.470234394
1607017663.570235968
1607017663.670232773
1607017663.770241261
1607017663.870233059
1607017663.970234394
1607017664.070233107
1607017664.170235872
1607017664.270232916
1607017664.370244741
1607017664.470232964
1607017664.570233107
1607017664.670232773
1607017664.770247459
1607017664.870233536
1607017664.970239162
1607017665.070232630
1607017665.170233250
1607017665.270233154
1607017665.370248556
1607017665.470234156
1607017665.570232868
1607017665.670232534
1607017665.770241499
1607017665.870232821
1607017665.970236063
1607017666.070237160
1607017666.170232534
1607017666.270238161
1607017666.370244265
1607017666.470232487
1607017666.570235014
1607017666.670232296
1607017666.770243406
1607017666.870232821
1607017666.970232487
1607017667.070232868
1607017667.170236111
1607017667.270232677
1607017667.370244026
1607017667.470235586
1607017667.570234299
1607017667.670233011
1607017667.770244122
1607017667.870233059
1607017667.970232248
1607017668.070238829
1607017668.170232058
1607017668.270231962
1607017668.370247602
1607017668.470234156
1607017668.570232630
1607017668.670234680
1607017668.770243883
1607017668.870233059
1607017668.970234871
1607017669.070232630
1607017669.170232058
1607017669.270246267
1607017669.370245695
1607017669.470233679
1607017669.570236206
1607017669.670233011
1607017669.770243168
1607017669.870233059
1607017669.970232487
1607017670.070238590
1607017670.170234203
1607017670.270232677
1607017670.370243311
1607017670.470232964
1607017670.570233107
1607017670.670232058
1607017670.770246983
1607017670.870239496
1607017670.970232487
1607017671.070232630
1607017671.170232534
1607017671.270237207
1607017671.370246887
1607017671.470234156
1607017671.570232391
1607017671.670232534
1607017671.770240784
1607017671.870232582
1607017671.970234871
1607017672.070238829
1607017672.170232058
1607017672.270235062
1607017672.370244503
1607017672.470232725
