1607018407.497067451
1607018407.597378969
1607018407.697732449
1607018407.797953129
1607018407.898163795
1607018407.998457432
1607018408.098710060
1607018408.198920012
1607018408.299197674
1607018408.399415255
1607018408.499633312
1607018408.599907398
1607018408.700234175
1607018408.800481796
1607018408.900695801
1607018409.000917196
1607018409.101181984
1607018409.201425791
1607018409.301743269
1607018409.402085781
1607018409.502354860
1607018409.602592945
1607018409.702970028
1607018409.803199768
1607018409.903411865
1607018410.003623486
1607018410.103900671
1607018410.204130173
1607018410.304420710
1607018410.404647350
1607018410.504856110
1607018410.605064631
1607018410.705331564
1607018410.805545092
1607018410.905784845
1607018411.006074429
1607018411.106285572
1607018411.206494093
1607018411.306732178
1607018411.406988144
1607018411.507267952
1607018411.607553005
1607018411.707799196
1607018411.808012247
1607018411.908319712
1607018412.008641005
1607018412.108915806
1607018412.209154129
1607018412.309371471
1607018412.409648418
1607018412.509863853
1607018412.610142231
1607018412.710378647
1607018412.810596228
1607018412.910861015
1607018413.011074543
1607018413.111308813
1607018413.211519241
1607018413.311815739
1607018413.412042618
1607018413.512265921
1607018413.612529755
1607018413.712736845
1607018413.812958717
1607018413.913189650
1607018414.013398886
1607018414.113625765
1607018414.213887453
1607018414.314094305
1607018414.414314985
1607018414.514579296
1607018414.614791870
1607018414.715073347
1607018414.815338135
1607018414.915607452
1607018415.015820980
1607018415.116067171
1607018415.216332674
1607018415.316562176
1607018415.416873455
1607018415.517096758
1607018415.617310762
1607018415.717630625
1607018415.817844629
1607018415.918049335
1607018416.018316031
1607018416.118531227
1607018416.218744993
1607018416.318986416
1607018416.419315577
1607018416.519529819
1607018416.619736433
1607018416.719962835
1607018416.820240736
1607018416.920477152
1607018417.020693779
1607018417.120900154
1607018417.221100330
1607018417.321311951
1607018417.421551228
1607018417.521845341
1607018417.622056961
1607018417.722311258
1607018417.822515965
1607018417.922716141
1607018418.022929192
1607018418.123153687
1607018418.223356485
1607018418.323563576
1607018418.423771620
1607018418.523976326
1607018418.624181747
1607018418.724399805
1607018418.824602365
1607018418.924807310
1607018419.025005817
1607018419.125231743
1607018419.225498915
1607018419.325727701
1607018419.425983191
1607018419.526261330
1607018419.626485348
1607018419.726729870
1607018419.826982498
1607018419.927187443
1607018420.027386904
1607018420.127608776
1607018420.227876425
1607018420.328099251
1607018420.428332329
1607018420.528534174
1607018420.628736734
1607018420.728953123
1607018420.829238176
1607018420.929441690
1607018421.029638529
1607018421.129837990
1607018421.230036020
1607018421.330254555
1607018421.430544615
1607018421.530759335
1607018421.630979776
1607018421.731246948
1607018421.831514120
1607018421.931735516
1607018422.032001019
1607018422.132239342
1607018422.232462883
1607018422.332747936
1607018422.433019161
1607018422.533226490
1607018422.633424997
1607018422.733638287
1607018422.833841801
1607018422.934065580
1607018423.034274578
1607018423.134498835
1607018423.234757900
1607018423.334983587
1607018423.435202360
1607018423.535440207
1607018423.635758877
1607018423.736124754
1607018423.836457729
1607018423.936818123
1607018424.037150860
1607018424.137477160
1607018424.237830400
1607018424.338221788
1607018424.438517332
1607018424.538744688
1607018424.638948917
1607018424.739160299
1607018424.839367390
1607018424.939582586
1607018425.039834261
1607018425.140052795
1607018425.240295649
1607018425.340622663
1607018425.440885067
1607018425.541117430
1607018425.641359091
1607018425.741605520
1607018425.841820955
1607018425.942061901
1607018426.042381525
1607018426.142612457
1607018426.242848873
1607018426.343090057
1607018426.443353891
1607018426.543617725
1607018426.643841743
1607018426.744062662
1607018426.844318628
1607018426.944527388
1607018427.044752359
1607018427.145040989
1607018427.245291948
1607018427.345535994
1607018427.445827246
1607018427.546073198
1607018427.646306276
1607018427.746589661
1607018427.846802473
1607018427.947037458
1607018428.047253847
1607018428.147498131
1607018428.247831106
1607018428.348127604
1607018428.448351145
1607018428.548559189
1607018428.648769140
1607018428.748988628
1607018428.849206209
1607018428.949435472
1607018429.049641132
1607018429.149856329
1607018429.250074863
1607018429.350289345
1607018429.450510979
1607018429.550747395
1607018429.650962114
1607018429.751187325
1607018429.851442814
1607018429.951680422
1607018430.051896095
1607018430.152141333
1607018430.252351999
1607018430.352560997
1607018430.452764750
1607018430.552970409
1607018430.653173685
1607018430.753396273
1607018430.853599072
1607018430.953807592
1607018431.054007053
1607018431.154207230
1607018431.254447699
1607018431.354686022
1607018431.454890251
1607018431.555094004
1607018431.655301809
1607018431.755513430
1607018431.855722666
1607018431.955970764
1607018432.056208134
1607018432.156494379
1607018432.256703615
1607018432.356921434
1607018432.457132816
1607018432.557384253
1607018432.657697678
1607018432.757991791
1607018432.858233213
1607018432.958563805
1607018433.058817863
1607018433.159128904
1607018433.259388208
1607018433.359626770
1607018433.459934711
1607018433.560231209
1607018433.660501242
1607018433.760728121
1607018433.860940933
1607018433.961152792
1607018434.061367512
1607018434.161634922
1607018434.261846781
1607018434.362057924
1607018434.462268353
1607018434.562468290
1607018434.662673950
1607018434.762908459
1607018434.863140106
1607018434.963345528
1607018435.063546896
1607018435.163754940
1607018435.263965368
1607018435.364214897
1607018435.464429617
1607018435.564639091
1607018435.664842129
1607018435.765043497
1607018435.865291834
1607018435.965563774
1607018436.065773726
1607018436.165972471
1607018436.266175270
1607018436.366388798
1607018436.466613054
1607018436.566853046
1607018436.667066097
1607018436.767273664
1607018436.867480993
1607018436.967685938
1607018437.067895889
1607018437.168128729
1607018437.268379927
1607018437.368673801
1607018437.468904972
1607018437.569132090
1607018437.669346809
1607018437.769586563
1607018437.869812489
1607018437.970011473
1607018438.070211649
1607018438.170409679
1607018438.270617008
1607018438.370861769
1607018438.471073866
1607018438.571277380
1607018438.671483517
1607018438.771682739
1607018438.871898890
1607018438.972167969
1607018439.072383404
1607018439.172585964
1607018439.272790194
1607018439.373044491
1607018439.473353386
1607018439.573610067
1607018439.673866510
1607018439.774087667
1607018439.874294281
1607018439.974503040
1607018440.074715376
1607018440.174954414
1607018440.275165081
1607018440.375404596
1607018440.475615978
1607018440.575819016
1607018440.676029205
1607018440.776265383
1607018440.876473665
1607018440.976677656
1607018441.076882124
1607018441.177105665
1607018441.277395964
1607018441.377655506
1607018441.477901697
1607018441.578115702
1607018441.678320169
1607018441.778528214
1607018441.878753901
1607018441.978966951
1607018442.079206705
1607018442.179408550
1607018442.279619694
1607018442.379838705
1607018442.480064631
1607018442.580271959
1607018442.680472374
1607018442.780699015
1607018442.880999088
1607018442.981297493
1607018443.081563950
1607018443.181876659
1607018443.282130241
1607018443.382417679
1607018443.482637167
1607018443.582862377
1607018443.683126211
1607018443.783360243
1607018443.883635521
1607018443.983872652
1607018444.084078550
1607018444.184284449
1607018444.284510374
1607018444.384801388
1607018444.485067368
1607018444.585292339
1607018444.685499668
1607018444.785701990
1607018444.885940075
1607018444.986177444
1607018445.086405039
1607018445.186619043
1607018445.286827803
1607018445.387070656
1607018445.487346888
1607018445.587591887
1607018445.687816143
1607018445.788018465
1607018445.888218641
1607018445.988440990
1607018446.088665009
1607018446.188880682
1607018446.289131403
1607018446.389366627
1607018446.489590883
1607018446.589801311
1607018446.690002918
1607018446.790207863
1607018446.890424967
1607018446.990646839
1607018447.090850353
1607018447.191053152
1607018447.291254520
1607018447.391490459
1607018447.491769552
1607018447.592020750
1607018447.692278624
1607018447.792545080
1607018447.892768621
1607018447.993016958
1607018448.093290329
1607018448.193554640
1607018448.293790817
1607018448.394010782
1607018448.494216919
1607018448.594441891
1607018448.694659710
1607018448.794865608
1607018448.895074129
1607018448.995287180
1607018449.095493555
1607018449.195713043
1607018449.295954943
1607018449.396183014
1607018449.496423006
1607018449.596629381
1607018449.696828842
1607018449.797037601
1607018449.897058249
1607018449.997056007
1607018450.097057104
1607018450.197054863
1607018450.297058582
1607018450.397060871
1607018450.497057199
1607018450.597058535
1607018450.697055578
1607018450.797055483
1607018450.897064209
1607018450.997081041
1607018451.097059488
1607018451.197056055
1607018451.297059774
1607018451.397073746
1607018451.497061968
1607018451.597064257
1607018451.697059870
1607018451.797056437
1607018451.897055864
1607018451.997060537
1607018452.097057819
1607018452.197056532
1607018452.297063828
1607018452.397058725
1607018452.497055769
1607018452.597054243
1607018452.697054148
1607018452.797079325
1607018452.897071362
1607018452.997062683
1607018453.097059250
1607018453.197057247
1607018453.297057867
1607018453.397071123
1607018453.497065067
1607018453.597104073
1607018453.697071075
1607018453.797062635
1607018453.897061110
1607018453.997066498
1607018454.097057581
1607018454.197086811
1607018454.297081947
1607018454.397070885
1607018454.497078419
1607018454.597067118
1607018454.697077751
1607018454.797065496
1607018454.897063971
1607018454.997059822
1607018455.097075939
1607018455.197079897
1607018455.297067642
1607018455.397063971
1607018455.497058868
1607018455.597085476
1607018455.697069883
1607018455.797058582
1607018455.897056341
1607018455.997055054
1607018456.097054958
1607018456.197061062
1607018456.297086239
1607018456.397066355
1607018456.497065544
1607018456.597057343
1607018456.697056293
1607018456.797063112
1607018456.897060871
1607018456.997065067
1607018457.097064972
1607018457.197058678
1607018457.297059774
1607018457.397077084
1607018457.497063398
1607018457.597058058
1607018457.697056532
1607018457.797055721
1607018457.897055626
1607018457.997063398
1607018458.097058058
1607018458.197056293
1607018458.297057152
1607018458.397058487
1607018458.497057676
1607018458.597060680
1607018458.697057962
1607018458.797056675
1607018458.897055387
1607018458.997097254
1607018459.097061634
1607018459.197060108
1607018459.297076702
1607018459.397061110
1607018459.497056961
1607018459.597058058
1607018459.697056770
1607018459.797076702
1607018459.897081137
1607018459.997080326
1607018460.097081423
1607018460.197079182
1607018460.297079325
1607018460.397082329
1607018460.497083426
1607018460.597082615
1607018460.697083950
1607018460.797082663
1607018460.897082090
1607018460.997082949
1607018461.097092628
1607018461.197083235
1607018461.297083139
1607018461.397089005
1607018461.497082710
1607018461.597111464
1607018461.697094202
1607018461.797081947
1607018461.897083521
1607018461.997081518
1607018462.097081184
1607018462.197083950
1607018462.297080517
1607018462.397068501
1607018462.497059584
1607018462.597057581
1607018462.697069168
1607018462.797078133
1607018462.897061586
1607018462.997058630
1607018463.097066164
1607018463.197058678
1607018463.297078609
1607018463.397091866
1607018463.497081995
1607018463.597080708
1607018463.697063684
1607018463.797084093
1607018463.897065639
1607018463.997078896
1607018464.097061157
1607018464.197060585
1607018464.297089815
1607018464.397090435
1607018464.497061729
1607018464.597063065
1607018464.697057486
1607018464.797057867
1607018464.897077560
1607018464.997079849
1607018465.097079992
1607018465.197077751
1607018465.297090769
1607018465.397078991
1607018465.497080088
1607018465.597080231
1607018465.697079420
1607018465.797078609
1607018465.897083998
1607018465.997079134
1607018466.097080469
1607018466.197077990
1607018466.297082663
1607018466.397081375
1607018466.497081041
1607018466.597087145
1607018466.697079182
1607018466.797078609
1607018466.897120953
1607018466.997107029
1607018467.097085476
1607018467.197081089
1607018467.297085762
1607018467.397094250
1607018467.497078419
1607018467.597080231
1607018467.697083950
1607018467.797083139
1607018467.897093058
1607018467.997081280
1607018468.097079992
1607018468.197079897
1607018468.297080517
1607018468.397085428
1607018468.497081518
1607018468.597081900
1607018468.697080135
1607018468.797085524
1607018468.897081137
1607018468.997090340
1607018469.097088575
1607018469.197082996
1607018469.297080755
1607018469.397080660
1607018469.497081280
1607018469.597119808
1607018469.697104692
1607018469.797094822
1607018469.897080421
1607018469.997077942
1607018470.097076416
1607018470.197077513
1607018470.297065496
1607018470.397063732
1607018470.497060299
1607018470.597077370
1607018470.697083235
1607018470.797083139
1607018470.897083044
1607018470.997092724
1607018471.097083092
1607018471.197085142
1607018471.297084093
1607018471.397082806
1607018471.497084618
1607018471.597080708
1607018471.697063208
1607018471.797065496
1607018471.897081852
1607018471.997068167
1607018472.097070932
1607018472.197068691
1607018472.297065020
1607018472.397079706
1607018472.497060061
1607018472.597057343
1607018472.697064161
1607018472.797061205
1607018472.897057056
1607018472.997060061
1607018473.097055912
1607018473.197055578
1607018473.297085047
1607018473.397080898
1607018473.497064590
1607018473.597060680
1607018473.697063923
1607018473.797063112
1607018473.897083282
1607018473.997083902
1607018474.097089767
1607018474.197066784
1607018474.297078609
1607018474.397062778
1607018474.497057915
1607018474.597057819
1607018474.697056770
1607018474.797084332
1607018474.897078991
1607018474.997096539
1607018475.097069263
1607018475.197080851
1607018475.297074556
1607018475.397074938
1607018475.497079611
1607018475.597064734
1607018475.697069645
1607018475.797075748
1607018475.897066116
1607018475.997061729
1607018476.097079039
1607018476.197065830
1607018476.297082424
1607018476.397083759
1607018476.497066021
1607018476.597078562
1607018476.697072983
1607018476.797068596
1607018476.897056818
1607018476.997076511
1607018477.097062826
1607018477.197057962
1607018477.297058582
1607018477.397083759
1607018477.497068167
1607018477.597060680
1607018477.697103024
1607018477.797075987
1607018477.897059202
1607018477.997076511
1607018478.097068071
1607018478.197077513
1607018478.297075748
1607018478.397061586
1607018478.497058153
1607018478.597055912
1607018478.697066784
1607018478.797068119
1607018478.897063255
1607018478.997059345
1607018479.097076654
1607018479.197078466
1607018479.297087431
1607018479.397080183
1607018479.497068882
1607018479.597079039
1607018479.697064400
1607018479.797059774
1607018479.897056103
1607018479.997056246
1607018480.097059727
1607018480.197065830
1607018480.297060013
1607018480.397084475
1607018480.497064114
1607018480.597058058
1607018480.697056055
1607018480.797064304
1607018480.897058487
1607018480.997055769
1607018481.097054958
1607018481.197054863
1607018481.297065735
1607018481.397067070
1607018481.497062206
1607018481.597074747
1607018481.697064400
1607018481.797058582
1607018481.897072554
1607018481.997061968
1607018482.097072840
1607018482.197065592
1607018482.297083616
1607018482.397065163
1607018482.497081518
1607018482.597061634
1607018482.697062731
1607018482.797056198
1607018482.897055626
1607018482.997105122
1607018483.097104549
1607018483.197069407
1607018483.297061205
1607018483.397081852
1607018483.497061014
1607018483.597063780
1607018483.697058916
1607018483.797059298
1607018483.897057533
1607018483.997077942
1607018484.097060680
1607018484.197064877
1607018484.297073841
1607018484.397063017
1607018484.497063398
1607018484.597065210
1607018484.697058439
1607018484.797057390
1607018484.897077322
1607018484.997065306
1607018485.097058296
1607018485.197056532
1607018485.297061443
1607018485.397083044
1607018485.497087240
1607018485.597077608
1607018485.697061062
1607018485.797097445
1607018485.897060156
1607018485.997056723
1607018486.097055912
1607018486.197055817
1607018486.297079325
1607018486.397081852
1607018486.497061491
1607018486.597058535
1607018486.697056055
1607018486.797055483
1607018486.897054911
1607018486.997061729
1607018487.097057581
1607018487.197057486
1607018487.297056913
1607018487.397073507
1607018487.497062206
1607018487.597063780
1607018487.697066784
1607018487.797066212
1607018487.897062063
1607018487.997067451
1607018488.097074270
1607018488.197066069
1607018488.297058821
1607018488.397057295
1607018488.497063637
1607018488.597060204
1607018488.697058678
1607018488.797060251
1607018488.897058725
1607018488.997055531
1607018489.097055197
1607018489.197058439
1607018489.297085524
1607018489.397061825
1607018489.497061968
1607018489.597059488
1607018489.697070599
1607018489.797073841
1607018489.897063732
1607018489.997057676
1607018490.097057343
1607018490.197057247
1607018490.297075748
1607018490.397081375
1607018490.497071266
1607018490.597059727
1607018490.697057009
1607018490.797057867
1607018490.897064686
1607018490.997059584
1607018491.097081423
1607018491.197057724
1607018491.297056675
1607018491.397063255
1607018491.497063875
1607018491.597065449
1607018491.697056293
1607018491.797055960
1607018491.897055626
1607018491.997055292
1607018492.097061634
1607018492.197057962
1607018492.297057629
1607018492.397057295
1607018492.497055531
1607018492.597056389
1607018492.697061539
1607018492.797059536
1607018492.897056580
1607018492.997056246
1607018493.097055435
1607018493.197056055
1607018493.297061443
1607018493.397077560
1607018493.497062683
1607018493.597057343
1607018493.697057009
1607018493.797080755
1607018493.897065163
1607018493.997065067
1607018494.097057819
1607018494.197055578
1607018494.297058821
1607018494.397056580
1607018494.497064829
1607018494.597058296
1607018494.697057486
1607018494.797069311
1607018494.897061825
1607018494.997056723
1607018495.097059250
1607018495.197057724
1607018495.297078371
1607018495.397077799
1607018495.497061729
1607018495.597059965
1607018495.697056770
1607018495.797080278
1607018495.897083044
1607018495.997061968
1607018496.097065449
1607018496.197067261
1607018496.297082186
1607018496.397092342
1607018496.497071028
1607018496.597056150
1607018496.697055817
1607018496.797059059
1607018496.897078276
1607018496.997078896
1607018497.097078085
1607018497.197062254
1607018497.297059536
1607018497.397056818
1607018497.497057438
1607018497.597058773
1607018497.697067261
1607018497.797057390
1607018497.897055149
1607018497.997054338
1607018498.097054958
1607018498.197054386
1607018498.297063828
1607018498.397057533
1607018498.497059107
1607018498.597076178
1607018498.697070599
1607018498.797057867
1607018498.897077322
1607018498.997064114
1607018499.097057104
1607018499.197055101
1607018499.297056437
1607018499.397076368
1607018499.497078657
1607018499.597077847
1607018499.697075844
1607018499.797063828
1607018499.897057056
1607018499.997056961
1607018500.097062111
1607018500.197060823
1607018500.297059536
1607018500.397059679
1607018500.497057915
1607018500.597055912
1607018500.697055578
1607018500.797063589
1607018500.897058725
1607018500.997056007
1607018501.097055197
1607018501.197055101
1607018501.297056198
1607018501.397061110
1607018501.497082233
1607018501.597057343
1607018501.697055578
1607018501.797055244
1607018501.897054911
1607018501.997058868
1607018502.097057104
1607018502.197056770
1607018502.297087431
1607018502.397085190
1607018502.497083902
1607018502.597075462
1607018502.697067022
1607018502.797060490
1607018502.897064447
1607018502.997060537
1607018503.097062826
1607018503.197079659
1607018503.297062159
1607018503.397058964
1607018503.497071028
1607018503.597059727
1607018503.697055817
1607018503.797055244
1607018503.897054672
1607018503.997054338
1607018504.097060442
1607018504.197076082
1607018504.297057152
1607018504.397056818
1607018504.497081041
1607018504.597063065
1607018504.697057247
1607018504.797058344
1607018504.897058725
1607018504.997079134
1607018505.097078562
1607018505.197081566
1607018505.297082424
1607018505.397083282
1607018505.497081280
1607018505.597084999
1607018505.697091818
1607018505.797079563
1607018505.897078991
1607018505.997080564
1607018506.097079277
1607018506.197078466
1607018506.297078609
1607018506.397081852
1607018506.497079611
1607018506.597086430
1607018506.697083473
1607018506.797109365
1607018506.897104263
1607018506.997079134
1607018507.097080231
1607018507.197078466
1607018507.297077656
1607018507.397079468
1607018507.497078419
