1607017677.473733187
1607017677.573913336
1607017677.674096823
1607017677.774266720
1607017677.874456644
1607017677.974608660
1607017678.074763775
1607017678.174907923
1607017678.275055647
1607017678.375215054
1607017678.475424767
1607017678.575584888
1607017678.675765038
1607017678.775923014
1607017678.876119375
1607017678.976268291
1607017679.076413393
1607017679.176562309
1607017679.276728868
1607017679.376887798
1607017679.477091551
1607017679.577241421
1607017679.677386761
1607017679.777544498
1607017679.877747536
1607017679.977912188
1607017680.078065634
1607017680.178245544
1607017680.278393507
1607017680.378574371
1607017680.478785515
1607017680.578945637
1607017680.679096699
1607017680.779252052
1607017680.879461050
1607017680.979618311
1607017681.079772711
1607017681.179917812
1607017681.280062199
1607017681.380223989
1607017681.480432034
1607017681.580589056
1607017681.680765867
1607017681.780923843
1607017681.881111860
1607017681.981261253
1607017682.081408024
1607017682.181553841
1607017682.281713963
1607017682.381874323
1607017682.482072353
1607017682.582228184
1607017682.682375431
1607017682.782534122
1607017682.882736206
1607017682.982883453
1607017683.083034039
1607017683.183177471
1607017683.283320904
1607017683.383479595
1607017683.483688354
1607017683.583837986
1607017683.683982134
1607017683.784135103
1607017683.884319544
1607017683.984475851
1607017684.084638119
1607017684.184783936
1607017684.284928799
1607017684.385086060
1607017684.485289097
1607017684.585461855
1607017684.685626268
1607017684.785806656
1607017684.886005640
1607017684.986155272
1607017685.086300135
1607017685.186449766
1607017685.286648273
1607017685.386809826
1607017685.486972570
1607017685.587151527
1607017685.687317610
1607017685.787480593
1607017685.887683392
1607017685.987832069
1607017686.087975979
1607017686.188122988
1607017686.288284302
1607017686.388501406
1607017686.488703966
1607017686.589041471
1607017686.689188480
1607017686.789343357
1607017686.889538288
1607017686.989688873
1607017687.089841843
1607017687.189996004
1607017687.290189981
1607017687.390411139
1607017687.490613937
1607017687.590769291
1607017687.690939903
1607017687.791117668
1607017687.891303301
1607017687.991449833
1607017688.091594219
1607017688.191741943
1607017688.291902542
1607017688.392060757
1607017688.492247343
1607017688.592396259
1607017688.692552328
1607017688.792708635
1607017688.892910719
1607017688.993060589
1607017689.093204737
1607017689.193354368
1607017689.293497801
1607017689.393656731
1607017689.493860245
1607017689.594015598
1607017689.694160461
1607017689.794314146
1607017689.894500494
1607017689.994652510
1607017690.094809771
1607017690.194958925
1607017690.295102119
1607017690.395255327
1607017690.495479822
1607017690.595654488
1607017690.695818663
1607017690.795975924
1607017690.896160603
1607017690.996309280
1607017691.096453428
1607017691.196598053
1607017691.296760559
1607017691.396930695
1607017691.497126341
1607017691.597273588
1607017691.697417974
1607017691.797574043
1607017691.897773504
1607017691.997924566
1607017692.098069191
1607017692.198219061
1607017692.298369169
1607017692.398525238
1607017692.498717308
1607017692.598863363
1607017692.698965788
1607017692.799117327
1607017692.899301291
1607017692.999451637
1607017693.099602938
1607017693.199756861
1607017693.299900055
1607017693.400053978
1607017693.500238657
1607017693.600395441
1607017693.700580597
1607017693.800740719
1607017693.900928736
1607017694.001076460
1607017694.101224661
1607017694.201370955
1607017694.301529408
1607017694.401686668
1607017694.501873732
1607017694.602025986
1607017694.703579903
1607017694.803770304
1607017694.903961658
1607017695.004112244
1607017695.104258060
1607017695.204409361
1607017695.304559469
1607017695.404741526
1607017695.504921913
1607017695.605071783
1607017695.705215216
1607017695.805374384
1607017695.905562162
1607017696.005748510
1607017696.105898857
1607017696.206044674
1607017696.306191921
1607017696.406348228
1607017696.506560326
1607017696.606750250
1607017696.706901073
1607017696.807059526
1607017696.907242537
1607017697.007390499
1607017697.107537746
1607017697.207696915
1607017697.307843208
1607017697.407998323
1607017697.508184433
1607017697.608333111
1607017697.708477974
1607017697.808642149
1607017697.908852577
1607017698.008999586
1607017698.109148979
1607017698.209291458
1607017698.309433937
1607017698.409586906
1607017698.509766817
1607017698.609914064
1607017698.710058212
1607017698.810213566
1607017698.910403728
1607017699.010555267
1607017699.110709667
1607017699.210855484
1607017699.310967207
1607017699.411125660
1607017699.511313438
1607017699.611470461
1607017699.711666584
1607017699.811825752
1607017699.912029982
1607017700.012185335
1607017700.112331629
1607017700.212479830
1607017700.312637806
1607017700.412800789
1607017700.512990713
1607017700.613137722
1607017700.713281631
1607017700.813437939
1607017700.913630486
1607017701.013798237
1607017701.113941908
1607017701.214083672
1607017701.314223051
1607017701.414418697
1607017701.514591932
1607017701.614732027
1607017701.714861155
1607017701.814974070
1607017701.915149212
1607017702.015283585
1607017702.115426064
1607017702.215554953
1607017702.315685749
1607017702.415853024
1607017702.516030312
1607017702.616168499
1607017702.716339827
1607017702.816478491
1607017702.916677713
1607017703.016807556
1607017703.116937399
1607017703.217075825
1607017703.317208290
1607017703.417358398
1607017703.517530441
1607017703.617662430
1607017703.717791080
1607017703.817938089
1607017703.918141127
1607017704.018275023
1607017704.118407488
1607017704.218535185
1607017704.318668604
1607017704.418847799
1607017704.519017220
1607017704.619147539
1607017704.719281912
1607017704.819417953
1607017704.919610739
1607017705.019749403
1607017705.119883060
1607017705.220025539
1607017705.320213556
1607017705.420356750
1607017705.520532131
1607017705.620683193
1607017705.720834970
1607017705.820988894
1607017705.921165943
1607017706.021295786
1607017706.121426105
1607017706.221564054
1607017706.321725607
1607017706.421908617
1607017706.522092819
1607017706.622228861
1607017706.722369671
1607017706.822522640
1607017706.922709703
1607017707.022848129
1607017707.122970343
1607017707.223098040
1607017707.323234558
1607017707.423416138
1607017707.523581266
1607017707.623711109
1607017707.723839760
1607017707.823983908
1607017707.924160004
1607017708.024306059
1607017708.124444246
1607017708.224586010
1607017708.324715853
1607017708.424859047
1607017708.525037766
1607017708.625184536
1607017708.725323439
1607017708.825481176
1607017708.925676346
1607017709.025804996
1607017709.125935078
1607017709.226076603
1607017709.326205254
1607017709.426343203
1607017709.526507854
1607017709.626655102
1607017709.726786137
1607017709.826937437
1607017709.927110195
1607017710.027244568
1607017710.127377510
1607017710.227504730
1607017710.327638388
1607017710.427804232
1607017710.527970791
1607017710.628106833
1607017710.728234529
1607017710.828372002
1607017710.928534746
1607017711.028675318
1607017711.128821135
1607017711.228948832
1607017711.329088211
1607017711.429283381
1607017711.529459000
1607017711.629606247
1607017711.729739904
1607017711.829902172
1607017711.930070162
1607017712.030208349
1607017712.130345106
1607017712.230490923
1607017712.330631256
1607017712.430808544
1607017712.530963898
1607017712.631097078
1607017712.731240511
1607017712.831411362
1607017712.931557894
1607017713.031698942
1607017713.131831408
1607017713.231959105
1607017713.332099915
1607017713.432288647
1607017713.532460928
1607017713.632589579
1607017713.732723475
1607017713.832877398
1607017713.933026791
1607017714.033197641
1607017714.133338928
1607017714.233467340
1607017714.333608150
1607017714.433795452
1607017714.533962488
1607017714.634119272
1607017714.734280109
1607017714.834474325
1607017714.934659719
1607017715.034805298
1607017715.134954214
1607017715.235117435
1607017715.335273743
1607017715.435443878
1607017715.535604239
1607017715.635750532
1607017715.735901356
1607017715.836113453
1607017715.936273575
1607017716.036418438
1607017716.136568069
1607017716.236710548
1607017716.336869717
1607017716.437069893
1607017716.537225008
1607017716.637367725
1607017716.737522602
1607017716.837707996
1607017716.937863111
1607017717.038019180
1607017717.138167381
1607017717.238324165
1607017717.338537455
1607017717.438728094
1607017717.538890839
1607017717.639059067
1607017717.739223003
1607017717.839420557
1607017717.939572096
1607017718.039721489
1607017718.139866352
1607017718.240017176
1607017718.340171576
1607017718.440387487
1607017718.540536642
1607017718.640680313
1607017718.740834951
1607017718.841040373
1607017718.941192389
1607017719.041336536
1607017719.141484976
1607017719.241627216
1607017719.341783762
1607017719.442203760
1607017719.542369604
1607017719.642587900
1607017719.747001886
1607017719.847260714
1607017719.947497845
1607017720.047708988
1607017720.147855520
1607017720.247999430
1607017720.348154545
1607017720.448348522
1607017720.548511505
1607017720.648675442
1607017720.748829842
1607017720.849019289
1607017720.949193954
1607017721.049339533
1607017721.149485588
1607017721.249645233
1607017721.349801302
1607017721.450008154
1607017721.550159454
1607017721.650304556
1607017721.750460625
1607017721.850658894
1607017721.950814962
1607017722.050961494
1607017722.151103973
1607017722.251253366
1607017722.351424456
1607017722.451629639
1607017722.551777840
1607017722.651920557
1607017722.752095699
1607017722.852284193
1607017722.952436686
1607017723.052593946
1607017723.152738571
1607017723.252884865
1607017723.353036165
1607017723.453217506
1607017723.553369284
1607017723.653526306
1607017723.753681660
1607017723.853869915
1607017723.954044819
1607017724.054193735
1607017724.154340982
1607017724.254494905
1607017724.354650497
1607017724.454837084
1607017724.554966211
1607017724.655109644
1607017724.755271673
1607017724.855471373
1607017724.955620766
1607017725.055768490
1607017725.155913830
1607017725.256072044
1607017725.356493473
1607017725.456914663
1607017725.557065725
1607017725.657210350
1607017725.757362843
1607017725.857543468
1607017725.957696199
1607017726.057856560
1607017726.158010721
1607017726.258156538
1607017726.358321190
1607017726.458521366
1607017726.558671236
1607017726.658829212
1607017726.758977890
1607017726.859167099
1607017726.959338427
1607017727.059495687
1607017727.159642935
1607017727.259810448
1607017727.359973907
1607017727.460160017
1607017727.560307741
1607017727.660452604
1607017727.760609150
1607017727.860828161
1607017727.960978508
1607017728.061123133
1607017728.161267042
1607017728.261409760
1607017728.361569166
1607017728.461768627
1607017728.561914682
1607017728.662057877
1607017728.762211323
1607017728.862421036
1607017728.962568283
1607017729.062721729
1607017729.162865400
1607017729.262990713
1607017729.363221407
1607017729.463411331
1607017729.563559771
1607017729.663720608
1607017729.763882875
1607017729.864068031
1607017729.964220285
1607017730.064393044
1607017730.164550066
1607017730.264717102
1607017730.364875078
1607017730.465070724
1607017730.565223932
1607017730.665369272
1607017730.765532017
1607017730.865731239
1607017730.965880394
1607017731.066031456
1607017731.166175365
1607017731.266318321
1607017731.366482496
1607017731.466693163
1607017731.566843987
1607017731.666966200
1607017731.767120123
1607017731.867307186
1607017731.967456341
1607017732.067609787
1607017732.167755604
1607017732.267899513
1607017732.368053913
1607017732.468257666
1607017732.568411112
1607017732.668570518
1607017732.768730879
1607017732.868934631
1607017732.969105005
1607017733.069251060
1607017733.169396162
1607017733.269556046
1607017733.369711637
1607017733.469902754
1607017733.570160866
1607017733.670306444
1607017733.770461559
1607017733.870667458
1607017733.970815897
1607017734.070963383
1607017734.171112061
1607017734.271255016
1607017734.371418238
1607017734.471622467
1607017734.571774006
1607017734.671917915
1607017734.772069931
1607017734.872254133
1607017734.972402096
1607017735.072571278
1607017735.172717571
1607017735.272873640
1607017735.373027086
1607017735.473211050
1607017735.573362112
1607017735.673525333
1607017735.773687840
1607017735.873790264
1607017735.973793030
1607017736.073790312
1607017736.173801899
1607017736.273796320
1607017736.373805046
1607017736.473790407
1607017736.573789597
1607017736.673789501
1607017736.773802996
1607017736.873791218
1607017736.973789692
1607017737.073789597
1607017737.173789501
1607017737.273789644
1607017737.373809814
1607017737.473791122
1607017737.573787689
1607017737.673789978
1607017737.773799419
1607017737.873790264
1607017737.973792076
1607017738.073789597
1607017738.173795700
1607017738.273789883
1607017738.373800993
1607017738.473789930
1607017738.573791981
1607017738.673789740
1607017738.773798704
1607017738.873804092
1607017738.973793745
1607017739.073790550
1607017739.173792362
1607017739.273790121
1607017739.373798847
1607017739.473790169
1607017739.573789597
1607017739.673789501
1607017739.773802519
1607017739.873790264
1607017739.973789692
1607017740.073796272
1607017740.173790455
1607017740.273789883
1607017740.373802423
1607017740.473790884
1607017740.573790312
1607017740.673789740
1607017740.773799658
1607017740.873790503
1607017740.973790884
1607017741.073790073
1607017741.173789740
1607017741.273803949
1607017741.373801470
1607017741.473808050
1607017741.573793411
1607017741.673790216
1607017741.773799181
1607017741.873790741
1607017741.973792553
1607017742.073789597
1607017742.173792124
1607017742.273790359
1607017742.373802185
1607017742.473790646
1607017742.573789835
1607017742.673789978
1607017742.773802519
1607017742.873790979
1607017742.973789454
1607017743.073789835
1607017743.173789501
1607017743.273796082
1607017743.373806953
1607017743.473792076
1607017743.573806047
1607017743.673807621
1607017743.773813963
1607017743.873811483
1607017743.973803282
1607017744.073832035
1607017744.173826933
1607017744.273806095
1607017744.373813391
1607017744.473813057
1607017744.573807240
1607017744.673807383
1607017744.773805380
1607017744.873807430
1607017744.973806620
1607017745.073803425
1607017745.173803568
1607017745.273803234
1607017745.373807192
1607017745.473804474
1607017745.573805809
1607017745.673804522
1607017745.773804665
1607017745.873805285
1607017745.973806858
1607017746.073805094
1607017746.173806429
1607017746.273806810
1607017746.373801470
1607017746.473806858
1607017746.573802948
1607017746.673801899
1607017746.773811340
1607017746.873801231
1607017746.973795652
1607017747.073804140
1607017747.173802853
1607017747.274244308
1607017747.373804569
1607017747.473804951
1607017747.573806286
1607017747.673804522
1607017747.773803473
1607017747.873804092
1607017747.973806143
1607017748.074805975
1607017748.173804283
1607017748.273802757
1607017748.373811245
1607017748.473803520
1607017748.573804140
1607017748.673804522
1607017748.773809910
1607017748.873805523
1607017748.973801613
1607017749.073805094
1607017749.173804522
1607017749.273793697
1607017749.373825312
1607017749.473807096
1607017749.573802948
1607017749.673791647
1607017749.773802996
1607017749.873793125
1607017749.973789930
1607017750.073791027
1607017750.173787355
1607017750.273790121
1607017750.373802185
1607017750.473790646
1607017750.573803425
1607017750.673790693
1607017750.773806810
1607017750.873800516
1607017750.973801374
1607017751.073801994
1607017751.173799753
1607017751.273790836
1607017751.373800278
1607017751.473787308
1607017751.573786259
1607017751.673799515
1607017751.773787737
1607017751.873789072
1607017751.973826408
1607017752.073796749
1607017752.173800468
1607017752.273801088
1607017752.373793364
1607017752.473793268
1607017752.573799372
1607017752.673788786
1607017752.773786545
1607017752.873802185
1607017752.973788261
1607017753.073799372
1607017753.173789263
1607017753.273799658
1607017753.373802185
1607017753.473800898
1607017753.573812485
1607017753.673800945
1607017753.773805618
1607017753.873801470
1607017753.973802805
1607017754.073805809
1607017754.173804760
1607017754.273807287
1607017754.373807430
1607017754.473803282
1607017754.573804855
1607017754.673835039
1607017754.773815632
1607017754.873805285
1607017754.973805189
1607017755.073801041
1607017755.173799515
1607017755.273808479
1607017755.373802662
1607017755.473803282
1607017755.573806524
1607017755.673804045
1607017755.773805141
1607017755.873808146
1607017755.973805428
1607017756.073806047
1607017756.173807144
1607017756.273808241
1607017756.373807192
1607017756.473805666
1607017756.573813438
1607017756.673807383
1607017756.773806810
1607017756.873807907
1607017756.973807812
1607017757.073809385
1607017757.173805952
1607017757.273806572
1607017757.373834610
1607017757.473805904
1607017757.573814631
1607017757.673806906
1607017757.773807526
1607017757.873806953
1607017757.973806381
1607017758.073805094
1607017758.173803806
1607017758.273805141
1607017758.373805523
1607017758.473806381
1607017758.573807001
1607017758.673822403
1607017758.773808479
1607017758.873807669
1607017758.973814487
1607017759.073810101
1607017759.173807144
1607017759.273805857
1607017759.373810053
1607017759.473803520
1607017759.573804855
1607017759.673804998
1607017759.773805618
1607017759.873803854
1607017759.973797083
1607017760.073788643
1607017760.173800230
1607017760.273787737
1607017760.373793364
1607017760.473789215
1607017760.573806763
1607017760.673802376
1607017760.773806095
1607017760.873803616
1607017760.973805904
1607017761.073806286
1607017761.173811674
1607017761.273806572
1607017761.373807192
1607017761.473803997
1607017761.573801756
1607017761.673789740
1607017761.773787260
1607017761.873786926
1607017761.973788261
1607017762.073786736
1607017762.173786402
1607017762.273793221
1607017762.373792887
1607017762.473806381
1607017762.573815346
1607017762.673804760
1607017762.773806810
1607017762.873803377
1607017762.973803520
1607017763.073802471
1607017763.175271273
1607017763.273806572
1607017763.373805523
1607017763.473806381
1607017763.573832750
1607017763.673807859
1607017763.773806810
1607017763.873806477
1607017763.973805428
1607017764.073809862
1607017764.173815727
1607017764.273805618
1607017764.373806715
1607017764.473805666
1607017764.573805094
1607017764.673805714
1607017764.773806095
1607017764.873804092
1607017764.973803759
1607017765.073795319
1607017765.173803329
1607017765.273800373
1607017765.373802185
1607017765.473798990
1607017765.573801279
1607017765.673798561
1607017765.773787498
1607017765.873800039
1607017765.973799944
1607017766.073798656
1607017766.173798323
1607017766.273800135
1607017766.373897552
1607017766.473805189
1607017766.573802471
1607017766.673808098
1607017766.773803711
1607017766.873806238
1607017766.973805428
1607017767.073808432
1607017767.173814058
1607017767.273809433
1607017767.373856783
1607017767.473832607
1607017767.573829174
1607017767.673804522
1607017767.775144577
1607017767.873807907
1607017767.973810196
1607017768.073812723
1607017768.173812628
1607017768.273810387
1607017768.373807192
1607017768.473805189
1607017768.573803902
1607017768.673806667
1607017768.773819447
1607017768.873817205
1607017768.973816395
1607017769.073805571
1607017769.173807144
1607017769.273804426
1607017769.373833895
1607017769.473807335
1607017769.573820591
1607017769.673804998
1607017769.773813486
1607017769.873811960
1607017769.973807096
1607017770.073842764
1607017770.173822165
1607017770.273806572
1607017770.373806715
1607017770.473808765
1607017770.573805571
1607017770.673804998
1607017770.773804665
1607017770.873808384
1607017770.973802090
1607017771.073804379
1607017771.173800230
1607017771.273800611
1607017771.373803139
1607017771.473814011
1607017771.573806524
1607017771.673803806
1607017771.773802519
1607017771.873813868
1607017771.973805666
1607017772.073800325
1607017772.173813581
1607017772.276970387
1607017772.374514818
1607017772.473807573
1607017772.573806047
1607017772.673809290
1607017772.773824692
1607017772.873807192
1607017772.973812103
1607017773.073814869
1607017773.173820019
1607017773.273809433
1607017773.373814821
1607017773.473809481
1607017773.573809624
1607017773.673813343
1607017773.773811579
1607017773.873810053
1607017773.973804951
1607017774.073811293
1607017774.173813581
1607017774.273817778
1607017774.373811007
1607017774.473805189
1607017774.573815346
1607017774.673817873
1607017774.773815870
1607017774.873806238
1607017774.973827600
1607017775.073806524
1607017775.173805952
1607017775.273807764
1607017775.373837233
1607017775.473814249
1607017775.573812246
1607017775.673820734
1607017775.773809433
1607017775.873809576
1607017775.973948479
1607017776.073806047
1607017776.173812389
1607017776.273817301
1607017776.373808146
1607017776.473809242
1607017776.573814392
1607017776.673806667
1607017776.773816586
1607017776.873806715
1607017776.973813057
1607017777.073810339
1607017777.173808336
1607017777.273807287
1607017777.373809814
1607017777.473810196
