1607018827.522017717
1607018827.624518633
1607018827.726159573
1607018827.827522516
1607018827.929489136
1607018828.031412125
1607018828.132963419
1607018828.234568834
1607018828.335939407
1607018828.437156677
1607018828.540555477
1607018828.645519733
1607018828.747045279
1607018828.848968506
1607018828.957574129
1607018829.058850527
1607018829.160694122
1607018829.261926174
1607018829.363217592
1607018829.464774370
1607018829.566284657
1607018829.667728662
1607018829.772778749
1607018829.874682188
1607018829.976133347
1607018830.077850342
1607018830.179976702
1607018830.283764839
1607018830.384878397
1607018830.485794783
1607018830.593723774
1607018830.695934296
1607018830.804939032
1607018830.906125307
1607018831.007307768
1607018831.111677170
1607018831.212826967
1607018831.314749718
1607018831.416724205
1607018831.517908573
1607018831.619662285
1607018831.721202374
1607018831.821780205
1607018831.921802044
1607018832.021836758
1607018832.121915102
1607018832.221856594
1607018832.321786880
1607018832.421981573
1607018832.521813154
1607018832.621740580
1607018832.721895695
1607018832.821825266
1607018832.921754122
1607018833.021811962
1607018833.122021437
1607018833.221919537
1607018833.321710825
1607018833.421821356
1607018833.521816730
1607018833.621761084
1607018833.721765041
1607018833.821791172
1607018833.921764374
1607018834.021762609
1607018834.121901751
1607018834.221718073
1607018834.321803570
1607018834.421696186
1607018834.521909237
1607018834.621811390
1607018834.721790314
1607018834.821746826
1607018834.921740770
1607018835.021761179
1607018835.124070883
1607018835.221798420
1607018835.321931839
1607018835.421764612
1607018835.523108244
1607018835.621742725
1607018835.721803665
1607018835.821720600
1607018835.921849251
1607018836.021715641
1607018836.121886492
1607018836.221673727
1607018836.321929216
1607018836.421877146
1607018836.521809578
1607018836.621726751
1607018836.721984386
1607018836.821767807
1607018836.921772957
1607018837.021813869
1607018837.121817112
1607018837.221896648
1607018837.321838617
1607018837.421937943
1607018837.522145271
1607018837.621804237
1607018837.721864223
1607018837.821882486
1607018837.921756506
1607018838.021734953
1607018838.121840477
1607018838.221842051
1607018838.321829319
1607018838.421788216
1607018838.521815538
1607018838.621852875
1607018838.721947432
1607018838.821768999
1607018838.921828270
1607018839.021889448
1607018839.121757269
1607018839.221745014
1607018839.322218180
1607018839.421871901
1607018839.521791697
1607018839.621906281
1607018839.721934080
1607018839.822081804
1607018839.921887636
1607018840.021916389
1607018840.121834040
1607018840.223869562
1607018840.321925879
1607018840.422893763
1607018840.521974564
1607018840.621847630
1607018840.721873999
1607018840.821861506
1607018840.921827078
1607018841.021724701
1607018841.122624636
1607018841.221926689
1607018841.321825266
1607018841.421882868
1607018841.521845102
1607018841.621682405
1607018841.721745253
1607018841.821719646
1607018841.921888828
1607018842.021789789
1607018842.121772289
1607018842.221886158
1607018842.323511839
1607018842.421677828
1607018842.521827459
1607018842.621875048
1607018842.721915722
1607018842.821932793
1607018842.921936274
1607018843.021796942
1607018843.121813059
1607018843.221835375
1607018843.321768284
1607018843.421874523
1607018843.521920443
1607018843.621777534
1607018843.721939564
1607018843.831616163
1607018843.921802044
1607018844.021780968
1607018844.121825218
1607018844.221933603
1607018844.321981907
1607018844.421712875
1607018844.521717072
1607018844.622457743
1607018844.722358704
1607018844.821708441
1607018844.921801329
1607018845.021751642
1607018845.121826410
1607018845.221871376
1607018845.321807146
1607018845.421892405
1607018845.521807671
1607018845.621773958
1607018845.722191334
1607018845.821741581
1607018845.931525230
1607018846.021804094
1607018846.121785641
1607018846.221939325
1607018846.321950436
1607018846.422077417
1607018846.522162914
1607018846.621905565
1607018846.723423004
1607018846.821706533
1607018846.921776295
1607018847.022725582
1607018847.122113466
1607018847.221746206
1607018847.321885824
1607018847.421674252
1607018847.521860123
1607018847.621806860
1607018847.722315073
1607018847.821997881
1607018847.921709776
1607018848.021719456
1607018848.121789932
1607018848.221705675
1607018848.322096109
1607018848.421761274
1607018848.521961451
1607018848.621750593
1607018848.722003460
1607018848.821766853
1607018848.921936750
1607018849.021708965
1607018849.121913433
1607018849.221908331
1607018849.322123051
1607018849.421739817
1607018849.521931648
1607018849.621883392
1607018849.721961498
1607018849.821789026
1607018849.921903133
1607018850.021831751
1607018850.121794224
1607018850.221928835
1607018850.321711063
1607018850.421767235
1607018850.521825552
1607018850.622203350
1607018850.722169638
1607018850.821990967
1607018850.921768427
1607018851.021735430
1607018851.121805429
1607018851.221797228
1607018851.322039843
1607018851.422437668
1607018851.521886587
1607018851.621849537
1607018851.721953630
1607018851.821749210
1607018851.921844482
1607018852.021817923
1607018852.122172356
1607018852.222225666
1607018852.321819067
1607018852.421772957
1607018852.521775246
1607018852.621731758
1607018852.722133636
1607018852.821794748
1607018852.921905041
1607018853.024052143
1607018853.121910334
1607018853.221918821
1607018853.322020531
1607018853.421796083
1607018853.527837276
1607018853.621961832
1607018853.721832514
1607018853.821794987
1607018853.921764612
1607018854.021757841
1607018854.121903181
1607018854.223711252
1607018854.321922541
1607018854.422216415
1607018854.521844387
1607018854.621861219
1607018854.721985579
1607018854.822049141
1607018854.921831608
1607018855.021826506
1607018855.122065783
1607018855.222031116
1607018855.321838140
1607018855.422504902
1607018855.521708965
1607018855.621695518
1607018855.721702099
1607018855.823335886
1607018855.921851397
1607018856.021955013
1607018856.121969461
1607018856.221841574
1607018856.321808815
1607018856.422033072
1607018856.521795511
1607018856.621767998
1607018856.721969843
1607018856.821700573
1607018856.921769381
1607018857.022033453
1607018857.122019053
1607018857.221828699
1607018857.321791172
1607018857.421708584
1607018857.522090197
1607018857.621841669
1607018857.721699715
1607018857.821749687
1607018857.921814203
1607018858.021827459
1607018858.122082949
1607018858.221737623
1607018858.322183132
1607018858.421730042
1607018858.522253513
1607018858.621928692
1607018858.721810579
1607018858.821990252
1607018858.922243834
1607018859.022020102
1607018859.121824265
1607018859.221769810
1607018859.321842670
1607018859.422109127
1607018859.522008419
1607018859.621801376
1607018859.721787691
1607018859.821768284
1607018859.922110796
1607018860.021840811
1607018860.121996403
1607018860.221881390
1607018860.321847439
1607018860.421717405
1607018860.522193909
1607018860.621862173
1607018860.721778631
1607018860.821871519
1607018860.922126055
1607018861.021968126
1607018861.121738911
1607018861.221929789
1607018861.321779966
1607018861.422027826
1607018861.521854877
1607018861.621720791
1607018861.721696615
1607018861.822129965
1607018861.922198534
1607018862.021807194
1607018862.121906281
1607018862.227013111
1607018862.321865797
1607018862.421716452
1607018862.521892309
1607018862.621845007
1607018862.721884251
1607018862.821816206
1607018862.921965361
1607018863.021685362
1607018863.122106314
1607018863.222152233
1607018863.322100401
1607018863.422089815
1607018863.521824360
1607018863.621797323
1607018863.721759558
1607018863.821809292
1607018863.921926498
1607018864.021847725
1607018864.122160435
1607018864.221856356
1607018864.321866751
1607018864.422244072
1607018864.521768093
1607018864.621798515
1607018864.722093105
1607018864.822010279
1607018864.921751022
1607018865.021944761
1607018865.121824026
1607018865.221938133
1607018865.321867466
1607018865.421872377
1607018865.521811008
1607018865.622357368
1607018865.721935272
1607018865.821708441
1607018865.922105551
1607018866.021774292
1607018866.121821642
1607018866.222002745
1607018866.321771860
1607018866.421842337
1607018866.521945000
1607018866.621725082
1607018866.721825123
1607018866.821970701
1607018866.921869040
1607018867.021840334
1607018867.121964693
1607018867.221859455
1607018867.321839809
1607018867.421759367
1607018867.521783590
1607018867.621910572
1607018867.721713305
1607018867.821833134
1607018867.921856165
1607018868.021707535
1607018868.121908426
1607018868.221862555
1607018868.321718931
1607018868.421819925
1607018868.521954775
1607018868.621787310
1607018868.721797705
1607018868.821687698
1607018868.921755791
1607018869.021736860
1607018869.121704102
1607018869.221674681
1607018869.321731806
1607018869.421828032
1607018869.521753073
1607018869.621682882
1607018869.721703053
1607018869.821690798
1607018869.921837091
1607018870.021838665
1607018870.121781826
1607018870.221794128
1607018870.321854115
1607018870.421832323
1607018870.521866560
1607018870.621752739
1607018870.721867800
1607018870.821744442
1607018870.921716452
1607018871.021713495
1607018871.121676445
1607018871.221717834
1607018871.321753740
1607018871.421674252
1607018871.521862030
1607018871.621655464
1607018871.721915722
1607018871.822051525
1607018871.921697378
1607018872.021917105
1607018872.121934414
1607018872.221799850
1607018872.321964264
1607018872.421850204
1607018872.522000790
1607018872.622342587
1607018872.721896648
1607018872.821930647
1607018872.921781301
1607018873.021758318
1607018873.121777296
1607018873.221768141
1607018873.321730614
1607018873.421713591
1607018873.521772623
1607018873.621769667
1607018873.722079992
1607018873.821734905
1607018873.921767235
1607018874.021697044
1607018874.121844292
1607018874.221786261
1607018874.321754694
1607018874.421803713
1607018874.521933079
1607018874.621818304
1607018874.721705198
1607018874.821724653
1607018874.921894312
1607018875.031571388
1607018875.121912479
1607018875.221762896
1607018875.321762562
1607018875.421755791
1607018875.521918774
1607018875.621771812
1607018875.721777916
1607018875.821755648
1607018875.921792269
1607018876.021845102
1607018876.121874332
1607018876.221877337
1607018876.321805000
1607018876.421758652
1607018876.521763563
1607018876.621795654
1607018876.721719503
1607018876.821691751
1607018876.921740770
1607018877.021664381
1607018877.121928453
1607018877.221660137
1607018877.321727037
1607018877.421782732
1607018877.522393703
1607018877.621778488
1607018877.721890926
1607018877.821688175
1607018877.921868801
1607018878.021769285
1607018878.121777773
1607018878.221990824
1607018878.321836710
1607018878.421879768
1607018878.521799088
1607018878.621867657
1607018878.721815586
1607018878.821930408
1607018878.921821833
1607018879.022394180
1607018879.121750593
1607018879.221720219
1607018879.321933270
1607018879.421720743
1607018879.521846294
1607018879.621739626
1607018879.721868038
1607018879.821766376
1607018879.921873093
1607018880.021717310
1607018880.121783972
1607018880.221781492
1607018880.321902514
1607018880.421929121
1607018880.521936178
1607018880.621886730
1607018880.722018003
1607018880.821734190
1607018880.921936512
1607018881.021778345
1607018881.121736050
1607018881.221713305
1607018881.321769238
1607018881.421805143
1607018881.521729946
1607018881.621694326
1607018881.721777439
1607018881.821801901
1607018881.921995163
1607018882.022163391
1607018882.121834755
1607018882.221731424
1607018882.322052717
1607018882.421688557
1607018882.522006035
1607018882.621823788
1607018882.721752882
1607018882.821748734
1607018882.921800137
1607018883.021711826
1607018883.121858358
1607018883.221843719
1607018883.322265863
1607018883.421760798
1607018883.521732807
1607018883.621704340
1607018883.721870899
1607018883.821701050
1607018883.921704531
1607018884.021723032
1607018884.121705770
1607018884.221666336
1607018884.321709871
1607018884.421679497
1607018884.523686647
1607018884.621806622
1607018884.721808434
1607018884.821665764
1607018884.921797991
1607018885.021828175
1607018885.121869087
1607018885.221817493
1607018885.321783066
1607018885.421753168
1607018885.521786690
1607018885.621758699
1607018885.721848011
1607018885.821786880
1607018885.921786070
1607018886.021728516
1607018886.121935606
1607018886.221753359
1607018886.321733236
1607018886.421731472
1607018886.521715164
1607018886.621795416
1607018886.721784592
1607018886.821945667
1607018886.921719074
1607018887.021729946
1607018887.121793509
1607018887.221741915
1607018887.321690083
1607018887.421712160
1607018887.521899939
1607018887.621772289
1607018887.721819401
1607018887.821805954
1607018887.921779394
1607018888.021774530
1607018888.121866465
1607018888.221698999
1607018888.321725130
1607018888.421993494
1607018888.521806717
1607018888.622048616
1607018888.721791983
1607018888.821780682
1607018888.921926022
1607018889.021713734
1607018889.121763706
1607018889.221696138
1607018889.321865082
1607018889.421734571
1607018889.521921873
1607018889.621727467
1607018889.721755743
1607018889.821897745
1607018889.921713352
1607018890.021828651
1607018890.121810198
1607018890.221891165
1607018890.321838140
1607018890.421826124
1607018890.521735668
1607018890.621820688
1607018890.722194433
1607018890.825030804
1607018890.921854258
1607018891.021717548
1607018891.121808767
1607018891.221908092
1607018891.321890593
1607018891.421774626
1607018891.521778107
1607018891.621739149
1607018891.721794367
1607018891.821687460
1607018891.921702862
1607018892.021791220
1607018892.122190714
1607018892.221759081
1607018892.321737528
1607018892.421778917
1607018892.521940708
1607018892.621672153
1607018892.722120523
1607018892.821854115
1607018892.921840429
1607018893.021744013
1607018893.121775389
1607018893.221778631
1607018893.321826458
1607018893.421918154
1607018893.522072315
1607018893.621797800
1607018893.721824408
1607018893.821852922
1607018893.921813250
1607018894.021779060
1607018894.121763229
1607018894.221764803
1607018894.321715355
1607018894.421698570
1607018894.521733999
1607018894.621707678
1607018894.721705198
1607018894.821739435
1607018894.921677589
1607018895.021787643
1607018895.121846676
1607018895.221786737
1607018895.321713209
1607018895.421760798
1607018895.521715641
1607018895.621782780
1607018895.721707106
1607018895.822276831
1607018895.921730757
1607018896.021665812
1607018896.121876240
1607018896.221742153
1607018896.321785450
1607018896.421826363
1607018896.521875858
1607018896.621870518
1607018896.721727848
1607018896.821695089
1607018896.921769857
1607018897.021708012
1607018897.121922970
1607018897.221740007
1607018897.321804285
1607018897.421752930
1607018897.521896362
1607018897.621907473
1607018897.721724510
1607018897.821702480
1607018897.921728849
1607018898.021758556
1607018898.121722698
1607018898.221745491
1607018898.321727514
1607018898.421736479
1607018898.521715403
1607018898.621700764
1607018898.721734285
1607018898.821684837
1607018898.921821594
1607018899.021706820
1607018899.121803522
1607018899.221791267
1607018899.321802139
1607018899.421861172
1607018899.521849394
1607018899.621730328
1607018899.721781969
1607018899.821708918
1607018899.921798229
1607018900.021722317
1607018900.121714830
1607018900.221907377
1607018900.321738720
1607018900.421721458
1607018900.521849871
1607018900.621871233
1607018900.721696377
1607018900.821817160
1607018900.921925545
1607018901.021770477
1607018901.121847153
1607018901.221876621
1607018901.321971893
1607018901.421813250
1607018901.521929741
1607018901.622168064
1607018901.721729994
1607018901.821787119
1607018901.921816587
1607018902.021840096
1607018902.121734619
1607018902.221813917
1607018902.321731806
1607018902.421839952
1607018902.521779776
1607018902.621807575
1607018902.721702337
1607018902.821709871
1607018902.921729565
1607018903.021743298
1607018903.121827602
1607018903.221705198
1607018903.321786880
1607018903.421744823
1607018903.521709919
1607018903.621771336
1607018903.721674919
1607018903.821679831
1607018903.921723127
1607018904.021703243
1607018904.121731520
1607018904.221735001
1607018904.321717978
1607018904.421696663
1607018904.521770716
1607018904.621951103
1607018904.721728086
1607018904.821868420
1607018904.921781301
1607018905.021829605
1607018905.121816874
1607018905.221704006
1607018905.321745157
1607018905.421732187
1607018905.521844864
1607018905.621682167
1607018905.721693516
1607018905.821745396
1607018905.921707630
1607018906.021671772
1607018906.121744871
1607018906.221827507
1607018906.321794987
1607018906.421688318
1607018906.521874905
1607018906.621686459
1607018906.721800566
1607018906.821672678
1607018906.921952486
1607018907.021806002
1607018907.121848345
1607018907.221824408
1607018907.321779966
1607018907.421843767
1607018907.521780729
1607018907.621797085
1607018907.721735239
1607018907.821716785
1607018907.921845913
1607018908.021693707
1607018908.121724606
1607018908.221747398
1607018908.321826220
1607018908.421763659
1607018908.521833658
1607018908.621717453
1607018908.721727133
1607018908.821686268
1607018908.921727180
1607018909.021817923
1607018909.121872663
1607018909.221692801
1607018909.321738243
1607018909.421829224
1607018909.521732330
1607018909.621832132
1607018909.722199202
1607018909.821849823
1607018909.921807289
1607018910.021739960
1607018910.121766090
1607018910.221722603
1607018910.321738958
1607018910.421727419
1607018910.521790504
1607018910.621755362
1607018910.721797705
1607018910.821813345
1607018910.922055721
1607018911.021737337
1607018911.121789217
1607018911.221699238
1607018911.321697950
1607018911.421695709
1607018911.521700621
1607018911.621677876
1607018911.721700191
1607018911.821744204
1607018911.921736956
1607018912.021677732
1607018912.121878147
1607018912.221714258
1607018912.321722269
1607018912.421815157
1607018912.521746874
1607018912.621797085
1607018912.721902609
1607018912.821714163
1607018912.921726942
1607018913.021822453
1607018913.121713638
1607018913.221762419
1607018913.321794987
1607018913.421862364
1607018913.521802425
1607018913.621719599
1607018913.721691847
1607018913.821696997
1607018913.921739817
1607018914.021675825
1607018914.121698380
1607018914.221784830
1607018914.321684837
1607018914.421763182
1607018914.521910429
1607018914.621818066
1607018914.721736193
1607018914.821843863
1607018914.921731949
1607018915.021811247
1607018915.121894121
1607018915.221810102
1607018915.321815014
1607018915.421770811
1607018915.521843195
1607018915.621797562
1607018915.721774101
1607018915.821692944
1607018915.921761274
1607018916.021763563
1607018916.121769905
1607018916.221823692
1607018916.322015285
1607018916.421894550
1607018916.521892786
1607018916.621726990
1607018916.721690416
1607018916.821670055
1607018916.921690702
1607018917.021679401
1607018917.121716976
1607018917.221659422
1607018917.321737051
1607018917.421798468
1607018917.521875381
1607018917.621791363
1607018917.721863508
1607018917.821684361
1607018917.921737909
1607018918.021752119
1607018918.121927023
1607018918.221897125
1607018918.321880817
1607018918.421731949
1607018918.521746635
1607018918.621709108
1607018918.721737146
1607018918.821710110
1607018918.921818972
1607018919.022697926
1607018919.121819019
1607018919.221998692
1607018919.321861267
1607018919.421725273
1607018919.521945000
1607018919.621791363
1607018919.721949100
1607018919.821785450
1607018919.921845913
1607018920.021711349
1607018920.121693373
1607018920.221666813
1607018920.321805000
1607018920.421777725
1607018920.521711111
1607018920.621709585
1607018920.721714973
1607018920.821740389
1607018920.921723604
1607018921.024560690
1607018921.121775866
1607018921.221843719
1607018921.322018147
1607018921.421800375
1607018921.521913767
1607018921.621722937
1607018921.721807480
1607018921.821896076
1607018921.921828270
1607018922.021751165
1607018922.121757984
1607018922.222006321
1607018922.321871758
1607018922.421770334
1607018922.521937847
1607018922.621808529
1607018922.721974611
1607018922.821659327
1607018922.921740532
1607018923.021820545
1607018923.121713161
1607018923.221791267
1607018923.321712971
1607018923.421716452
1607018923.521738529
1607018923.621815205
1607018923.723875046
1607018923.821805716
1607018923.921721697
1607018924.021725893
1607018924.121931314
1607018924.221789122
1607018924.321724892
1607018924.421704769
1607018924.521689415
1607018924.621811867
1607018924.722914934
1607018924.821696520
1607018924.921816349
1607018925.022248983
1607018925.121854305
1607018925.221674204
1607018925.322449684
1607018925.421668053
1607018925.521871567
1607018925.621672153
1607018925.721794367
1607018925.821706295
1607018925.921821594
1607018926.022098303
1607018926.121843815
1607018926.221788883
1607018926.321841955
1607018926.421773195
1607018926.521723032
1607018926.621716499
1607018926.721896648
1607018926.821775675
1607018926.921737432
1607018927.021757364
1607018927.121850252
1607018927.221804380
1607018927.321815729
1607018927.421774864
1607018927.521842480
