1607017987.481221199
1607017987.581418753
1607017987.681586742
1607017987.781732798
1607017987.881874084
1607017987.982014656
1607017988.082156897
1607017988.182297230
1607017988.282436848
1607017988.382581711
1607017988.482737541
1607017988.582889080
1607017988.683089733
1607017988.783231974
1607017988.883373737
1607017988.983513594
1607017989.083655834
1607017989.183794260
1607017989.283946276
1607017989.384174824
1607017989.484337568
1607017989.584489822
1607017989.684631348
1607017989.784770250
1607017989.884907722
1607017989.985046148
1607017990.085193396
1607017990.185332537
1607017990.285478830
1607017990.385696650
1607017990.485920429
1607017990.586238146
1607017990.686406851
1607017990.786554337
1607017990.886695385
1607017990.986836195
1607017991.086965084
1607017991.187104225
1607017991.287256479
1607017991.387463331
1607017991.487662792
1607017991.587881088
1607017991.688096046
1607017991.788295031
1607017991.888492107
1607017991.988726854
1607017992.088895082
1607017992.189033270
1607017992.289203882
1607017992.389379501
1607017992.489569902
1607017992.589735746
1607017992.689913988
1607017992.790066481
1607017992.890199661
1607017992.990336657
1607017993.090481997
1607017993.190616608
1607017993.290751457
1607017993.390896797
1607017993.491069555
1607017993.591243505
1607017993.691383362
1607017993.791516066
1607017993.891649723
1607017993.991785526
1607017994.091945410
1607017994.192150116
1607017994.292351961
1607017994.392544031
1607017994.492745638
1607017994.592965364
1607017994.693120956
1607017994.793307543
1607017994.893502712
1607017994.993729830
1607017995.093911886
1607017995.194094419
1607017995.294229269
1607017995.394371033
1607017995.494542599
1607017995.594683170
1607017995.694822788
1607017995.794957876
1607017995.895090818
1607017995.995224714
1607017996.095367908
1607017996.195502520
1607017996.295637608
1607017996.395777702
1607017996.495918274
1607017996.596069336
1607017996.696205378
1607017996.796339035
1607017996.896472931
1607017996.996605396
1607017997.096736670
1607017997.196867466
1607017997.296999693
1607017997.397132158
1607017997.497266293
1607017997.597401619
1607017997.697534084
1607017997.797664642
1607017997.897794485
1607017997.997926712
1607017998.098064423
1607017998.198208094
1607017998.298413038
1607017998.398630142
1607017998.498781443
1607017998.598976135
1607017998.699163675
1607017998.799309969
1607017998.899441719
1607017998.999573946
1607017999.099708319
1607017999.199840307
1607017999.299972057
1607017999.400105953
1607017999.500251532
1607017999.600406408
1607017999.700544834
1607017999.800693989
1607017999.900830269
1607018000.000982285
1607018000.101137638
1607018000.201272964
1607018000.301485062
1607018000.401621580
1607018000.501757622
1607018000.601890802
1607018000.702029705
1607018000.802166700
1607018000.902298212
1607018001.002429008
1607018001.102560282
1607018001.202690125
1607018001.302821159
1607018001.402961969
1607018001.503100872
1607018001.603236914
1607018001.703368664
1607018001.803498745
1607018001.903634548
1607018002.003765583
1607018002.103902102
1607018002.204033613
1607018002.304165840
1607018002.404300213
1607018002.504431963
1607018002.604565382
1607018002.704710245
1607018002.804842472
1607018002.904981375
1607018003.005112648
1607018003.105244160
1607018003.205375671
1607018003.305507183
1607018003.405642033
1607018003.505779982
1607018003.605912685
1607018003.706043482
1607018003.806176662
1607018003.906320572
1607018004.006457806
1607018004.106593847
1607018004.206726789
1607018004.306867123
1607018004.406966686
1607018004.507105827
1607018004.607238770
1607018004.707370758
1607018004.807502508
1607018004.907635212
1607018005.007776737
1607018005.107966900
1607018005.208129644
1607018005.308303833
1607018005.408503294
1607018005.508698702
1607018005.608879089
1607018005.709070206
1607018005.809236765
1607018005.909408808
1607018006.009584665
1607018006.109767437
1607018006.209931374
1607018006.310100079
1607018006.410289288
1607018006.510431290
1607018006.610582113
1607018006.710815907
1607018006.810976505
1607018006.911172867
1607018007.011367559
1607018007.111593723
1607018007.211778164
1607018007.311919928
1607018007.412086010
1607018007.512281418
1607018007.612452745
1607018007.712616444
1607018007.812771320
1607018007.912931442
1607018008.013093948
1607018008.113232136
1607018008.213380575
1607018008.313590765
1607018008.413820028
1607018008.514017344
1607018008.614214420
1607018008.714453697
1607018008.814658880
1607018008.914840698
1607018009.015051842
1607018009.115240574
1607018009.215414762
1607018009.315561056
1607018009.415719986
1607018009.515861511
1607018009.616020918
1607018009.716154099
1607018009.816285610
1607018009.916417122
1607018010.016548634
1607018010.116683006
1607018010.216814280
1607018010.316946507
1607018010.417081118
1607018010.517216444
1607018010.617349625
1607018010.717480659
1607018010.817614079
1607018010.917771339
1607018011.017982006
1607018011.118200779
1607018011.218372345
1607018011.318520546
1607018011.418722868
1607018011.518945932
1607018011.619121552
1607018011.719281673
1607018011.819417477
1607018011.919549227
1607018012.019681454
1607018012.119824886
1607018012.220015526
1607018012.320209980
1607018012.420427799
1607018012.520628214
1607018012.620814562
1607018012.721008301
1607018012.821230412
1607018012.921426058
1607018013.021617413
1607018013.121751785
1607018013.221892357
1607018013.322025299
1607018013.422163486
1607018013.522314787
1607018013.622542381
1607018013.722746611
1607018013.822945595
1607018013.923125029
1607018014.023268223
1607018014.123408794
1607018014.223542452
1607018014.323684216
1607018014.423854351
1607018014.523989439
1607018014.624134541
1607018014.724345922
1607018014.824559689
1607018014.924759150
1607018015.024905920
1607018015.125087500
1607018015.225322485
1607018015.325567961
1607018015.425789356
1607018015.526007652
1607018015.626249790
1607018015.727194309
1607018015.827425957
1607018015.927656174
1607018016.027908564
1607018016.128127813
1607018016.228357792
1607018016.328590870
1607018016.428832293
1607018016.529072762
1607018016.629352331
1607018016.729581356
1607018016.829813004
1607018016.930034161
1607018017.030249119
1607018017.130451918
1607018017.230640650
1607018017.330800533
1607018017.430978775
1607018017.531174421
1607018017.631379366
1607018017.731590271
1607018017.831828117
1607018017.932036161
1607018018.032233238
1607018018.132390022
1607018018.232543230
1607018018.332771063
1607018018.433009148
1607018018.533284903
1607018018.633508205
1607018018.733732939
1607018018.833964825
1607018018.934192419
1607018019.034410238
1607018019.134597301
1607018019.234812021
1607018019.334976435
1607018019.435183525
1607018019.535350084
1607018019.635598898
1607018019.735823393
1607018019.836052895
1607018019.936304092
1607018020.036578894
1607018020.136839151
1607018020.237133980
1607018020.337393522
1607018020.437653542
1607018020.537920475
1607018020.638157129
1607018020.738402843
1607018020.838670969
1607018020.938908339
1607018021.039193153
1607018021.139458179
1607018021.239706516
1607018021.339948654
1607018021.440206289
1607018021.540406942
1607018021.640626431
1607018021.740906000
1607018021.841127634
1607018021.941323757
1607018022.041533709
1607018022.141796112
1607018022.242014408
1607018022.342221260
1607018022.442432642
1607018022.542589426
1607018022.642805099
1607018022.742974758
1607018022.843193769
1607018022.943393230
1607018023.043582678
1607018023.143736362
1607018023.243963242
1607018023.344165564
1607018023.444336653
1607018023.544560671
1607018023.644806623
1607018023.745031595
1607018023.845299959
1607018023.945577860
1607018024.045813799
1607018024.146044731
1607018024.246299267
1607018024.346535206
1607018024.446768284
1607018024.547881603
1607018024.648214340
1607018024.748838663
1607018024.849076986
1607018024.949307203
1607018025.049603462
1607018025.149838209
1607018025.250064373
1607018025.350317478
1607018025.450537682
1607018025.550757885
1607018025.651001692
1607018025.751225471
1607018025.851457119
1607018025.951681614
1607018026.051932812
1607018026.152151585
1607018026.252358198
1607018026.352595806
1607018026.452827930
1607018026.553052664
1607018026.653292656
1607018026.753527880
1607018026.853767633
1607018026.954002380
1607018027.054249048
1607018027.154495955
1607018027.254773140
1607018027.354996920
1607018027.455262661
1607018027.555526495
1607018027.655779123
1607018027.756024837
1607018027.856256008
1607018027.956509352
1607018028.056727409
1607018028.156920195
1607018028.257087946
1607018028.357293844
1607018028.457506657
1607018028.557709694
1607018028.657932520
1607018028.758149147
1607018028.858335733
1607018028.958494902
1607018029.058708668
1607018029.158934116
1607018029.259160519
1607018029.359362841
1607018029.459546804
1607018029.559692621
1607018029.659833193
1607018029.759968996
1607018029.860112190
1607018029.960285187
1607018030.060436726
1607018030.160586834
1607018030.260812759
1607018030.361027002
1607018030.461263180
1607018030.561493397
1607018030.661752462
1607018030.761977434
1607018030.862203360
1607018030.962431669
1607018031.062654257
1607018031.162870646
1607018031.263132572
1607018031.363361120
1607018031.463583469
1607018031.563811541
1607018031.664059162
1607018031.764276266
1607018031.864451885
1607018031.964595795
1607018032.064775467
1607018032.165016890
1607018032.265253544
1607018032.365476370
1607018032.465656042
1607018032.565798759
1607018032.665943384
1607018032.766079903
1607018032.866238832
1607018032.966449499
1607018033.066652775
1607018033.166860342
1607018033.266967773
1607018033.367116451
1607018033.467272758
1607018033.567424536
1607018033.667624235
1607018033.767829657
1607018033.868014574
1607018033.968166351
1607018034.068313360
1607018034.168456793
1607018034.268598080
1607018034.368741751
1607018034.468908072
1607018034.569055319
1607018034.669200420
1607018034.769335747
1607018034.869477510
1607018034.969618559
1607018035.069754362
1607018035.169890881
1607018035.270034313
1607018035.370171547
1607018035.470327854
1607018035.570553541
1607018035.670705080
1607018035.770843029
1607018035.870966673
1607018035.971111536
1607018036.071260691
1607018036.171400070
1607018036.271538734
1607018036.371696949
1607018036.471867085
1607018036.572035789
1607018036.672260523
1607018036.772466660
1607018036.872645378
1607018036.972808361
1607018037.072969198
1607018037.173202276
1607018037.273412704
1607018037.373616934
1607018037.473803759
1607018037.573954344
1607018037.674138546
1607018037.774296761
1607018037.874494076
1607018037.974661589
1607018038.074813128
1607018038.174971819
1607018038.275171518
1607018038.375381231
1607018038.475574732
1607018038.575735092
1607018038.675925255
1607018038.776129007
1607018038.876331329
1607018038.976563215
1607018039.076772928
1607018039.176970959
1607018039.277172565
1607018039.377391577
1607018039.477607012
1607018039.577797890
1607018039.678007126
1607018039.778213024
1607018039.878512621
1607018039.978714466
1607018040.078912020
1607018040.179102421
1607018040.279268503
1607018040.379472256
1607018040.479667187
1607018040.579819441
1607018040.680014133
1607018040.780169725
1607018040.880352259
1607018040.980506897
1607018041.080714703
1607018041.180912018
1607018041.281060457
1607018041.381283998
1607018041.481283903
1607018041.581275463
1607018041.681288242
1607018041.781284571
1607018041.881274939
1607018041.981288671
1607018042.081274986
1607018042.181289911
1607018042.281291008
1607018042.381296873
1607018042.481290579
1607018042.581290483
1607018042.681306124
1607018042.781288385
1607018042.881283998
1607018042.981297970
1607018043.081295013
1607018043.181294918
1607018043.281297922
1607018043.381378412
1607018043.481293917
1607018043.581292868
1607018043.681294203
1607018043.781293631
1607018043.881293535
1607018043.981289864
1607018044.081290245
1607018044.181277514
1607018044.281293631
1607018044.381288528
1607018044.481290340
1607018044.581290722
1607018044.681296349
1607018044.781290293
1607018044.881349564
1607018044.981316566
1607018045.081279278
1607018045.181275368
1607018045.281307697
1607018045.381295681
1607018045.481295586
1607018045.581285477
1607018045.681391239
1607018045.781281710
1607018045.881295443
1607018045.981292725
1607018046.081626177
1607018046.181295156
1607018046.281341553
1607018046.381294727
1607018046.481292486
1607018046.581294298
1607018046.681298018
1607018046.781292915
1607018046.881291866
1607018046.981299639
1607018047.081285954
1607018047.181294918
1607018047.281293631
1607018047.381292820
1607018047.481293917
1607018047.581319332
1607018047.681302786
1607018047.781293154
1607018047.881294012
1607018047.981293440
1607018048.081293106
1607018048.181293249
1607018048.281296015
1607018048.381296873
1607018048.481292248
1607018048.581295729
1607018048.681295156
1607018048.781298876
1607018048.881295204
1607018048.981293678
1607018049.081292868
1607018049.181298494
1607018049.281302214
1607018049.381295919
1607018049.481295586
1607018049.581298351
1607018049.681295872
1607018049.781296492
1607018049.881292343
1607018049.981292009
1607018050.081292152
1607018050.181293964
1607018050.281317234
1607018050.381299973
1607018050.481289387
1607018050.581290007
1607018050.681291580
1607018050.781293631
1607018050.881293297
1607018050.981297016
1607018051.081294775
1607018051.181292295
1607018051.281294346
1607018051.381293774
1607018051.481292248
1607018051.581292391
1607018051.681293011
1607018051.781293631
1607018051.881293058
1607018051.981293917
1607018052.081295967
1607018052.181309938
1607018052.281296968
1607018052.381296396
1607018052.481301546
1607018052.581297874
1607018052.681294918
1607018052.781293869
1607018052.881313562
1607018052.981309652
1607018053.081304550
1607018053.181297541
1607018053.281342745
1607018053.381298780
1607018053.481293201
1607018053.581297398
1607018053.681296349
1607018053.781296730
1607018053.881295204
1607018053.981292248
1607018054.081293583
1607018054.181293726
1607018054.281293631
1607018054.381298542
1607018054.481294394
1607018054.581295013
1607018054.681302547
1607018054.781295776
1607018054.881294250
1607018054.981296778
1607018055.081294775
1607018055.181289434
1607018055.281286478
1607018055.381288528
1607018055.481295109
1607018055.581319809
1607018055.681300163
1607018055.781288862
1607018055.881290913
1607018055.981289864
1607018056.081291437
1607018056.181290150
1607018056.281291485
1607018056.381310701
1607018056.481295109
1607018056.581293821
1607018056.681420326
1607018056.781287670
1607018056.881292582
1607018056.981279135
1607018057.081282377
1607018057.181282043
1607018057.281283379
1607018057.381282568
1607018057.481279612
1607018057.581276178
1607018057.681278706
1607018057.781274796
1607018057.881275892
1607018057.981274605
1607018058.081275225
1607018058.181285858
1607018058.281291008
1607018058.381275415
1607018058.481275797
1607018058.581276894
1607018058.681275129
1607018058.781275511
1607018058.881277084
1607018058.981276751
1607018059.081275225
1607018059.181277275
1607018059.281277895
1607018059.381274939
1607018059.481285334
1607018059.581282139
1607018059.681296349
1607018059.781293392
1607018059.881295443
1607018059.981293440
1607018060.081290483
1607018060.181280375
1607018060.281275749
1607018060.381277800
1607018060.481281281
1607018060.581275463
1607018060.681277275
1607018060.781282425
1607018060.881274700
1607018060.981281519
1607018061.081274271
1607018061.181274176
1607018061.281274557
1607018061.381283998
1607018061.481276274
1607018061.581274986
1607018061.681274176
1607018061.781280994
1607018061.881274223
1607018061.981275558
1607018062.081274509
1607018062.181275368
1607018062.281282425
1607018062.381280899
1607018062.481275082
1607018062.581274271
1607018062.681274652
1607018062.781274557
1607018062.881274462
1607018062.981274128
1607018063.081274271
1607018063.181280613
1607018063.281275034
1607018063.381281376
1607018063.481280804
1607018063.581277609
1607018063.681274414
1607018063.781274796
1607018063.881276369
1607018063.981274605
1607018064.081274748
1607018064.181274176
1607018064.281274557
1607018064.381282806
1607018064.481276035
1607018064.581274748
1607018064.681274176
1607018064.781300545
1607018064.881280661
1607018064.981286526
1607018065.081275225
1607018065.181275368
1607018065.281275988
1607018065.381276608
1607018065.481274843
1607018065.581274748
1607018065.681274176
1607018065.781280994
1607018065.881280899
1607018065.981275082
1607018066.081274509
1607018066.181279421
1607018066.281288862
1607018066.381280422
1607018066.481276035
1607018066.581275940
1607018066.681280613
1607018066.781274319
1607018066.881274223
1607018066.981274366
1607018067.081274271
1607018067.181274652
1607018067.281274557
1607018067.381283045
1607018067.481275320
1607018067.581279516
1607018067.681275129
1607018067.781276226
1607018067.881274700
1607018067.981276751
1607018068.081290483
1607018068.181276560
1607018068.281275272
1607018068.381280184
1607018068.481275082
1607018068.581274509
1607018068.681289911
1607018068.781282902
1607018068.881275177
1607018068.981276274
1607018069.081274271
1607018069.181274414
1607018069.281277418
1607018069.381276369
1607018069.481275320
1607018069.581274986
1607018069.681278467
1607018069.781276226
1607018069.881275177
1607018069.981276274
1607018070.081282377
1607018070.181276321
1607018070.281275034
1607018070.381277561
1607018070.481275320
1607018070.581274986
1607018070.681274652
1607018070.781274319
1607018070.881273985
1607018070.981275797
1607018071.081274033
1607018071.181274891
1607018071.281288624
1607018071.381278276
1607018071.481274605
1607018071.581278086
1607018071.681273937
1607018071.781273842
1607018071.881274223
1607018071.981280565
1607018072.081274271
1607018072.181274414
1607018072.281281471
1607018072.381281853
1607018072.481275320
1607018072.581275225
1607018072.681274176
1607018072.781274319
1607018072.881273985
1607018072.981274366
1607018073.081274271
1607018073.181274891
1607018073.281274557
1607018073.381285191
1607018073.481275082
1607018073.581294060
1607018073.681275845
1607018073.781280994
1607018073.881274462
1607018073.981276989
1607018074.081275225
1607018074.181274652
1607018074.281278849
1607018074.381276846
1607018074.481274605
1607018074.581274748
1607018074.681274652
1607018074.781277418
1607018074.881274700
1607018074.981274366
1607018075.081292868
1607018075.181278706
1607018075.281284094
1607018075.381278515
1607018075.481276035
1607018075.581275463
1607018075.681274414
1607018075.781274080
1607018075.881274223
1607018075.981274366
1607018076.081274509
1607018076.181274414
1607018076.281274796
1607018076.381282091
1607018076.481276035
1607018076.581274509
1607018076.681274176
1607018076.781280756
1607018076.881275892
1607018076.981278419
1607018077.081274748
1607018077.181276560
1607018077.281275034
1607018077.381283045
1607018077.481277227
1607018077.581275702
1607018077.681274414
1607018077.781275034
1607018077.881274462
1607018077.981274605
1607018078.081280708
1607018078.181274414
1607018078.281278133
1607018078.381279230
1607018078.481275082
1607018078.581275225
1607018078.681274652
1607018078.781274557
1607018078.881274462
1607018078.981274128
1607018079.081274271
1607018079.181277990
1607018079.281275511
1607018079.381278992
1607018079.481275082
1607018079.581280470
1607018079.681280375
1607018079.781274080
1607018079.881274462
1607018079.981275797
1607018080.081274748
1607018080.181274891
1607018080.281274796
1607018080.381284237
1607018080.481280804
1607018080.581275702
1607018080.681274891
1607018080.781274080
1607018080.881274462
1607018080.981274605
1607018081.081274271
1607018081.181274176
1607018081.281274557
1607018081.381280661
1607018081.481275082
1607018081.581274509
1607018081.681274414
1607018081.781274080
1607018081.881274223
1607018081.981274128
1607018082.081274033
1607018082.181274176
1607018082.281281710
1607018082.381275415
1607018082.481275320
1607018082.581274986
1607018082.681274891
1607018082.781274557
1607018082.881274462
1607018082.981274843
1607018083.081274271
1607018083.181273937
1607018083.281280756
1607018083.381274462
1607018083.481281281
1607018083.581274271
1607018083.681274176
1607018083.781275034
1607018083.881274223
1607018083.981274366
1607018084.081275225
1607018084.181275129
1607018084.281275034
1607018084.381283045
1607018084.481276512
1607018084.581274509
1607018084.681274414
1607018084.781274319
1607018084.881285667
1607018084.981274366
1607018085.081274509
1607018085.181274176
1607018085.281276464
1607018085.381280422
1607018085.481276274
1607018085.581274509
1607018085.681280613
1607018085.781278133
1607018085.881275654
1607018085.981276512
1607018086.081275702
1607018086.181274652
1607018086.281275988
1607018086.381276131
1607018086.481275082
1607018086.581275463
1607018086.681275845
1607018086.781274319
1607018086.881274223
1607018086.981274128
1607018087.081274509
1607018087.181273937
1607018087.281274796
1607018087.381281614
1607018087.481275797
