1607018722.513965845
1607018722.615388393
1607018722.716199398
1607018722.816808701
1607018722.917632103
1607018723.018447399
1607018723.119243145
1607018723.219867468
1607018723.320428371
1607018723.420922995
1607018723.521783113
1607018723.622453690
1607018723.723144531
1607018723.823970079
1607018723.924509048
1607018724.024981737
1607018724.125774384
1607018724.226555109
1607018724.327192307
1607018724.427742481
1607018724.528541327
1607018724.629246950
1607018724.730062485
1607018724.830684662
1607018724.931515217
1607018725.032382965
1607018725.133254766
1607018725.233862162
1607018725.334708214
1607018725.435303688
1607018725.536099672
1607018725.636727810
1607018725.737531185
1607018725.838130236
1607018725.938728094
1607018726.039514542
1607018726.140360117
1607018726.241177797
1607018726.341766119
1607018726.442561388
1607018726.543230295
1607018726.643760920
1607018726.744652748
1607018726.845280647
1607018726.945995569
1607018727.046787977
1607018727.147348166
1607018727.248160601
1607018727.348737717
1607018727.449317217
1607018727.550137997
1607018727.650689840
1607018727.751299381
1607018727.852111101
1607018727.952956438
1607018728.053824902
1607018728.154428720
1607018728.255033970
1607018728.355837345
1607018728.456429243
1607018728.557222605
1607018728.657997370
1607018728.758550644
1607018728.859374285
1607018728.959978819
1607018729.060555458
1607018729.161330938
1607018729.262119293
1607018729.362724781
1607018729.463522673
1607018729.564107895
1607018729.664726496
1607018729.765506268
1607018729.866118908
1607018729.966897011
1607018730.067481995
1607018730.168266773
1607018730.268887758
1607018730.369661808
1607018730.470464706
1607018730.571085453
1607018730.671702147
1607018730.772282839
1607018730.873063564
1607018730.973894596
1607018731.074501514
1607018731.175281525
1607018731.276061773
1607018731.376589775
1607018731.477131128
1607018731.577892542
1607018731.678464890
1607018731.779283047
1607018731.880022764
1607018731.980843544
1607018732.081422567
1607018732.182017326
1607018732.282639027
1607018732.383486986
1607018732.484065533
1607018732.584559202
1607018732.685035229
1607018732.785516739
1607018732.886022091
1607018732.986528397
1607018733.087023258
1607018733.187544346
1607018733.288041115
1607018733.388526201
1607018733.488982916
1607018733.589527369
1607018733.690062523
1607018733.790572405
1607018733.891076088
1607018733.991531610
1607018734.092014790
1607018734.192498207
1607018734.292966127
1607018734.393471003
1607018734.493936300
1607018734.594449997
1607018734.694985867
1607018734.795487881
1607018734.896007061
1607018734.996536016
1607018735.097077370
1607018735.197613955
1607018735.298112869
1607018735.398638487
1607018735.499127626
1607018735.599613190
1607018735.700104952
1607018735.800557137
1607018735.901013374
1607018736.001483917
1607018736.101992846
1607018736.202480078
1607018736.303062439
1607018736.403604507
1607018736.504126072
1607018736.604626417
1607018736.705134392
1607018736.805653811
1607018736.906140804
1607018737.006666183
1607018737.107164145
1607018737.207646847
1607018737.308166504
1607018737.408666372
1607018737.509176016
1607018737.609677553
1607018737.710201740
1607018737.810730696
1607018737.911206722
1607018738.011695623
1607018738.112188101
1607018738.212695122
1607018738.313233852
1607018738.413683891
1607018738.513663054
1607018738.613685131
1607018738.713658333
1607018738.813689232
1607018738.913647413
1607018739.013684750
1607018739.113703251
1607018739.213715792
1607018739.313681126
1607018739.413707495
1607018739.513702631
1607018739.613721132
1607018739.713708401
1607018739.813710213
1607018739.913716555
1607018740.013707399
1607018740.113675833
1607018740.213686228
1607018740.313685179
1607018740.413683653
1607018740.513699770
1607018740.613707542
1607018740.713681221
1607018740.813677549
1607018740.913670301
1607018741.013683558
1607018741.113762379
1607018741.213689804
1607018741.313678026
1607018741.413673878
1607018741.513682604
1607018741.613653660
1607018741.713647842
1607018741.813665628
1607018741.913685799
1607018742.013706684
1607018742.113704443
1607018742.213716745
1607018742.313666344
1607018742.413676977
1607018742.513670683
1607018742.613674164
1607018742.713639736
1607018742.813694477
1607018742.913685322
1607018743.013684511
1607018743.113668203
1607018743.213763714
1607018743.313682079
1607018743.413676977
1607018743.513671637
1607018743.613679886
1607018743.713668823
1607018743.813699007
1607018743.913671970
1607018744.013678789
1607018744.113680124
1607018744.213694811
1607018744.313730001
1607018744.413649797
1607018744.513719797
1607018744.613721848
1607018744.713696957
1607018744.813714743
1607018744.913713694
1607018745.013729095
1607018745.113710403
1607018745.213711500
1607018745.313688278
1607018745.413705587
1607018745.513669491
1607018745.613699913
1607018745.713674784
1607018745.813681602
1607018745.913664579
1607018746.013691425
1607018746.113669872
1607018746.213773727
1607018746.313650131
1607018746.413696051
1607018746.513678074
1607018746.613724947
1607018746.713648081
1607018746.813673496
1607018746.913679361
1607018747.013667822
1607018747.113651037
1607018747.213682890
1607018747.313697100
1607018747.413728952
1607018747.513703346
1607018747.613717079
1607018747.713718414
1607018747.813714981
1607018747.913665295
1607018748.013646364
1607018748.113641739
1607018748.213646412
1607018748.313638210
1607018748.413651466
1607018748.513648748
1607018748.613698244
1607018748.713666916
1607018748.813665152
1607018748.913728476
1607018749.013675690
1607018749.113654375
1607018749.213659048
1607018749.313647747
1607018749.413655996
1607018749.513682127
1607018749.613692045
1607018749.713686705
1607018749.813740492
1607018749.913689613
1607018750.013698816
1607018750.113683701
1607018750.213703394
1607018750.313689470
1607018750.413720131
1607018750.513685465
1607018750.613696814
1607018750.713685989
1607018750.813737869
1607018750.913706779
1607018751.013734579
1607018751.113708496
1607018751.213720560
1607018751.313712835
1607018751.413734198
1607018751.513713121
1607018751.613733530
1607018751.713706255
1607018751.813661575
1607018751.913798332
1607018752.013669729
1607018752.113677979
1607018752.213703394
1607018752.313678026
1607018752.413683891
1607018752.513693810
1607018752.613694429
1607018752.713671207
1607018752.813698530
1607018752.913638830
1607018753.013646841
1607018753.113682032
1607018753.213689566
1607018753.313683271
1607018753.413706303
1607018753.513681412
1607018753.613685131
1607018753.713675737
1607018753.813673019
1607018753.913697004
1607018754.013694525
1607018754.113683462
1607018754.213728905
1607018754.313688278
1607018754.413693428
1607018754.513679743
1607018754.613706827
1607018754.713678837
1607018754.813706160
1607018754.913706779
1607018755.013714552
1607018755.113704681
1607018755.213721514
1607018755.313716650
1607018755.413726330
1607018755.513705254
1607018755.613707066
1607018755.713680506
1607018755.813761234
1607018755.913682938
1607018756.013694763
1607018756.113686085
1607018756.213696241
1607018756.313646555
1607018756.413688183
1607018756.513648510
1607018756.613655090
1607018756.713680983
1607018756.813687563
1607018756.913676977
1607018757.013685226
1607018757.113680601
1607018757.213701248
1607018757.313677311
1607018757.413744211
1607018757.513763666
1607018757.613643408
1607018757.713726997
1607018757.813673496
1607018757.913672209
1607018758.013673782
1607018758.113697052
1607018758.213679314
1607018758.313674927
1607018758.413701534
1607018758.513685465
1607018758.613678694
1607018758.713690996
1607018758.813689470
1607018758.913638353
1607018759.013695240
1607018759.113679647
1607018759.213693380
1607018759.313685894
1607018759.413649559
1607018759.513638496
1607018759.613647699
1607018759.713641882
1607018759.813643932
1607018759.913646460
1607018760.013646364
1607018760.113639832
1607018760.213739634
1607018760.313724041
1607018760.413727522
1607018760.513706684
1607018760.613738775
1607018760.713723660
1607018760.813712120
1607018760.913708925
1607018761.013697147
1607018761.113647938
1607018761.213653803
1607018761.313682079
1607018761.413697481
1607018761.513671398
1607018761.613698244
1607018761.713674068
1607018761.813691616
1607018761.913689375
1607018762.013683796
1607018762.113671780
1607018762.213696718
1607018762.313670874
1607018762.413688183
1607018762.513667822
1607018762.613687754
1607018762.713689089
1607018762.813685417
1607018762.913678885
1607018763.013713121
1607018763.113715172
1607018763.213713408
1607018763.313670874
1607018763.413671732
1607018763.513669729
1607018763.613687515
1607018763.713668346
1607018763.813649893
1607018763.913653612
1607018764.013652802
1607018764.113639832
1607018764.213685751
1607018764.313676119
1607018764.413700819
1607018764.513669014
1607018764.613678455
1607018764.713688612
1607018764.813676357
1607018764.913670540
1607018765.013675213
1607018765.113669872
1607018765.213679075
1607018765.313686132
1607018765.413700819
1607018765.513679266
1607018765.613712072
1607018765.713692665
1607018765.813703775
1607018765.913716793
1607018766.013702631
1607018766.113718033
1607018766.213724852
1607018766.313670635
1607018766.413698673
1607018766.513675928
1607018766.613701820
1607018766.713676214
1607018766.813685894
1607018766.913663149
1607018767.013695955
1607018767.113677740
1607018767.213645935
1607018767.313689470
1607018767.413687944
1607018767.513678074
1607018767.613678455
1607018767.713670731
1607018767.813700438
1607018767.913674116
1607018768.013684511
1607018768.113666534
1607018768.213678837
1607018768.313700199
1607018768.413726568
1607018768.513700962
1607018768.613717318
1607018768.713692665
1607018768.813682556
1607018768.913702011
1607018769.013709307
1607018769.113682985
1607018769.213682890
1607018769.313687801
1607018769.413701057
1607018769.513669729
1607018769.613682032
1607018769.713669777
1607018769.813675165
1607018769.913669348
1607018770.013700485
1607018770.113665581
1607018770.213662624
1607018770.313681364
1607018770.413690090
1607018770.513676882
1607018770.613689423
1607018770.713651419
1607018770.813650846
1607018770.913643837
1607018771.013654947
1607018771.113662243
1607018771.213714838
1607018771.313708067
1607018771.413707733
1607018771.513700247
1607018771.613714695
1607018771.713713169
1607018771.813689470
1607018771.913669586
1607018772.013674736
1607018772.113672495
1607018772.213697195
1607018772.313680410
1607018772.413679600
1607018772.513671875
1607018772.613678217
1607018772.713670015
1607018772.813681602
1607018772.913688421
1607018773.013682604
1607018773.113683462
1607018773.213685036
1607018773.313674927
1607018773.413711071
1607018773.513667583
1607018773.613715172
1607018773.713707924
1607018773.813713789
1607018773.913731575
1607018774.013721943
1607018774.113712072
1607018774.213715315
1607018774.313723564
1607018774.413715601
1607018774.513693333
1607018774.613678455
1607018774.713682890
1607018774.813676596
1607018774.913675547
1607018775.013690472
1607018775.113669634
1607018775.213702440
1607018775.313689470
1607018775.413695574
1607018775.513676167
1607018775.613669157
1607018775.713680506
1607018775.813693285
1607018775.913700581
1607018776.013696909
1607018776.113685846
1607018776.213683844
1607018776.313642979
1607018776.413720369
1607018776.513697147
1607018776.613682747
1607018776.713715315
1607018776.813710928
1607018776.913677454
1607018777.013723850
1607018777.113689661
1607018777.213682175
1607018777.313675404
1607018777.413680077
1607018777.513672829
1607018777.613693714
1607018777.713689327
1607018777.813683987
1607018777.913674116
1607018778.013675690
1607018778.113676548
1607018778.213697433
1607018778.313677788
1607018778.413693428
1607018778.513676643
1607018778.613689899
1607018778.713676453
1607018778.813691616
1607018778.913702488
1607018779.013718367
1607018779.113706112
1607018779.213720083
1607018779.313708067
1607018779.413723230
1607018779.513726950
1607018779.613720179
1607018779.713709354
1607018779.813730955
1607018779.913681269
1607018780.013689518
1607018780.113698006
1607018780.213700294
1607018780.313682795
1607018780.413691521
1607018780.513694763
1607018780.613688231
1607018780.713771582
1607018780.813690424
1607018780.913646936
1607018781.013680696
1607018781.113675594
1607018781.213682175
1607018781.313665867
1607018781.413642406
1607018781.513651371
1607018781.613648653
1607018781.713637352
1607018781.813698769
1607018781.913737297
1607018782.013678789
1607018782.113703489
1607018782.213717222
1607018782.313695431
1607018782.413714886
1607018782.513683081
1607018782.613686800
1607018782.713678598
1607018782.813687801
1607018782.913684130
1607018783.013709784
1607018783.113682032
1607018783.213695049
1607018783.313679934
1607018783.413652182
1607018783.513647795
1607018783.613703489
1607018783.713674784
1607018783.813678980
1607018783.913673639
1607018784.013679266
1607018784.113646746
1607018784.213699102
1607018784.313685179
1607018784.413720369
1607018784.513678789
1607018784.613729239
1607018784.713674068
1607018784.813733339
1607018784.913703442
1607018785.013719559
1607018785.113703012
1607018785.213665009
1607018785.313689947
1607018785.413684845
1607018785.513689518
1607018785.613679886
1607018785.713692904
1607018785.813689470
1607018785.913700819
1607018786.013688087
1607018786.113678455
1607018786.213691235
1607018786.313690662
1607018786.413693428
1607018786.513720751
1607018786.613689184
1607018786.713685513
1607018786.813712835
1607018786.913678169
1607018787.013680458
1607018787.113703728
1607018787.213727713
1607018787.313698769
1607018787.413725138
1607018787.513714552
1607018787.613711834
1607018787.713709354
1607018787.813717127
1607018787.913692713
1607018788.013701439
1607018788.113666534
1607018788.213701487
1607018788.313686132
1607018788.413677931
1607018788.513675451
1607018788.613690376
1607018788.713681221
1607018788.813682079
1607018788.913676023
1607018789.013689756
1607018789.113692999
1607018789.213688612
1607018789.313694000
1607018789.413679361
1607018789.513687372
1607018789.613705158
1607018789.713674068
1607018789.813706636
1607018789.913704872
1607018790.013730764
1607018790.113702536
1607018790.213712454
1607018790.313716888
1607018790.413739204
1607018790.513701439
1607018790.613677263
1607018790.713681936
1607018790.813694715
1607018790.913673162
1607018791.013688326
1607018791.113667965
1607018791.213697195
1607018791.313679218
1607018791.413674355
1607018791.513669252
1607018791.613679171
1607018791.713675737
1607018791.813682318
1607018791.913678885
1607018792.013689756
1607018792.113675594
1607018792.213726044
1607018792.313691139
1607018792.413673878
1607018792.513706923
1607018792.613720894
1607018792.713705063
1607018792.813721418
1607018792.913704634
1607018793.013717413
1607018793.113717318
1607018793.213716745
1607018793.313698292
1607018793.413701296
1607018793.513675690
1607018793.613700151
1607018793.713673592
1607018793.813688755
1607018793.913676023
1607018794.013688326
1607018794.113698244
1607018794.213714123
1607018794.313680172
1607018794.413695812
1607018794.513671160
1607018794.613682508
1607018794.713665962
1607018794.813700914
1607018794.913671494
1607018795.013678074
1607018795.113672972
1607018795.213705301
1607018795.313704729
1607018795.413733006
1607018795.513705730
1607018795.613719463
1607018795.713694096
1607018795.813717604
1607018795.913699865
1607018796.013719797
1607018796.113670349
1607018796.213683605
1607018796.313685179
1607018796.413700819
1607018796.513671398
1607018796.613705158
1607018796.713672400
1607018796.813682556
1607018796.913687229
1607018797.013683796
1607018797.113679171
1607018797.213651180
1607018797.313688755
1607018797.413691044
1607018797.513647318
1607018797.613673210
1607018797.713638783
1607018797.813717127
1607018797.913700342
1607018798.013709784
1607018798.113704920
1607018798.213714838
1607018798.313689232
1607018798.413711071
1607018798.513706207
1607018798.613704920
1607018798.713682890
1607018798.813702583
1607018798.913654804
1607018799.013671398
1607018799.113680601
1607018799.213692427
1607018799.313669205
1607018799.413650751
1607018799.513659477
1607018799.613705635
1607018799.713688135
1607018799.813654900
1607018799.913651705
1607018800.013697386
1607018800.113688231
1607018800.213693142
1607018800.313693047
1607018800.413699627
1607018800.513664722
1607018800.613680124
1607018800.713687181
1607018800.813705206
1607018800.913691282
1607018801.013684511
1607018801.113675594
1607018801.213695765
1607018801.313677788
1607018801.413658619
1607018801.513682604
1607018801.613763571
1607018801.713700533
1607018801.813691616
1607018801.913713932
1607018802.013759136
1607018802.113758326
1607018802.213713169
1607018802.313710451
1607018802.413682938
1607018802.513755083
1607018802.613743544
1607018802.713728428
1607018802.813691378
1607018802.913669825
1607018803.013686419
1607018803.113677979
1607018803.213693857
1607018803.313660860
1607018803.413681746
1607018803.513671875
1607018803.613688946
1607018803.713670969
1607018803.813686848
1607018803.913687229
1607018804.013689518
1607018804.113674641
1607018804.213701725
1607018804.313687801
1607018804.413697481
1607018804.513677835
1607018804.613660097
1607018804.713692427
1607018804.813697338
1607018804.913687468
1607018805.013698816
1607018805.113687038
1607018805.213704348
1607018805.313660383
1607018805.413700104
1607018805.513678312
1607018805.613712549
1607018805.713721037
1607018805.813730955
1607018805.913701057
1607018806.013726234
1607018806.113728762
1607018806.213715792
1607018806.313675404
1607018806.413695574
1607018806.513673782
1607018806.613684177
1607018806.713674307
1607018806.813691854
1607018806.913673401
1607018807.013689518
1607018807.113676786
1607018807.213664055
1607018807.313662291
1607018807.413695097
1607018807.513675213
1607018807.613685131
1607018807.713674545
1607018807.813680887
1607018807.913678169
1607018808.013681650
1607018808.113679409
1607018808.213717937
1607018808.313722610
1607018808.413707733
1607018808.513704300
1607018808.613706589
1607018808.713727951
1607018808.813728809
1607018808.913714647
1607018809.013726950
1607018809.113672733
1607018809.213671207
1607018809.313721657
1607018809.413669109
1607018809.513683081
1607018809.613707066
1607018809.713686943
1607018809.813651800
1607018809.913734436
1607018810.013668537
1607018810.113656998
1607018810.213674545
1607018810.313690662
1607018810.413693905
1607018810.513687849
1607018810.613656759
1607018810.713677645
1607018810.813698292
1607018810.913703680
1607018811.013712883
1607018811.113694429
1607018811.213716030
1607018811.313686371
1607018811.413692474
1607018811.513739109
1607018811.613726377
1607018811.713667631
1607018811.813683510
1607018811.913674116
1607018812.013693094
1607018812.113657951
1607018812.213725567
1607018812.313645840
1607018812.413666487
1607018812.513681173
1607018812.613682747
1607018812.713678360
1607018812.813733816
1607018812.913643360
1607018813.013651133
1607018813.113684416
1607018813.213699818
1607018813.313683033
1607018813.413658857
1607018813.513670444
1607018813.613722324
1607018813.713709354
1607018813.813717127
1607018813.913705111
1607018814.013686895
1607018814.113710642
1607018814.213719130
1607018814.313714743
1607018814.413682222
1607018814.513674498
1607018814.613706589
1607018814.713686466
1607018814.813684464
1607018814.913668633
1607018815.013658762
1607018815.113653183
1607018815.213678360
1607018815.313670397
1607018815.413693905
1607018815.513672829
1607018815.613704681
1607018815.713685513
1607018815.813681602
1607018815.913673162
1607018816.013681650
1607018816.113652468
1607018816.213802099
1607018816.313673496
1607018816.413709402
1607018816.513720512
1607018816.613712549
1607018816.713728189
1607018816.813750267
1607018816.913727760
1607018817.013744116
1607018817.113763809
1607018817.213660240
1607018817.313673735
1607018817.413687706
1607018817.513679266
1607018817.613685131
1607018817.719250679
1607018817.813716173
1607018817.915240765
1607018818.023298025
1607018818.113684654
1607018818.213719845
1607018818.313716412
1607018818.413677454
1607018818.513673306
1607018818.613688469
1607018818.713704109
1607018818.813700438
1607018818.913683176
1607018819.013721228
1607018819.113688707
1607018819.213752747
1607018819.313711643
1607018819.413745403
1607018819.513719082
1607018819.613718987
1607018819.713701725
1607018819.813745975
1607018819.913693905
1607018820.013679743
1607018820.113735914
1607018820.213711500
1607018820.313704252
1607018820.413693428
1607018820.513707399
1607018820.613796711
1607018820.713699579
1607018820.813702822
1607018820.913704395
1607018821.013708591
1607018821.113698483
1607018821.213708401
1607018821.313666821
1607018821.413686991
1607018821.513696909
1607018821.613692284
1607018821.713728905
1607018821.813744545
1607018821.913719416
1607018822.013737917
1607018822.113733053
1607018822.213739872
1607018822.320591211
1607018822.415296078
1607018822.513736725
