1607018937.538253546
1607018937.642703533
1607018937.746120930
1607018937.849443197
1607018937.952798605
1607018938.056246281
1607018938.158664942
1607018938.264044046
1607018938.366515636
1607018938.469875574
1607018938.572150230
1607018938.675352573
1607018938.778619289
1607018938.880672932
1607018938.984169960
1607018939.086461306
1607018939.189738989
1607018939.292378902
1607018939.395704985
1607018939.497746944
1607018939.603969336
1607018939.706759453
1607018939.809334993
1607018939.912693977
1607018940.016173363
1607018940.119168282
1607018940.223766565
1607018940.327537537
1607018940.430297613
1607018940.536563396
1607018940.636499882
1607018940.736632109
1607018940.837112665
1607018940.937299252
1607018941.037514925
1607018941.137168884
1607018941.236636877
1607018941.336502314
1607018941.437034607
1607018941.536679268
1607018941.637266636
1607018941.737324715
1607018941.837837458
1607018941.936628103
1607018942.036451817
1607018942.136562586
1607018942.236452579
1607018942.336490154
1607018942.436634541
1607018942.536435604
1607018942.636563301
1607018942.736582279
1607018942.836611271
1607018942.936593771
1607018943.036568403
1607018943.136648893
1607018943.236532927
1607018943.336414576
1607018943.436673164
1607018943.536568165
1607018943.636505127
1607018943.736593246
1607018943.836483955
1607018943.936565876
1607018944.036493063
1607018944.136822462
1607018944.236607552
1607018944.336618900
1607018944.436618328
1607018944.536543608
1607018944.636480331
1607018944.736672640
1607018944.836498737
1607018944.936604261
1607018945.036713123
1607018945.136515379
1607018945.236461639
1607018945.337715864
1607018945.436555624
1607018945.536483288
1607018945.636530161
1607018945.737050056
1607018945.836659908
1607018945.936577797
1607018946.036482573
1607018946.136589527
1607018946.236610413
1607018946.336449385
1607018946.436609030
1607018946.536677361
1607018946.636626482
1607018946.736559391
1607018946.836464882
1607018946.936472416
1607018947.036633492
1607018947.136710405
1607018947.236562729
1607018947.336825848
1607018947.436781406
1607018947.536946535
1607018947.636753559
1607018947.736585855
1607018947.836535215
1607018947.937868834
1607018948.036671400
1607018948.136487246
1607018948.236632586
1607018948.336450815
1607018948.436483383
1607018948.536452055
1607018948.636580467
1607018948.736656904
1607018948.836584091
1607018948.936733961
1607018949.036565065
1607018949.136438847
1607018949.236612082
1607018949.336632967
1607018949.436550379
1607018949.536512852
1607018949.636507511
1607018949.736537695
1607018949.836584091
1607018949.937190533
1607018950.036647320
1607018950.136655807
1607018950.236671925
1607018950.336469173
1607018950.436565161
1607018950.536627054
1607018950.636530161
1607018950.737355232
1607018950.836652279
1607018950.936433315
1607018951.036594629
1607018951.136621952
1607018951.236469507
1607018951.336501360
1607018951.436443329
1607018951.536663055
1607018951.636556864
1607018951.736694336
1607018951.836593390
1607018951.936586857
1607018952.036641359
1607018952.136682749
1607018952.236647129
1607018952.336505890
1607018952.436598778
1607018952.536552668
1607018952.636621952
1607018952.736525059
1607018952.836551905
1607018952.936775923
1607018953.036689997
1607018953.136547089
1607018953.236688614
1607018953.336643219
1607018953.436479092
1607018953.536631584
1607018953.636648893
1607018953.736643791
1607018953.836560488
1607018953.936600447
1607018954.036631107
1607018954.136644840
1607018954.236518860
1607018954.336484194
1607018954.436442375
1607018954.536473513
1607018954.636639357
1607018954.736612320
1607018954.836574078
1607018954.936471224
1607018955.036749125
1607018955.136833668
1607018955.236522675
1607018955.336525440
1607018955.436667442
1607018955.536634207
1607018955.636652708
1607018955.736670256
1607018955.837872267
1607018955.936608553
1607018956.036574602
1607018956.136648417
1607018956.236623287
1607018956.336428881
1607018956.436468363
1607018956.536538363
1607018956.636564732
1607018956.736718655
1607018956.836472988
1607018956.936502457
1607018957.036517859
1607018957.136551380
1607018957.236838102
1607018957.336616278
1607018957.436426401
1607018957.536697865
1607018957.636846066
1607018957.736849070
1607018957.836591721
1607018957.936912537
1607018958.036798716
1607018958.137055397
1607018958.236675978
1607018958.336532116
1607018958.436446667
1607018958.536514282
1607018958.636558771
1607018958.736571550
1607018958.836469412
1607018958.936642885
1607018959.036925077
1607018959.136855364
1607018959.236488104
1607018959.336428642
1607018959.436600685
1607018959.536674976
1607018959.636598825
1607018959.736644030
1607018959.836528778
1607018959.937228918
1607018960.036714554
1607018960.136677980
1607018960.236554861
1607018960.336509943
1607018960.436622143
1607018960.536668777
1607018960.636668921
1607018960.736694336
1607018960.836633444
1607018960.936618805
1607018961.036576509
1607018961.136457205
1607018961.236595154
1607018961.336769104
1607018961.436475992
1607018961.536477566
1607018961.636696577
1607018961.736454487
1607018961.836483955
1607018961.936429977
1607018962.036821604
1607018962.136524200
1607018962.236534834
1607018962.336488485
1607018962.437091112
1607018962.536499023
1607018962.636611462
1607018962.737449884
1607018962.836625338
1607018962.936580181
1607018963.036538601
1607018963.136666775
1607018963.236654282
1607018963.336547613
1607018963.436592579
1607018963.536654472
1607018963.636670589
1607018963.736668825
1607018963.836636782
1607018963.936606169
1607018964.036669016
1607018964.136652708
1607018964.236620426
1607018964.336561918
1607018964.436506748
1607018964.536578178
1607018964.636648178
1607018964.736654997
1607018964.836601019
1607018964.936588526
1607018965.036632538
1607018965.136662483
1607018965.236618042
1607018965.336585283
1607018965.436578035
1607018965.536595345
1607018965.636674881
1607018965.736682415
1607018965.836589813
1607018965.936416864
1607018966.036408424
1607018966.136528254
1607018966.236442089
1607018966.336557865
1607018966.436888933
1607018966.536675930
1607018966.636676550
1607018966.736675501
1607018966.836620569
1607018966.936580896
1607018967.036646366
1607018967.136659861
1607018967.236632824
1607018967.336465120
1607018967.436545372
1607018967.536683798
1607018967.636561632
1607018967.736426592
1607018967.837870121
1607018967.936604738
1607018968.036625624
1607018968.136650085
1607018968.236614227
1607018968.336630583
1607018968.436498165
1607018968.536613941
1607018968.636690617
1607018968.736687183
1607018968.836636782
1607018968.936601162
1607018969.036672831
1607018969.136562824
1607018969.236658096
1607018969.336617708
1607018969.436598301
1607018969.536612749
1607018969.636634111
1607018969.736652613
1607018969.836593628
1607018969.936579227
1607018970.036641121
1607018970.136649847
1607018970.236611366
1607018970.336526871
1607018970.436521769
1607018970.536633492
1607018970.636650085
1607018970.736652136
1607018970.836613894
1607018970.936576366
1607018971.036556721
1607018971.136452198
1607018971.236466885
1607018971.336429119
1607018971.436484814
1607018971.536558390
1607018971.636604786
1607018971.736556292
1607018971.836569548
1607018971.936589956
1607018972.036542892
1607018972.136527538
1607018972.236565113
1607018972.336482286
1607018972.436482191
1607018972.536682606
1607018972.636615515
1607018972.736651897
1607018972.836603880
1607018972.936581612
1607018973.036647081
1607018973.136548519
1607018973.236629725
1607018973.336833239
1607018973.436561584
1607018973.536633968
1607018973.636522293
1607018973.736519575
1607018973.836753845
1607018973.936693668
1607018974.036440611
1607018974.136699915
1607018974.236670017
1607018974.336494207
1607018974.436497688
1607018974.536663294
1607018974.636472940
1607018974.736569166
1607018974.836458445
1607018974.936575890
1607018975.036826372
1607018975.136897326
1607018975.236766338
1607018975.336803675
1607018975.442553043
1607018975.536664963
1607018975.636623859
1607018975.736640692
1607018975.836589813
1607018975.936627626
1607018976.036635637
1607018976.136592865
1607018976.236423731
1607018976.336600542
1607018976.436445236
1607018976.536473513
1607018976.636626720
1607018976.736554146
1607018976.836483955
1607018976.936489105
1607018977.036640406
1607018977.136790276
1607018977.236828804
1607018977.336536169
1607018977.436891317
1607018977.536557913
1607018977.636562109
1607018977.736806870
1607018977.836484194
1607018977.936669588
1607018978.036572695
1607018978.136637688
1607018978.236508369
1607018978.336521149
1607018978.436582565
1607018978.536512136
1607018978.636625767
1607018978.736642361
1607018978.836539507
1607018978.936441660
1607018979.036440849
1607018979.136834621
1607018979.236530066
1607018979.336878300
1607018979.436615705
1607018979.536899090
1607018979.636541128
1607018979.736563683
1607018979.837230921
1607018979.936529875
1607018980.036834955
1607018980.138123274
1607018980.236500502
1607018980.336528540
1607018980.436833858
1607018980.536574602
1607018980.636827230
1607018980.736525297
1607018980.836622000
1607018980.936500788
1607018981.036830664
1607018981.138387442
1607018981.236628056
1607018981.336592197
1607018981.436635971
1607018981.536556721
1607018981.636632204
1607018981.736657381
1607018981.836618423
1607018981.936655998
1607018982.036603212
1607018982.136669159
1607018982.236632586
1607018982.336549759
1607018982.436733723
1607018982.536591530
1607018982.636643887
1607018982.736670732
1607018982.836622000
1607018982.936658382
1607018983.036538363
1607018983.136644363
1607018983.236627102
1607018983.336593151
1607018983.436589479
1607018983.536562681
1607018983.636587858
1607018983.736648798
1607018983.836601257
1607018983.936622858
1607018984.036568642
1607018984.136644363
1607018984.236498833
1607018984.336566448
1607018984.436668158
1607018984.536507845
1607018984.636451244
1607018984.736563206
1607018984.836518526
1607018984.936584234
1607018985.036548853
1607018985.136493683
1607018985.236541986
1607018985.336536646
1607018985.436517715
1607018985.536490917
1607018985.636541605
1607018985.736672878
1607018985.836438894
1607018985.936670065
1607018986.036555052
1607018986.136640787
1607018986.236624956
1607018986.336495638
1607018986.436425924
1607018986.536528111
1607018986.636455536
1607018986.736444950
1607018986.836581707
1607018986.936522722
1607018987.036491394
1607018987.136877775
1607018987.236591101
1607018987.336640596
1607018987.436804295
1607018987.536519527
1607018987.636479378
1607018987.736487865
1607018987.836495399
1607018987.936466932
1607018988.036569834
1607018988.136590481
1607018988.236518383
1607018988.337808847
1607018988.436490536
1607018988.537640095
1607018988.636443138
1607018988.736606121
1607018988.836525917
1607018988.936507225
1607018989.036584616
1607018989.136543512
1607018989.236500263
1607018989.336460352
1607018989.436452627
1607018989.536402941
1607018989.636502028
1607018989.736614704
1607018989.836428404
1607018989.936525822
1607018990.036422968
1607018990.136568308
1607018990.236773252
1607018990.336468935
1607018990.436763763
1607018990.536492348
1607018990.636842012
1607018990.736598015
1607018990.836524487
1607018990.937073708
1607018991.036747694
1607018991.136661053
1607018991.236565828
1607018991.336530209
1607018991.436636209
1607018991.536520243
1607018991.636544943
1607018991.736583471
1607018991.836482763
1607018991.936951637
1607018992.036500454
1607018992.136781693
1607018992.236524105
1607018992.336841106
1607018992.436555862
1607018992.536512375
1607018992.636736870
1607018992.736698389
1607018992.836692095
1607018992.936690569
1607018993.036614418
1607018993.136720181
1607018993.236702681
1607018993.336466074
1607018993.436468363
1607018993.536498070
1607018993.636436701
1607018993.736454725
1607018993.836432219
1607018993.936417818
1607018994.036507130
1607018994.136819839
1607018994.236485958
1607018994.336820126
1607018994.436650276
1607018994.537026882
1607018994.636884212
1607018994.736524343
1607018994.836470127
1607018994.936467171
1607018995.037354946
1607018995.137099028
1607018995.236759663
1607018995.336591482
1607018995.436677933
1607018995.536613703
1607018995.636649370
1607018995.736657381
1607018995.836642027
1607018995.936638117
1607018996.036585569
1607018996.136630297
1607018996.236581802
1607018996.336445570
1607018996.436410666
1607018996.536544323
1607018996.636689186
1607018996.736766100
1607018996.836666346
1607018996.936698437
1607018997.036710978
1607018997.136567116
1607018997.236768723
1607018997.336851120
1607018997.436806917
1607018997.536820412
1607018997.636527300
1607018997.736503839
1607018997.836840391
1607018997.936583996
1607018998.036468983
1607018998.136528254
1607018998.236433268
1607018998.336505175
1607018998.436482668
1607018998.536469936
1607018998.636559963
1607018998.736574888
1607018998.837915659
1607018998.936662674
1607018999.036561489
1607018999.136645317
1607018999.236611605
1607018999.336535692
1607018999.436502695
1607018999.536421061
1607018999.636736870
1607018999.736671209
1607018999.836627722
1607018999.936484337
1607019000.036422491
1607019000.136673450
1607019000.236793280
1607019000.336824656
1607019000.436514616
1607019000.536475897
1607019000.636827946
1607019000.736682653
1607019000.836611032
1607019000.936569929
1607019001.036456108
1607019001.136724472
1607019001.236779213
1607019001.336525917
1607019001.436730385
1607019001.536608934
1607019001.636748314
1607019001.736526728
1607019001.836498260
1607019001.936811447
1607019002.036552906
1607019002.136554956
1607019002.236639977
1607019002.336575508
1607019002.436882973
1607019002.536530495
1607019002.636598349
1607019002.736626863
1607019002.836578369
1607019002.936649323
1607019003.036725521
1607019003.136577368
1607019003.236430883
1607019003.336614847
1607019003.436528921
1607019003.536840677
1607019003.636924505
1607019003.736958027
1607019003.836819172
1607019003.936711311
1607019004.036529064
1607019004.136677265
1607019004.236517429
1607019004.336488008
1607019004.436639547
1607019004.536847115
1607019004.636763573
1607019004.736413002
1607019004.836475372
1607019004.936662912
1607019005.036570787
1607019005.136610985
1607019005.236617804
1607019005.336502314
1607019005.436510086
1607019005.536508322
1607019005.636653900
1607019005.736657858
1607019005.836639643
1607019005.936633587
1607019006.036601782
1607019006.136660337
1607019006.236666203
1607019006.336430073
1607019006.436581850
1607019006.536543369
1607019006.636657476
1607019006.736615896
1607019006.836445570
1607019006.936519623
1607019007.036443949
1607019007.136497021
1607019007.236922979
1607019007.336464643
1607019007.436600447
1607019007.536451101
1607019007.636782646
1607019007.736567020
1607019007.836434364
1607019007.936492443
1607019008.036474943
1607019008.136947632
1607019008.236585855
1607019008.336645126
1607019008.436641932
1607019008.536697388
1607019008.636541605
1607019008.736630917
1607019008.836527109
1607019008.936597109
1607019009.036547661
1607019009.137725830
1607019009.236674309
1607019009.336440563
1607019009.436643124
1607019009.536467791
1607019009.636452198
1607019009.736709356
1607019009.836707592
1607019009.936637640
1607019010.036435843
1607019010.136511803
1607019010.236531019
1607019010.336630106
1607019010.436515808
1607019010.537406921
1607019010.636505365
1607019010.736764431
1607019010.836618662
1607019010.936653137
1607019011.036560297
1607019011.137109756
1607019011.236633778
1607019011.336632252
1607019011.436602831
1607019011.536590338
1607019011.636534452
1607019011.736669302
1607019011.836650610
1607019011.936612606
1607019012.036576986
1607019012.136654854
1607019012.236612558
1607019012.336592913
1607019012.436589241
1607019012.536523581
1607019012.636609554
1607019012.736635685
1607019012.836624861
1607019012.936584711
1607019013.036534071
1607019013.136670113
1607019013.236528635
1607019013.336490393
1607019013.436400175
1607019013.536485672
1607019013.636499166
1607019013.736532688
1607019013.836590290
1607019013.936464548
1607019014.036586046
1607019014.136426449
1607019014.236496925
1607019014.336424351
1607019014.436549425
1607019014.536467791
1607019014.636831522
1607019014.736852884
1607019014.838076115
1607019014.936460495
1607019015.036692142
1607019015.136452436
1607019015.236756563
1607019015.337576628
1607019015.436787128
1607019015.536851645
1607019015.636824846
1607019015.736624956
1607019015.837286949
1607019015.936845541
1607019016.036618233
1607019016.136483431
1607019016.236538410
1607019016.338083506
1607019016.436656713
1607019016.536587477
1607019016.636663675
1607019016.736640692
1607019016.836654902
1607019016.936605215
1607019017.036599636
1607019017.136649847
1607019017.236656189
1607019017.336619854
1607019017.436609983
1607019017.536512136
1607019017.636525393
1607019017.736574650
1607019017.836420536
1607019017.936444044
1607019018.036406994
1607019018.136464119
1607019018.236479998
1607019018.336788416
1607019018.436516047
1607019018.536888838
1607019018.636539936
1607019018.737780333
1607019018.836649179
1607019018.936590433
1607019019.036487579
1607019019.136410475
1607019019.236528397
1607019019.336619377
1607019019.436457396
1607019019.536845446
1607019019.636575699
1607019019.736861706
1607019019.837078094
1607019019.936675310
1607019020.036597967
1607019020.136578560
1607019020.236475229
1607019020.336599350
1607019020.436501741
1607019020.537393570
1607019020.636515617
1607019020.736629963
1607019020.836769581
1607019020.936649084
1607019021.037009716
1607019021.136452436
1607019021.236626148
1607019021.336475372
1607019021.436808348
1607019021.536668777
1607019021.636855364
1607019021.736503363
1607019021.836510181
1607019021.936782360
1607019022.036506414
1607019022.136528492
1607019022.236809492
1607019022.336921692
1607019022.436486959
1607019022.536544323
1607019022.636499643
1607019022.736575365
1607019022.836938381
1607019022.936565638
1607019023.036617517
1607019023.136687279
1607019023.236649990
1607019023.336505651
1607019023.436444521
1607019023.536613464
1607019023.636673450
1607019023.736469984
1607019023.836844921
1607019023.936453104
1607019024.036815882
1607019024.136439562
1607019024.236587524
1607019024.336523056
1607019024.436572552
1607019024.536520004
1607019024.636665583
1607019024.736670971
1607019024.836646318
1607019024.936602831
1607019025.036556959
1607019025.136616468
1607019025.236432314
1607019025.336632013
1607019025.436605692
1607019025.536522150
1607019025.636649847
1607019025.736621141
1607019025.836610317
1607019025.936589479
1607019026.036555290
1607019026.136583567
1607019026.236675024
1607019026.336493492
1607019026.436548471
1607019026.536551476
1607019026.636517286
1607019026.736635685
1607019026.836664915
1607019026.936592817
1607019027.036563396
1607019027.136661053
1607019027.236723900
1607019027.336538553
1607019027.436437368
1607019027.536609888
1607019027.636693001
1607019027.736654043
1607019027.836642742
1607019027.936620712
1607019028.036557913
1607019028.136661291
1607019028.236645460
1607019028.336575508
1607019028.436421871
1607019028.536541224
1607019028.636645317
1607019028.736626863
1607019028.836632252
1607019028.936633110
1607019029.036546707
1607019029.136628389
1607019029.236625671
1607019029.336601973
1607019029.436614513
1607019029.536569595
1607019029.636644840
1607019029.736532450
1607019029.836668015
1607019029.936657190
1607019030.036589622
1607019030.136667013
1607019030.236666679
1607019030.336635590
1607019030.436574221
1607019030.536680698
1607019030.636701822
1607019030.736675262
1607019030.836670399
1607019030.936638117
1607019031.036549807
1607019031.136630535
1607019031.236640692
1607019031.336611032
1607019031.436603785
1607019031.536565781
1607019031.636650085
1607019031.736627579
1607019031.836652517
1607019031.936590433
1607019032.036545038
1607019032.136489868
1607019032.236624241
1607019032.336573362
1607019032.436587334
1607019032.536560535
1607019032.636620522
1607019032.736476898
1607019032.836549759
1607019032.936618805
1607019033.036619902
1607019033.136663437
1607019033.236594915
1607019033.336451769
1607019033.436460972
1607019033.536469460
1607019033.636521339
1607019033.736634731
1607019033.836471558
1607019033.936450720
1607019034.036437988
1607019034.136663675
1607019034.236615181
1607019034.336596489
1607019034.436594248
1607019034.536593437
1607019034.636661768
1607019034.736622095
1607019034.836635590
1607019034.936576128
1607019035.036575317
1607019035.136646748
1607019035.236630440
1607019035.336625814
1607019035.436592579
1607019035.536578894
1607019035.636635303
1607019035.736534834
1607019035.836636782
1607019035.936593294
1607019036.036587000
1607019036.136670351
1607019036.236662388
1607019036.336449385
1607019036.436566353
1607019036.536545277
1607019036.636642933
1607019036.736647844
1607019036.836636543
1607019036.936607599
1607019037.036561966
1607019037.136643171
1607019037.236637592
1607019037.336619854
1607019037.436609268
1607019037.536579370
