0.000198364
0.000485897
0.000301600
0.000307798
0.000262499
0.000244141
0.000329494
0.000302553
0.000330925
0.000211716
0.000301838
0.000279427
0.000191212
0.000211716
0.000230074
0.000306129
0.000303745
0.000330448
0.000308990
0.000242233
0.000300407
0.000268698
0.000234365
0.000208616
0.000299454
0.000324249
0.000306845
0.000209093
0.000305653
0.000304937
0.000224113
0.000214100
0.000274897
0.000326157
0.000305176
0.000277996
0.000301123
0.000260592
0.000279665
0.000306129
0.000305414
0.000330925
0.000304937
0.000320196
0.000285625
0.000302792
0.000312567
0.000310898
0.000270844
0.000285625
0.000521183
0.000310421
0.000309944
0.000208855
0.000313044
0.000303745
0.000302076
0.000288725
0.000210047
0.000301838
0.000318766
0.000303745
0.000286818
0.000301838
0.000306129
0.000280619
0.000303268
0.000301361
0.000314951
0.000309229
0.000271797
0.000209570
0.000307560
0.000275373
0.000306129
0.000208616
0.000553846
0.000300407
0.000272512
0.000334263
0.000211000
0.000525713
0.000336409
0.000308514
0.000269413
0.000302553
0.000308514
0.000288963
0.000303745
0.000212193
0.000326633
0.000305891
0.000310183
0.000209332
0.000306368
0.000309944
0.000309467
0.000212669
0.000303030
0.000221491
0.000212669
0.000220537
0.000206232
0.000335693
0.000208855
0.000210524
0.000704050
0.000300646
0.000210047
0.000309944
0.000211716
0.000234365
0.000301361
0.000268221
0.000260353
0.000310659
0.000302076
0.000239372
0.000309706
0.000324011
0.000324249
0.000210285
0.000312328
0.000209808
0.000303984
0.000309467
0.000301600
0.000300407
0.000277996
0.000266552
0.000276566
0.000240326
0.000277758
0.000235796
0.000212669
0.000304222
0.000324965
0.000305176
0.000304222
0.000330448
0.000306129
0.000279188
0.000281334
0.000286341
0.000270128
0.000275373
0.000329494
0.000308990
0.000268936
0.000289440
0.000270128
0.000402689
0.000308275
0.000308275
0.000310183
0.000386715
0.000296354
0.000296593
0.000268698
0.000304699
0.000305891
0.000268936
0.000301600
0.000283480
0.000348330
0.000213146
0.000214815
0.000235319
0.000313282
0.000239611
0.000213861
0.000213385
0.000337601
0.000308990
0.000309467
0.000308037
0.000353336
0.000331879
0.000213146
0.000210285
0.000226259
0.000214100
0.000277758
0.000211954
0.000300169
0.000284910
0.000305891
0.000216484
0.000228643
0.000301600
0.000209808
0.000268936
0.000303745
0.000301600
0.000315905
0.000312567
0.000274658
0.000214338
0.000303268
0.000329494
0.000210524
0.000304937
0.000299931
0.000262499
0.000314713
0.000209570
0.000210047
0.000221252
0.000337124
0.000208855
0.000212431
0.000214815
0.000233650
0.000295639
0.000212908
0.000312328
0.000265360
0.000286341
0.000207901
0.000209570
0.000239134
0.000212908
0.000298977
0.000237703
0.000301361
0.000214100
0.000306845
0.000308275
0.000233650
0.000209093
0.000267744
0.000335455
0.000300407
0.000208139
0.000210285
0.000307322
0.000309944
0.000303030
0.000208378
0.000330687
0.000212193
0.000209093
0.000209093
0.000210524
0.000274897
0.000191689
0.000182867
0.000192165
0.000209808
0.000184059
0.000182629
0.000206709
0.000210047
0.000242949
0.000189304
0.000245571
0.000181198
0.000244141
0.000232697
0.000209332
0.000249624
0.000244379
0.000264168
0.000208378
0.000243902
0.000277519
0.000220060
0.000211716
0.000209570
0.000216722
0.000240564
0.000300169
0.000265598
0.000302076
0.000306845
0.000207186
0.000334024
0.000303984
0.000305653
0.000330448
0.000301123
0.000270844
0.000302076
0.000303268
0.000301123
0.000238895
0.000215769
0.000313520
0.000305891
0.000212431
0.000312328
0.000212193
0.000270367
0.000236750
0.000218391
0.000284433
0.000216722
0.000311613
0.000238657
0.000247717
0.000300169
0.000327349
0.000215769
0.000307322
0.000326395
0.000206947
0.000263214
0.000330687
0.000210524
0.000202656
0.000321865
0.000218391
0.000210047
0.000231504
0.000213146
0.000291824
0.000214100
0.000236034
0.000210524
0.000302553
0.000247240
0.000209570
0.000210285
0.000301123
0.000302792
0.000306129
0.000215292
0.000383139
0.000276804
0.000213861
0.000211477
0.000313520
0.000215054
0.000212431
0.000210285
0.000201225
0.000220537
0.000211477
0.000214338
0.000208616
0.000202417
0.000226974
0.000218630
0.000209093
0.000238895
0.000308752
0.000212431
0.000209332
0.000307322
0.000291109
0.000287056
0.000236034
0.000207424
0.000269651
0.000266314
0.000208378
0.000212193
0.000212193
0.000305653
0.000271559
0.000303030
0.000209808
0.000265837
0.000267744
0.000294924
0.000212431
0.000301361
0.000252724
0.000211239
0.000209808
0.000297070
0.000255346
0.000302553
0.000324488
0.000305891
0.000332117
0.000325680
0.000327349
0.000323772
0.000291348
0.000302553
0.000299931
0.000308037
0.000270367
0.000293732
0.000305653
0.000264883
0.000265360
0.000267267
0.000253677
0.000267744
0.000302553
0.000304222
0.000304222
0.000303268
0.000308037
0.000305653
0.000206947
0.000310183
0.000303984
0.000265360
0.000313044
0.000293255
0.000326872
0.000307322
0.000295639
0.000273466
0.000321388
0.000307083
0.000257254
0.000299454
0.000291824
0.000297070
0.000293732
0.000298262
0.000259638
0.000261068
0.000284910
0.000304699
0.000305653
0.000211716
0.000303030
0.000306368
0.000304222
0.000207901
0.000317097
0.000310659
0.000273943
0.000239134
0.000290155
0.000271320
0.000238657
0.000326633
0.000329018
0.000303268
0.000309706
0.000305653
0.000305414
0.000303507
0.000303268
0.000303984
0.000222921
0.000305891
0.000310421
0.000207901
0.000302076
0.000308990
0.000305653
0.000307083
0.000303984
0.000240803
0.000310183
0.000312567
0.000305891
0.000271082
0.000307322
0.000309229
0.000271797
0.000312328
0.000310659
0.000311852
0.000316858
0.000314236
0.000313520
0.000332355
0.000321150
0.000315189
0.000311136
0.000326633
0.000326872
0.000327826
0.000234842
0.000309229
0.000305891
0.000307798
0.000306129
0.000306606
0.000309706
0.000305891
0.000304222
0.000247717
0.000304699
0.000304699
0.000306129
0.000302553
0.000308275
0.000303745
0.000305653
0.000306845
0.000306606
0.000305891
0.000218391
0.000307560
0.000307083
0.000308275
0.000305653
0.000303984
0.000308752
0.000307083
0.000308275
0.000305653
0.000304222
0.000334978
0.000312328
0.000282526
0.000335932
0.000317097
0.000281572
0.000335217
0.000336647
0.000258684
0.000329971
0.000308990
0.000308037
0.000306606
0.000306845
0.000309706
0.000306129
0.000309229
0.000306606
0.000307798
0.000306129
0.000313044
0.000306368
0.000309706
0.000311136
0.000307322
0.000309467
0.000304461
0.000330448
0.000314951
0.000285625
0.000276327
0.000314236
0.000313759
0.000331163
0.000332117
0.000324249
0.000343084
0.000302076
0.000236273
0.000299931
0.000301600
0.000305176
0.000305176
0.000267982
0.000300407
0.000303030
0.000302553
0.000300646
0.000305653
0.000214815
0.000223637
0.000304461
0.000302315
0.000271797
0.000305414
0.000266075
0.000311852
0.000276089
0.000326872
0.000210285
0.000275373
0.000334740
0.000293732
0.000232458
0.000305176
0.000267744
0.000308275
0.000307322
0.000234604
0.000274420
0.000306606
0.000266314
0.000304699
0.000305176
0.000309944
0.000302076
0.000303507
0.000304222
0.000231504
0.000249386
0.000244141
0.000245094
0.000253916
0.000247955
0.000270844
0.000174999
0.000255585
0.000224829
0.000272512
0.000241995
0.000263929
0.000275373
0.000212908
0.000211716
0.000246763
0.000211477
0.000249624
0.000249147
0.000245333
0.000247717
0.000276804
0.000321627
0.000304222
0.000304461
0.000299931
0.000304461
0.000307560
0.000308037
0.000306606
0.000241041
0.000319242
0.000309467
0.000183105
0.000313759
0.000309229
0.000330448
0.000247717
0.000321865
0.000331640
0.000311136
0.000308037
0.000302792
0.000300884
0.000304222
0.000316143
0.000328064
0.000303984
0.000269890
0.000267982
0.000280142
0.000304222
0.000302076
0.000270367
0.000266075
0.000370264
0.000299692
0.000275135
0.000268698
0.000240088
0.000278473
0.000326872
0.000276089
0.000274181
0.000335693
0.000329018
0.000280380
0.000272512
0.000303745
0.000274420
0.000275850
0.000270128
0.000276566
0.000269175
0.000302315
0.000304222
0.000272274
0.000303030
0.000276089
0.000312805
0.000257254
0.000241518
0.000308514
0.000273943
0.000236511
0.000272989
0.000314951
0.000301600
0.000250816
0.000279903
0.000235558
0.000330687
0.000298500
0.000289679
0.000300646
0.000275135
0.000275612
0.000270367
0.000302076
0.000305653
0.000273466
0.000303030
0.000275373
0.000306368
0.000308752
0.000270605
0.000309229
0.000274420
0.000305414
0.000273228
0.000275373
0.000273228
0.000273466
0.000271320
0.000295162
0.000299692
0.000241041
0.000293493
0.000307798
0.000299692
0.000282526
0.000264406
0.000268936
0.000270367
0.000310421
0.000273466
0.000306368
0.000308275
0.000311852
0.000266790
0.000303030
0.000273705
0.000276327
0.000272751
0.000278234
0.000221968
0.000270605
0.000306845
0.000275373
0.000400543
0.000270367
0.000299692
0.000304222
0.000295162
0.000300884
0.000277519
0.000266314
0.000299215
0.000292301
0.000269413
0.000256538
0.000237226
0.000302315
0.000304222
0.000273705
0.000305176
0.000279188
0.000282049
0.000306368
0.000272989
0.000275850
0.000274181
0.000306129
0.000301361
0.000307322
0.000273943
0.000276804
0.000328779
0.000298023
0.000313997
0.000292778
0.000312090
0.000279427
0.000337362
0.000331640
0.000297546
0.000332355
0.000278950
0.000277519
0.000307798
0.000305176
0.000255585
0.000316620
0.000272512
0.000304222
0.000275373
0.000239134
0.000275612
0.000281572
0.000268459
0.000273466
0.000269413
0.000301123
0.000308752
0.000269175
0.000243187
0.000298738
0.000274181
0.000272274
0.000282764
0.000295401
0.000334501
0.000328064
0.000332594
0.000315666
0.000275135
0.000305653
0.000304699
0.000280142
0.000278473
0.000274897
0.000302315
0.000301838
0.000308752
0.000305414
0.000306129
0.000305653
0.000268698
0.000306606
0.000269651
0.000305414
0.000304222
0.000306606
0.000314713
0.000334740
0.000290871
0.000278711
0.000279665
0.000246286
0.000332117
0.000329733
0.000269890
0.000401974
0.000267029
0.000309229
0.000270605
0.000243664
0.000275135
0.000267982
0.000240088
0.000304699
0.000303984
0.000309944
0.000305176
0.000306368
0.000272512
0.000303745
0.000309229
0.000306129
0.000330925
0.000404835
0.000303268
0.000334501
0.000317097
0.000285149
0.000334978
0.000293493
0.000299931
0.000299692
0.000303030
0.000308037
0.000302792
0.000272274
0.000304937
0.000302553
0.000303745
0.000271320
0.000270844
0.000303507
0.000303030
0.000277758
0.000303268
0.000303984
0.000305176
0.000279427
0.000272274
0.000305176
0.000319958
0.000312567
0.000259876
0.000320673
0.000319719
0.000283241
0.000301838
0.000366449
0.000332832
0.000273705
0.000267506
0.000309229
0.000299931
0.000271320
0.000311613
0.000302792
0.000308037
0.000304937
0.000265598
0.000240326
0.000308037
0.000306845
0.000272751
0.000267506
0.000303507
0.000307083
0.000301600
0.000332117
0.000218153
0.000364065
0.000327349
0.000308275
0.000328779
0.000348806
0.000333786
0.000313997
0.000209332
0.000304222
0.000252724
0.000303984
0.000301838
0.000228405
0.000306845
0.000300646
0.000233412
0.000302315
0.000381231
0.000235319
0.000303268
0.000306368
0.000326157
0.000250101
0.000307083
0.000301123
0.000205755
0.000209332
0.000214100
0.000323057
0.000209093
0.000291109
0.000343323
0.000301600
0.000236988
0.000325203
0.000273705
0.000281334
0.000304937
0.000248432
0.000268221
0.000229597
0.000303507
0.000207424
0.000221252
0.000233173
0.000306129
0.000304699
0.000304699
0.000237226
0.000234604
0.000192881
0.000249863
0.000341415
0.000334024
0.000312090
0.000293255
0.000319481
0.000312567
0.000333548
0.000254154
0.000346661
0.000329494
0.000245810
0.000303268
0.000309467
0.000311375
0.000216007
0.000303984
0.000217438
0.000240803
0.000304222
0.000311136
0.000308275
0.000244141
0.000217676
0.000305891
0.000307798
0.000309467
0.000308752
0.000306368
0.000304222
0.000309229
0.000314951
0.000303507
0.000308514
0.000317574
0.000318527
0.000312805
0.000306129
0.000326157
0.000316381
0.000313520
0.000281811
0.000317335
0.000320196
0.000313759
0.000314236
0.000328302
0.000329256
0.000329971
0.000266790
0.000306368
0.000305891
0.000304222
0.000312567
0.000240326
0.000305414
0.000233173
0.000209093
0.000308752
0.000227928
0.000225544
