0.000367403
0.000346422
0.000336170
0.000330687
0.000357866
0.000387907
0.000361204
0.000332117
0.000333786
0.000355005
0.000332117
0.000334263
0.000356913
0.000377178
0.000315189
0.000331402
0.000330210
0.000360250
0.000335217
0.000324249
0.000331640
0.000251532
0.000411034
0.000333786
0.000333786
0.000345469
0.000257730
0.000340223
0.000328779
0.000333548
0.000364065
0.000379324
0.000325680
0.000334263
0.000331163
0.000353336
0.000330687
0.000338316
0.000332832
0.000320911
0.000337362
0.000334501
0.000330687
0.000380754
0.000329971
0.000318050
0.000330687
0.000344992
0.000326633
0.000329018
0.000354290
0.000331640
0.000331163
0.000403404
0.000330925
0.000333786
0.000328302
0.000327826
0.000363827
0.000330448
0.000338793
0.000319004
0.000376940
0.000357866
0.000332117
0.000329018
0.000287294
0.000328541
0.000343800
0.000356436
0.000260830
0.000354052
0.000337839
0.000382185
0.000265360
0.000334740
0.000337362
0.000364065
0.000252008
0.000256062
0.000334263
0.000328541
0.000330448
0.000255108
0.000386238
0.000353575
0.000334263
0.000333071
0.000299215
0.000330925
0.000377893
0.000336170
0.000332832
0.000334263
0.000332117
0.000336170
0.000357628
0.000328779
0.000340462
0.000286102
0.000342131
0.000339031
0.000362158
0.000329018
0.000347137
0.000332117
0.000325918
0.000363588
0.000331640
0.000328779
0.000355482
0.000234127
0.000330925
0.000352144
0.000327110
0.000230074
0.000359535
0.000329494
0.000329733
0.000345945
0.000271797
0.000329018
0.000356197
0.000328779
0.000226498
0.000308990
0.000330210
0.000330925
0.000348568
0.000267506
0.000328302
0.000343561
0.000330687
0.000356197
0.000326157
0.000332117
0.000353813
0.000262022
0.000330210
0.000306606
0.000331402
0.000330687
0.000352383
0.000298262
0.000334740
0.000329971
0.000371456
0.000327587
0.000334501
0.000333071
0.000317097
0.000330210
0.000344753
0.000332355
0.000327826
0.000344515
0.000297785
0.000352859
0.000329256
0.000331163
0.000357628
0.000329256
0.000352383
0.000329733
0.000307322
0.000236988
0.000313759
0.000326872
0.000442982
0.000334740
0.000296593
0.000321388
0.000335693
0.000298023
0.000344753
0.000330210
0.000314951
0.000326633
0.000303268
0.000295639
0.000302315
0.000295639
0.000296831
0.000357389
0.000296116
0.000360250
0.000328779
0.000326633
0.000356913
0.000329256
0.000355959
0.000325203
0.000328064
0.000332117
0.000294924
0.000298738
0.000416756
0.000352383
0.000304461
0.000330925
0.000318289
0.000339746
0.000326633
0.000328302
0.000329494
0.000295162
0.000332594
0.000354528
0.000294685
0.000300646
0.000351191
0.000299215
0.000313520
0.000302792
0.000324011
0.000331402
0.000327110
0.000300646
0.000286341
0.000351429
0.000300884
0.000327826
0.000324249
0.000326633
0.000295639
0.000327110
0.000292540
0.000306606
0.000201225
0.000328541
0.000353098
0.000246525
0.000270128
0.000272036
0.000289917
0.000248909
0.000236273
0.000244856
0.000270844
0.000246048
0.000200510
0.000278950
0.000337362
0.000278950
0.000265837
0.000252485
0.000312567
0.000330687
0.000293970
0.000520229
0.000309229
0.000238180
0.000308752
0.000316620
0.000313997
0.000236750
0.000239372
0.000259876
0.000283003
0.000239134
0.000236750
0.000236988
0.000329256
0.000237226
0.000239372
0.000305653
0.000236988
0.000311375
0.000236273
0.000238180
0.000237942
0.000301838
0.000329971
0.000237226
0.000242710
0.000236273
0.000310898
0.000237703
0.000236511
0.000237465
0.000334263
0.000239849
0.000237226
0.000209808
0.000301361
0.000263214
0.000236273
0.000290871
0.000236988
0.000304222
0.000260353
0.000308752
0.000345945
0.000334978
0.000236750
0.000345945
0.000331879
0.000327587
0.000348806
0.000325680
0.000324965
0.000295877
0.000327110
0.000329494
0.000328064
0.000335932
0.000324965
0.000327587
0.000355244
0.000263929
0.000330448
0.000324965
0.000329018
0.000360250
0.000322342
0.000323296
0.000323534
0.000324726
0.000330687
0.000324726
0.000244141
0.000327826
0.000293493
0.000299215
0.000267029
0.000322580
0.000347853
0.000326157
0.000325441
0.000328779
0.000332355
0.000321865
0.000354528
0.000249624
0.000330210
0.000351191
0.000292301
0.000347853
0.000361443
0.000321627
0.000346661
0.000325203
0.000247717
0.000329971
0.000323772
0.000330210
0.000325441
0.000332832
0.000324011
0.000324488
0.000331163
0.000325203
0.000321865
0.000345707
0.000317574
0.000242949
0.000344276
0.000329971
0.000296593
0.000362158
0.000347853
0.000353336
0.000350952
0.000324726
0.000325441
0.000326633
0.000325680
0.000330687
0.000323296
0.000323534
0.000325441
0.000324726
0.000321627
0.000327110
0.000323534
0.000328064
0.000325203
0.000304937
0.000286579
0.000324965
0.000350475
0.000221014
0.000247717
0.000352144
0.000327110
0.000349045
0.000365973
0.000354290
0.000351667
0.000355959
0.000290155
0.000256062
0.000323772
0.000328064
0.000321627
0.000240803
0.000287533
0.000323772
0.000323296
0.000325680
0.000326157
0.000322580
0.000328541
0.000323772
0.000223875
0.000327110
0.000325918
0.000336647
0.000325680
0.000322580
0.000333548
0.000333548
0.000221491
0.000230789
0.000335217
0.000330448
0.000333309
0.000262499
0.000330687
0.000355959
0.000262022
0.000327826
0.000236988
0.000362158
0.000346184
0.000345945
0.000348806
0.000329256
0.000324249
0.000327826
0.000326395
0.000324965
0.000325441
0.000327349
0.000326633
0.000323534
0.000325680
0.000323772
0.000325441
0.000325680
0.000325680
0.000324011
0.000324965
0.000327110
0.000325680
0.000323772
0.000324965
0.000322342
0.000322819
0.000324249
0.000229597
0.000323296
0.000325918
0.000325203
0.000221491
0.000323296
0.000326872
0.000351191
0.000356197
0.000327349
0.000349760
0.000336647
0.000329256
0.000219107
0.000354052
0.000246286
0.000308275
0.000243664
0.000331640
0.000325918
0.000325918
0.000324726
0.000323772
0.000323057
0.000325441
0.000323057
0.000325918
0.000325203
0.000322342
0.000323296
0.000257730
0.000325203
0.000324726
0.000325203
0.000353813
0.000335455
0.000224352
0.000351906
0.000352383
0.000291348
0.000355005
0.000357628
0.000360250
0.000331640
0.000349045
0.000325441
0.000324249
0.000323534
0.000323296
0.000295162
0.000324488
0.000324965
0.000325680
0.000328302
0.000256300
0.000324726
0.000324965
0.000291109
0.000325918
0.000326633
0.000265121
0.000342131
0.000355482
0.000252008
0.000301123
0.000346184
0.000332117
0.000351191
0.000369549
0.000353813
0.000339508
0.000353813
0.000256300
0.000327587
0.000327587
0.000328541
0.000268936
0.000327587
0.000329733
0.000329733
0.000330210
0.000330687
0.000332832
0.000329971
0.000332117
0.000328541
0.000325441
0.000333786
0.000330210
0.000351667
0.000311852
0.000304699
0.000355959
0.000334263
0.000330448
0.000364065
0.000351191
0.000346184
0.000347376
0.000330210
0.000326157
0.000326157
0.000271797
0.000329256
0.000333309
0.000328064
0.000325680
0.000326633
0.000327826
0.000328541
0.000252962
0.000257015
0.000329733
0.000324965
0.000333071
0.000262022
0.000352621
0.000334501
0.000307798
0.000354052
0.000251770
0.000334024
0.000335693
0.000358105
0.000278711
0.000353575
0.000327826
0.000331879
0.000274658
0.000326872
0.000332832
0.000324965
0.000330210
0.000255346
0.000328779
0.000324965
0.000327826
0.000328779
0.000327587
0.000332832
0.000325680
0.000325203
0.000259876
0.000348806
0.000334263
0.000334263
0.000252485
0.000342131
0.000334263
0.000356913
0.000350475
0.000351906
0.000339508
0.000353098
0.000327349
0.000330925
0.000329256
0.000328064
0.000327826
0.000329971
0.000330925
0.000331163
0.000331640
0.000334024
0.000332117
0.000331879
0.000329733
0.000329256
0.000329018
0.000329971
0.000332594
0.000321627
0.000333071
0.000302553
0.000342369
0.000331402
0.000302076
0.000357151
0.000329018
0.000295639
0.000322104
0.000262737
0.000327587
0.000325441
0.000328302
0.000282526
0.000329733
0.000329018
0.000327349
0.000328302
0.000329256
0.000332117
0.000332355
0.000326633
0.000270128
0.000330448
0.000328302
0.000333309
0.000350237
0.000329256
0.000298500
0.000356197
0.000347137
0.000309467
0.000339270
0.000352621
0.000344038
0.000349283
0.000353098
0.000324011
0.000328302
0.000324488
0.000233889
0.000327349
0.000320673
0.000323057
0.000324011
0.000325441
0.000328779
0.000324488
0.000327587
0.000226736
0.000323057
0.000322342
0.000326633
0.000326872
0.000336170
0.000331402
0.000348806
0.000330210
0.000297785
0.000320196
0.000346422
0.000348568
0.000236273
0.000326872
0.000325680
0.000324249
0.000262022
0.000322580
0.000331402
0.000326157
0.000324726
0.000227451
0.000329733
0.000324249
0.000325918
0.000224590
0.000325441
0.000322104
0.000324011
0.000330210
0.000225306
0.000339746
0.000328302
0.000359535
0.000332117
0.000337839
0.000345469
0.000354290
0.000354528
0.000332594
0.000283241
0.000347376
0.000326633
0.000242472
0.000328064
0.000324488
0.000326157
0.000326395
0.000327349
0.000324488
0.000325680
0.000322819
0.000262260
0.000326872
0.000322342
0.000327349
0.000327110
0.000324249
0.000257730
0.000341177
0.000293732
0.000241756
0.000329494
0.000296354
0.000351429
0.000274181
0.000341892
0.000349283
0.000323772
0.000325441
0.000323057
0.000324249
0.000324249
0.000328064
0.000244856
0.000322104
0.000323296
0.000324726
0.000322104
0.000326633
0.000325918
0.000325203
0.000217199
0.000244379
0.000348330
0.000324726
0.000216007
0.000234604
0.000354290
0.000333071
0.000328064
0.000355005
0.000249863
0.000345469
0.000348806
0.000330210
0.000266552
0.000328302
0.000327826
0.000329494
0.000326395
0.000326395
0.000330687
0.000325680
0.000326157
0.000246525
0.000325680
0.000323534
0.000324965
0.000326633
0.000326157
0.000324011
0.000354290
0.000221729
0.000253677
0.000347137
0.000337601
0.000326633
0.000235319
0.000349760
0.000287294
0.000294209
0.000322580
0.000326633
0.000323057
0.000332832
0.000329971
0.000323772
0.000328302
0.000307560
0.000303507
0.000306129
0.000303984
0.000301361
0.000277281
0.000307322
0.000304699
0.000308752
0.000303745
0.000301838
0.000328302
0.000310898
0.000282049
0.000329971
0.000310183
0.000277519
0.000315428
0.000331640
0.000334024
0.000311613
0.000311136
0.000308037
0.000308514
0.000306606
0.000214338
0.000304699
0.000301361
0.000306606
0.000259161
0.000307798
0.000308752
0.000301361
0.000310421
0.000272036
0.000307322
0.000306368
0.000314713
0.000224829
0.000314474
0.000292063
0.000330925
0.000318527
0.000282764
0.000334978
0.000330925
0.000330687
0.000243187
0.000306606
0.000306606
0.000302792
0.000303507
0.000323296
0.000327826
0.000332117
0.000328302
0.000326395
0.000323772
0.000338554
0.000325203
0.000326157
0.000327110
0.000330925
0.000325441
0.000327349
0.000349760
0.000334024
0.000304222
0.000267029
0.000305891
0.000331879
0.000354290
0.000350714
0.000345707
0.000353098
0.000328779
0.000328302
0.000326395
0.000325918
0.000326157
0.000326872
0.000328779
0.000325203
0.000332117
0.000324726
0.000322580
0.000257492
0.000335217
0.000325680
0.000323534
0.000325918
0.000325680
0.000354290
0.000335932
0.000308990
0.000237703
0.000337839
0.000334501
0.000354290
0.000241041
0.000349522
0.000338078
0.000326633
0.000331879
0.000333071
0.000322580
0.000325441
0.000322580
0.000328779
0.000323534
0.000325203
0.000328779
0.000324011
0.000327110
0.000329971
0.000329256
0.000326633
0.000236034
0.000327826
0.000333309
0.000334024
0.000329971
0.000335455
0.000319481
0.000330210
0.000339270
0.000339270
0.000339508
0.000328302
0.000351906
0.000331879
0.000306129
0.000354767
0.000339746
0.000334501
0.000355482
0.000350952
0.000349045
0.000346422
0.000327587
0.000327110
0.000328541
0.000324249
0.000331402
0.000326157
0.000325441
0.000330925
0.000326872
0.000327587
0.000325918
0.000329971
0.000322580
0.000332117
0.000329733
0.000279188
0.000324488
0.000323296
0.000327826
0.000334978
0.000325203
0.000325918
0.000324965
0.000322342
0.000326157
0.000325441
0.000324726
0.000325203
0.000324965
0.000333309
0.000240564
0.000342131
0.000328541
0.000330687
0.000339031
0.000332117
0.000351191
0.000362158
0.000357628
0.000319481
0.000346184
0.000330687
0.000323534
0.000330210
0.000326872
0.000326633
0.000326872
0.000330448
0.000329256
0.000323057
0.000326872
0.000326872
0.000233650
0.000329494
0.000325680
0.000323534
0.000329256
0.000326157
0.000344515
