0.000254869
0.000215292
0.000186682
0.000309467
0.000237942
0.000287294
0.000307322
0.000307322
0.000305891
0.000237703
0.000263453
0.000236988
0.000267506
0.000236988
0.000241518
0.000237942
0.000262499
0.000309944
0.000235558
0.000307798
0.000245810
0.000304699
0.000306129
0.000291348
0.000306368
0.000298262
0.000239372
0.000236034
0.000293493
0.000240803
0.000310898
0.000322580
0.000235796
0.000238180
0.000303745
0.000307322
0.000263453
0.000238419
0.000305414
0.000297070
0.000235319
0.000243664
0.000275135
0.000308275
0.000265121
0.000309467
0.000238657
0.000265598
0.000303507
0.000309467
0.000305176
0.000238180
0.000563860
0.000216961
0.000235796
0.000316143
0.000411749
0.000306368
0.000263453
0.000306129
0.000309706
0.000252485
0.000309467
0.000303745
0.000238180
0.000268459
0.000301838
0.000253439
0.000240803
0.000236988
0.000281811
0.000334501
0.000235319
0.000236511
0.000266790
0.000236750
0.000305176
0.000265598
0.000237703
0.000243664
0.000237465
0.000268698
0.000332594
0.000238419
0.000305176
0.000307560
0.000238180
0.000244379
0.000308990
0.000236034
0.000261068
0.000310659
0.000238657
0.000270367
0.000240088
0.000245094
0.000311613
0.000309944
0.000312805
0.000307798
0.000313520
0.000308990
0.000304937
0.000312328
0.000310421
0.000279903
0.000360727
0.000291586
0.000308990
0.000252247
0.000535488
0.000236273
0.000295162
0.000235796
0.000236988
0.000260592
0.000305891
0.000235081
0.000234604
0.000270844
0.000236273
0.000282288
0.000218153
0.000239849
0.000440359
0.000313997
0.000234842
0.000235081
0.000261545
0.000270128
0.000301361
0.000264168
0.000238419
0.000301600
0.000263691
0.000236034
0.000249863
0.000236034
0.000305414
0.000291586
0.000234842
0.000203371
0.000313282
0.000309706
0.000272274
0.000315905
0.000303745
0.000307798
0.000328064
0.000306368
0.000319004
0.000310421
0.000222683
0.000279903
0.000321865
0.000303507
0.000320911
0.000310659
0.000317335
0.000333786
0.000314951
0.000310421
0.000344992
0.000302553
0.000299215
0.000265598
0.000211239
0.000240326
0.000262976
0.000312567
0.000247478
0.000252247
0.000269413
0.000306606
0.000280142
0.000303268
0.000317097
0.000265837
0.000313520
0.000314236
0.000270367
0.000238419
0.000338316
0.000309944
0.000311375
0.000239372
0.000244141
0.000307083
0.000299692
0.000243902
0.000246286
0.000327349
0.000244617
0.000272274
0.000258923
0.000306845
0.000314474
0.000313044
0.000251293
0.000240564
0.000290632
0.000237703
0.000320435
0.000310421
0.000277042
0.000307322
0.000263453
0.000237942
0.000238657
0.000284195
0.000307560
0.000241041
0.000266790
0.000307560
0.000241041
0.000241995
0.000303984
0.000276804
0.000306129
0.000307560
0.000298738
0.000275850
0.000329018
0.000283241
0.000312090
0.000310898
0.000313282
0.000310421
0.000306845
0.000310183
0.000288486
0.000307560
0.000269651
0.000337124
0.000215292
0.000306129
0.000337839
0.000266552
0.000330687
0.000303745
0.000307560
0.000329018
0.000309229
0.000308037
0.000277519
0.000246525
0.000303984
0.000311852
0.000304699
0.000310183
0.000335455
0.000308275
0.000320673
0.000309944
0.000311613
0.000333786
0.000309944
0.000328541
0.000304461
0.000306606
0.000313282
0.000210524
0.000307322
0.000315666
0.000274181
0.000281811
0.000281334
0.000307798
0.000305653
0.000229836
0.000223160
0.000299454
0.000280142
0.000304699
0.000229359
0.000336170
0.000305653
0.000303745
0.000322580
0.000282049
0.000302553
0.000268936
0.000313997
0.000257015
0.000304937
0.000314713
0.000304699
0.000304699
0.000296593
0.000243902
0.000307560
0.000319004
0.000238657
0.000328064
0.000333071
0.000301123
0.000277281
0.000306606
0.000306129
0.000337601
0.000300646
0.000305891
0.000330925
0.000307798
0.000231266
0.000330448
0.000304699
0.000315905
0.000313759
0.000223875
0.000313520
0.000301600
0.000304222
0.000311375
0.000275135
0.000300646
0.000331163
0.000236988
0.000306368
0.000280619
0.000305653
0.000275373
0.000306845
0.000262022
0.000307083
0.000281334
0.000304699
0.000305176
0.000334024
0.000304937
0.000315189
0.000322580
0.000229597
0.000305176
0.000268221
0.000307798
0.000226974
0.000306129
0.000213623
0.000335455
0.000300169
0.000209808
0.000220299
0.000218391
0.000204325
0.000242949
0.000306129
0.000273466
0.000321865
0.000302076
0.000303984
0.000321865
0.000305891
0.000302315
0.000237226
0.000313044
0.000307322
0.000273466
0.000303984
0.000280619
0.000310421
0.000326633
0.000332832
0.000329256
0.000283241
0.000305653
0.000335932
0.000310421
0.000333786
0.000304461
0.000306129
0.000268936
0.000301838
0.000267506
0.000327826
0.000276566
0.000307083
0.000270605
0.000311613
0.000304699
0.000306845
0.000307798
0.000316858
0.000310659
0.000304222
0.000320435
0.000311613
0.000335693
0.000273943
0.000306845
0.000280380
0.000305653
0.000331402
0.000265360
0.000311852
0.000308990
0.000307798
0.000264883
0.000307560
0.000308037
0.000305653
0.000302076
0.000271797
0.000305176
0.000304699
0.000302792
0.000301361
0.000305176
0.000300407
0.000286341
0.000304222
0.000273705
0.000319958
0.000329018
0.000274658
0.000283718
0.000301123
0.000326395
0.000278234
0.000328302
0.000264168
0.000299692
0.000306606
0.000305891
0.000298023
0.000303268
0.000304699
0.000304937
0.000236273
0.000305176
0.000305414
0.000309229
0.000303745
0.000310898
0.000308990
0.000308752
0.000267029
0.000304937
0.000277519
0.000332117
0.000315666
0.000314474
0.000289679
0.000331640
0.000279188
0.000306845
0.000308990
0.000303745
0.000304937
0.000305653
0.000278711
0.000275373
0.000302076
0.000300169
0.000305653
0.000267029
0.000267744
0.000306368
0.000306606
0.000305176
0.000306368
0.000304937
0.000307798
0.000267744
0.000313997
0.000309467
0.000334263
0.000311375
0.000268459
0.000349998
0.000330925
0.000287294
0.000305891
0.000302315
0.000317574
0.000306129
0.000335693
0.000308514
0.000302076
0.000302792
0.000275373
0.000297070
0.000306129
0.000272036
0.000306129
0.000303268
0.000306368
0.000306368
0.000274658
0.000306606
0.000306129
0.000327826
0.000320435
0.000332117
0.000314713
0.000282049
0.000331879
0.000298262
0.000323057
0.000330687
0.000303507
0.000325918
0.000333309
0.000327349
0.000331402
0.000292540
0.000304699
0.000260115
0.000301361
0.000301123
0.000240088
0.000314236
0.000306129
0.000305414
0.000307083
0.000307083
0.000303268
0.000306368
0.000328779
0.000306606
0.000304461
0.000315905
0.000319481
0.000285387
0.000347614
0.000304699
0.000276804
0.000309944
0.000309706
0.000329733
0.000304222
0.000265360
0.000304699
0.000307322
0.000267029
0.000299692
0.000306606
0.000300646
0.000286579
0.000303268
0.000212193
0.000229120
0.000306129
0.000303030
0.000305653
0.000272512
0.000266552
0.000309229
0.000327587
0.000311375
0.000281572
0.000343084
0.000256300
0.000315666
0.000331640
0.000349522
0.000303268
0.000275850
0.000304699
0.000312090
0.000307798
0.000303745
0.000305891
0.000304222
0.000305414
0.000281096
0.000301600
0.000300407
0.000264883
0.000281572
0.000209093
0.000305891
0.000308990
0.000297785
0.000308752
0.000269890
0.000310421
0.000275373
0.000349522
0.000295401
0.000325441
0.000305653
0.000301838
0.000304461
0.000309229
0.000269175
0.000242949
0.000310421
0.000304222
0.000306845
0.000303745
0.000304222
0.000305176
0.000308514
0.000308514
0.000303268
0.000306606
0.000273705
0.000305891
0.000305891
0.000209093
0.000239611
0.000327826
0.000315428
0.000314474
0.000280857
0.000331879
0.000322819
0.000298738
0.000308514
0.000301600
0.000306606
0.000306845
0.000280142
0.000304461
0.000274897
0.000303984
0.000275135
0.000306368
0.000268936
0.000304222
0.000304461
0.000271797
0.000303268
0.000303030
0.000307798
0.000304461
0.000319958
0.000269651
0.000301361
0.000297546
0.000309944
0.000276327
0.000344992
0.000334740
0.000313282
0.000269175
0.000308275
0.000313759
0.000305414
0.000309229
0.000270367
0.000307560
0.000304699
0.000280380
0.000307798
0.000303984
0.000237465
0.000310659
0.000306129
0.000302792
0.000302315
0.000240564
0.000309706
0.000313997
0.000278711
0.000270605
0.000313997
0.000304461
0.000269413
0.000269175
0.000224829
0.000306845
0.000305176
0.000320196
0.000266790
0.000303030
0.000310421
0.000311852
0.000314474
0.000278950
0.000273228
0.000257730
0.000314951
0.000304461
0.000306368
0.000311136
0.000302076
0.000305891
0.000307322
0.000305414
0.000302076
0.000306845
0.000311136
0.000274420
0.000308037
0.000304937
0.000307798
0.000277042
0.000313044
0.000299454
0.000307560
0.000299931
0.000308275
0.000303507
0.000308990
0.000308037
0.000306368
0.000305414
0.000305414
0.000300169
0.000302315
0.000308990
0.000305176
0.000333786
0.000303984
0.000303507
0.000333548
0.000311136
0.000309706
0.000336647
0.000329018
0.000321627
0.000335932
0.000300646
0.000329256
0.000305176
0.000304699
0.000307083
0.000275373
0.000302315
0.000364780
0.000248671
0.000241280
0.000251532
0.000252247
0.000239849
0.000245333
0.000247478
0.000247002
0.000251770
0.000243902
0.000257015
0.000266790
0.000252962
0.000252724
0.000218153
0.000254393
0.000267744
0.000258923
0.000273943
0.000268459
0.000249147
0.000274658
0.000249624
0.000458717
0.000184774
0.000183821
0.000184298
0.000508785
0.000185490
0.000185251
0.000186205
0.000186443
0.000182152
0.000184298
0.000184536
0.000185966
0.000361681
0.000188828
0.000185966
0.000182629
0.000217199
0.000212908
0.000236988
0.000213146
0.000210285
0.000191450
0.000185251
0.000181913
0.000189304
0.000178099
0.000186920
0.000188828
0.000190496
0.000187397
0.000188351
0.000186920
0.000188112
0.000187635
0.000179529
0.000246286
0.000307798
0.000308275
0.000272751
0.000306368
0.000336170
0.000314951
0.000283480
0.000326157
0.000316143
0.000279665
0.000336409
0.000314951
0.000324965
0.000332355
0.000306606
0.000271559
0.000239611
0.000306368
0.000309229
0.000310421
0.000211000
0.000308275
0.000313997
0.000306129
0.000310421
0.000309467
0.000310183
0.000308275
0.000306845
0.000312567
0.000313044
0.000331163
0.000319242
0.000315428
0.000268698
0.000317097
0.000312805
0.000274181
0.000341177
0.000334740
0.000333786
0.000308752
0.000326395
0.000325441
0.000270605
0.000312805
0.000302315
0.000265837
0.000303984
0.000314713
0.000250340
0.000303030
0.000303030
0.000264168
0.000288486
0.000285864
0.000282288
0.000286341
0.000287056
0.000223398
0.000271797
0.000256062
0.000258923
0.000274658
0.000180483
0.000254154
0.000266314
0.000271797
0.000228882
0.000271559
0.000250578
0.000247478
0.000247240
0.000244617
0.000246525
0.000256300
0.000179291
0.000251770
0.000249863
0.000253201
0.000249386
0.000313997
0.000305653
0.000312328
0.000311613
0.000448704
0.000232697
0.000307083
0.000276566
0.000310421
0.000308990
0.000275850
0.000328541
0.000306845
0.000314236
0.000306368
0.000307083
0.000307560
0.000309229
0.000307560
0.000310898
0.000307322
0.000308514
0.000306368
0.000266075
0.000308275
0.000268936
0.000308514
0.000306845
0.000307322
0.000306368
0.000307560
0.000304222
0.000333548
0.000331640
0.000280619
0.000338078
0.000312805
0.000281334
0.000286102
0.000265360
0.000264168
0.000263214
0.000197172
0.000219345
0.000256062
0.000256300
0.000253916
0.000215292
0.000251532
0.000251770
0.000255823
0.000217199
0.000249147
0.000255108
0.000214815
0.000252485
0.000252247
0.000252008
0.000422478
0.000252485
0.000254869
0.000274897
0.000251532
0.000253916
0.000259876
0.000283718
0.000276327
0.000271320
0.000225782
0.000253439
0.000274897
0.000255108
0.000214338
0.000216722
0.000253439
0.000249624
0.000252724
0.000252724
0.000216007
0.000214100
0.000251532
0.000252962
0.000200272
0.000257015
0.000255346
0.000206470
0.000252247
0.000253677
0.000250816
0.000209093
0.000247955
0.000262737
0.000233173
0.000271797
0.000276089
0.000268936
0.000214815
0.000254154
0.000283003
0.000253201
0.000257492
0.000213146
0.000251770
0.000248432
0.000248671
0.000249863
0.000254154
0.000230789
0.000247478
0.000253677
0.000252724
0.000205278
0.000249624
0.000248194
0.000248432
0.000274420
0.000248432
0.000274658
0.000246286
0.000252962
0.000280142
0.000235558
0.000264883
0.000277042
0.000268698
0.000252485
0.000248909
0.000250340
0.000247955
0.000213146
0.000246763
0.000222206
0.000250101
0.000252724
0.000250101
0.000248194
