0.012629986
0.000303507
0.000231266
0.000269890
0.000228882
0.000264406
0.000298977
0.000308514
0.000301123
0.000301123
0.000303268
0.000323296
0.000310898
0.000278473
0.000271082
0.000293016
0.000284195
0.000283241
0.000298977
0.000328302
0.000298023
0.000270367
0.000266552
0.000308752
0.000263214
0.000295877
0.000293970
0.000309467
0.000299454
0.000269890
0.000302076
0.000307083
0.000272512
0.000269651
0.000233412
0.000265598
0.000201941
0.000264406
0.000271559
0.000329971
0.000300169
0.000309944
0.000329018
0.000314474
0.000280380
0.000544310
0.000333786
0.000294685
0.000332594
0.000270128
0.000230789
0.000300407
0.000305176
0.000273943
0.000204802
0.000305176
0.000311375
0.000301600
0.000298977
0.000307798
0.000236511
0.000307560
0.000232458
0.000242949
0.000263453
0.000232458
0.000267029
0.000232458
0.000313759
0.000273466
0.000234127
0.000309706
0.000235081
0.000270367
0.000312328
0.000239849
0.000240088
0.000328302
0.000268459
0.000276566
0.000252724
0.000259638
0.000284910
0.000253201
0.000291109
0.000445366
0.000260353
0.000234127
0.000266314
0.000234604
0.000303745
0.000305653
0.000308037
0.000306129
0.000225544
0.000304461
0.000304699
0.000233173
0.000265598
0.000236511
0.000243187
0.000244856
0.000237226
0.000237465
0.000303030
0.000236034
0.000236988
0.000232220
0.000267744
0.000236034
0.000267029
0.000239134
0.000238895
0.000266314
0.000305414
0.000234842
0.000237942
0.000267029
0.000313759
0.000299931
0.000237226
0.000270367
0.000316143
0.000310659
0.000256300
0.000261545
0.000293016
0.000262976
0.000235796
0.000235796
0.000266552
0.000231028
0.000236750
0.000238419
0.000234365
0.000306368
0.000236511
0.000304461
0.000231981
0.000305414
0.000304937
0.000241995
0.000235081
0.000244141
0.000310183
0.000242233
0.000237942
0.000498533
0.000313282
0.000282049
0.000266314
0.000310659
0.000332594
0.000260353
0.000296354
0.000265121
0.000551224
0.000304937
0.000236034
0.000237703
0.000304699
0.000308990
0.000306606
0.000266552
0.000251532
0.000475407
0.000305414
0.000271082
0.000239611
0.000303745
0.000236273
0.000298977
0.000304461
0.000234604
0.000316858
0.000313044
0.000252008
0.000252008
0.000319481
0.000264168
0.000261545
0.000254631
0.000328779
0.000234842
0.000306129
0.000237703
0.000320435
0.000302553
0.000238180
0.000236750
0.000236511
0.000309229
0.000237226
0.000308037
0.000304699
0.000485897
0.000300884
0.000246286
0.000235081
0.000305176
0.000305653
0.000236034
0.000237226
0.000235081
0.000236034
0.000331640
0.000261784
0.000254154
0.000251293
0.000326872
0.000253201
0.000294685
0.000310183
0.000303268
0.000247240
0.000269413
0.000306129
0.000308275
0.000269175
0.000308275
0.000317097
0.000301361
0.000303268
0.000303745
0.000304699
0.000306606
0.000310183
0.000304222
0.000236750
0.000235796
0.000266075
0.000238657
0.000285864
0.000251293
0.000301838
0.000284672
0.000265837
0.000260830
0.000228643
0.000268936
0.000241756
0.000210762
0.000209808
0.000243187
0.000209570
0.000209570
0.000211239
0.000212193
0.000245333
0.000213385
0.000212193
0.000211477
0.000243425
0.000247240
0.000213861
0.000216246
0.000500679
0.000243902
0.000211000
0.000213385
0.000217915
0.000247240
0.000220776
0.000235558
0.000246286
0.000272036
0.000226021
0.000267982
0.000213861
0.000243187
0.000211000
0.000209570
0.000211477
0.000211000
0.000247002
0.000211000
0.000210762
0.000211477
0.000245571
0.000213385
0.000244856
0.000211477
0.000213861
0.000245810
0.000212908
0.000247717
0.000245333
0.000243902
0.000243664
0.000236273
0.000216484
0.000237226
0.000269413
0.000269890
0.000233889
0.000476122
0.000209570
0.000248194
0.000211239
0.000212193
0.000241518
0.000209808
0.000210285
0.000214100
0.000242949
0.000242472
0.000211000
0.000214100
0.000244856
0.000211477
0.000245094
0.000209093
0.000209093
0.000247955
0.000242949
0.000210047
0.000261307
0.000234842
0.000215292
0.000237226
0.000268698
0.000481844
0.000256538
0.000218153
0.000210524
0.000248909
0.000246286
0.000246763
0.000250101
0.000243425
0.000245094
0.000245571
0.000245810
0.000251293
0.000208855
0.000245094
0.000250578
0.000249147
0.000209093
0.000245571
0.000247955
0.000244141
0.000204325
0.000240088
0.000277996
0.000235319
0.000311136
0.000276089
0.000344753
0.000330925
0.000312805
0.000311136
0.000307083
0.000306368
0.000309706
0.000274897
0.000307560
0.000236988
0.000268698
0.000304222
0.000273943
0.000304699
0.000236034
0.000270844
0.000264406
0.000271320
0.000303507
0.000304222
0.000309229
0.000309944
0.000319958
0.000315905
0.000336170
0.000299692
0.000283957
0.000282288
0.000341177
0.000342846
0.000321627
0.000269175
0.000306368
0.000306845
0.000275612
0.000302315
0.000305891
0.000267982
0.000207663
0.000306368
0.000267029
0.000269413
0.000305176
0.000276804
0.000300407
0.000305653
0.000227213
0.000301123
0.000266552
0.000301600
0.000332117
0.000278711
0.000329256
0.000329971
0.000308990
0.000332832
0.000333786
0.000285864
0.000332832
0.000306129
0.000308514
0.000329971
0.000305176
0.000235319
0.000238180
0.000305176
0.000302553
0.000234604
0.000235081
0.000302553
0.000233650
0.000274897
0.000267267
0.000213623
0.000306368
0.000306368
0.000230551
0.000205994
0.000295877
0.000286341
0.000329494
0.000311375
0.000291109
0.000348330
0.000329733
0.000321627
0.000306368
0.000272512
0.000249624
0.000303268
0.000305414
0.000301838
0.000271320
0.000302315
0.000277996
0.000283241
0.000309706
0.000303745
0.000265837
0.000234127
0.000301838
0.000299692
0.000267506
0.000265598
0.000248194
0.000269175
0.000231743
0.000285864
0.000216007
0.000293732
0.000280380
0.000332355
0.000335932
0.000247240
0.000336885
0.000302315
0.000300646
0.000304699
0.000265837
0.000300169
0.000306606
0.000307322
0.000304222
0.000265360
0.000299692
0.000304699
0.000235319
0.000303030
0.000302076
0.000302315
0.000303745
0.000302315
0.000302792
0.000323534
0.000307322
0.000260353
0.000266075
0.000308037
0.000273943
0.000208855
0.000254631
0.000329018
0.000304461
0.000304461
0.000263214
0.000302553
0.000301600
0.000307798
0.000537872
0.000270844
0.000301600
0.000267506
0.000266075
0.000468016
0.000305414
0.000302792
0.000267029
0.000367880
0.000306368
0.000266790
0.000330925
0.000322104
0.000312090
0.000267744
0.000225306
0.000228167
0.000230074
0.000283003
0.000245571
0.000250816
0.000249624
0.000211477
0.000245333
0.000216722
0.000213146
0.000244617
0.000212908
0.000214100
0.000210285
0.000248194
0.000242472
0.000211954
0.000245333
0.000212669
0.000248432
0.000243664
0.000211954
0.000215530
0.000248194
0.000212431
0.000212669
0.000243425
0.000228643
0.000313044
0.000273228
0.000263453
0.000260592
0.000330448
0.000326395
0.000238657
0.000266552
0.000298023
0.000232697
0.000306129
0.000233412
0.000265360
0.000264168
0.000264645
0.000307798
0.000231266
0.000265360
0.000299215
0.000236273
0.000237465
0.000267744
0.000298738
0.000231981
0.000234127
0.000258446
0.000330210
0.000259399
0.000252247
0.000330687
0.000288010
0.000282526
0.000232697
0.000223875
0.000234604
0.000308514
0.000236273
0.000236273
0.000244379
0.000305653
0.000242710
0.000234127
0.000236511
0.000236273
0.000304222
0.000303507
0.000306606
0.000407934
0.000303030
0.000269175
0.000307322
0.000307322
0.000278234
0.000269890
0.000279665
0.000279188
0.000204086
0.000272036
0.000317574
0.000270844
0.000329971
0.000289202
0.000313520
0.000287294
0.000322819
0.000209093
0.000281334
0.000333309
0.000329733
0.000329018
0.000311136
0.000316143
0.000312090
0.000310421
0.000308037
0.000310183
0.000308037
0.000234365
0.000304461
0.000239372
0.000306129
0.000311852
0.000305891
0.000223398
0.000305176
0.000267029
0.000308037
0.000303268
0.000234842
0.000306606
0.000241041
0.000304222
0.000514746
0.000235796
0.000304699
0.000308037
0.000314236
0.000303268
0.000268698
0.000306129
0.000277996
0.000295639
0.000323296
0.000316143
0.000306606
0.000319958
0.000316620
0.000274420
0.000341177
0.000326395
0.000332594
0.000269651
0.000308275
0.000304461
0.000308037
0.000244141
0.000306368
0.000236511
0.000304222
0.000237703
0.000238657
0.000234604
0.000235319
0.000288010
0.000302076
0.000234365
0.000239372
0.000306845
0.000233412
0.000235081
0.000237703
0.000254869
0.000283241
0.000227451
0.000240564
0.000239611
0.000258207
0.000223875
0.000239372
0.000211954
0.000280857
0.000286341
0.000285149
0.000286102
0.000288010
0.000283241
0.000286579
0.000288010
0.000283718
0.000287294
0.000252485
0.000249624
0.000285387
0.000213623
0.000284910
0.000255346
0.000276804
0.000299692
0.000283718
0.000289679
0.000261068
0.000308752
0.000290871
0.000255108
0.000312567
0.000311375
0.000286341
0.000284433
0.000285864
0.000277996
0.000292778
0.000286818
0.000284672
0.000285864
0.000286341
0.000285625
0.000292540
0.000285864
0.000287533
0.000287056
0.000218630
0.000284910
0.000284672
0.000216484
0.000285149
0.000308752
0.000295162
0.000282049
0.000313997
0.000293970
0.000289679
0.000313759
0.000297070
0.000307560
0.000310898
0.000284672
0.000284433
0.000248671
0.000219107
0.000286102
0.000284672
0.000252008
0.000306129
0.000307083
0.000274181
0.000305891
0.000308990
0.000303507
0.000304937
0.000306368
0.000242949
0.000302792
0.000305414
0.000239611
0.000250340
0.000275850
0.000314951
0.000267982
0.000233173
0.000335217
0.000329733
0.000269651
0.000303745
0.000238895
0.000309229
0.000305891
0.000308990
0.000237703
0.000272751
0.000237703
0.000267744
0.000239611
0.000245333
0.000309706
0.000304222
0.000267506
0.000306368
0.000308514
0.000271320
0.000277281
0.000275612
0.000295162
0.000309229
0.000298738
0.000317335
0.000445604
0.000334740
0.000335932
0.000320673
0.000336170
0.000307798
0.000307560
0.000306129
0.000305891
0.000387669
0.000246525
0.000251532
0.000211239
0.000359297
0.000233412
0.000250340
0.000248671
0.000212431
0.000211239
0.000209808
0.000245094
0.000212193
0.000211716
0.000211000
0.000209808
0.000244141
0.000234365
0.000241280
0.000218391
0.000272036
0.000237942
0.000297070
0.000246763
0.000212193
0.000212431
0.000247717
0.000247002
0.000245094
0.000219107
0.000217915
0.000207901
0.000211239
0.000244856
0.000207424
0.000210524
0.000245094
0.000211239
0.000212193
0.000211239
0.000244617
0.000210285
0.000205278
0.000494480
0.000338554
0.000241041
0.000311375
0.000331879
0.000329733
0.000324965
0.000262022
0.000305891
0.000308275
0.000301838
0.000236034
0.000301838
0.000237226
0.000303984
0.000234365
0.000232458
0.000234365
0.000303984
0.000305653
0.000300169
0.000235081
0.000305176
0.000301838
0.000233889
0.000243187
0.000230789
0.000292063
0.000271320
0.000246763
0.000256777
0.000276566
0.000329018
0.000232935
0.000254393
0.000258684
0.000302315
0.000232458
0.000234842
0.000236273
0.000303030
0.000234842
0.000236988
0.000300884
0.000233650
0.000303984
0.000235796
0.000235319
0.000232697
0.000307560
0.000299931
0.000305176
0.000304461
0.000304699
0.000233889
0.000236273
0.000259161
0.000262737
0.000307560
0.000274420
0.000332355
0.000258207
0.000315428
0.000266552
0.000232458
0.000236034
0.000234365
0.000268459
0.000302792
0.000234604
0.000301838
0.000300169
0.000303030
0.000232458
0.000232458
0.000234604
0.000300646
0.000233650
0.000233650
0.000324726
0.000304699
0.000233173
0.000233650
0.000218391
0.000270844
0.000231743
0.000233650
0.000221491
0.000270128
0.000237703
0.000246525
0.000210285
0.000246763
0.000271559
0.000210762
0.000211716
0.000210047
0.000211000
0.000214338
0.000251770
0.000248432
0.000247478
0.000210285
0.000246048
0.000213146
0.000210524
0.000246048
0.000245571
0.000245333
0.000212193
0.000311136
0.000259638
0.000271082
0.000293016
0.000271559
0.000329018
0.000329494
0.000257254
0.000299215
0.000300646
0.000302076
0.000236511
0.000233650
0.000307798
0.000300407
0.000232697
0.000235558
0.000317335
0.000298262
0.000305176
0.000301838
0.000303984
0.000307560
0.000240564
0.000236034
0.000239849
0.000487566
0.000234127
0.000312567
0.000324011
0.000320435
0.000231504
0.000271559
0.000342131
0.000261068
0.000277281
0.000235081
0.000322342
0.000304222
0.000302792
0.000306368
0.000235081
0.000232220
0.000236988
0.000302792
0.000305891
0.000234842
0.000228405
0.000302553
0.000302315
0.000303745
