0.011394978
0.002397060
0.012004614
0.001343012
0.001455307
0.001412153
0.001427412
0.001466751
0.001394033
0.001225233
0.001368046
0.001274586
0.001434565
0.001217127
0.001524210
0.001429319
0.001266956
0.001261234
0.001330376
0.001478910
0.001317739
0.011607647
0.001422167
0.001260757
0.001446009
0.001200438
0.001486301
0.001245737
0.001535892
0.001421928
0.001248837
0.001437902
0.011311769
0.001304150
0.001497507
0.001473665
0.001465559
0.011462450
0.002411366
0.001178503
0.001489162
0.001272440
0.002259254
0.012077570
0.001444340
0.001309872
0.001317263
0.001527786
0.001277685
0.001454115
0.001298904
0.001456976
0.001319170
0.001561880
0.001280785
0.001425743
0.001332045
0.001258373
0.001488686
0.001487255
0.001412630
0.002128124
0.001251698
0.001568794
0.001437426
0.001319408
0.001337767
0.001344919
0.001456022
0.001409054
0.001432896
0.001293182
0.001595497
0.001320601
0.002406836
0.001463890
0.001464128
0.001356125
0.001858950
0.001297474
0.001475811
0.001311064
0.001252413
0.001308203
0.001563549
0.001489878
0.001332521
0.001311064
0.001490355
0.001474619
0.001475573
0.001497507
0.001180172
0.001364470
0.001432657
0.001274824
0.001311302
0.002121449
0.001430035
0.001427174
0.001481771
0.002259731
0.001190186
0.001298189
0.001224756
0.001189709
0.001161814
0.001250982
0.001277208
0.001191378
0.001216173
0.001193047
0.001208067
0.001205206
0.001226902
0.001180887
0.001186371
0.001165390
0.001175404
0.001527309
0.001203775
0.001176357
0.001220465
0.001163483
0.001196623
0.001174927
0.001178503
0.001178980
0.001203775
0.001186848
0.001217604
0.001186371
0.001433134
0.001199722
0.001208305
0.001203775
0.001221418
0.001189232
0.001208544
0.001193285
0.001217842
0.000997066
0.001222610
0.001182556
0.001193523
0.001045942
0.011534929
0.001209974
0.001221657
0.001205683
0.001181126
0.001207352
0.001201630
0.001201630
0.001184702
0.001186848
0.001187563
0.001187086
0.001203060
0.011439323
0.001201868
0.001211405
0.001248598
0.001197338
0.001214743
0.001198053
0.001208544
0.001196384
0.001199722
0.001247168
0.001209259
0.001172543
0.001197100
0.001241207
0.001193762
0.001232386
0.001199961
0.001773357
0.001238108
0.001181602
0.001204252
0.011410236
0.001204014
0.001171589
0.001209736
0.001187325
0.001194477
0.001187325
0.001228333
0.001210928
0.001784325
0.001247406
0.001203775
0.001195908
0.001207113
0.001219511
0.001225471
0.001217365
0.001198530
0.001166821
0.001250505
0.001193047
0.001194000
0.001981020
0.001163244
0.001203537
0.001195908
0.001187563
0.001183748
0.001182556
0.001201391
0.001184464
0.001374006
0.001188278
0.001204252
0.001204252
0.001230717
0.001216173
0.001214027
0.001022339
0.011416912
0.001238108
0.001230955
0.001215696
0.001201153
0.001171350
0.001218796
0.001176596
0.001236439
0.001026869
0.001222134
0.001212597
0.001178026
0.000974178
0.001198053
0.001184702
0.001202583
0.001250029
0.001188755
0.001234770
0.001197815
0.001287460
0.001009941
0.001216173
0.001225233
0.001194477
0.001215935
0.001190662
0.001216412
0.001198053
0.001226425
0.001183033
0.001189232
0.001200676
0.001188993
0.001190662
0.001198053
0.001170635
0.001189470
0.001207590
0.001190662
0.001185894
0.001199722
0.001168966
0.001189470
0.011752844
0.001203060
0.001241684
0.001204491
0.001274824
0.001246929
0.001234055
0.001219749
0.000997066
0.001235723
0.001164436
0.001223564
0.001312971
0.001314878
0.001257658
0.001223087
0.001203537
0.001837730
0.001201153
0.001221418
0.001218557
0.001224041
0.001206875
0.001216888
0.001201391
0.001206160
0.011731148
0.001229286
0.001227140
0.001219988
0.001218081
0.001218557
0.001250267
0.001247883
0.001207113
0.001239777
0.001216888
0.001230717
0.011291027
0.001223803
0.001228094
0.001251936
0.001252651
0.001222372
0.001215696
0.001209736
0.001197815
0.001466513
0.001204491
0.001189232
0.001220465
0.001244307
0.001191616
0.001215219
0.001210928
0.001220465
0.001198530
0.001214981
0.001253128
0.001252890
0.001221180
0.001213551
0.001214743
0.001219034
0.001215935
0.011412621
0.001241922
0.001243353
0.001195669
0.001205683
0.001193047
0.001244068
0.001189709
0.001243830
0.001186132
0.001247168
0.001209974
0.000998735
0.001241684
0.001218796
0.001225471
0.001212835
0.001217365
0.001213551
0.001221418
0.001218319
0.001218081
0.001238585
0.001214981
0.001251698
0.001213789
0.001262188
0.001283646
0.001216173
0.001233816
0.001229286
0.001208544
0.001224518
0.001209259
0.001212120
0.001250029
0.001242161
0.001194477
0.001217365
0.001185179
0.001245022
0.001264572
0.001215696
0.001200914
0.001229048
0.001254320
0.001221180
0.001211643
0.001236200
0.001251221
0.001204967
0.001178503
0.001206875
0.002058506
0.001205921
0.001183987
0.001218796
0.001192331
0.001202106
0.001188040
0.001197338
0.001164436
0.001182079
0.001171589
0.001188755
0.001161814
0.001203060
0.001199722
0.001209974
0.001194715
0.001211643
0.000981569
0.001214504
0.001191616
0.001198530
0.000980616
0.001199722
0.001175642
0.001206160
0.001184940
0.011367083
0.001186132
0.001208782
0.001192808
0.001205206
0.001177073
0.001189947
0.001176119
0.001194954
0.001179695
0.001206636
0.001179457
0.001202583
0.000999689
0.001187801
0.001161814
0.001157999
0.001363516
0.001187086
0.001182079
0.001199961
0.001167536
0.002087831
0.001163483
0.001173019
0.001156807
0.001194239
0.001188993
0.001190662
0.001200914
0.001064062
0.001168728
0.001231194
0.001249790
0.001208067
0.001192808
0.001197100
0.001178026
0.001201630
0.001184702
0.001197100
0.001195431
0.001196384
0.001186848
0.001170635
0.001214504
0.001209021
0.001216888
0.001218557
0.001199007
0.001201153
0.001214504
0.001218557
0.001197100
0.001219988
0.001183271
0.001207829
0.001184702
0.001180649
0.001256704
0.011404037
0.011008501
0.001210213
0.001177311
0.001184464
0.001172543
0.001207590
0.001188040
0.001199007
0.001183987
0.001213074
0.001225710
0.001194954
0.001214981
0.001238823
0.001214981
0.001218796
0.001196384
0.001209974
0.001194954
0.001209736
0.001220942
0.001234293
0.001208782
0.001183987
0.001171827
0.001186609
0.001189709
0.001187086
0.001201153
0.001208544
0.001182795
0.001192808
0.001173496
0.001213312
0.000965834
0.001190662
0.001182318
0.001193762
0.001185656
0.000957012
0.001220703
0.001230717
0.001204014
0.001768351
0.001208067
0.001211405
0.001208305
0.001208067
0.011327982
0.001194239
0.001177311
0.001195431
0.001174927
0.001204252
0.001183271
0.001222610
0.001171112
0.001194715
0.001183271
0.001187801
0.001188278
0.001224518
0.001195908
0.001185179
0.001179934
0.001190662
0.001188993
0.001228809
0.001214504
0.001213551
0.001192331
0.001216412
0.001204967
0.001207113
0.001199245
0.001233816
0.001199722
0.001196623
0.001010895
0.001179695
0.001198292
0.001198769
0.011287689
0.001185417
0.001175165
0.001227140
0.001180649
0.001219273
0.001202822
0.001209736
0.011600971
0.001236916
0.001251221
0.001234055
0.001228571
0.001247406
0.001209259
0.001221418
0.001214504
0.001222610
0.001216650
0.002421141
0.001247883
0.001235247
0.001189232
0.001225471
0.001220465
0.001198769
0.001214266
0.001215219
0.011413336
0.001224041
0.001455307
0.001189947
0.002097368
0.001202822
0.001194477
0.001209259
0.001197338
0.001179457
0.001198292
0.001235485
0.001210213
0.001226425
0.001193762
0.001196384
0.001199007
0.001209021
0.001203060
0.001240730
0.001188040
0.001194954
0.002130985
0.001191139
0.001170158
0.001183748
0.002124548
0.001178741
0.001058102
0.001199484
0.001232862
0.001336336
0.001212120
0.001184225
0.001189232
0.002126455
0.001183748
0.001199245
0.001202583
0.001241446
0.001214504
0.001230717
0.001203299
0.001204252
0.001209736
0.001209259
0.001217365
0.001227379
0.002162218
0.001215458
0.001187801
0.001198292
0.001185656
0.001166582
0.001206875
0.001224279
0.001166105
0.001233816
0.001196861
0.001211882
0.001201153
0.001198053
0.000952959
0.001204014
0.001197577
0.001210451
0.011698723
0.001235962
0.001195669
0.001215458
0.001213789
0.001213074
0.001201391
0.001202583
0.001215935
0.001198530
0.001201153
0.001181841
0.001186609
0.001230955
0.001184464
0.001179934
0.001196861
0.001168251
0.001195192
0.001184464
0.001170158
0.001202583
0.002392530
0.001219988
0.001180887
0.001203060
0.001196146
0.001231670
0.001223803
0.001220942
0.001196623
0.001236677
0.001195192
0.001214504
0.001220942
0.001230717
0.001190662
0.001178741
0.001165152
0.001212835
0.001205444
0.001209736
0.001168013
0.001201868
0.001180649
0.001192331
0.001180410
0.001184940
0.001207590
0.002115488
0.001183271
0.001204491
0.001193285
0.001212120
0.001226664
0.001240969
0.001211882
0.001212597
0.002111435
0.001216888
0.001198053
0.001203775
0.001218081
0.001230717
0.001181364
0.001198292
0.001173973
0.001198769
0.001165390
0.001201153
0.001182318
0.001189947
0.001184464
0.001210690
0.001194954
0.001207829
0.001190186
0.001204252
0.001181602
0.002128839
0.001191139
0.001232862
0.001201153
0.001236200
0.001211643
0.001197577
0.001209736
0.001209021
0.001196623
0.001202106
0.001202106
0.001203537
0.001275539
0.001200199
0.011393309
0.011300325
0.001182318
0.001183271
0.001175642
0.001188755
0.001176119
0.001207829
0.001201630
0.001206398
0.001191616
0.001191854
0.001191616
0.001192808
0.001182318
0.001226187
0.002115726
0.001220942
0.001189947
0.001232147
0.001221657
0.001202822
0.001207352
0.001240015
0.001191139
0.001177788
0.001173258
0.001214981
0.001189709
0.001190662
0.001191139
0.001183271
0.001178503
0.001190424
0.001179218
0.001154423
0.011510134
0.001234055
0.001867294
0.011629343
0.001185894
0.001209497
0.001217842
0.001236200
0.001204729
0.001199722
0.001202345
0.001211166
0.001224518
0.001253128
0.001192331
0.001232624
0.001191616
0.001213551
0.011215210
0.001287222
0.001184464
0.001202106
0.001191854
0.001207352
0.001215696
0.001210451
0.001194000
0.001228094
0.001201868
0.001214266
0.001205206
0.001225710
0.001202822
0.001224756
0.001261950
0.001234293
0.001221657
0.001219511
0.001208544
0.001214027
0.001228809
0.001235723
0.001188993
0.001205206
0.001236677
0.011442661
0.001175880
0.001240969
0.001205683
0.001222134
0.001196384
0.001222372
0.001194954
0.001201868
0.001197577
0.001202822
0.001196623
0.001219034
0.001196146
0.001220226
0.001227379
0.001225710
0.001226664
0.001236200
0.001225233
0.001224518
0.001233101
0.001239300
0.001222849
0.001237869
0.001206875
0.001260281
0.001193047
0.001208305
0.001195908
0.001201630
0.001199961
0.001214743
0.001203537
0.001209021
0.001187325
0.001213074
0.001200914
0.001224995
0.011345148
0.001217365
0.001203060
0.001206636
0.001238346
0.001231194
0.001205683
0.001229048
0.001214981
0.001227617
0.001227617
0.001271486
0.001198053
0.001201153
0.001192331
0.001203775
0.001193047
0.001443624
0.001181841
0.001209974
0.001240015
0.001215458
0.001206636
0.001226664
0.001204729
0.001213074
0.001208305
0.001216412
0.001246452
0.001260519
0.001201391
0.001212835
0.001172781
0.001200676
0.001188517
0.002485752
0.001209497
0.001199007
0.001182318
0.001211166
0.011590719
0.001229286
0.001196861
0.001180410
0.001178980
0.001174450
0.001174688
0.001187563
0.001193762
0.001211166
0.011535168
0.001202822
0.001214981
0.001215219
0.001187086
0.001209736
0.001181126
0.001234055
0.001186371
0.001229048
0.001201630
0.001197100
0.001190424
0.001196384
0.011615515
0.001195908
0.001181841
0.001224518
0.001178980
0.001205921
0.001188517
0.001198292
0.001184464
0.001181602
0.001196623
0.001189709
0.001186609
0.001188517
0.001153946
0.001173258
0.001154900
0.001202583
0.001183748
0.001218319
0.001168251
0.001176596
0.001176834
0.001181841
0.001180172
0.001211405
0.001200438
0.001202583
0.001178026
0.001188755
0.001192808
0.001682997
0.001027822
0.001212358
0.001204252
0.011315584
0.000994444
0.001024246
0.001155853
0.001151800
0.001345396
0.001245499
0.001218319
0.001230717
0.001232624
0.001253128
0.001221895
0.001258135
0.001221180
0.001246929
0.001236677
0.001225710
0.001238346
0.001236916
0.001189470
0.001225948
0.001225948
0.001186609
0.001196623
0.001208544
0.001220226
0.001202583
0.001205921
0.001205444
0.001200676
0.001212597
0.001200914
0.001210213
0.001229048
0.001200438
0.001276493
0.001255035
0.001229048
0.001240969
