0.000561476
0.000630617
0.000610352
0.000519753
0.000505924
0.000707865
0.000611782
0.000559568
0.000580311
0.000548124
0.000613928
0.000583172
0.000522137
0.000579834
0.000570774
0.000599146
0.000553131
0.000542641
0.000511408
0.000630140
0.000581264
0.000537872
0.000533819
0.000615835
0.000508785
0.000546694
0.000505447
0.000512600
0.000581741
0.000560284
0.000487566
0.000491142
0.000612497
0.000540972
0.000535011
0.000606060
0.000876188
0.000541925
0.000503540
0.000546694
0.000501394
0.000511408
0.000552654
0.000588179
0.000593662
0.000481606
0.000579357
0.000536919
0.000484943
0.000603914
0.000517368
0.000523567
0.000594616
0.000509262
0.000516415
0.000508785
0.000602245
0.000449181
0.000526190
0.000564098
0.000511408
0.000582695
0.000585318
0.000738382
0.000602961
0.000514984
0.000518084
0.011286974
0.000542641
0.000545740
0.000636816
0.000486851
0.000527382
0.000530720
0.000610113
0.000586033
0.000494003
0.000615835
0.000520468
0.000511646
0.000600338
0.000541925
0.000576258
0.000494719
0.000501633
0.000482559
0.000603676
0.000592232
0.000461102
0.000583649
0.000553846
0.000577927
0.000502825
0.000532627
0.000534296
0.000594139
0.000586510
0.000468254
0.000512362
0.000605822
0.000607252
0.000524521
0.000500917
0.000470161
0.000523329
0.000509739
0.000491142
0.000502825
0.000515223
0.000503540
0.000521898
0.000521421
0.000601292
0.000525475
0.000499249
0.000407457
0.000518084
0.000501156
0.000517130
0.000503540
0.000531435
0.000499249
0.000506401
0.000496387
0.000506163
0.000499487
0.000503302
0.000500679
0.000518560
0.000497341
0.000522137
0.000506878
0.000516415
0.000526667
0.000485182
0.000513554
0.000495672
0.000490189
0.000515699
0.000524521
0.000500917
0.000516176
0.000518084
0.000538826
0.000430346
0.000469923
0.000528812
0.000491142
0.000523329
0.000501394
0.000528336
0.000525236
0.000523806
0.000509262
0.000529289
0.000522375
0.000519037
0.000522137
0.000497341
0.000475168
0.000500917
0.000516891
0.000498772
0.000505447
0.000515938
0.000526667
0.000499964
0.000530958
0.000461340
0.000430822
0.000447750
0.000436783
0.000464678
0.000433683
0.000537395
0.000511408
0.000532627
0.000449181
0.000458002
0.000504255
0.000468731
0.000437021
0.000469446
0.000514507
0.000459671
0.000515699
0.000415325
0.000534296
0.000513315
0.000529766
0.000437260
0.000532866
0.000499010
0.000502825
0.000498533
0.000502825
0.000498533
0.000523567
0.000436068
0.000388145
0.000534058
0.000496864
0.000524998
0.000501156
0.000507355
0.000520229
0.000498295
0.000497103
0.000524759
0.000513554
0.000502586
0.000496626
0.000515223
0.000524998
0.000526667
0.000513077
0.000499487
0.000524044
0.000497341
0.000532389
0.000501871
0.000528574
0.000500202
0.000500679
0.000494242
0.000514984
0.000499725
0.000521421
0.000504732
0.000527382
0.000522137
0.000572205
0.000533581
0.000528097
0.000504732
0.000497341
0.000535488
0.000498772
0.000520706
0.000495434
0.000507593
0.000471592
0.000510931
0.000518560
0.000508070
0.000532150
0.000500679
0.000505447
0.000518322
0.000521183
0.000531435
0.000533581
0.000470877
0.000520229
0.000523090
0.000521183
0.000530958
0.000518084
0.000524521
0.000526190
0.000498295
0.000577211
0.000535250
0.000495434
0.000494242
0.000500917
0.000497580
0.000498772
0.000502110
0.000499010
0.000444889
0.000536919
0.000530005
0.000530720
0.000438452
0.000539303
0.000512123
0.000512123
0.000513792
0.000416994
0.000498533
0.000466824
0.000469685
0.000525236
0.000512838
0.000520229
0.000518799
0.000510693
0.000500917
0.000498295
0.000498056
0.000417709
0.000493526
0.000500202
0.000500679
0.000511885
0.000495911
0.000496387
0.000501633
0.000533342
0.000533581
0.000530005
0.000520706
0.000505686
0.000512600
0.000521183
0.000519991
0.011023521
0.000517130
0.000525236
0.000525475
0.000525236
0.000518799
0.000878096
0.000523567
0.000498295
0.000496626
0.000496626
0.000463963
0.000498056
0.000501394
0.000494003
0.000436068
0.000502348
0.000501871
0.000500679
0.000535011
0.000787973
0.000496626
0.000499964
0.000557899
0.000503778
0.000527620
0.000526428
0.000528574
0.000518560
0.000516415
0.000531912
0.000523806
0.000531197
0.000522614
0.000509262
0.000498295
0.000504494
0.000521183
0.000498295
0.000524521
0.000496149
0.000483274
0.000496864
0.000497341
0.000495195
0.000505209
0.000467062
0.000468254
0.000487804
0.000469446
0.000494957
0.000525951
0.000490665
0.000487089
0.000504017
0.000513315
0.000495434
0.000498533
0.000493765
0.000532389
0.000490665
0.000518322
0.000462294
0.000497580
0.000501156
0.000465631
0.000466585
0.000505209
0.000495434
0.000465393
0.000466824
0.000498056
0.000496864
0.000468731
0.000463724
0.000444412
0.000497818
0.000499964
0.000510216
0.000488520
0.000493050
0.000535011
0.000524759
0.000504971
0.000498056
0.000526428
0.000491619
0.000507355
0.000487566
0.000469923
0.000498056
0.000464201
0.000467062
0.000472784
0.000499249
0.000501633
0.000468969
0.000465155
0.000478506
0.000498772
0.000467539
0.000472307
0.000518322
0.000487804
0.000498056
0.000492334
0.000476122
0.000512123
0.000525951
0.000494480
0.000483036
0.000525713
0.000495911
0.000503778
0.000524998
0.000525236
0.000470877
0.000466824
0.000501394
0.000466347
0.000501633
0.000464916
0.000463486
0.000517607
0.000503540
0.000467777
0.000463963
0.000503063
0.000466824
0.000518084
0.000485420
0.000498056
0.000489473
0.000504732
0.000521183
0.000519037
0.000485659
0.000494003
0.000535250
0.000525713
0.000494242
0.000493765
0.000494719
0.000494957
0.000513315
0.000504971
0.000499964
0.000501156
0.000467539
0.000470877
0.000492811
0.000467300
0.000468969
0.000495434
0.000498295
0.000525951
0.000524282
0.000517130
0.000526905
0.000486612
0.000497580
0.000521421
0.000490904
0.000511169
0.000531435
0.000485420
0.000499010
0.000489712
0.000505686
0.000493050
0.000519991
0.000495672
0.000504017
0.000494242
0.000494003
0.000497818
0.000506639
0.000502586
0.000505209
0.000499964
0.000498056
0.000479221
0.000494957
0.000496149
0.000523329
0.000480890
0.000489235
0.000502586
0.000468254
0.000525475
0.000530005
0.000503063
0.000523090
0.000526667
0.000495195
0.000525236
0.000512362
0.000523090
0.000498295
0.000467777
0.000497103
0.000498056
0.000498533
0.000498533
0.000502348
0.000506163
0.000486135
0.000497103
0.000496864
0.000525951
0.000530005
0.000518322
0.000478983
0.000526905
0.000505686
0.000520468
0.000479698
0.000530005
0.000522375
0.000519991
0.000523090
0.000522614
0.000525236
0.000509024
0.000488997
0.000489473
0.000501156
0.000466824
0.000470161
0.000470400
0.000463009
0.000495434
0.000474215
0.000467062
0.000505209
0.000496387
0.000471354
0.000501871
0.000494957
0.000500441
0.000482559
0.000499010
0.000482082
0.000497580
0.000521898
0.000494242
0.000499964
0.000531197
0.000493765
0.000532150
0.000485897
0.000525475
0.000512362
0.000467539
0.000498772
0.000531197
0.000501156
0.000463486
0.000500917
0.000507593
0.000466108
0.000479698
0.000471592
0.000475168
0.000529766
0.000526428
0.000524044
0.000494242
0.000492573
0.000476360
0.000520468
0.000488281
0.000520229
0.000524282
0.000519753
0.000492096
0.000489712
0.000525951
0.000526190
0.000493288
0.000496864
0.000522375
0.000464201
0.000495911
0.000498533
0.000464678
0.000499487
0.000495672
0.000502825
0.000467539
0.000468016
0.000467539
0.000492573
0.000466585
0.000498772
0.000494957
0.000496149
0.000520468
0.000520229
0.000488043
0.000489235
0.000495195
0.000494719
0.000492573
0.000453711
0.000517368
0.000530958
0.000503778
0.000471115
0.000518560
0.000464678
0.000498056
0.000470400
0.000467539
0.000501156
0.000502110
0.000502825
0.000462055
0.000498533
0.000469685
0.000467777
0.000483513
0.000488520
0.000515461
0.000470161
0.000488997
0.000532150
0.000524759
0.000526667
0.000494957
0.000488758
0.000494003
0.000521183
0.000488281
0.000466824
0.000577927
0.000499010
0.000472069
0.000462770
0.000503302
0.000498056
0.000504255
0.000468969
0.000468493
0.000432253
0.000495195
0.000508308
0.000476837
0.000468731
0.000507116
0.000478983
0.000504971
0.000509501
0.000473499
0.011305809
0.000504494
0.000472069
0.000498772
0.000533581
0.000520229
0.000498056
0.000488043
0.000497103
0.000509977
0.000500202
0.000519991
0.000498295
0.000524998
0.000496626
0.000493288
0.000490904
0.000524759
0.000462770
0.000463009
0.000492811
0.000599146
0.000497103
0.000493526
0.000467777
0.000472307
0.000499725
0.000497341
0.000464201
0.000473022
0.000437975
0.000498772
0.000509501
0.000465155
0.000468016
0.000496149
0.000465393
0.000465393
0.000469923
0.000468731
0.000504255
0.000462294
0.000470400
0.000493526
0.000538588
0.000526905
0.000499010
0.000524282
0.000527382
0.000492334
0.000492334
0.000493288
0.000456810
0.000523567
0.000523090
0.000517130
0.011338711
0.000526428
0.000511408
0.000499249
0.000504017
0.000464678
0.000500917
0.000505447
0.000499010
0.000402212
0.000496864
0.000499249
0.000499725
0.000500441
0.000438452
0.000518084
0.000528574
0.000513315
0.011173725
0.000516653
0.000492096
0.000515699
0.000497103
0.000580072
0.000524521
0.000530958
0.000535011
0.000463247
0.000528097
0.000498295
0.000503778
0.000429392
0.000526667
0.000514269
0.000513554
0.000504732
0.000515461
0.000499010
0.000472784
0.000501633
0.000404119
0.000530005
0.000520945
0.000524998
0.000509977
0.000520229
0.000520468
0.000528336
0.000526190
0.000414848
0.000475645
0.000527382
0.000528097
0.000480413
0.000531912
0.000522137
0.000515461
0.000537872
0.000466824
0.000503540
0.000504494
0.000501394
0.000407457
0.000497580
0.000499964
0.000504255
0.000502586
0.000449657
0.000526667
0.000518084
0.000505209
0.011270523
0.000505924
0.000473976
0.000494719
0.000492573
0.011556864
0.000474215
0.000498533
0.000494719
0.011270285
0.000525951
0.000491619
0.000468731
0.000470161
0.000518084
0.000469446
0.011283875
0.000469923
0.011337757
0.000500202
0.000499487
0.000509739
0.000499964
0.000501633
0.000528336
0.000518084
0.000507355
0.011261940
0.000528812
0.000505924
0.000529528
0.011395216
0.000507832
0.000532389
0.000517845
0.000530958
0.000489950
0.000517368
0.000528574
0.000504017
0.000523329
0.000497580
0.000500441
0.000496149
0.000499725
0.000511408
0.000468016
0.000499010
0.000464916
0.011303425
0.000501156
0.000467777
0.000464678
0.000496149
0.000499249
0.000494480
0.000485420
0.000467777
0.000517130
0.000527859
0.000497818
0.000442982
0.000523567
0.000534773
0.000518322
0.000520706
0.000459671
0.000513792
0.000519037
0.000452280
0.000444889
0.000496149
0.000499964
0.000468016
0.000504255
0.000503063
0.000501394
0.000520706
0.000530958
0.000525475
0.000526905
0.000539303
0.000531197
0.000518084
0.000523567
0.000524521
0.000530243
0.011171341
0.000458002
0.000538826
0.000533819
0.000536442
0.011361599
0.000529528
0.000532389
0.000534534
0.000507355
0.000475407
0.000503778
0.000512600
0.000505686
0.000436068
0.000479698
0.000499964
0.000505924
0.000506878
0.000447273
0.000528812
0.000538588
0.000523567
0.011337519
0.000516415
0.000482559
0.000500917
0.011289358
0.000511169
0.000506401
0.000530720
0.000497580
0.000524044
0.000536919
0.000482321
0.000477552
0.000526428
0.000506401
0.000479221
0.000471830
0.000482321
0.000505209
0.000476360
0.000500441
0.000472784
0.000504017
0.000539541
0.000497341
0.000541449
0.000528812
0.000542879
0.000509501
0.000534773
0.000420809
0.000513554
0.000531912
0.000525713
0.000531197
0.000463486
0.000525713
0.000536442
0.000528812
0.000461578
0.000506639
0.000508547
0.000509501
0.000512600
0.000504255
0.000508070
0.000504971
0.000509262
0.000406981
0.000504732
0.000474453
0.000536442
0.011434793
0.000508070
0.000516176
0.000509977
0.000501633
0.000505924
0.000535011
0.000504971
0.000504255
0.011253119
0.000534534
0.000523090
0.000525713
0.000505447
0.000457525
0.000526190
0.000505209
0.000506878
0.000501156
0.000500679
0.000509024
0.000475407
0.000517607
0.000509977
0.000506401
0.000510216
0.000531197
0.000439644
0.000544548
0.000517130
0.000514269
0.000454664
0.000518084
0.000533819
0.000529051
0.000523567
0.000530958
0.000548840
0.000531673
0.000519991
0.000542164
0.000504732
0.000509977
0.000507116
0.000509262
0.000503302
0.000512838
0.000506639
0.000504971
