0.000226498
0.000317097
0.000331163
0.000234842
0.000315189
0.000332117
0.000323534
0.000315905
0.000316381
0.000214338
0.000255585
0.000257492
0.000230789
0.000256538
0.000260115
0.000261307
0.000192165
0.000256300
0.000227213
0.000262499
0.000263691
0.000269175
0.000255823
0.000257015
0.000257969
0.000258446
0.000262737
0.000259399
0.000259399
0.000282049
0.000253677
0.000278473
0.000255346
0.000189066
0.000188828
0.000257492
0.000254631
0.000260115
0.000252724
0.000251293
0.000282049
0.000252485
0.000258923
0.000264883
0.000257254
0.000283718
0.000257969
0.000193834
0.000260830
0.000252724
0.000255585
0.000281572
0.000252724
0.000277758
0.000220776
0.000282526
0.000337601
0.000315428
0.000315666
0.000334978
0.000277996
0.000319719
0.000314474
0.000337839
0.000315905
0.000313759
0.000340939
0.000317097
0.000337362
0.000326395
0.000310183
0.000342369
0.000311375
0.000311613
0.000360250
0.000334024
0.000285387
0.000308275
0.000314236
0.000315189
0.000312805
0.000316381
0.000340223
0.000314236
0.000329733
0.000276804
0.000310659
0.000307083
0.000311852
0.000312805
0.000278711
0.000312567
0.000323057
0.000313759
0.000312805
0.000337601
0.000315189
0.000296116
0.000313997
0.000313044
0.000288248
0.000309467
0.000310421
0.000312328
0.000309706
0.000315905
0.000310183
0.000311136
0.000313282
0.000277758
0.000311375
0.000312090
0.000311852
0.000334978
0.000256062
0.000309706
0.000307560
0.000312328
0.000317812
0.000313759
0.000277281
0.000316381
0.000307083
0.000313997
0.000320673
0.000311136
0.000310659
0.000288725
0.000313520
0.000280857
0.000307798
0.000236750
0.000313520
0.000311852
0.000312805
0.000282049
0.000236988
0.000312805
0.000284910
0.000317097
0.000313520
0.000320673
0.000308752
0.000336409
0.000309706
0.000312567
0.000335455
0.000307083
0.000313044
0.000334740
0.000311852
0.000308990
0.000321150
0.000310659
0.000319719
0.000280619
0.000306368
0.000333309
0.000309944
0.000319004
0.000345469
0.000313044
0.000313044
0.000314713
0.000315905
0.000306368
0.000310659
0.000322104
0.000314474
0.000343084
0.000312805
0.000301838
0.000322819
0.000310898
0.000313044
0.000327349
0.000309944
0.000283241
0.000310659
0.000311852
0.000339270
0.000319004
0.000237703
0.000345230
0.000313044
0.000336885
0.000318766
0.000312328
0.000336170
0.000314713
0.000316143
0.000318527
0.000311852
0.000307798
0.000337124
0.000319004
0.000333309
0.000312567
0.000213146
0.000309706
0.000308275
0.000308514
0.000330210
0.000311852
0.000311375
0.000336409
0.000313520
0.000324488
0.000306368
0.000247955
0.000285864
0.000318766
0.000305176
0.000310421
0.000305414
0.000268221
0.000232220
0.000304461
0.000305653
0.000263214
0.000245810
0.000274420
0.000313759
0.000322104
0.000246286
0.000256300
0.000330448
0.000310898
0.000310183
0.000321627
0.000321388
0.000314236
0.000315905
0.000317812
0.000317574
0.000324011
0.000310898
0.000307560
0.000305176
0.000313997
0.000307083
0.000312090
0.000314713
0.000286341
0.000311375
0.000313044
0.000268459
0.000245333
0.000339031
0.000243664
0.000247955
0.000272036
0.000242233
0.000252724
0.000311852
0.000241756
0.000269413
0.000288010
0.000313282
0.000253439
0.000242949
0.000244141
0.000325203
0.000315189
0.000310183
0.000318766
0.000277758
0.000282049
0.000324965
0.000312328
0.000293255
0.000311852
0.000244141
0.000268698
0.000311613
0.000281334
0.000232458
0.000312805
0.000271320
0.000311613
0.000310898
0.000304222
0.000309944
0.000291109
0.000270367
0.000313520
0.000313282
0.000316858
0.000282764
0.000318766
0.000312805
0.000310898
0.000324488
0.000240803
0.000312328
0.000312090
0.000322342
0.000317097
0.000318050
0.000277758
0.000277281
0.000336170
0.000314474
0.000312090
0.000301123
0.000315189
0.000321865
0.000310659
0.000315905
0.000313520
0.000312090
0.000252962
0.000319004
0.000309467
0.000313997
0.000282049
0.000246048
0.000311375
0.000312090
0.000316620
0.000245810
0.000314713
0.000317574
0.000342846
0.000287771
0.000308990
0.000336409
0.000309467
0.000310421
0.000236034
0.000275373
0.000284910
0.000319719
0.000312567
0.000313520
0.000337601
0.000315666
0.000287294
0.000271797
0.000319958
0.000311613
0.000313044
0.000242710
0.000337601
0.000274897
0.000307798
0.000316143
0.000310898
0.000314713
0.000311375
0.000317574
0.000241518
0.000314236
0.000313044
0.000333548
0.000319004
0.000282764
0.000323057
0.000313044
0.000286579
0.000304461
0.000343323
0.000322580
0.000325680
0.000311375
0.000313997
0.000313044
0.000315189
0.000313282
0.000221014
0.000312090
0.000313759
0.000277281
0.000245571
0.000312328
0.000312328
0.000315666
0.000310659
0.000310898
0.000313520
0.000312567
0.000338078
0.000319242
0.000294209
0.000334978
0.000303507
0.000318527
0.000342131
0.000332355
0.000320673
0.000305176
0.000319958
0.000313759
0.000310421
0.000313997
0.000315905
0.000311375
0.000313044
0.000310898
0.000313997
0.000312805
0.000236273
0.000312567
0.000239134
0.000311136
0.000313282
0.000314713
0.000313282
0.000339746
0.000320673
0.000296593
0.000335932
0.000239134
0.000286341
0.000342846
0.000339508
0.000329256
0.000310898
0.000335455
0.000316381
0.000245571
0.000243425
0.000278473
0.000314474
0.000315428
0.000313044
0.000315428
0.000316620
0.000313044
0.000316620
0.000248671
0.000313997
0.000312805
0.000312090
0.000307322
0.000312328
0.000328064
0.000317812
0.000335455
0.000325680
0.000269413
0.000282764
0.000333786
0.000339031
0.000315666
0.000312805
0.000281811
0.000277519
0.000311375
0.000310421
0.000228882
0.000250578
0.000250816
0.000221014
0.000222683
0.000221491
0.000252962
0.000252724
0.000254154
0.000225782
0.000224829
0.000257015
0.000250816
0.000220776
0.000221014
0.000262260
0.000262976
0.000227690
0.000281811
0.000252962
0.000278950
0.000263929
0.000262022
0.000324249
0.000252962
0.000220537
0.000229120
0.000256777
0.000222683
0.000255823
0.000220299
0.000220537
0.000225067
0.000251293
0.000224352
0.000225306
0.000253916
0.000220060
0.000253677
0.000225067
0.000223160
0.000191927
0.000318050
0.000335693
0.000274181
0.000284910
0.000337362
0.000334024
0.000335455
0.000304222
0.000278234
0.000309467
0.000277519
0.000281096
0.000310421
0.000279665
0.000282764
0.000276566
0.000282526
0.000403643
0.000222206
0.000310183
0.000282049
0.000253201
0.000312567
0.000311375
0.000279665
0.000279188
0.000285864
0.000317812
0.000310421
0.000284672
0.000312567
0.000338316
0.000302076
0.000334740
0.000289202
0.000309706
0.000309944
0.000309229
0.000279665
0.000310421
0.000280380
0.000277996
0.000280619
0.000312328
0.000276804
0.000320673
0.000277996
0.000277996
0.000220537
0.000311136
0.000278711
0.000308514
0.000309706
0.000303745
0.000303507
0.000291824
0.000245333
0.000313282
0.000283003
0.000335217
0.000336647
0.000325918
0.000277519
0.000280380
0.000278473
0.000276327
0.000308275
0.000309944
0.000277519
0.000307560
0.000309467
0.000277758
0.000277758
0.000312090
0.000308990
0.000309467
0.000278711
0.000278234
0.000216961
0.000307322
0.000277281
0.000290155
0.000316381
0.000320911
0.000279903
0.000242233
0.000289679
0.000322580
0.000282049
0.000280857
0.000267029
0.000311852
0.000310183
0.000304937
0.000282764
0.000304937
0.000336170
0.000301361
0.000288248
0.000282526
0.000308752
0.000280857
0.000280142
0.000281811
0.000276566
0.000311136
0.000315428
0.000278950
0.000251055
0.000226259
0.000313520
0.000303507
0.000281096
0.000309467
0.000274420
0.000313759
0.000279665
0.000280142
0.000312805
0.000305891
0.000311852
0.000211954
0.000309944
0.000280380
0.000317097
0.000313759
0.000282288
0.000311613
0.000277042
0.000277758
0.000281334
0.000317812
0.000286341
0.000300407
0.000285864
0.000250578
0.000353336
0.000307798
0.000329971
0.000325918
0.000308514
0.000280619
0.000285149
0.000282764
0.000309467
0.000316143
0.000279665
0.000278473
0.000278234
0.000313759
0.000282288
0.000275612
0.000310659
0.000309467
0.000276566
0.000243664
0.000311613
0.000281096
0.000320435
0.000288010
0.000337839
0.000319958
0.000313759
0.000339270
0.000306845
0.000326157
0.000303745
0.000312328
0.000312090
0.000313282
0.000280142
0.000315189
0.000279665
0.000306606
0.000282764
0.000273466
0.000312567
0.000291109
0.000282764
0.000310183
0.000309706
0.000280380
0.000282526
0.000316381
0.000311136
0.000320673
0.000322342
0.000310183
0.000321150
0.000316858
0.000314951
0.000335693
0.000327349
0.000337839
0.000277996
0.000312328
0.000282764
0.000314236
0.000314236
0.000312328
0.000277042
0.000310659
0.000278711
0.000280857
0.000276804
0.000311375
0.000314713
0.000308752
0.000276566
0.000278950
0.000313282
0.000315189
0.000327587
0.000300169
0.000280619
0.000326395
0.000320911
0.000253916
0.000304222
0.000329971
0.000339746
0.000280857
0.000304699
0.000311375
0.000281334
0.000310421
0.000308514
0.000243664
0.000311852
0.000257015
0.000311136
0.000312567
0.000310421
0.000279665
0.000282764
0.000245333
0.000279188
0.000311613
0.000313282
0.000320673
0.000319004
0.000270605
0.000251055
0.000273466
0.000265837
0.000286341
0.000340223
0.000253439
0.000445127
0.000247002
0.000247478
0.000244617
0.000313044
0.000310659
0.000313759
0.000306845
0.000242949
0.000311852
0.000247240
0.000308514
0.000310659
0.000311136
0.000243664
0.000243425
0.000247478
0.000245094
0.000340223
0.000219822
0.000235319
0.000260353
0.000312805
0.000309944
0.000257254
0.000247478
0.000233889
0.000416517
0.000257254
0.000219107
0.000217199
0.000249863
0.000218391
0.000219822
0.000219584
0.000222683
0.000251055
0.000251293
0.000215769
0.000407219
0.000254393
0.000250101
0.000220299
0.000217915
0.000249863
0.000250340
0.000219584
0.000280857
0.000424862
0.000233650
0.000218391
0.000244617
0.000280619
0.000238657
0.000245094
0.000250340
0.000225067
0.000399113
0.000250340
0.000252962
0.000223398
0.000369787
0.000217915
0.000217438
0.000224113
0.000217199
0.000223160
0.000256538
0.000216961
0.000219584
0.000249147
0.000236988
0.000245094
0.000246048
0.000250101
0.000288248
0.000335693
0.000316381
0.000263453
0.000350237
0.000334501
0.000260592
0.000245571
0.000313759
0.000306606
0.000244141
0.000246763
0.000295162
0.000417233
0.000216722
0.000216007
0.000313044
0.000311375
0.000195980
0.000216007
0.000307798
0.000217199
0.000309944
0.000217915
0.000218630
0.000217915
0.000316381
0.000287056
0.000331640
0.000246048
0.000225544
0.000335693
0.000298500
0.000324726
0.000241756
0.000306368
0.000310898
0.000216722
0.000216246
0.000316143
0.000311136
0.000312328
0.000312567
0.000311375
0.000311375
0.000313759
0.000313044
0.000187159
0.000311375
0.000311375
0.000319004
0.000312090
0.000333548
0.000319958
0.000285387
0.000340462
0.000239372
0.000284672
0.000339270
0.000324726
0.000329018
0.000332832
0.000313282
0.000312567
0.000311613
0.000318766
0.000311136
0.000313759
0.000312805
0.000314474
0.000313044
0.000316381
0.000313044
0.000308514
0.000312805
0.000269175
0.000310421
0.000313997
0.000314474
0.000339270
0.000332355
0.000317335
0.000341415
0.000335932
0.000219822
0.000338078
0.000239611
0.000336647
0.000332355
0.000317097
0.000216007
0.000309944
0.000312090
0.000307798
0.000220299
0.000311136
0.000278950
0.000311136
0.000314951
0.000221252
0.000215530
0.000312805
0.000220060
0.000223160
0.000312090
0.000205517
0.000309467
0.000224590
0.000206947
0.000531435
0.000337839
0.000249147
0.000235558
0.000262976
0.000283957
0.000319242
0.000329733
0.000216007
0.000285149
0.000314236
0.000217676
0.000220537
0.000315666
0.000311375
0.000308037
0.000312090
0.000216961
0.000310421
0.000313044
0.000222683
0.000218391
0.000216484
0.000309706
0.000215292
0.000337362
0.000217676
0.000217676
0.000285149
0.000314474
0.000285149
0.000228643
0.000336647
0.000323772
0.000318289
0.000312567
0.000229120
0.000252962
0.000254869
0.000256777
0.000181437
0.000256062
0.000253201
0.000185251
0.000257730
0.000256538
0.000255346
0.000253439
0.000254869
0.000350237
0.000251532
0.000252485
0.000254631
0.000257492
0.000280857
0.000278711
0.000265598
0.000260353
0.000185728
0.000280380
0.000276089
0.000281096
0.000358343
0.000254154
0.000253677
0.000255823
0.000253439
0.000179529
0.000257015
0.000260592
0.000254631
0.000348806
0.000258207
0.000253201
0.000259161
