0.000296831
0.000427961
0.000354290
0.000361919
0.000379801
0.000353813
0.000403881
0.000370264
0.000357389
0.000362396
0.000352144
0.000353575
0.000303268
0.000328064
0.000365019
0.000381947
0.000351429
0.000436068
0.000353336
0.000360966
0.000354528
0.000410318
0.000367165
0.000357389
0.000386477
0.000320435
0.000292778
0.000368357
0.000354767
0.000430584
0.000355244
0.000312090
0.000363111
0.000361681
0.000352144
0.000356913
0.000412226
0.000362873
0.000338554
0.000361443
0.000248432
0.000359297
0.000435591
0.000354528
0.000254869
0.000276327
0.000349998
0.000413179
0.000354528
0.000253439
0.000380993
0.000356197
0.000354528
0.000243425
0.000355482
0.000366688
0.000355721
0.000353336
0.000375986
0.000408411
0.000321865
0.000350475
0.000370979
0.000354528
0.000363111
0.000427246
0.000351667
0.000385523
0.000351667
0.000354528
0.000415087
0.000359297
0.000328302
0.000358343
0.000371695
0.000353813
0.000380039
0.000382185
0.000408173
0.000364304
0.000358105
0.000404835
0.000353336
0.000350237
0.000361443
0.000346899
0.000334024
0.000350237
0.000414371
0.000384092
0.000355482
0.000340700
0.000353336
0.000379801
0.000433922
0.000356674
0.000379801
0.000353813
0.000355482
0.000406742
0.000322819
0.000384808
0.000348091
0.000349760
0.000379562
0.000355005
0.000347376
0.000396252
0.000256538
0.000256062
0.000264406
0.000262022
0.000315428
0.000291824
0.000301600
0.000285625
0.000290632
0.000322580
0.000294209
0.000274658
0.000295162
0.000291824
0.000323296
0.000289679
0.000216484
0.000307322
0.000292778
0.000309229
0.000223398
0.000291109
0.000293732
0.000299692
0.000263691
0.000290871
0.000290871
0.000303984
0.000241280
0.000292063
0.000293493
0.000291586
0.000326157
0.000290155
0.000294447
0.000277996
0.000270128
0.000301361
0.000381231
0.000368834
0.000351191
0.000379086
0.000354528
0.000325918
0.000350952
0.000355721
0.000354290
0.000309229
0.000327110
0.000350952
0.000354528
0.000290632
0.000355721
0.000350952
0.000376940
0.000351667
0.000249863
0.000350475
0.000350475
0.000386000
0.000246763
0.000350714
0.000357866
0.000357389
0.000349760
0.000279665
0.000351191
0.000354052
0.000351667
0.000251532
0.000356913
0.000320673
0.000324965
0.000358820
0.000350952
0.000376225
0.000351429
0.000360727
0.000321627
0.000351906
0.000375748
0.000364065
0.000356436
0.000351429
0.000353813
0.000350475
0.000362873
0.000320435
0.000358820
0.000352144
0.000382185
0.000351906
0.000365734
0.000351429
0.000357628
0.000376940
0.000256538
0.000351667
0.000386953
0.000355959
0.000377655
0.000361204
0.000352621
0.000375986
0.000357151
0.000356436
0.000352859
0.000350237
0.000376225
0.000351191
0.000358105
0.000361443
0.000352144
0.000377655
0.000350714
0.000362158
0.000350237
0.000355959
0.000274658
0.000373602
0.000278711
0.000345945
0.000349283
0.000318289
0.000357151
0.000375032
0.000350237
0.000349522
0.000334978
0.000351906
0.000365973
0.000346422
0.000345230
0.000334978
0.000351667
0.000355721
0.000305176
0.000356197
0.000371933
0.000351191
0.000328302
0.000348568
0.000349998
0.000376463
0.000351667
0.000360012
0.000346899
0.000355244
0.000355959
0.000282049
0.000364542
0.000349522
0.000346184
0.000272274
0.000344992
0.000347137
0.000374794
0.000349760
0.000247478
0.000358105
0.000345945
0.000322819
0.000257969
0.000352621
0.000370741
0.000354767
0.000345230
0.000370741
0.000346899
0.000353336
0.000351906
0.000271320
0.000348330
0.000371933
0.000293732
0.000251055
0.000366688
0.000350237
0.000348568
0.000365019
0.000346661
0.000362635
0.000353813
0.000344753
0.000370741
0.000351667
0.000354767
0.000343323
0.000299454
0.000323772
0.000230312
0.000348330
0.000376225
0.000351667
0.000349998
0.000379324
0.000356674
0.000319481
0.000351667
0.000350952
0.000373363
0.000366449
0.000381470
0.000349045
0.000346661
0.000375032
0.000347853
0.000350237
0.000372648
0.000348330
0.000377178
0.000349760
0.000354052
0.000335932
0.000360727
0.000346899
0.000348091
0.000350475
0.000352621
0.000362635
0.000358820
0.000272036
0.000360012
0.000360012
0.000275373
0.000270367
0.000383615
0.000375509
0.000348568
0.000379324
0.000359535
0.000361204
0.000371695
0.000381708
0.000368834
0.000368357
0.000373602
0.000346899
0.000348091
0.000346661
0.000349760
0.000347376
0.000349045
0.000247002
0.000360489
0.000350475
0.000349522
0.000245571
0.000347137
0.000349998
0.000346661
0.000347137
0.000260115
0.000355721
0.000355005
0.000344753
0.000281096
0.000352144
0.000352621
0.000345945
0.000345469
0.000349760
0.000314236
0.000356436
0.000351429
0.000349522
0.000370741
0.000261784
0.000328541
0.000329971
0.000369787
0.000339508
0.000376225
0.000382900
0.000373363
0.000373363
0.000377655
0.000350237
0.000348806
0.000351906
0.000349045
0.000347853
0.000286818
0.000351906
0.000352621
0.000344515
0.000347614
0.000357628
0.000349283
0.000352383
0.000349522
0.000349283
0.000348568
0.000348806
0.000369549
0.000284910
0.000332117
0.000366926
0.000277996
0.000462770
0.000282526
0.000314713
0.000280142
0.000282049
0.000257730
0.000287771
0.000287056
0.000287056
0.000289202
0.000256300
0.000255585
0.000257015
0.000249624
0.000287056
0.000256062
0.000257254
0.000289917
0.000289679
0.000288010
0.000289202
0.000288963
0.000256777
0.000288725
0.000254393
0.000282049
0.000262976
0.000316381
0.000287533
0.000283718
0.000284672
0.000300884
0.000282049
0.000255346
0.000257730
0.000456095
0.000286579
0.000262499
0.000258207
0.000285625
0.000287533
0.000289440
0.000260830
0.000253916
0.000287533
0.000255108
0.000259876
0.000290394
0.000287771
0.000255823
0.000255823
0.000258923
0.000256062
0.000267982
0.000314236
0.000278711
0.000317335
0.000310898
0.000267029
0.000311613
0.000258446
0.000262022
0.000287056
0.000288010
0.000254393
0.000258207
0.000289202
0.000255823
0.000291109
0.000263929
0.000288963
0.000254393
0.000621557
0.000255585
0.000257254
0.000290155
0.000287056
0.000257015
0.000267982
0.000298977
0.000290155
0.000313044
0.000284433
0.000281334
0.000314713
0.000281811
0.000324249
0.000314951
0.000303268
0.000288248
0.000255108
0.000255823
0.000575781
0.000284433
0.000292778
0.000446320
0.000353098
0.000344753
0.000351667
0.000352621
0.000245810
0.000347614
0.000349760
0.000348091
0.000272274
0.000338554
0.000271082
0.000375032
0.000365973
0.000329494
0.000377178
0.000361443
0.000374556
0.000360250
0.000353813
0.000312090
0.000353336
0.000357151
0.000349760
0.000349760
0.000347614
0.000349760
0.000350714
0.000350714
0.000349760
0.000350475
0.000313997
0.000349045
0.000350475
0.000348330
0.000347137
0.000374794
0.000356913
0.000327349
0.000375748
0.000337839
0.000355721
0.000340462
0.000385284
0.000376225
0.000275612
0.000375509
0.000354528
0.000349045
0.000265121
0.000348330
0.000354052
0.000350475
0.000347137
0.000347614
0.000348806
0.000350237
0.000348806
0.000264645
0.000346422
0.000351906
0.000351667
0.000266790
0.000354528
0.000350237
0.000356674
0.000283480
0.000267506
0.000359774
0.000339746
0.000315666
0.000307560
0.000370502
0.000378847
0.000289440
0.000295401
0.000393391
0.000349998
0.000296116
0.000354528
0.000285149
0.000351191
0.000284195
0.000283718
0.000330687
0.000352383
0.000351429
0.000352859
0.000285149
0.000351667
0.000358105
0.000283957
0.000318766
0.000324965
0.000309944
0.000308752
0.000291109
0.000307083
0.000368118
0.000377655
0.000308275
0.000285864
0.000351906
0.000283003
0.000352621
0.000296593
0.000292301
0.000354767
0.000285864
0.000366449
0.000290394
0.000353098
0.000286102
0.000353098
0.000353336
0.000350714
0.000351191
0.000375509
0.000375509
0.000299692
0.000324249
0.000374794
0.000352621
0.000325918
0.000375032
0.000376463
0.000377417
0.000356674
0.000380993
0.000350475
0.000346661
0.000352383
0.000357866
0.000348330
0.000298977
0.000351667
0.000350714
0.000275850
0.000352621
0.000354290
0.000349045
0.000354767
0.000354528
0.000351429
0.000355721
0.000280142
0.000372410
0.000326633
0.000375032
0.000297546
0.000359058
0.000378132
0.000382662
0.000375271
0.000363588
0.000377417
0.000358582
0.000350714
0.000350952
0.000351906
0.000350952
0.000348330
0.000292301
0.000353336
0.000351191
0.000350952
0.000349283
0.000348330
0.000351667
0.000280857
0.000345945
0.000326633
0.000373602
0.000358582
0.000358105
0.000381947
0.000358343
0.000323772
0.000317812
0.000386715
0.000305176
0.000371456
0.000368118
0.000352144
0.000348568
0.000347137
0.000354767
0.000349998
0.000350952
0.000354052
0.000347614
0.000356197
0.000351191
0.000350237
0.000347614
0.000352383
0.000355244
0.000353575
0.000352383
0.000349760
0.000362158
0.000319481
0.000374317
0.000376940
0.000355721
0.000321150
0.000387669
0.000374556
0.000368357
0.000351191
0.000351191
0.000352621
0.000355721
0.000352144
0.000351429
0.000356674
0.000353813
0.000353813
0.000352383
0.000348330
0.000350475
0.000349760
0.000348568
0.000346899
0.000348091
0.000300169
0.000352621
0.000370741
0.000262022
0.000335693
0.000377655
0.000354052
0.000299454
0.000307083
0.000382900
0.000375509
0.000379086
0.000378609
0.000352144
0.000352383
0.000348330
0.000294685
0.000351906
0.000352144
0.000355244
0.000352144
0.000349998
0.000348330
0.000350714
0.000281096
0.000359297
0.000352144
0.000352144
0.000355482
0.000381947
0.000357151
0.000329733
0.000383139
0.000356674
0.000355482
0.000374794
0.000381470
0.000378132
0.000362635
0.000345707
0.000277519
0.000346899
0.000290155
0.000344753
0.000348091
0.000349760
0.000344515
0.000349283
0.000353575
0.000351429
0.000351191
0.000354767
0.000360250
0.000346422
0.000348091
0.000345469
0.000374556
0.000361204
0.000356197
0.000374317
0.000306845
0.000360727
0.000379801
0.000377178
0.000376701
0.000364304
0.000376940
0.000377178
0.000350714
0.000351191
0.000348568
0.000348568
0.000339746
0.000352383
0.000348568
0.000348330
0.000352383
0.000351667
0.000351191
0.000345945
0.000349045
0.000350714
0.000351906
0.000370026
0.000367641
0.000322819
0.000256777
0.000374079
0.000357866
0.000322580
0.000381708
0.000375509
0.000376225
0.000374317
0.000355005
0.000346661
0.000252008
0.000351667
0.000349522
0.000348568
0.000354052
0.000357628
0.000349522
0.000352383
0.000354528
0.000350475
0.000354767
0.000352621
0.000347376
0.000350237
0.000347853
0.000359535
0.000316620
0.000361919
0.000357151
0.000356197
0.000329018
0.000353336
0.000356674
0.000349998
0.000368834
0.000354767
0.000483751
0.000323296
0.000367880
0.000365973
0.000307798
0.000381470
0.000358820
0.000375271
0.000378847
0.000348568
0.000351906
0.000353336
0.000345945
0.000345707
0.000345945
0.000345707
0.000350475
0.000345945
0.000350237
0.000347376
0.000350952
0.000358105
0.000348091
0.000347376
0.000355005
0.000319004
0.000353336
0.000352621
0.000352144
0.000357628
0.000247478
0.000346899
0.000350952
0.000351191
0.000346899
0.000349522
0.000356436
0.000359535
0.000379801
0.000335455
0.000358582
0.000354290
0.000327587
0.000262976
0.000356197
0.000338316
0.000382900
0.000376940
0.000352859
0.000353575
0.000352621
0.000348806
0.000344515
0.000353575
0.000283241
0.000353813
0.000339985
0.000354767
0.000351906
0.000352383
0.000326395
0.000353575
0.000354290
0.000349283
0.000347614
0.000374317
0.000376225
0.000356674
0.000328302
0.000320673
0.000361443
0.000350714
0.000349045
0.000382185
0.000377893
0.000322104
0.000375032
0.000350714
0.000353336
0.000350475
0.000350952
0.000349998
0.000356197
0.000354528
0.000350952
0.000348806
0.000352144
0.000343800
0.000348330
0.000351906
0.000355005
0.000349760
0.000350952
0.000359774
0.000361204
0.000358343
0.000376701
0.000369072
0.000353575
0.000322580
0.000380993
0.000377655
0.000364542
0.000376701
0.000352144
0.000319719
0.000393391
0.000350952
0.000349045
0.000348330
0.000351429
0.000348806
0.000350952
0.000345707
0.000276089
0.000352383
0.000347614
0.000364780
0.000310183
0.000355959
0.000348091
0.000369549
0.000355005
0.000325918
0.000377893
0.000356674
0.000324488
0.000364542
0.000385761
0.000372887
0.000364780
0.000352383
0.000354767
0.000350714
0.000356674
0.000351667
0.000344753
0.000361204
0.000354290
0.000354052
0.000354290
0.000345945
0.000375748
0.000356436
0.000356913
0.000258923
0.000350714
0.000346899
0.000364780
0.000346184
