0.000282049
0.000259876
0.000258923
0.000261784
0.000286579
0.000262737
0.000262022
0.000218630
0.000262499
0.000265598
0.000262022
0.000261545
0.000287056
0.000231743
0.000264645
0.000263929
0.000260353
0.000280857
0.000302315
0.000263929
0.000272751
0.000262976
0.000291586
0.000260830
0.000259161
0.000286341
0.000267744
0.000260353
0.000260592
0.000262737
0.000225067
0.000263214
0.000262976
0.000290394
0.000261784
0.000306606
0.000258446
0.000258446
0.000289202
0.000243187
0.000260353
0.000287533
0.000261784
0.000262260
0.000217676
0.000263929
0.000262022
0.000273466
0.000260592
0.000271320
0.000277281
0.000262499
0.000313044
0.000267982
0.000255108
0.000261545
0.000262737
0.000268936
0.000261068
0.000288248
0.000262499
0.000262260
0.000285625
0.000263691
0.000260115
0.000265360
0.000224113
0.000234365
0.000310898
0.000263453
0.000261784
0.000261545
0.000270605
0.000264645
0.000265837
0.000265121
0.000263691
0.000274420
0.000263929
0.000276089
0.000272274
0.000261784
0.000286102
0.000262976
0.000261784
0.000290632
0.000307083
0.000275850
0.000285625
0.000264168
0.000257730
0.000266790
0.000265598
0.000287533
0.000268221
0.000265598
0.000262499
0.000261307
0.000264168
0.000296831
0.000263214
0.000261068
0.000262022
0.000290155
0.000259161
0.000196695
0.000346422
0.000255823
0.000285149
0.000261784
0.000460148
0.000228167
0.000259161
0.000257254
0.000286579
0.000261068
0.000287056
0.000258923
0.000264883
0.000341177
0.000222921
0.000257492
0.000282526
0.000261068
0.000259399
0.000243187
0.000259638
0.000262499
0.000259161
0.000259876
0.000287056
0.000185490
0.000261545
0.000264883
0.000262737
0.000263929
0.000278234
0.000262499
0.000287056
0.000265360
0.000261545
0.000291586
0.000262737
0.000260592
0.000263691
0.000263214
0.000292540
0.000263214
0.000259876
0.000238180
0.000191212
0.000262499
0.000264406
0.000264883
0.000286579
0.000262976
0.000262022
0.000290632
0.000268221
0.000261784
0.000258684
0.000256062
0.000257015
0.000284672
0.000260830
0.000289917
0.000269651
0.000245094
0.000234365
0.000236273
0.000230074
0.000273705
0.000259399
0.000261784
0.000287056
0.000259161
0.000270605
0.000256062
0.000262260
0.000270128
0.000270844
0.000285864
0.000266790
0.000257730
0.000284672
0.000259638
0.000263214
0.000239372
0.000258684
0.000257015
0.000251293
0.000264645
0.000261545
0.000263929
0.000259876
0.000264645
0.000259638
0.000261784
0.000273466
0.000259161
0.000269890
0.000307322
0.000258207
0.000260115
0.000259399
0.000266790
0.000259876
0.000260353
0.000294924
0.000258684
0.000262499
0.000265598
0.000259876
0.000265121
0.000236511
0.000259399
0.000269175
0.000262737
0.000285864
0.000258684
0.000258684
0.000355005
0.000260115
0.000259638
0.000291348
0.000238419
0.000257969
0.000296593
0.000199318
0.000276327
0.000256777
0.000260592
0.000227451
0.000260115
0.000255346
0.000259399
0.000259399
0.000262737
0.000258207
0.000255823
0.000277758
0.000277519
0.000261784
0.000284910
0.000259161
0.000260115
0.000288010
0.000258923
0.000282049
0.000258446
0.000261545
0.000270367
0.000287294
0.000262499
0.000233650
0.000261068
0.000293970
0.000259876
0.000256777
0.000282526
0.000264406
0.000261545
0.000259638
0.000262260
0.000229120
0.000262737
0.000263453
0.000284910
0.000266552
0.000276089
0.000263214
0.000258923
0.000286579
0.000264168
0.000263214
0.000264168
0.000262260
0.000261307
0.000324249
0.000224352
0.000261068
0.000262737
0.000282526
0.000238895
0.000257254
0.000257015
0.000263453
0.000247240
0.000256300
0.000272751
0.000256538
0.000259399
0.000276566
0.000257254
0.000284672
0.000258923
0.000193596
0.000284195
0.000260592
0.000261545
0.000288486
0.000256538
0.000263929
0.000257969
0.000203848
0.000188351
0.000264168
0.000261545
0.000272274
0.000189304
0.000270367
0.000288725
0.000260353
0.000259638
0.000209332
0.000323534
0.000316620
0.000326395
0.000316858
0.000342369
0.000314236
0.000315905
0.000347137
0.000317574
0.000226259
0.000263691
0.000290155
0.000321388
0.000318527
0.000321627
0.000332117
0.000316858
0.000343561
0.000319242
0.000321388
0.000344515
0.000316143
0.000262499
0.000343561
0.000320673
0.000319481
0.000318050
0.000316620
0.000320673
0.000319481
0.000321865
0.000210047
0.000321150
0.000320673
0.000313997
0.000315666
0.000315905
0.000342607
0.000328302
0.000324011
0.000232935
0.000324011
0.000325918
0.000342607
0.000256777
0.000273705
0.000340223
0.000315905
0.000324011
0.000317097
0.000318289
0.000317574
0.000317097
0.000322342
0.000315666
0.000315905
0.000309706
0.000316858
0.000319719
0.000316381
0.000318289
0.000318766
0.000319481
0.000317335
0.000317812
0.000325680
0.000326395
0.000340700
0.000287771
0.000320911
0.000216246
0.000337601
0.000343800
0.000345230
0.000315905
0.000280380
0.000316620
0.000317812
0.000316620
0.000315905
0.000322819
0.000324726
0.000315905
0.000315666
0.000235081
0.000317574
0.000317812
0.000316381
0.000239849
0.000316620
0.000320196
0.000315905
0.000342846
0.000210285
0.000343800
0.000343084
0.000209332
0.000216722
0.000326872
0.000289917
0.000329256
0.000300169
0.000281334
0.000257015
0.000255585
0.000225782
0.000237226
0.000258446
0.000258923
0.000256062
0.000253677
0.000259638
0.000256777
0.000256300
0.000265121
0.000259876
0.000257969
0.000256300
0.000255108
0.000257969
0.000257492
0.000268698
0.000262737
0.000233650
0.000282764
0.000287771
0.000279427
0.000281334
0.000287294
0.000260592
0.000258923
0.000255585
0.000260353
0.000258923
0.000256062
0.000231743
0.000261784
0.000258446
0.000255585
0.000256777
0.000257969
0.000256538
0.000258207
0.000259399
0.000254631
0.000255346
0.000258684
0.000254393
0.000259399
0.000256300
0.000261545
0.000282288
0.000283480
0.000282049
0.000218153
0.000282764
0.000257492
0.000256538
0.000258923
0.000209808
0.000257015
0.000257730
0.000263453
0.000262260
0.000258446
0.000225544
0.000261307
0.000258207
0.000196457
0.000199080
0.000257254
0.000256777
0.000254154
0.000255108
0.000257015
0.000255823
0.000260830
0.000222206
0.000265598
0.000265837
0.000258446
0.000267982
0.000259638
0.000257969
0.000260115
0.000279665
0.000208139
0.000260353
0.000283003
0.000283003
0.000282764
0.000267029
0.000267506
0.000258207
0.000257254
0.000211954
0.000257254
0.000257969
0.000259399
0.000204325
0.000261545
0.000255823
0.000257730
0.000320196
0.000320673
0.000314474
0.000318766
0.000319958
0.000317574
0.000317574
0.000320196
0.000278950
0.000314951
0.000318289
0.000321865
0.000325918
0.000313282
0.000319242
0.000317812
0.000317335
0.000319004
0.000311613
0.000320911
0.000324726
0.000336409
0.000223160
0.000339031
0.000344515
0.000322819
0.000347137
0.000347614
0.000346184
0.000327110
0.000331163
0.000327587
0.000318289
0.000317812
0.000318050
0.000315905
0.000314474
0.000317335
0.000317097
0.000317097
0.000319004
0.000284433
0.000317574
0.000317812
0.000311852
0.000317812
0.000317812
0.000310898
0.000209808
0.000319242
0.000292063
0.000341177
0.000318050
0.000210524
0.000452518
0.000343323
0.000342131
0.000331640
0.000339746
0.000330687
0.000337362
0.000347137
0.000269175
0.000256777
0.000263453
0.000257730
0.000202417
0.000256777
0.000259638
0.000257254
0.000256538
0.000256777
0.000255585
0.000258207
0.000257492
0.000260592
0.000260353
0.000282288
0.000259161
0.000232458
0.000282288
0.000284433
0.000284910
0.000282049
0.000283718
0.000257015
0.000257969
0.000259161
0.000258207
0.000257492
0.000256777
0.000259876
0.000259876
0.000264645
0.000260115
0.000258446
0.000213623
0.000259876
0.000257254
0.000258207
0.000256777
0.000255346
0.000258923
0.000261307
0.000261545
0.000269175
0.000236511
0.000278711
0.000285387
0.000234127
0.000286102
0.000285149
0.000261545
0.000257730
0.000257492
0.000257969
0.000257730
0.000253916
0.000258207
0.000258446
0.000248909
0.000259161
0.000257492
0.000236034
0.000260830
0.000238895
0.000195503
0.000246286
0.000166178
0.000175238
0.000190258
0.000224590
0.000216007
0.000220299
0.000222445
0.000188589
0.000420809
0.000202656
0.000197411
0.000219107
0.000249147
0.000202894
0.000189304
0.000231028
0.000211477
0.000503302
0.000218391
0.000213385
0.000226974
0.000264883
0.000248194
0.000257492
0.000202894
0.000301838
0.000208378
0.000226021
0.000228643
0.000228643
0.000289202
0.000290632
0.000247717
0.000325441
0.000254869
0.000339985
0.000250340
0.000334978
0.000252962
0.000243902
0.000256300
0.000223160
0.000238419
0.000315666
0.000228882
0.000228882
0.000226259
0.000317812
0.000264645
0.000222445
0.000227690
0.000305176
0.000319719
0.000315189
0.000232697
0.000230551
0.000231504
0.000315666
0.000227451
0.000341892
0.000419378
0.000326157
0.000225544
0.000251293
0.000339746
0.000250101
0.000316143
0.000228882
0.000223875
0.000226736
0.000316381
0.000318289
0.000317812
0.000306606
0.000314713
0.000311375
0.000223875
0.000226259
0.000229120
0.000221491
0.000224590
0.000225544
0.000313997
0.000225067
0.000222683
0.000230312
0.000305176
0.000328779
0.000249147
0.000254393
0.000324488
0.000339508
0.000332355
0.000319481
0.000228882
0.000320196
0.000313520
0.000314713
0.000222683
0.000319004
0.000222206
0.000313044
0.000224113
0.000315666
0.000312567
0.000317335
0.000222683
0.000224590
0.000311375
0.000231028
0.000222921
0.000220299
0.000309706
0.000233650
0.000323057
0.000221491
0.000251293
0.000321388
0.000346422
0.000239372
0.000340939
0.000329971
0.000247717
0.000319481
0.000317097
0.000224113
0.000315428
0.000315905
0.000226021
0.000317335
0.000317335
0.000224113
0.000320435
0.000223637
0.000310659
0.000303268
0.000227213
0.000315905
0.000223875
0.000323296
0.000229120
0.000249386
0.000317097
0.000252008
0.000350952
0.000293016
0.000247240
0.000227690
0.000278234
0.000258207
0.000257492
0.000275850
0.000255346
0.000258207
0.000257254
0.000258207
0.000258207
0.000322580
0.000257492
0.000257969
0.000253439
0.000256300
0.000256300
0.000259399
0.000260115
0.000259638
0.000259161
0.000282049
0.000256538
0.000264168
0.000283003
0.000193834
0.000283480
0.000278711
0.000229359
0.000280380
0.000258684
0.000276327
0.000200987
0.000257969
0.000229359
0.000257730
0.000254869
0.000261545
0.000258207
0.000257254
0.000249386
0.000264168
0.000267267
0.000256777
0.000257254
0.000221014
0.000214815
0.000332832
0.000324488
0.000339746
0.000326395
0.000324965
0.000340700
0.000351429
0.000341415
0.000351906
0.000344276
0.000323296
0.000322819
0.000310898
0.000323057
0.000322342
0.000319004
0.000317812
0.000319719
0.000318766
0.000317097
0.000319719
0.000315905
0.000320435
0.000285149
0.000319004
0.000243425
0.000316381
0.000341177
0.000321150
0.000336647
0.000341654
0.000321388
0.000291348
0.000341654
0.000257492
0.000339508
0.000332594
0.000317335
0.000304937
0.000312567
0.000314474
0.000282764
0.000316620
0.000316858
0.000321865
0.000321150
0.000316858
0.000299931
0.000317574
0.000314474
0.000318050
0.000319481
0.000316143
0.000319242
0.000343561
0.000314951
0.000286102
0.000342369
0.000319719
0.000323057
0.000327349
0.000348806
0.000336409
0.000342369
0.000319719
0.000333071
0.000317097
0.000319481
0.000309467
0.000318527
0.000317097
0.000313044
0.000316858
0.000317335
0.000265837
0.000316381
0.000319242
0.000317574
0.000321388
0.000315189
0.000318050
0.000342369
0.000322819
0.000317097
0.000344276
0.000332355
0.000290155
0.000343084
0.000340462
0.000292778
0.000335455
0.000336409
0.000318289
0.000315189
0.000317574
0.000265837
0.000319481
0.000314474
0.000321865
0.000298738
0.000316381
0.000317097
0.000320435
0.000317335
0.000283480
0.000317335
0.000321865
0.000314236
0.000317335
0.000315905
0.000320196
0.000345945
0.000323772
0.000268459
0.000342607
0.000342131
0.000288486
0.000342607
0.000281572
0.000284672
0.000343561
0.000316381
0.000258923
0.000316381
0.000319719
0.000306368
0.000311852
0.000311613
0.000323296
0.000313520
0.000318766
0.000315905
0.000319242
0.000313520
0.000316381
0.000317097
0.000325203
0.000318766
0.000337839
0.000274897
0.000322104
0.000287533
0.000235081
0.000342131
0.000347376
0.000328779
0.000333309
0.000274658
0.000328064
0.000316858
0.000319004
0.000319004
0.000320435
0.000313997
0.000319481
0.000317812
0.000246763
0.000317574
0.000318527
0.000316143
