0.015062571
0.005334616
0.005209446
0.005191803
0.004431963
0.005155087
0.004470348
0.005293608
0.004651546
0.004250050
0.004667997
0.005191326
0.005374432
0.004355192
0.013831615
0.004376173
0.004293442
0.004327536
0.004292250
0.005277872
0.004537344
0.005156755
0.004391193
0.005299568
0.004327297
0.012881994
0.005280495
0.013991594
0.004355907
0.014001846
0.004525423
0.005238771
0.004035711
0.004331589
0.005190849
0.005177021
0.004403830
0.004392385
0.005196333
0.005249023
0.004589319
0.005191565
0.004356861
0.005273581
0.005166054
0.004300117
0.004326105
0.005159378
0.004400015
0.013989687
0.012995958
0.005284786
0.005376577
0.005191326
0.004337311
0.005249739
0.004370928
0.004332781
0.005163431
0.004470587
0.005359888
0.012997389
0.004373550
0.005233049
0.004359245
0.004388094
0.005259275
0.014005661
0.005254030
0.004422426
0.005203009
0.004328489
0.004371405
0.004443645
0.005235195
0.005184174
0.005228281
0.004358530
0.014082670
0.005244732
0.004403591
0.005287647
0.005281448
0.004443884
0.005198479
0.004293442
0.004292965
0.005211592
0.004375935
0.004557610
0.014052391
0.005219221
0.004373789
0.004307508
0.005223036
0.005244017
0.004421949
0.004391670
0.005228043
0.005220175
0.004363298
0.004043579
0.004056692
0.004018784
0.004064322
0.003990889
0.004115343
0.004060745
0.004061699
0.004057884
0.004024982
0.004010201
0.004084587
0.004143715
0.004136562
0.003956318
0.004064798
0.004017830
0.004013062
0.004032135
0.004180670
0.004015923
0.004111052
0.004076004
0.004154921
0.004025459
0.004126549
0.004053593
0.004115105
0.004004955
0.004020214
0.004070997
0.004081488
0.004243374
0.004200697
0.004032850
0.004094839
0.004009962
0.004061460
0.004084349
0.003982306
0.004165173
0.003990412
0.004027605
0.004046440
0.004032373
0.004022360
0.004112959
0.003992319
0.004068613
0.003983021
0.004035711
0.003969669
0.004030943
0.003971338
0.003996849
0.004021406
0.003951788
0.003947496
0.003943682
0.004062653
0.004101038
0.004013538
0.004047394
0.004156828
0.004029751
0.004089594
0.004176378
0.004031181
0.004106522
0.004037857
0.004095316
0.004034042
0.004067183
0.004089832
0.004170895
0.004041195
0.004101992
0.003991842
0.004063129
0.004066467
0.004039526
0.012767553
0.004116297
0.004057407
0.004011154
0.004016638
0.004068136
0.004003048
0.004017830
0.004064798
0.003994226
0.004047871
0.004030466
0.004056215
0.004025221
0.004056454
0.004048824
0.004082680
0.004033804
0.004223347
0.004024267
0.004000187
0.004038811
0.004014254
0.004008055
0.004062414
0.003971338
0.012711525
0.004213572
0.004109144
0.003959417
0.004092932
0.004032373
0.004096270
0.004030943
0.004021406
0.003969908
0.004067421
0.004020691
0.004021645
0.004070282
0.004000902
0.003988504
0.004056454
0.004058838
0.004033804
0.004017591
0.003986597
0.004108906
0.004046917
0.003995419
0.004025698
0.004027843
0.004013777
0.003974915
0.003940582
0.003998041
0.004004478
0.003985167
0.003992796
0.003990650
0.004097462
0.003945351
0.003996134
0.004006386
0.004020929
0.004018784
0.004048109
0.004012585
0.004073858
0.004007816
0.003964186
0.004004717
0.004046917
0.004003048
0.004013300
0.004033089
0.003989697
0.003986597
0.003998280
0.004132032
0.004108906
0.003935575
0.003999233
0.003997803
0.004044533
0.004001856
0.004073143
0.004023790
0.004022837
0.004134655
0.004006386
0.004041195
0.004145145
0.004098654
0.004124880
0.004037619
0.004063368
0.004060030
0.004076004
0.004099846
0.004067659
0.004111767
0.004060268
0.004074097
0.003987312
0.003984690
0.004071712
0.004011154
0.004013777
0.004111290
0.004109859
0.004061222
0.004059792
0.004043579
0.004028082
0.004087448
0.004037380
0.004055262
0.004049063
0.004198790
0.004026890
0.004036427
0.004022598
0.004120111
0.004085541
0.004080534
0.004116297
0.004082680
0.004146576
0.004257917
0.004071236
0.004112959
0.004062176
0.004215240
0.004070282
0.003967285
0.004030943
0.003987789
0.004002333
0.004012823
0.004104376
0.004009962
0.004041910
0.004032135
0.004068136
0.003991842
0.004017353
0.004000187
0.004053116
0.004025936
0.003973484
0.004007578
0.004019976
0.004028082
0.004001141
0.003984213
0.004038811
0.003949404
0.004008770
0.003954887
0.004046679
0.004125118
0.004184008
0.003999233
0.004034996
0.004039764
0.004053593
0.004020214
0.004014254
0.004061460
0.003999949
0.003989935
0.004005432
0.003993750
0.004023075
0.003981829
0.004116058
0.012789011
0.004007578
0.004013777
0.004018307
0.004059792
0.003996134
0.003987789
0.003981829
0.004089117
0.004031181
0.004081964
0.004406929
0.004060984
0.003989458
0.004011631
0.004011631
0.004072428
0.004105091
0.004048824
0.004031181
0.003986597
0.004022360
0.003998518
0.004021883
0.004006386
0.004041672
0.003990650
0.004082918
0.003953218
0.003949165
0.003986359
0.003999233
0.004251480
0.004105091
0.003964424
0.004023552
0.004020691
0.004044056
0.003999472
0.003999710
0.004011154
0.004093170
0.004059553
0.004008532
0.004002333
0.003970146
0.003984928
0.003975153
0.003963947
0.003998518
0.004691124
0.004055262
0.003998756
0.004069805
0.003986359
0.004338741
0.004005432
0.004072189
0.004061222
0.003946304
0.004009962
0.003936768
0.004005909
0.003983974
0.004037142
0.003936529
0.003952742
0.005002737
0.004067898
0.003992558
0.003970623
0.005756140
0.004003286
0.003972292
0.003978729
0.004008770
0.004009008
0.004004002
0.003977060
0.003921986
0.003993988
0.003981352
0.004001379
0.004011393
0.004009962
0.004026413
0.004000664
0.003988266
0.004000187
0.004203081
0.004065037
0.003996134
0.004029751
0.004002571
0.003963232
0.003981590
0.003993750
0.003999949
0.005456924
0.003950119
0.004014969
0.012823343
0.003964901
0.003949404
0.003984213
0.004012346
0.003936529
0.004026175
0.003988743
0.004003525
0.004031420
0.004101992
0.003941536
0.004031420
0.003985643
0.003974438
0.006139517
0.004052639
0.004063368
0.004103422
0.006092548
0.004083395
0.004027605
0.004019499
0.004024506
0.004049540
0.004093647
0.003989697
0.004061699
0.003917217
0.003935099
0.003965378
0.003992558
0.003941536
0.004113436
0.003965378
0.003931761
0.004000664
0.004022598
0.004045486
0.004009008
0.004006386
0.004087925
0.004034996
0.003962517
0.004004955
0.004508018
0.003976822
0.004004240
0.004017830
0.003937244
0.003977776
0.003995180
0.004007101
0.004023790
0.003939152
0.004095078
0.003936291
0.004136324
0.004037142
0.003962517
0.004076958
0.004051208
0.003942490
0.004110098
0.004037857
0.004279137
0.003987312
0.004114628
0.004038334
0.004085541
0.004017591
0.004171848
0.004041910
0.004076719
0.003927469
0.005096912
0.003974438
0.003992796
0.004010677
0.005488396
0.003993511
0.003997087
0.004021883
0.003954172
0.003991127
0.004060745
0.003932714
0.004002571
0.003963709
0.003981829
0.004034758
0.003966808
0.012812853
0.004016638
0.004004478
0.003999233
0.003975391
0.003987074
0.003983259
0.003996849
0.004067183
0.003931284
0.003998756
0.003941536
0.003984451
0.004080057
0.003981829
0.003986835
0.003997803
0.003966808
0.003985405
0.004108191
0.003995895
0.004075289
0.003987074
0.004044771
0.004029036
0.003969908
0.004424810
0.004006624
0.004007578
0.004003048
0.003967047
0.004155636
0.004059315
0.003954887
0.012633562
0.004375935
0.004071236
0.004026175
0.004004240
0.003994226
0.003976345
0.003986835
0.004034996
0.003974915
0.004013777
0.003970385
0.004042149
0.003985167
0.004008293
0.004059553
0.004089117
0.004030943
0.004065514
0.003977537
0.003963470
0.004005194
0.004009247
0.004048347
0.003994226
0.003986835
0.003975630
0.004011393
0.012801409
0.003925562
0.003974199
0.003980637
0.004053831
0.003992796
0.003962517
0.003943205
0.003953934
0.006140709
0.004007578
0.004080534
0.003965855
0.006130457
0.004081964
0.004042625
0.004064798
0.004012585
0.003958702
0.004033804
0.004002333
0.003972054
0.004032135
0.004012108
0.004081964
0.003943205
0.003979921
0.004002094
0.003945827
0.004034996
0.003984451
0.004039288
0.004136801
0.012686491
0.004019499
0.004038811
0.004068851
0.004043341
0.004020452
0.004035473
0.004054070
0.003991127
0.004072666
0.003955841
0.004065514
0.004010439
0.003990889
0.004082441
0.003984213
0.003944159
0.003956318
0.003980398
0.004058599
0.003995419
0.003995180
0.003927946
0.004002094
0.003992796
0.004098892
0.004005909
0.004036427
0.003963947
0.003996849
0.003971338
0.003977776
0.004074812
0.004074574
0.003992319
0.004002571
0.003963709
0.003993034
0.004018784
0.004032850
0.004076004
0.004034042
0.004035950
0.003983259
0.003973246
0.003966808
0.006094933
0.003939390
0.004043579
0.003937721
0.004321098
0.013606548
0.004047632
0.003950834
0.003989935
0.003989220
0.004073381
0.004032135
0.003961325
0.004043341
0.003963470
0.003968239
0.004003286
0.003943920
0.003995895
0.003991365
0.012731791
0.003975153
0.003973484
0.003936052
0.003989697
0.003998280
0.004020452
0.004011631
0.003971815
0.004048586
0.003979921
0.003978252
0.012834072
0.004122019
0.004036903
0.004046917
0.004038095
0.004129648
0.004065275
0.004042149
0.004017591
0.004063845
0.004014730
0.003985882
0.004055262
0.004028559
0.004086018
0.004041195
0.012769222
0.004026175
0.003963470
0.004059076
0.004056931
0.003995895
0.004116774
0.003989458
0.003995419
0.004019976
0.004003048
0.004035234
0.004014254
0.014025927
0.004076004
0.004067183
0.004011393
0.013111591
0.004004002
0.004046440
0.004002810
0.004125834
0.004087448
0.004059315
0.004015207
0.004044533
0.013360262
0.004011154
0.004019499
0.004050255
0.004041910
0.004069328
0.004130125
0.003998995
0.004064560
0.003995895
0.003990889
0.003992081
0.004011393
0.004156113
0.004058599
0.004021645
0.004059792
0.013957024
0.004101992
0.004081964
0.004057646
0.004047632
0.003998756
0.004085064
0.003993034
0.004007816
0.012890100
0.004036427
0.013189554
0.004129648
0.003975391
0.004045010
0.004018307
0.004033089
0.004002810
0.013071775
0.004019499
0.004126072
0.004041433
0.013100624
0.004002810
0.003962994
0.003987789
0.004016399
0.003964424
0.004018307
0.004165411
0.004030466
0.004065514
0.012750626
0.003951550
0.004064560
0.004068613
0.004141092
0.004097462
0.004057646
0.004033089
0.003948450
0.004086256
0.004364729
0.004218340
0.004076958
0.004006147
0.004034758
0.004024267
0.004023314
0.004006863
0.003972769
0.004043579
0.004029036
0.004014969
0.004083872
0.004034996
0.004058123
0.003972769
0.012811184
0.004018068
0.003971577
0.003993988
0.003962755
0.004034996
0.004081249
0.004014492
0.004060030
0.004029751
0.003995895
0.003977537
0.003942251
0.003982306
0.004010439
0.004004002
0.003955841
0.003985643
0.004004717
0.003978491
0.003968477
0.004084110
0.003961086
0.003978252
0.013038635
0.004002094
0.004111528
0.003984451
0.004038095
0.003993750
0.004036188
0.004065752
0.004102945
0.004061937
0.004053831
0.004000187
0.012776375
0.004006624
0.004003048
0.004047394
0.004053831
0.004017830
0.004042149
0.004002810
0.003993750
0.003994703
0.003997326
0.003997803
0.003988028
0.004030466
0.004010916
0.004073381
0.003956318
0.003980637
0.003973484
0.004075527
0.003968000
0.004031658
0.004076481
0.004036903
0.004006147
0.004006863
0.003998995
0.004069090
0.004024029
0.003982544
0.004037857
0.003987312
0.004224539
0.004009724
0.004006386
0.003990412
0.012825966
0.012781382
0.004013538
0.004038095
0.004001617
0.004032612
0.004043102
0.004081488
0.004077673
0.003955841
0.004098654
0.004041672
0.003993273
0.004014254
0.004149437
0.004031897
0.004113436
0.004070759
0.004187346
0.004037380
0.004059553
0.004014254
0.004116535
0.004044771
0.003991842
0.004051208
0.004031658
0.004048586
0.004000425
0.003965855
0.004143238
0.003977299
0.004010677
0.003988981
0.004066706
0.004141569
0.004021645
0.004024267
0.004048347
0.004046202
0.004031897
0.004030704
0.004024029
0.004052639
0.003986597
0.004002094
0.004021168
0.004064083
0.004061222
0.004023552
0.004105091
0.003998280
0.004014015
0.012763262
0.004036903
0.004077435
0.004073381
0.004167557
0.004055738
0.004044056
0.004047632
0.004167557
0.004067421
0.004089355
0.004021883
0.004081011
0.004142523
0.004038572
0.004137754
0.004148245
0.004188061
0.004057407
0.004056692
0.004115343
0.004111528
0.004107714
0.004144192
0.004083633
0.004146814
0.004040241
0.004053116
0.004058838
0.004063845
0.004096031
0.004144192
