0.011483431
0.011387348
0.000997543
0.000883341
0.000964642
0.000979185
0.000859737
0.001010180
0.000913620
0.000982285
0.000878096
0.001002312
0.000994205
0.000814915
0.000990629
0.011451483
0.000966787
0.000979424
0.011027098
0.000958443
0.000960112
0.000884771
0.011671305
0.000753880
0.000910521
0.000911474
0.001013041
0.010893583
0.000995398
0.000856161
0.000981331
0.000865698
0.000843048
0.001003742
0.000881433
0.000990391
0.000855923
0.011599064
0.000974178
0.001007318
0.011045933
0.000922680
0.001030207
0.011495829
0.011429071
0.000970602
0.000915527
0.001014948
0.011363029
0.011301756
0.000963449
0.000865459
0.000900030
0.000971317
0.000910044
0.001094103
0.000916243
0.000822544
0.001081228
0.000986099
0.000758886
0.000998735
0.011468172
0.011771917
0.000872850
0.000833511
0.000910044
0.000967741
0.000930309
0.000966072
0.000858068
0.000821829
0.000955820
0.000862360
0.000972033
0.000929594
0.000971556
0.000819206
0.000973225
0.011322260
0.000897884
0.000917435
0.000791073
0.011476755
0.000925541
0.000834227
0.000951052
0.000910044
0.000816822
0.000835419
0.000910997
0.000730515
0.000842571
0.000927925
0.000800610
0.000989914
0.000797987
0.000846863
0.000875235
0.000863075
0.000715733
0.000819445
0.000809431
0.000865936
0.000598192
0.000753880
0.000810146
0.000808477
0.000823498
0.000859261
0.000875235
0.000795603
0.000831842
0.000631094
0.000836372
0.000854015
0.000852585
0.000827551
0.000809669
0.000877380
0.000821352
0.000762939
0.000775099
0.000902176
0.000810623
0.000805855
0.000871897
0.000811100
0.000820637
0.000883818
0.000799656
0.000924826
0.011604309
0.000808716
0.000791073
0.000792980
0.000811100
0.000809669
0.000728607
0.000818729
0.000787497
0.000790834
0.000781059
0.000771999
0.000840187
0.000861645
0.000791788
0.000768900
0.000759840
0.000875473
0.000780344
0.000722647
0.000774622
0.000771284
0.000860691
0.000770807
0.000795364
0.000798941
0.000787258
0.000809669
0.011290550
0.000807047
0.000792265
0.000864744
0.000771761
0.000771999
0.000807285
0.000807524
0.000802994
0.000780106
0.000809431
0.000831366
0.000874043
0.000856876
0.000815392
0.011266708
0.000823975
0.000848532
0.011285543
0.011146307
0.000766993
0.000874758
0.000798941
0.000819206
0.000798225
0.000877142
0.000806808
0.000808239
0.000641823
0.011072397
0.000772476
0.000755787
0.000796556
0.011249065
0.000762939
0.000759125
0.000758648
0.000786543
0.000746489
0.000745773
0.000740767
0.000790596
0.000798464
0.000765800
0.000767946
0.000732183
0.000737429
0.000761032
0.000742674
0.000738621
0.000744820
0.000743389
0.000737190
0.000735044
0.000752687
0.000743151
0.001020670
0.000741959
0.000736952
0.000737667
0.000728607
0.000770330
0.000769138
0.000801325
0.000737667
0.000810385
0.000729561
0.000738621
0.000778437
0.000615120
0.000777960
0.000765085
0.000772715
0.000625372
0.000782728
0.000759840
0.000766277
0.000771046
0.011257410
0.000761747
0.000772715
0.000764608
0.000614166
0.000775576
0.000783443
0.000778437
0.000766993
0.000782728
0.000762224
0.000808716
0.000768185
0.000607967
0.000746012
0.000729561
0.000735283
0.000767946
0.000789404
0.000821590
0.000756502
0.000766277
0.000805616
0.000780106
0.000776768
0.000743866
0.000770092
0.000763655
0.000760794
0.000767708
0.000610352
0.000766993
0.011361361
0.000774145
0.011695623
0.000768900
0.000770807
0.000761032
0.000768423
0.000764608
0.000761747
0.000732899
0.000750303
0.000743866
0.000768661
0.000761509
0.000769138
0.000748396
0.000753641
0.000787497
0.000777006
0.000755310
0.011563540
0.000765085
0.000773668
0.000761032
0.000758171
0.000765562
0.000769377
0.000758410
0.000761271
0.010968685
0.000806332
0.000773668
0.000770569
0.000788927
0.000777006
0.000766754
0.000744581
0.000739574
0.011594534
0.000769138
0.000772953
0.000781059
0.011452913
0.000759602
0.000756025
0.000763655
0.000774145
0.000585556
0.000766277
0.000761747
0.000769377
0.000782490
0.000762463
0.000838280
0.000796318
0.000762939
0.000781775
0.000781059
0.000755072
0.000767469
0.000801563
0.011289358
0.000770092
0.000740767
0.000735998
0.000736237
0.000743866
0.000775814
0.000782251
0.000781775
0.000781536
0.000776291
0.000757694
0.000618935
0.000763178
0.000762463
0.000778675
0.000757933
0.011224508
0.000769854
0.000764132
0.000789642
0.000808716
0.000761032
0.000755310
0.000762701
0.000761747
0.000770569
0.000769615
0.000761271
0.000768185
0.000806093
0.000747204
0.000737667
0.000764370
0.000778437
0.000787973
0.000792265
0.000765562
0.000766754
0.000783682
0.000766277
0.000760794
0.000765324
0.000763178
0.000754356
0.000758410
0.000763655
0.000770807
0.011342525
0.000760078
0.000802279
0.000761032
0.000756264
0.000752449
0.000754356
0.000755548
0.000741005
0.000751495
0.000733614
0.000735760
0.000789404
0.000786781
0.000774145
0.000770569
0.000776768
0.000783205
0.000780344
0.000789642
0.000755548
0.000763893
0.000772953
0.000768185
0.000761271
0.000781059
0.000763416
0.000759840
0.000772715
0.000761032
0.000766516
0.000769377
0.000756502
0.000763416
0.000761509
0.000764132
0.000739098
0.000733614
0.000802517
0.000762939
0.000762939
0.000787973
0.000772715
0.000764132
0.000792742
0.000775099
0.000790596
0.000765562
0.000773430
0.000774384
0.000761271
0.000771999
0.000800610
0.000785351
0.000762463
0.011278629
0.000802040
0.000767708
0.000760078
0.000776291
0.000764608
0.000772953
0.000760794
0.000734806
0.000735283
0.000743389
0.000735998
0.000771523
0.000784636
0.000776768
0.000777960
0.000772953
0.000805378
0.000768423
0.000599623
0.000772953
0.000780344
0.000769615
0.000767231
0.000782013
0.000765324
0.000760794
0.000762224
0.000634193
0.000767469
0.000758410
0.000754833
0.011266232
0.000758171
0.000762463
0.000741005
0.000725508
0.000729799
0.000742674
0.000761509
0.000769615
0.000777245
0.000766993
0.000760555
0.000768661
0.000798464
0.000779152
0.000769138
0.000791550
0.000777483
0.000754595
0.000760317
0.000736475
0.000778675
0.000857353
0.000925541
0.000764370
0.000771761
0.000775099
0.000736713
0.000764847
0.000777721
0.000766754
0.000812292
0.000740767
0.000811100
0.000753641
0.000802994
0.000772953
0.000760078
0.000758410
0.000788450
0.000777721
0.000763178
0.000756502
0.000754833
0.000773668
0.000779152
0.000749350
0.000658035
0.000763416
0.000764370
0.000763893
0.000705719
0.011288881
0.000758410
0.000801325
0.000766039
0.000662088
0.000752211
0.000787735
0.000779152
0.000745773
0.011316776
0.000771761
0.000750780
0.000760317
0.000616074
0.000771761
0.000723839
0.000757217
0.000774145
0.000760794
0.000746727
0.000765324
0.000775576
0.000698805
0.000779629
0.000763893
0.000746250
0.011299610
0.000763178
0.000752211
0.000815153
0.000760555
0.000653267
0.000767469
0.000761271
0.000816584
0.000621319
0.000762701
0.000771761
0.000767946
0.000763178
0.011367798
0.000773907
0.000786066
0.000734329
0.000735998
0.000730276
0.000755548
0.000739574
0.000741959
0.000752687
0.000746727
0.000704765
0.000751019
0.000750542
0.000745058
0.000715256
0.000748396
0.000729322
0.000741720
0.000753641
0.000777960
0.000776291
0.000776529
0.000792503
0.000767231
0.000737190
0.000765562
0.000757933
0.000763178
0.000764370
0.000742674
0.000762939
0.000766993
0.000772476
0.000691652
0.000738144
0.000770807
0.000767708
0.000764132
0.000774860
0.000766516
0.000752926
0.000759840
0.000779390
0.000749588
0.000714540
0.000747681
0.000770330
0.000759602
0.000775814
0.000760078
0.000765800
0.000807762
0.000781775
0.000763655
0.000766754
0.000771761
0.000765800
0.000767946
0.000759363
0.000774622
0.000808239
0.000776052
0.000778675
0.000772476
0.000742435
0.000799179
0.000758171
0.000763416
0.000802517
0.000754595
0.000738144
0.000737667
0.000679970
0.000721693
0.000742435
0.000773668
0.000762939
0.000627279
0.000784874
0.000807047
0.000771046
0.000788450
0.000776052
0.000766277
0.000741482
0.000763178
0.000743389
0.000765562
0.011277199
0.000721693
0.000722885
0.000773668
0.011170864
0.000771523
0.000777483
0.000816107
0.000876665
0.000758648
0.000734806
0.000743628
0.000777721
0.000779629
0.000787735
0.000768661
0.000736952
0.000768185
0.000769377
0.000769138
0.000763416
0.000774384
0.000767946
0.000765800
0.000764847
0.000756741
0.000830412
0.000767946
0.000769615
0.000758886
0.000765085
0.000758886
0.000773668
0.000741482
0.000777006
0.000771046
0.000714064
0.000765324
0.000730276
0.000740767
0.000761747
0.000766039
0.000767231
0.000779867
0.000775337
0.000806570
0.000742435
0.000759125
0.000804186
0.000805855
0.000811100
0.000772953
0.000759602
0.000742912
0.000826836
0.000801086
0.000766993
0.000772715
0.000818491
0.000769138
0.000785828
0.000743151
0.000757933
0.000741482
0.000743151
0.000730276
0.000717878
0.000774145
0.000777006
0.000774384
0.000766516
0.000819206
0.000753164
0.000783682
0.000759125
0.000762463
0.000746012
0.000767708
0.000761032
0.000770330
0.000812054
0.000762939
0.000765562
0.000808477
0.000768185
0.000762463
0.000745058
0.000769615
0.011288404
0.000773430
0.000741243
0.000723600
0.000764608
0.000744581
0.000761271
0.000786543
0.000754356
0.000765324
0.000769138
0.000761986
0.000767708
0.000775337
0.000801086
0.000804424
0.000771999
0.000752449
0.000752211
0.000813723
0.000762463
0.000815153
0.000776529
0.000765800
0.000771523
0.000822306
0.000761986
0.000820160
0.000735283
0.000772476
0.000782251
0.000806093
0.000742435
0.000713587
0.000776768
0.000783443
0.000764132
0.000767946
0.000740528
0.000821829
0.000780821
0.000754356
0.000805616
0.000767469
0.000759602
0.000762463
0.000798464
0.000770330
0.011188030
0.000776291
0.000763655
0.000766277
0.000769377
0.000764847
0.000761747
0.000746012
0.000754118
0.000867844
0.000749588
0.000741243
0.000758410
0.000872135
0.000776768
0.000776291
0.000764608
0.000795126
0.000780344
0.000771761
0.000759363
0.000767946
0.000754833
0.000765085
0.000771523
0.000819921
0.000761271
0.000789165
0.000763178
0.000766039
0.000610352
0.000777245
0.000776052
0.000752211
0.000773191
0.000783205
0.000759602
0.000805140
0.000767708
0.000792265
0.000771284
0.000835896
0.000768423
0.000769615
0.000773430
0.000771523
0.000772715
0.000768185
0.001482010
0.000756741
0.000756741
0.000764847
0.000761509
0.000756741
0.000767231
0.000761032
0.000782967
0.001080275
0.000764370
0.000763416
0.000758886
0.000760078
0.000768900
0.000765800
0.000732899
0.000741005
0.000740290
0.000778675
0.000768661
0.001070976
0.000760317
0.000761747
0.000770807
0.000781059
0.000775576
0.000754118
0.000764608
0.000775099
0.000774384
0.000769854
0.000777245
0.000763178
0.010987759
0.000765800
0.000765562
0.000764370
0.000769138
0.001093626
0.000767708
0.000629187
0.000761986
0.001061201
0.000741243
0.000738144
0.000732899
0.000779867
0.000816584
0.000772715
0.000755548
0.000743866
0.001047373
0.011245489
0.000763416
0.000794888
0.000953913
0.000766516
0.000750065
0.000777721
0.000754118
0.011191845
0.000766277
0.000767946
0.000756264
0.001192331
0.000777960
0.000812054
0.000766754
0.000766039
0.011017799
0.000744820
0.000814915
0.000732660
0.000581980
0.000689983
0.000774860
0.000767708
0.000815153
0.000757933
0.000774384
0.000756979
0.000759125
0.001050949
0.000774860
0.000766516
0.000759602
0.000772715
0.000767231
0.000778198
0.000813484
0.000769138
0.000765085
0.000768185
0.000758886
0.000843525
0.000776529
0.000755072
0.000746727
0.000751019
0.000789642
0.000769615
0.000761271
0.000766993
0.000763178
0.000766516
0.000785828
0.000783205
0.000765800
0.000625610
0.000759363
0.011347055
0.000659466
0.000613689
0.000756979
0.011293650
0.000763178
0.000628948
0.000767708
0.000757933
0.000777006
0.000767469
0.011130571
0.000777960
0.000759602
0.000751257
0.000766754
0.000748158
0.000760317
0.000777006
0.000776768
0.000624418
0.000763893
0.000760078
0.000768423
0.000584364
0.000807285
0.000769854
0.000758648
0.000770807
0.000764847
0.000763178
0.000773668
0.011304855
0.000763416
0.000760555
0.011225939
0.000772238
0.000748873
0.000782728
0.000840187
0.000789642
0.000738382
0.000612974
0.000734806
0.000735998
0.000767708
0.000588894
0.000771761
0.000773668
0.000761747
0.000785828
0.000763893
0.000758171
0.000768900
0.000770330
0.000657558
0.000759363
