0.000478983
0.000361204
0.000438452
0.000360489
0.000353813
0.000390768
0.000358820
0.000378132
0.000359774
0.000396013
0.000308990
0.000432491
0.000386477
0.000359058
0.000391245
0.000362396
0.000382423
0.000428915
0.000365973
0.000360489
0.000425816
0.000374556
0.000361919
0.000358820
0.000362158
0.000451326
0.000360012
0.000368118
0.000430822
0.000383377
0.000356674
0.000382662
0.000363827
0.000421524
0.000357866
0.000424147
0.000358105
0.000351429
0.000403643
0.000359297
0.000360966
0.000415087
0.000357866
0.000387430
0.000362158
0.000415087
0.000366926
0.000359774
0.000435352
0.000358105
0.000389099
0.000356436
0.000364065
0.000430346
0.000328302
0.000356436
0.000426531
0.000357389
0.000303507
0.000454426
0.000366688
0.000275612
0.000322580
0.000400305
0.000365973
0.000381470
0.000332832
0.000359774
0.000386715
0.000323772
0.000304699
0.000393152
0.000351429
0.000362396
0.000330687
0.000366688
0.000422239
0.000361443
0.000334740
0.000397205
0.000438213
0.000393867
0.000334978
0.000379086
0.000328779
0.000449896
0.000369072
0.000331163
0.000435829
0.000365019
0.000346661
0.000399113
0.000367403
0.000370979
0.000388145
0.000364065
0.000370502
0.000328541
0.000598431
0.000366211
0.000333786
0.000324965
0.000356913
0.000362396
0.000360489
0.000335932
0.000327349
0.000654936
0.000375748
0.000339031
0.000356674
0.000322580
0.000386000
0.000322342
0.000376940
0.000360489
0.000329256
0.000384331
0.000364065
0.000396252
0.000354290
0.000366926
0.000389338
0.000355005
0.000385046
0.000307083
0.000365973
0.000354052
0.000375509
0.000318527
0.000353575
0.000350237
0.000384569
0.000349522
0.000375032
0.000353098
0.000387907
0.000350475
0.000350952
0.000377178
0.000353813
0.000316620
0.000352383
0.000317097
0.000388145
0.000350952
0.000377655
0.000351429
0.000353813
0.000380993
0.000356674
0.000372171
0.000354052
0.000353098
0.000379562
0.000355721
0.000360250
0.000351906
0.000375509
0.000355005
0.000376940
0.000352621
0.000351667
0.000371933
0.000352621
0.000383854
0.000349760
0.000365734
0.000354052
0.000357151
0.000377893
0.000348568
0.000381708
0.000350952
0.000349760
0.000349998
0.000351429
0.000378132
0.000353813
0.000294209
0.000356674
0.000357389
0.000369549
0.000327826
0.000368357
0.000380278
0.000354290
0.000384092
0.000363827
0.000326395
0.000355244
0.000356674
0.000367403
0.000355482
0.000357866
0.000356197
0.000353098
0.000379086
0.000357866
0.000367880
0.000377178
0.000354528
0.000352144
0.000326872
0.000366211
0.000295639
0.000379801
0.000352144
0.000363588
0.000355005
0.000353098
0.000362158
0.000355482
0.000373125
0.000350952
0.000360966
0.000365019
0.000358820
0.000372648
0.000353575
0.000353575
0.000357389
0.000353813
0.000380039
0.000353575
0.000382423
0.000354290
0.000355244
0.000371933
0.000353813
0.000366926
0.000353813
0.000357389
0.000377655
0.000355244
0.000325441
0.000352144
0.000354528
0.000381470
0.000360250
0.000349998
0.000357389
0.000354052
0.000380516
0.000352144
0.000356674
0.000362396
0.000352144
0.000326872
0.000351191
0.000367403
0.000358105
0.000357151
0.000366449
0.000354290
0.000373840
0.000355005
0.000373125
0.000356197
0.000378370
0.000354290
0.000354767
0.000371456
0.000352621
0.000335217
0.000354052
0.000377178
0.000355244
0.000355482
0.000380993
0.000354528
0.000363588
0.000354290
0.000354290
0.000380278
0.000356674
0.000385284
0.000351906
0.000364780
0.000353575
0.000324011
0.000376701
0.000352859
0.000379801
0.000360012
0.000357628
0.000355721
0.000355005
0.000382185
0.000355005
0.000364542
0.000377417
0.000360727
0.000353813
0.000385284
0.000377893
0.000369072
0.000354528
0.000352144
0.000352144
0.000355482
0.000358582
0.000357389
0.000355005
0.000358820
0.000354290
0.000356436
0.000325918
0.000356436
0.000352144
0.000353336
0.000355005
0.000352621
0.000355482
0.000385046
0.000368357
0.000367641
0.000320435
0.000375271
0.000380039
0.000357151
0.000356674
0.000380516
0.000364542
0.000376940
0.000350714
0.000354290
0.000353336
0.000356436
0.000350952
0.000352859
0.000353813
0.000355721
0.000355482
0.000354767
0.000351429
0.000351906
0.000349760
0.000362158
0.000349283
0.000351906
0.000353098
0.000376701
0.000361443
0.000323296
0.000377893
0.000378847
0.000360727
0.000374794
0.000376940
0.000378132
0.000382662
0.000353336
0.000350952
0.000352383
0.000362158
0.000329733
0.000354767
0.000353098
0.000355482
0.000355959
0.000350475
0.000353813
0.000354290
0.000355244
0.000352383
0.000353098
0.000351429
0.000351191
0.000358820
0.000358820
0.000362396
0.000377893
0.000378370
0.000336170
0.000371695
0.000383377
0.000379801
0.000358582
0.000375986
0.000347376
0.000350714
0.000353098
0.000352383
0.000352383
0.000350952
0.000361681
0.000349998
0.000343084
0.000331402
0.000330925
0.000354528
0.000358820
0.000328064
0.000355959
0.000323772
0.000381231
0.000349998
0.000335932
0.000346422
0.000377893
0.000382900
0.000381708
0.000350237
0.000385046
0.000364542
0.000378609
0.000324011
0.000321150
0.000354528
0.000355005
0.000319958
0.000325203
0.000322580
0.000363111
0.000355482
0.000357866
0.000355482
0.000354290
0.000354052
0.000326157
0.000354528
0.000350714
0.000384092
0.000372171
0.000365257
0.000563145
0.000381470
0.000389338
0.000357866
0.000381231
0.000377178
0.000372887
0.000386000
0.000358105
0.000577927
0.000361919
0.000356197
0.000354767
0.000542879
0.000325203
0.000323057
0.000359058
0.000326633
0.000498772
0.000363350
0.000324488
0.000322819
0.000357628
0.000323772
0.000325441
0.000384569
0.000349998
0.000362396
0.000382185
0.000381947
0.000547409
0.000360727
0.000345945
0.000345707
0.000380993
0.000351906
0.000356674
0.000326872
0.000355959
0.000356197
0.000328064
0.000357866
0.000320911
0.000353813
0.000324726
0.000359297
0.000356197
0.000325918
0.000358820
0.000355244
0.000322580
0.000324249
0.000383139
0.000357628
0.000336170
0.000346899
0.000349522
0.000369310
0.000387669
0.000346661
0.000381470
0.000351906
0.000350714
0.000322819
0.000327826
0.000358582
0.000356197
0.000356197
0.000356913
0.000353575
0.000366688
0.000321627
0.000354767
0.000355721
0.000354767
0.000355721
0.000351906
0.000355244
0.000354528
0.000354528
0.000365257
0.000358343
0.000376701
0.000376940
0.000383139
0.000378609
0.000378370
0.000458002
0.000369072
0.000379562
0.000322580
0.000352383
0.000321865
0.000353098
0.000325203
0.000351429
0.000611544
0.000352859
0.000360250
0.000321865
0.000523806
0.000322104
0.000320911
0.000321865
0.000328779
0.000353098
0.000319958
0.000351906
0.000360012
0.000610828
0.000320673
0.000323534
0.000367165
0.000375271
0.000319004
0.000331640
0.000361204
0.000351667
0.000522614
0.000293970
0.000291348
0.000298262
0.000519037
0.000296116
0.000294447
0.000294924
0.000356197
0.000293016
0.000352859
0.000350952
0.000293016
0.000758171
0.000348806
0.000357389
0.000307798
0.000365257
0.000361443
0.000377417
0.000323772
0.000307083
0.000533342
0.000316381
0.000374317
0.000320435
0.000349998
0.000351429
0.000357389
0.000356674
0.000309706
0.000597000
0.000351906
0.000295639
0.000349045
0.000513315
0.000294924
0.000293016
0.000354052
0.000308514
0.000340223
0.000354052
0.000358582
0.000375032
0.000300407
0.000355005
0.000319719
0.000319958
0.000310659
0.000375271
0.000377178
0.000378609
0.000298500
0.000449181
0.000352859
0.000350952
0.000294209
0.000348330
0.000350475
0.000355005
0.000291109
0.000295401
0.000293493
0.000352383
0.000354290
0.000352859
0.000290155
0.000350952
0.000346422
0.000357389
0.000293016
0.000320435
0.000357628
0.000375986
0.000381947
0.000371456
0.000299931
0.000324726
0.000373840
0.000304222
0.000363827
0.000358820
0.000374556
0.000295162
0.000387907
0.000353575
0.000354052
0.000303745
0.000476122
0.000351667
0.000354052
0.000350952
0.000353336
0.000293255
0.000349760
0.000351429
0.000352859
0.000440598
0.000368834
0.000358582
0.000322342
0.000383377
0.000378847
0.000379086
0.000377178
0.000383139
0.000467300
0.000377178
0.000299215
0.000294685
0.000296354
0.000354290
0.000352621
0.000299215
0.000297070
0.000351667
0.000351667
0.000293493
0.000354767
0.000349283
0.000351191
0.000296831
0.000295877
0.000292778
0.000351429
0.000293970
0.000359058
0.000318527
0.000380039
0.000380039
0.000324011
0.000379562
0.000318050
0.000376940
0.000312328
0.000373125
0.000383854
0.000353098
0.000357151
0.000352621
0.000360250
0.000353098
0.000351667
0.000354290
0.000355721
0.000312328
0.000356436
0.000354528
0.000351191
0.000355005
0.000356674
0.000357866
0.000382900
0.000365019
0.000385523
0.000375509
0.000322342
0.000320196
0.000378609
0.000380754
0.000380754
0.000300884
0.000322580
0.000300169
0.000352859
0.000295877
0.000293970
0.000354052
0.000355005
0.000352859
0.000355959
0.000356913
0.000353336
0.000354528
0.000356197
0.000353575
0.000354767
0.000354052
0.000357866
0.000381947
0.000300407
0.000366688
0.000362873
0.000344992
0.000383854
0.000378370
0.000468016
0.000378370
0.000366926
0.000384331
0.000590801
0.000351667
0.000296116
0.000297785
0.000294209
0.000292778
0.000357628
0.000345945
0.000353336
0.000352621
0.000352383
0.000349760
0.000294685
0.000295401
0.000352383
0.000349283
0.000295401
0.000355482
0.000352859
0.000304699
0.000303745
0.000364304
0.000353098
0.000301838
0.000362873
0.000297546
0.000302315
0.000356674
0.000355721
0.000319004
0.000321150
0.000378370
0.000322580
0.000325203
0.000376225
0.000300407
0.000372410
0.000352383
0.000291824
0.000293016
0.000351667
0.000354052
0.000357389
0.000289679
0.000294447
0.000350952
0.000357866
0.000350714
0.000349522
0.000355005
0.000355244
0.000298977
0.000292778
0.000354290
0.000350237
0.000350475
0.000353813
0.000295877
0.000355959
0.000295162
0.000293732
0.000292778
0.000349522
0.000294209
0.000354528
0.000295162
0.000291109
0.000374794
0.000323534
0.000319242
0.000291586
0.000382185
0.000303984
0.000319242
0.000316143
0.000310898
0.000318766
0.000353336
0.000288725
0.000293732
0.000354528
0.000351667
0.000352621
0.000295401
0.000351906
0.000355482
0.000297070
0.000353575
0.000246763
0.000354528
0.000347376
0.000292301
0.000298738
0.000356674
0.000298500
0.000305414
0.000358105
0.000317335
0.000385761
0.000309706
0.000319242
0.000324726
0.000376225
0.000372887
0.000313520
0.000293732
0.000293255
0.000352621
0.000351191
0.000351667
0.000293493
0.000351191
0.000293493
0.000296354
0.000350952
0.000349998
0.000356197
0.000353575
0.000351191
0.000555277
0.000351667
0.000376940
0.000354290
0.000358105
0.000319958
0.000319004
0.000375032
0.000382662
0.000379324
0.000378370
0.000310659
0.000271559
0.000356197
0.000293493
0.000293970
0.000351191
0.000354528
0.000354528
0.000318766
0.000347614
0.000316381
0.000350237
0.000315189
0.000318766
0.000314474
0.000351191
0.000347614
0.000349522
0.000317097
0.000559807
0.000352621
0.000351667
0.000341177
0.000338793
0.000370502
0.000374079
0.000375032
0.000293493
0.000369072
0.000351429
0.000349998
0.000356436
0.000345945
0.000350475
0.000318050
0.000314713
0.000317335
0.000534534
0.000343800
0.000344992
0.000347853
0.000610590
0.000278234
0.000315189
0.000315428
0.000315666
0.000317097
0.000353813
0.000354052
0.000344038
0.000524282
0.000342846
0.000321388
0.000318766
0.000379324
0.000376463
0.000352144
0.000297546
0.000296593
0.000340939
0.000354290
0.000354528
0.000296593
0.000358343
0.000355482
0.000299692
0.000310898
0.000352144
0.000350475
0.000351429
0.000357628
0.000351667
0.000357389
0.000377178
0.000323772
0.000323772
0.000306845
0.000497818
0.000365257
0.000375748
0.000322104
0.000323772
0.000365973
0.000333071
0.000354052
0.000304937
0.000356913
0.000355482
0.000296593
0.000295639
0.000507116
0.000351667
0.000351191
0.000297308
0.000349998
0.000351667
0.000358820
0.000300407
0.000355005
0.000293732
0.000354290
0.000295401
0.000327349
0.000375032
0.000380278
0.000320911
0.000324249
0.000324249
0.000378609
0.000364542
0.000381231
0.000318050
0.000354290
0.000293970
0.000297070
0.000294685
0.000303745
0.000355482
0.000295877
0.000297785
0.000294447
0.000351906
0.000354290
0.000350714
0.000299692
0.000354052
0.000293732
0.000299215
0.000367403
0.000296593
0.000376940
0.000321865
0.000325203
0.000379801
0.000370741
