0.000146627
0.000151157
0.000091553
0.000081539
0.000082731
0.000087500
0.000080585
0.000083923
0.000177383
0.000095606
0.000081062
0.000090599
0.000078917
0.000078440
0.000086546
0.000083447
0.000087261
0.000092506
0.000082016
0.000078917
0.000078440
0.000077963
0.000080347
0.000087261
0.000082493
0.000079155
0.000082254
0.000078917
0.000080824
0.000090122
0.000077963
0.000077486
0.000078917
0.000078201
0.000080585
0.000092030
0.000078917
0.000077963
0.000077963
0.000079393
0.000078440
0.000084639
0.000078678
0.000077009
0.000081301
0.000082016
0.000087500
0.000089407
0.000080824
0.000077963
0.000077963
0.000077724
0.000081778
0.000084877
0.000085354
0.000078201
0.000082016
0.000079155
0.000080824
0.000097513
0.000079632
0.000078678
0.000077724
0.000081301
0.000079393
0.000077724
0.000078440
0.000077486
0.000105858
0.000080347
0.000077963
0.000078678
0.000077963
0.000077486
0.000079632
0.000083923
0.000084400
0.000078201
0.000079632
0.000079155
0.000078440
0.000078201
0.000081062
0.000081062
0.000085592
0.000077248
0.000081778
0.000078440
0.000082731
0.000077963
0.000077248
0.000078917
0.000078917
0.000083685
0.000084877
0.000077248
0.000077724
0.000078917
0.000079870
0.000080109
0.000129938
0.000078678
0.000077724
0.000077009
0.000079155
0.000081539
0.000105381
0.000166893
0.000085831
0.000078201
0.000078917
0.000077248
0.000084162
0.000078201
0.000080109
0.000078201
0.000081062
0.000079155
0.000077963
0.000078917
0.000077009
0.000078201
0.000077486
0.000077724
0.000079870
0.000077486
0.000078440
0.000077486
0.000111580
0.000097752
0.000077963
0.000077486
0.000079393
0.000077963
0.000080109
0.000087023
0.000077963
0.000102043
0.000080109
0.000078440
0.000082731
0.000082731
0.000080109
0.000078201
0.000084400
0.000078440
0.000081301
0.000083208
0.000077963
0.000077486
0.000077486
0.000077963
0.000077486
0.000077009
0.000078678
0.000077248
0.000077486
0.000077248
0.000077724
0.000078201
0.000077486
0.000077486
0.000077486
0.000080347
0.000078917
0.000081539
0.000078440
0.000077963
0.000086546
0.000081778
0.000077248
0.000077486
0.000080109
0.000078201
0.000079870
0.000078440
0.000080824
0.000077486
0.000078917
0.000078201
0.000078678
0.000077724
0.000077248
0.000078201
0.000079155
0.000077724
0.000076771
0.000077724
0.000077963
0.000077724
0.000078201
0.000076771
0.000077963
0.000077248
0.000079155
0.000081301
0.000079155
0.000106812
0.000082970
0.000080347
0.000077963
0.000077009
0.000079393
0.000077248
0.000078678
0.000083208
0.000080585
0.000077724
0.000077963
0.000077486
0.000083208
0.000077009
0.000077486
0.000077009
0.000082970
0.000082970
0.000077009
0.000078917
0.000077248
0.000077486
0.000077248
0.000077486
0.000077009
0.000076771
0.000082016
0.000081539
0.000079155
0.000171661
0.000100374
0.000077486
0.000077009
0.000082016
0.000079155
0.000077486
0.000078917
0.000077963
0.000080824
0.000077248
0.000077486
0.000478029
