0.041465759
0.000089169
0.000077009
0.000074387
0.000079393
0.000075340
0.000069141
0.000067949
0.000068903
0.000077009
0.000073910
0.000067711
0.000073910
0.000071764
0.000067234
0.000068188
0.000073671
0.000068426
0.000090837
0.000070810
0.000066757
0.000066996
0.000073433
0.000067949
0.000071526
0.000153542
0.000079870
0.000068665
0.000074863
0.000068188
0.000066996
0.000068665
0.000069141
0.000066996
0.000080585
0.000069380
0.000189781
0.000080347
0.000068188
0.000069141
0.000095606
0.000067949
0.000068188
0.000066996
0.000067234
0.000067234
0.000072479
0.000108480
0.000071764
0.000079155
0.000067472
0.000066996
0.000080585
0.000068665
0.000072479
0.000068665
0.000156641
0.000129700
0.000142574
0.000150919
0.000154495
0.000142813
0.000080109
0.000068188
0.000084639
0.000072002
0.000080347
0.000074148
0.000067949
0.000067711
0.000072002
0.000068188
0.000068426
0.000067949
0.000072241
0.000068426
0.000075340
0.000068903
0.000067472
0.000078440
0.000068188
0.000067472
0.000074387
0.000068665
0.000071526
0.000068188
0.000067711
0.000072718
0.000074148
0.000068665
0.000067711
0.000068903
0.000068903
0.000067949
0.000083447
0.000068665
0.000096560
0.000076771
0.000070810
0.000075340
0.000094414
0.000073433
0.000073433
0.000071049
0.000070810
0.000071287
0.000071764
0.000096083
0.000073195
0.000081778
0.000073433
0.000071526
0.000072956
0.000071764
0.000077486
0.000072479
0.000074625
0.000072479
0.000071526
0.000070810
0.000072956
0.000074863
0.000074148
0.000072002
0.000075102
0.000071764
0.000077009
0.000071764
0.000071049
0.000071049
0.000108480
0.000082254
0.000077724
0.000073910
0.000073433
0.000072479
0.000072718
0.000071764
0.000072956
0.000071526
0.000081062
0.000072718
0.000072956
0.000070810
0.000075817
0.000186920
0.000106096
0.000078678
0.000071764
0.000082254
0.000071526
0.000082493
0.000073910
0.000071049
0.000075579
0.000072479
0.000166893
0.000078440
0.000072479
0.000072956
0.000071764
0.000071287
0.000072956
0.000071287
0.000070810
0.000071287
0.000077009
0.000088692
0.000072479
0.000083208
0.000230789
0.000088930
0.000082731
0.000080347
0.000081778
0.000075817
0.000079632
0.000073910
0.000072718
0.000077009
0.000070810
0.000116348
0.000089169
0.000077963
0.000076056
0.000073671
0.000090837
0.000077963
0.000075340
0.000077724
0.000072956
0.000103474
0.000086784
0.000080585
0.000077248
0.000077724
0.000081539
0.000082493
0.000087500
0.000076771
0.000123024
0.000099421
0.000091314
0.000079870
0.000083447
0.000079155
0.000078678
0.000077486
0.000077486
0.000077486
0.000077009
0.000080109
0.000078440
0.000077486
0.000081062
0.000078440
0.000078440
0.000077724
0.000077486
0.000076771
0.000076532
0.000081301
0.000083923
0.000076532
0.000076532
0.000077248
0.000076532
0.000180721
0.000123024
0.000079632
0.000077248
0.000088930
0.000081062
0.000077248
0.000082731
0.000077009
0.000080109
0.000077724
0.000076771
0.000452042
