0.031400204
0.031082392
0.031061649
0.031049728
0.031133890
0.031033993
0.030993700
0.031030655
0.030977726
0.030999899
0.031087399
0.031079054
0.031035185
0.030965328
0.031035900
0.030961990
0.031023502
0.030983210
0.031056643
0.031034231
0.031032562
0.031008244
0.030985832
0.031037092
0.030982018
0.031023741
0.030983925
0.031047106
0.031108379
0.030974865
0.030957699
0.031076670
0.031036615
0.031101465
0.031077147
0.030980825
0.031100035
0.030967712
0.031027794
0.030963659
0.031122446
0.031066895
0.030984879
0.030994654
0.030971766
0.031062365
0.031017780
0.031070709
0.031023502
0.031020403
0.031007290
0.031033754
0.031067371
0.030967236
0.031037569
0.031026602
0.031021595
0.030962706
0.031072855
0.031006098
0.031046152
0.030956030
0.031056881
0.030970812
0.030975580
0.030984640
0.031094551
0.031004906
0.031034708
0.030981302
0.031038761
0.031276703
0.031046152
0.031049490
0.030986786
0.031034708
0.030989647
0.031033278
0.031048536
0.030995607
0.031041145
0.031013727
0.030979156
0.030958652
0.031029224
0.031040668
0.031019449
0.030970097
0.031043291
0.030981064
0.030962467
0.031098843
0.030989170
0.031108618
0.031019926
0.031033516
0.031023502
0.030969620
0.031043768
0.030964375
0.031070709
0.030949831
0.030928135
0.030959606
0.030921936
0.030919075
0.030942202
0.030930281
0.030923128
0.030955791
0.030930519
0.030933142
0.030925274
0.030953884
0.030918360
0.030938864
0.030962229
0.030936003
0.030915499
0.030975580
0.030914068
0.030926704
0.030953646
0.030935287
0.030920506
0.030982018
0.030920506
0.030976534
0.030988932
0.030938864
0.030945063
0.030961990
0.030931473
0.030935049
0.030939341
0.030955315
0.030964136
0.030939817
0.030924559
0.030917406
0.030950785
0.030973911
0.030946732
0.031055927
0.030939579
0.030929804
0.030946493
0.030930758
0.030950308
0.030958414
0.020754099
0.030946016
0.031003714
0.030949354
0.030920029
0.030958176
0.030960560
0.030946493
0.030950785
0.031025410
0.030930042
0.030972004
0.030933142
0.030924559
0.030909538
0.030979156
0.030945778
0.030937910
0.030942678
0.030927896
0.030937195
0.030959606
0.030927896
0.030928612
0.030940533
0.030925512
0.030914307
0.030935526
0.030924082
0.030910492
0.030930281
0.030968189
0.030938387
0.030956984
0.030952215
0.030934334
0.030911446
0.031015873
0.030942678
0.030938864
0.030968904
0.031040907
0.030949354
0.030946732
0.030937195
0.030920029
0.030934811
0.030925989
0.020777464
0.030934811
0.030925035
0.030938625
0.030955791
0.030953169
0.030934572
0.030957222
0.030924320
0.030933380
0.030930042
0.030923367
0.030910015
0.030946016
0.031011105
0.030922890
0.030980825
0.030917406
0.030911446
0.031030893
0.030924797
0.030941963
0.030938625
0.030940294
0.030930758
0.030952930
0.030922413
0.030915976
0.030945778
0.030928850
0.030910254
0.030918837
0.030931950
0.030946255
0.030923605
0.030948639
0.030908585
0.030919075
0.030955553
0.030935526
0.030930758
0.031434298
