0.000150919
0.000135183
0.000102758
0.000082970
0.000082970
0.000079632
0.000105619
0.000087500
0.000083208
0.000081539
0.000087023
0.000079393
0.000104666
0.000084877
0.000083447
0.000085354
0.000080585
0.000086784
0.000137568
0.000089645
0.000081539
0.000081301
0.000082254
0.000084162
0.000109196
0.000097513
0.000086308
0.000081301
0.000080347
0.000079632
0.000100851
0.000085354
0.000081301
0.000080585
0.000081539
0.000079632
0.000100136
0.000084162
0.000082016
0.000081062
0.000080585
0.000079632
0.000100851
0.000083208
0.000082731
0.000085354
0.000080824
0.000079632
0.000139236
0.000098705
0.000091076
0.000089645
0.000090599
0.000088930
0.000114679
0.000092506
0.000094891
0.000092506
0.000089645
0.000095367
0.000098228
0.000090837
0.000088692
0.000087738
0.000091076
0.000087023
0.000096560
0.000088215
0.000097036
0.000089407
0.000087976
0.000086546
0.000111818
0.000087738
0.000092030
0.000092268
0.000088692
0.000088215
0.000095844
0.000112295
0.000099182
0.000088453
0.000089884
0.000088215
0.000096321
0.000094652
0.000093699
0.000088453
0.000096560
0.000093460
0.000095606
0.000093699
0.000087738
0.000086546
0.000088692
0.000087500
0.000095844
0.000098467
0.000086784
0.000088215
0.000092268
0.000087976
0.000093699
0.000094175
0.000088930
0.000091791
0.000087738
0.000087261
0.000097036
0.000108004
0.000093222
0.000086308
0.000088930
0.000087261
0.000089169
0.000089169
0.000087500
0.000087500
0.000092983
0.000092983
0.000086784
0.000087261
0.000086784
0.000086546
0.000091553
0.000087738
0.000088215
0.000087023
0.000109911
0.000095844
0.000086546
0.000087738
0.000087261
0.000087023
0.000088453
0.000090122
0.000092983
0.000096321
0.000088692
0.000094175
0.000088453
0.000087738
0.000094891
0.000088453
0.000093937
0.000089645
0.000093699
0.000087261
0.000086784
0.000086784
0.000086308
0.000092268
0.000087023
0.000087261
0.000088930
0.000092030
0.000086784
0.000087261
0.000086546
0.000088215
0.000090361
0.000087023
0.000086784
0.000086308
0.000087976
0.000090837
0.000088215
0.000086784
0.000087023
0.000097275
0.000089169
0.000087738
0.000089169
0.000087261
0.000088692
0.000089407
0.000088215
0.000094175
0.000086546
0.000086546
0.000085831
0.000092268
0.000087023
0.000087023
0.000087976
0.000085831
0.000086546
0.000087023
0.000088930
0.000086546
0.000089169
0.000086308
0.000086546
0.000086546
0.000088215
0.000091314
0.000087738
0.000087023
0.000086784
0.000088453
0.000096321
0.000087738
0.000089169
0.000086308
0.000087976
0.000100136
0.000087738
0.000087023
0.000086546
0.000087976
0.000086069
0.000087261
0.000085831
0.000085831
0.000087976
0.000087023
0.000086546
0.000089169
0.000086546
0.000092506
0.000086546
0.000086546
0.000085831
0.000089169
0.000087976
0.000090361
0.000087261
0.000178099
0.000115395
0.000087023
0.000098467
0.000087738
0.000089169
0.000087261
0.000089407
0.000090122
0.000088215
0.000087023
0.000088453
0.000474930
