0.000213861
0.000159979
0.000166416
0.000102282
0.000095606
0.000114202
0.000097990
0.000097513
0.000095844
0.000098944
0.000096798
0.000110149
0.000095606
0.000093699
0.000093699
0.000093937
0.000093222
0.000101805
0.000099421
0.000114679
0.000096560
0.000093937
0.000093699
0.000103235
0.000094414
0.000093222
0.000095844
0.000094175
0.000094414
0.000108004
0.000095844
0.000119448
0.000096560
0.000095367
0.000094414
0.000106573
0.000096560
0.000094652
0.000094652
0.000096798
0.000096798
0.000107527
0.000095129
0.000094652
0.000093937
0.000093699
0.000094175
0.000101566
0.000096083
0.000094891
0.000094891
0.000094175
0.000098944
0.000100613
0.000094652
0.000095129
0.000096798
0.000094652
0.000094652
0.000103951
0.000093460
0.000093699
0.000112772
0.000097275
0.000093460
0.000094414
0.000093937
0.000097036
0.000236273
0.000106573
0.000098467
0.000094414
0.000093937
0.000095606
0.000093937
0.000094414
0.000095129
0.000094891
0.000173330
0.000101566
0.000094652
0.000094414
0.000095606
0.000093460
0.000093460
0.000094175
0.000097036
0.000094414
0.000095367
0.000094414
0.000093460
0.000093222
0.000107288
0.000107765
0.000094175
0.000094414
0.000095129
0.000094414
0.000095606
0.000094414
0.000094652
0.000093699
0.000099421
0.000093222
0.000093699
0.000093460
0.000093937
0.000092745
0.000092983
0.000093460
0.000097036
0.000104189
0.000092268
0.000092983
0.000092745
0.000093699
0.000096083
0.000094414
0.000093699
0.000093460
0.000092506
0.000094891
0.000101805
0.000095606
0.000093699
0.000093699
0.000093460
0.000093460
0.000094175
0.000093699
0.000103951
0.000092268
0.000092506
0.000102520
0.000093222
0.000092745
0.000092268
0.000092506
0.000092030
0.000116825
0.000095606
0.000092745
0.000094175
0.000093460
0.000092983
0.000092983
0.000096083
0.000093937
0.000094175
0.000093222
0.000093937
0.000092983
0.000092745
0.000106812
0.000095606
0.000094175
0.000094414
0.000093460
0.000093699
0.000098467
0.000092983
0.000092983
0.000092745
0.000092506
0.000092506
0.000102520
0.000093937
0.000094175
0.000093937
0.000094175
0.000095606
0.000092983
0.000098705
0.000093460
0.000094175
0.000098944
0.000100136
0.000092983
0.000092506
0.000092745
0.000091791
0.000093460
0.000098467
0.000105143
0.000094414
0.000093937
0.000093222
0.000097990
0.000092745
0.000098705
0.000093699
0.000092745
0.000093222
0.000092268
0.000092983
0.000093222
0.000092506
0.000094652
0.000093222
0.000118494
0.000095367
0.000093699
0.000093222
0.000092983
0.000092268
0.000092983
0.000095367
0.000092983
0.000097275
0.000097990
0.000094175
0.000092983
0.000093222
0.000103235
0.000094414
0.000094414
0.000094652
0.000094175
0.000093460
0.000093699
0.000096083
0.000092506
0.000092983
0.000093699
0.000093222
0.000092983
0.000092030
0.000097752
0.000092745
0.000092983
0.000098944
0.000092030
0.000092506
0.000092506
0.000092506
0.000092745
0.000100136
0.000196934
0.000102043
0.000463963
