0.000173569
0.000162125
0.000123978
0.000086784
0.000080109
0.000119925
0.000086069
0.000083447
0.000078678
0.000088453
0.000078917
0.000102997
0.000087500
0.000082493
0.000080109
0.000083685
0.000079393
0.000102520
0.000083447
0.000080109
0.000078917
0.000078201
0.000078201
0.000098944
0.000083685
0.000080347
0.000079393
0.000080585
0.000078440
0.000097990
0.000093222
0.000080585
0.000093460
0.000082016
0.000078678
0.000094414
0.000090361
0.000078201
0.000081539
0.000077248
0.000078440
0.000088215
0.000080585
0.000080347
0.000077963
0.000087261
0.000078440
0.000087261
0.000078917
0.000083447
0.000083685
0.000077486
0.000077724
0.000095129
0.000078201
0.000082731
0.000082254
0.000105381
0.000084400
0.000092983
0.000078440
0.000076771
0.000077486
0.000093222
0.000079155
0.000082254
0.000079155
0.000081539
0.000079155
0.000084639
0.000077963
0.000077248
0.000078201
0.000079155
0.000077963
0.000082254
0.000077963
0.000084639
0.000077724
0.000077009
0.000077248
0.000077009
0.000076771
0.000079393
0.000078201
0.000077724
0.000077963
0.000077486
0.000077009
0.000083208
0.000076771
0.000077486
0.000078201
0.000087500
0.000078917
0.000082016
0.000168085
0.000085592
0.000077963
0.000078917
0.000080824
0.000080109
0.000077248
0.000078678
0.000076532
0.000080824
0.000077248
0.000079870
0.000083208
0.000078201
0.000077486
0.000076532
0.000076532
0.000077963
0.000076532
0.000077248
0.000077963
0.000077724
0.000076532
0.000076532
0.000081539
0.000076294
0.000076771
0.000089884
0.000086308
0.000081778
0.000077963
0.000077963
0.000076771
0.000077486
0.000077248
0.000079632
0.000077486
0.000079155
0.000077486
0.000081301
0.000076771
0.000077009
0.000078201
0.000086784
0.000076771
0.000081778
0.000077248
0.000079870
0.000077486
0.000081778
0.000076771
0.000078917
0.000077009
0.000077009
0.000076294
0.000076532
0.000076056
0.000078440
0.000099897
0.000082254
0.000077724
0.000077724
0.000077724
0.000085115
0.000077248
0.000079393
0.000077486
0.000078440
0.000077009
0.000081301
0.000078201
0.000079870
0.000077724
0.000077248
0.000077486
0.000076771
0.000076532
0.000077963
0.000077724
0.000077248
0.000077248
0.000102282
0.000093460
0.000076771
0.000076771
0.000077486
0.000076771
0.000087738
0.000076294
0.000079632
0.000087261
0.000079632
0.000077724
0.000076532
0.000077486
0.000111103
0.000083447
0.000078678
0.000078917
0.000080585
0.000077248
0.000076771
0.000077248
0.000078201
0.000082016
0.000076532
0.000077009
0.000082970
0.000076771
0.000076294
0.000076056
0.000077486
0.000076771
0.000076294
0.000079155
0.000076532
0.000076532
0.000083447
0.000083447
0.000080585
0.000077009
0.000082493
0.000077963
0.000077009
0.000076771
0.000079393
0.000077486
0.000077486
0.000076294
0.000080109
0.000077486
0.000079632
0.000077009
0.000076294
0.000076294
0.000076294
0.000076056
0.000077963
0.000077009
0.000076532
0.000076771
0.000102758
0.000079155
0.000452042
