0.012607574
0.002569437
0.002559423
0.002196074
0.002264023
0.011961937
0.002242327
0.002518654
0.002561331
0.002216578
0.002628088
0.125326633
0.173904419
0.225020409
0.283501863
0.343373775
0.399461508
0.470564842
0.455801487
0.356022835
0.255975723
0.156559944
0.056118727
0.163977385
0.213202238
0.269902706
0.330241442
0.388410568
0.456562519
0.537298918
0.618644238
0.710595131
0.799371243
0.907448053
0.983108521
1.099626780
1.237292051
1.198082447
1.098018885
0.998385429
0.898562193
0.798230648
0.696818352
0.592159986
0.492128611
0.392476797
0.292393923
0.192422628
0.092835426
0.002336025
0.002337456
0.002323151
0.002360821
0.002339125
0.002054691
0.001955748
0.002332211
0.002003431
0.002325773
0.002346277
0.002019882
0.001969337
0.135795832
0.184208870
0.093494415
0.002065897
0.123837233
0.173932552
0.224319458
0.282570124
0.348138332
0.425446987
0.507985830
0.606303692
0.641535521
0.728572845
0.858419180
0.962325811
1.102606058
1.151271343
1.314373016
1.408003330
1.494376898
1.395824671
1.297428131
1.198759317
1.100749969
1.002908945
0.919145584
0.820862293
0.722029209
0.623966217
0.525458574
0.426844597
0.328392506
0.229915380
0.131354809
0.032550812
0.002600670
0.002597570
0.002226591
0.002095699
0.002098322
0.002120018
0.002114058
0.002092600
0.002089977
0.002092838
0.002111673
0.002123594
0.002078295
0.002090693
0.002085209
0.002100706
0.002104282
0.002108812
0.002083540
0.002092361
0.002123356
0.002099037
0.002089977
0.002066851
0.002100468
0.002061605
0.002084255
0.002064943
0.002070665
0.002071381
0.002111912
0.002074480
0.002058983
0.002064705
0.002095938
0.002084732
0.002092361
0.002119064
0.002100945
0.002089977
0.002110004
0.002097607
0.002101898
0.002078295
0.002099037
0.002118587
0.002114058
0.002089024
0.002123117
0.002083540
0.002109051
0.002089024
0.002089739
0.002108812
0.002092361
0.002097130
0.002103090
0.002081394
0.002074003
0.002094507
0.002073526
0.002058506
0.002064705
0.002041340
0.002096176
0.002083778
0.002100945
0.002110958
0.002100468
0.002093554
0.002098322
0.002078056
0.002107382
0.002090931
0.002095938
0.002086639
0.002109766
0.002101183
0.002103090
0.002069473
0.002091646
0.002070904
0.002072096
0.002081394
0.002097607
0.002108574
0.002101660
0.002089739
0.002091169
0.002088785
0.002137184
0.002113819
0.002118111
0.002134085
0.002130985
0.002126932
0.002147913
0.002120733
0.002096891
0.002113342
0.002125502
0.002081394
0.002099037
0.002097845
0.002080679
0.002088308
0.002102137
0.002091646
0.002094984
0.002081394
0.002094746
0.002094984
0.002100706
0.002071619
0.002089977
0.002098322
0.002131224
0.002115965
0.002122879
0.002135515
0.002143621
0.002131224
0.002119303
0.002131462
0.002131701
0.002140045
0.002116203
0.002087831
0.002100229
0.002106667
0.002103329
0.002082348
0.002103329
0.002114296
0.002074718
0.002085447
0.002100468
0.002091646
0.002106428
0.002099276
0.002084017
0.002476454
