0.000311852
0.000345230
0.000182867
0.000212908
0.000159264
0.000211716
0.000219822
0.000163794
0.000176907
0.000198126
0.000170946
0.000210285
0.000310421
0.000174046
0.000211239
0.000176668
0.000158072
0.000213861
0.000224590
0.000194073
0.000169992
0.000190020
0.000176191
0.000265598
0.000164986
0.000165939
0.000176907
0.000205517
0.000157833
0.000211000
0.000235319
0.000161648
0.000161409
0.000165701
0.000211239
0.000204325
0.000172615
0.000214100
0.000160694
0.000157595
0.000199318
0.000233173
0.000227451
0.000165462
0.000159264
0.000206232
0.000180244
0.000206470
0.000174761
0.000167131
0.000217199
0.000171423
0.000159025
0.000205994
0.000218630
0.000168562
0.000160217
0.000158787
0.000205517
0.000226498
0.000167370
0.000170708
0.000217199
0.000158072
0.000156164
0.000161886
0.000205278
0.000153065
0.000162601
0.000202894
0.000211477
0.000164509
0.000169039
0.000209808
0.000160933
0.000159025
0.000156403
0.000209093
0.000157118
0.000160933
0.000209093
0.000162363
0.000157118
0.000159740
0.000165224
0.000155210
0.000207424
0.000153303
0.000163555
0.000157118
0.000210047
0.000161886
0.000158310
0.000153780
0.000203133
0.000154018
0.000156879
0.000216961
0.000159502
0.000156641
0.000189781
0.000177145
0.000154018
0.000252962
0.000159025
0.000161648
0.000150442
0.000151634
0.000150442
0.000171900
0.000154734
0.000259399
0.000157118
0.000168562
0.000149250
0.000148773
0.000153065
0.000155687
0.000149250
0.000153780
0.000152349
0.000163555
0.000152826
0.000150681
0.000149965
0.000157118
0.000151634
0.000150204
0.000148773
0.000159264
0.000203133
0.000158787
0.000202179
0.000179529
0.000149727
0.000151157
0.000151634
0.000160694
0.000149250
0.000156641
0.000153065
0.000160456
0.000149965
0.000156164
0.000150204
0.000150442
0.000160217
0.000153303
0.000148296
0.000155687
0.000164986
0.000152588
0.000152349
0.000153780
0.000155449
0.000152111
0.000150204
0.000161886
0.000151157
0.000150919
0.000180483
0.000159740
0.000155210
0.000153065
0.000149965
0.000166655
0.000158310
0.000157595
0.000154257
0.000161886
0.000156641
0.000179291
0.000155687
0.000157118
0.000158072
0.000159979
0.000162840
0.000155687
0.000153542
0.000163794
0.000157833
0.000159264
0.000154734
0.000163078
0.000154257
0.000161648
0.000153780
0.000153303
0.000152349
0.000158072
0.000154734
0.000192642
0.000198603
0.000159740
0.000151157
0.000149965
0.000148773
0.000158548
0.000159740
0.000155926
0.000153780
0.000153303
0.000158787
0.000149727
0.000149488
0.000149727
0.000152349
0.000150919
0.000171661
0.000157118
0.000153065
0.000154495
0.000156641
0.000150919
0.000149727
0.000149965
0.000156403
0.000150204
0.000151157
0.000150919
0.000157595
0.000193357
0.000155926
0.000149727
0.000149965
0.000151157
0.000149488
0.000152349
0.000150681
0.000163078
0.000153780
0.000256538
0.000162125
0.000150919
0.000149250
0.000155449
0.000153780
0.000169754
0.000148773
0.000550985
