0.000176430
0.000163078
0.000104904
0.000095129
0.000091314
0.000106812
0.000097990
0.000093222
0.000097036
0.000092030
0.000096321
0.000103474
0.000135183
0.000091791
0.000091553
0.000090361
0.000089884
0.000113010
0.000092030
0.000182390
0.000100374
0.000090361
0.000091076
0.000109673
0.000100136
0.000093222
0.000093699
0.000092506
0.000110626
0.000111103
0.000141144
0.000098228
0.000090599
0.000090837
0.000089169
0.000104666
0.000092506
0.000092745
0.000092506
0.000094414
0.000102520
0.000105143
0.000093222
0.000089407
0.000089884
0.000131607
0.000090599
0.000110626
0.000098228
0.000095844
0.000089645
0.000090122
0.000091791
0.000100851
0.000094891
0.000092983
0.000090599
0.000090599
0.000095129
0.000134945
0.000094175
0.000089884
0.000089645
0.000095129
0.000090122
0.000089169
0.000133514
0.000091076
0.000089645
0.000089407
0.000092506
0.000090361
0.000094652
0.000091076
0.000090599
0.000089169
0.000090122
0.000094414
0.000090599
0.000097036
0.000090599
0.000090122
0.000089645
0.000089169
0.000132322
0.000090361
0.000089407
0.000091791
0.000092506
0.000191450
0.000197649
0.000093937
0.000090599
0.000090122
0.000090122
0.000091314
0.000090122
0.000092745
0.000089407
0.000134468
0.000097990
0.000095367
0.000093937
0.000089407
0.000089407
0.000088215
0.000088930
0.000099421
0.000095129
0.000094652
0.000088930
0.000088930
0.000088692
0.000088930
0.000091553
0.000094175
0.000088215
0.000090837
0.000092983
0.000103474
0.000099421
0.000089645
0.000088930
0.000089169
0.000088930
0.000088453
0.000089407
0.000096083
0.000092506
0.000089884
0.000089169
0.000089407
0.000088930
0.000089407
0.000088692
0.000090599
0.000089407
0.000093699
0.000089884
0.000089169
0.000089645
0.000094175
0.000089169
0.000089407
0.000091076
0.000089407
0.000094891
0.000096083
0.000095606
0.000090837
0.000099182
0.000095606
0.000089169
0.000089407
0.000088930
0.000089169
0.000089169
0.000090599
0.000087738
0.000088453
0.000090122
0.000089407
0.000087738
0.000089169
0.000087976
0.000088930
0.000098944
0.000093222
0.000090599
0.000090122
0.000091076
0.000090122
0.000088930
0.000089645
0.000102282
0.000099182
0.000088215
0.000097275
0.000089407
0.000090122
0.000115633
0.000091076
0.000089645
0.000089169
0.000088930
0.000088453
0.000089407
0.000091314
0.000089407
0.000092983
0.000089645
0.000090122
0.000088453
0.000088930
0.000089407
0.000089169
0.000088930
0.000092983
0.000089407
0.000088692
0.000088930
0.000094891
0.000088215
0.000090122
0.000091314
0.000088692
0.000089645
0.000094414
0.000094652
0.000088930
0.000098944
0.000090122
0.000088692
0.000091076
0.000094891
0.000089169
0.000088453
0.000095367
0.000088453
0.000095844
0.000107288
0.000090122
0.000088930
0.000088930
0.000088215
0.000088692
0.000088215
0.000092506
0.000090122
0.000091076
0.000092745
0.000089407
0.000089169
0.000089407
0.000090599
0.000089169
0.000088453
0.000093460
0.000089645
0.000457525
