0.000162840
0.000158072
0.000108480
0.000099421
0.000099897
0.000121593
0.000108004
0.000150204
0.000099659
0.000101089
0.000097752
0.000118017
0.000101566
0.000098705
0.000101566
0.000109673
0.000100613
0.000118494
0.000104427
0.000098944
0.000098944
0.000097275
0.000096798
0.000116587
0.000102520
0.000101566
0.000103712
0.000096321
0.000097036
0.000137568
0.000118971
0.000098705
0.000097513
0.000095367
0.000096321
0.000116348
0.000102758
0.000102043
0.000143766
0.000098467
0.000097752
0.000118732
0.000102043
0.000098228
0.000098944
0.000108480
0.000111341
0.000113487
0.000100613
0.000098944
0.000097275
0.000099182
0.000097036
0.000115871
0.000101328
0.000097513
0.000098705
0.000096798
0.000097990
0.000118256
0.000162125
0.000154257
0.000102758
0.000099421
0.000097990
0.000097275
0.000097752
0.000107765
0.000098228
0.000097036
0.000096560
0.000137806
0.000096321
0.000100613
0.000097275
0.000096560
0.000109911
0.000100613
0.000099897
0.000098944
0.000097275
0.000096560
0.000095844
0.000097275
0.000096321
0.000095844
0.000097513
0.000097752
0.000096560
0.000122070
0.000099659
0.000096798
0.000097275
0.000098705
0.000105858
0.000097752
0.000097513
0.000097752
0.000097036
0.000101089
0.000096560
0.000096560
0.000094891
0.000095844
0.000102282
0.000094652
0.000104666
0.000097990
0.000096083
0.000102282
0.000096083
0.000100374
0.000095367
0.000094652
0.000095367
0.000095367
0.000095844
0.000095844
0.000095367
0.000096083
0.000094652
0.000095129
0.000105143
0.000101805
0.000106096
0.000099421
0.000100613
0.000102282
0.000101566
0.000100613
0.000100374
0.000100851
0.000098705
0.000097513
0.000096560
0.000105143
0.000106096
0.000100136
0.000097752
0.000095606
0.000096798
0.000095367
0.000101328
0.000095844
0.000101805
0.000095367
0.000095367
0.000095606
0.000095367
0.000113726
0.000097752
0.000095367
0.000096321
0.000097513
0.000095367
0.000095129
0.000094414
0.000098705
0.000095844
0.000096560
0.000101566
0.000096560
0.000095606
0.000096798
0.000097990
0.000095606
0.000104666
0.000105381
0.000097275
0.000098944
0.000095367
0.000094891
0.000094652
0.000094891
0.000094891
0.000096083
0.000094175
0.000095129
0.000096321
0.000095606
0.000089884
0.000090837
0.000090599
0.000090837
0.000090122
0.000089884
0.000092030
0.000091076
0.000210047
0.000098228
0.000090837
0.000090599
0.000090599
0.000090599
0.000090599
0.000090122
0.000090837
0.000106335
0.000092268
0.000091314
0.000090361
0.000090361
0.000093937
0.000090122
0.000090122
0.000090599
0.000096321
0.000089645
0.000092030
0.000110865
0.000092268
0.000090122
0.000090361
0.000089884
0.000090122
0.000089407
0.000092506
0.000091791
0.000090361
0.000091791
0.000101328
0.000090599
0.000090837
0.000090122
0.000090599
0.000091314
0.000090361
0.000102758
0.000092030
0.000090837
0.000094414
0.000089645
0.000089645
0.000094891
0.000091553
0.000090361
0.000092745
0.000090361
0.000091076
0.000458956
