0.007845402
0.006592751
0.355274916
0.656566620
1.073748589
1.066182852
1.264174700
1.166469336
1.131059885
1.031486750
1.182139397
1.083227873
0.978177786
0.878547907
0.778575420
0.678504467
0.575760126
0.480245352
0.381212711
0.736246347
1.140365839
1.434736490
1.334917068
1.236045837
1.144866943
1.044484615
0.945331097
0.891178131
0.794561386
0.698044777
0.613119125
0.975605249
1.481675863
1.470260859
1.649732113
1.544645309
1.458084106
1.362626076
1.266172647
1.169922113
1.073778391
0.977588654
0.910000324
0.814191341
0.797560692
0.785539627
0.689039707
0.613908529
0.644491673
0.548317432
0.633040190
0.536761522
0.615166664
0.537664890
0.441425562
0.345008373
0.248459101
0.152000427
0.055332422
0.005522728
0.005411148
0.005541563
0.005116940
0.004882812
0.004706621
0.004782677
0.005511284
0.005570650
0.005526543
0.004685879
0.005095005
0.005471706
0.004703283
0.005606174
0.005528688
0.004382372
0.004619837
0.004645586
0.004698038
0.005658150
0.107031345
0.404979706
0.660974741
0.841195822
0.751279593
0.654966831
0.558490515
0.462126732
0.368539095
0.272103071
0.175674438
0.079188585
0.005184889
0.004331589
0.005114317
0.005134821
0.004333496
0.004374743
0.005119085
0.005291700
0.004307270
0.004032135
0.004015446
0.003979921
0.003921747
0.003960133
0.004022837
0.003984213
0.004022598
0.004068375
0.004117012
0.004014730
0.004052877
0.003943443
0.003937483
0.003976107
0.004002333
0.004000187
0.003968000
0.003959417
0.363826990
0.649699688
0.554116488
0.461272001
0.441833258
0.357915878
0.346802711
0.272394419
0.184033871
0.093677044
0.004445791
0.004391432
0.004396439
0.004358530
0.004375696
0.004449129
0.004415035
0.004419565
0.004383326
0.012519598
0.004357338
0.004347801
0.004406929
0.004378319
0.004644394
0.004340172
0.004389763
0.004374743
0.004432678
0.004349947
0.004395723
0.004360437
0.004421234
0.004351854
0.004418135
0.004328489
0.004435539
0.004422903
0.004347324
0.004333258
0.004406691
0.004377127
0.004353285
0.004556656
0.004401922
0.004418850
0.004332066
0.004295111
0.004393816
0.012443304
0.004365683
0.004349709
0.004370213
0.004313707
0.004329920
0.004271507
0.004313469
0.004389763
0.004427195
0.004370213
0.004413843
0.004355907
0.004432678
0.004400253
0.004426718
0.004367352
0.004401922
0.004486084
0.004357815
0.004389763
0.004431248
0.004367590
0.004400253
0.004410744
0.004385233
0.004355431
0.004361629
0.004363298
0.004399300
0.012555361
0.004392862
0.004346371
0.004405737
0.004287004
0.004391432
0.004297972
0.004306555
0.004388571
0.004411936
0.004377127
0.004402876
0.004407883
0.004370689
0.004422188
0.004408598
0.004331112
0.004430532
0.004392385
0.004412651
0.004360914
0.004405737
0.004349470
0.004418135
0.004346132
0.004374027
0.004399538
0.004370451
0.004343987
0.004324436
0.012605190
0.004358768
0.004296541
0.004373550
0.004315138
0.004405022
0.004347801
0.004383802
0.004409790
0.004422188
0.004849672
