0.073165417
0.072843313
0.072732210
0.072641611
0.072790384
0.072622538
0.072688818
0.072704554
0.072658777
0.072735786
0.072783947
0.062286854
0.072738409
0.072716475
0.072601795
0.072597742
0.072705030
0.011358976
0.001113176
0.001254320
0.001256466
0.001129389
0.001302004
0.001300335
0.001120567
0.001069546
0.001101255
0.001085520
0.001218319
0.001281023
0.001145601
0.001102209
0.001121998
0.001250267
0.001384020
0.001134157
0.001250029
0.001109600
0.001087666
0.001242876
0.001310110
0.001119614
0.001236200
0.001261473
0.001252413
0.001134157
0.001299858
0.001118898
0.001262426
0.001265526
0.001130342
0.001148701
0.001297712
0.001119375
0.001224518
0.001234531
0.001583815
0.001296759
0.001191139
0.001121759
0.001113176
0.001267672
0.001132488
0.001116514
0.001131773
0.001273394
0.001123428
0.001250744
0.001124144
0.001299143
0.001274347
0.001257420
0.001268148
0.001110315
0.001112223
0.001247644
0.001151800
0.001273870
0.001264334
0.001134396
0.001034975
0.001125336
0.001117945
0.001257658
0.001142263
0.001276731
0.001120567
0.001249790
0.001136541
0.001132011
0.001126766
0.001261711
0.001115322
0.001266003
0.001280069
0.001271009
0.001095772
0.001118422
0.001277685
0.001269579
0.001164436
0.001027822
0.001028299
0.001032352
0.001027346
0.001058102
0.001025677
0.001008749
0.001028776
0.001048088
0.001079082
0.001021147
0.001022816
0.001019478
0.001035213
0.001021147
0.001029015
0.001018286
0.001028299
0.001018524
0.001022339
0.001006842
0.001042604
0.001019716
0.001006603
0.001017809
0.001022100
0.001007080
0.001027107
0.001013517
0.001022100
0.001012325
0.001029491
0.001035690
0.001032114
0.001040459
0.001015902
0.001058578
0.001032352
0.001061201
0.001028299
0.001030684
0.001097918
0.001014471
0.001012087
0.001009464
0.001017809
0.001056671
0.001030445
0.001008511
0.001031399
0.001055717
0.001083612
0.001034260
0.001023293
0.001014948
0.001013756
0.001026392
0.001036167
0.061882257
0.072544098
0.072492361
0.072553158
0.072517395
0.072512388
0.072531939
0.072534084
0.072569609
0.072552204
0.072606802
0.072513580
0.072499990
0.072508812
0.072486877
0.072505474
0.062219143
0.072510242
0.072505713
0.072501659
0.072497845
0.072549820
0.072540998
0.072535038
0.072526693
0.072522402
0.072531462
0.072536469
0.072552681
0.072555065
0.072542429
0.072577000
0.072550535
0.072531700
0.072535992
0.072532892
0.072523117
0.072552919
0.072515249
0.072510958
0.072583914
0.072532892
0.072524786
0.072525978
0.072498798
0.072498798
0.072495461
0.072548389
0.072533369
0.072564363
0.072547674
0.072546005
0.072527170
0.072553635
0.072513819
0.072567940
0.072545052
0.072525740
0.062235355
0.072566032
0.072528362
0.072558165
0.072539806
0.072542667
0.072515965
0.072509527
0.072488070
0.072502136
0.072517633
0.062239170
0.072587252
0.072515488
0.072493076
0.062259912
0.062241077
0.072565556
0.072555780
0.072559595
0.072555304
0.072548389
0.072816372
