0.011315346
0.010604858
0.010476589
0.010465384
0.010442019
0.010541201
0.010411739
0.010460854
0.010407925
0.010442972
0.010466576
0.010533333
0.010473967
0.010432720
0.010450363
0.010410547
0.010421991
0.010494471
0.010460377
0.010408401
0.010454178
0.010424137
0.010446310
0.010541677
0.010456085
0.010417938
0.010446310
0.010444641
0.010441780
0.010463953
0.010493040
0.010449171
0.010426998
0.010455132
0.010452747
0.010550022
0.010538816
0.010487318
0.010409355
0.010397673
0.010670900
0.010522842
0.010460854
0.010407448
0.010439396
0.010423183
0.010484219
0.010458708
0.010465622
0.010397434
0.010459185
0.010446787
0.010533810
0.010435581
0.010403633
0.010425568
0.010446072
0.010394812
0.010478735
0.010460854
0.010418415
0.010542870
0.010413408
0.010453939
0.010396004
0.010447502
0.010404110
0.010444641
0.010401249
0.010429621
0.010455847
0.010469675
0.010454178
0.010460377
0.010399342
0.010425568
0.010450125
0.010396242
0.010462046
0.010443687
0.010415316
0.010418653
0.010490894
0.010490179
0.010411739
0.010399342
0.010393381
0.010442019
0.010451555
0.010413408
0.010448694
0.010453939
0.010395765
0.010397673
0.010453701
0.010382652
0.010420561
0.010468721
0.010436535
0.010407686
0.010386467
0.010382414
0.010385275
0.010386705
0.010377884
0.010392427
0.010384321
0.010388374
0.010386944
0.010382652
0.010376930
0.010380268
0.010404587
0.010382891
0.010434866
0.010396004
0.010380507
0.010388136
0.010393858
0.010386229
0.010401487
0.010400057
0.010380268
0.010398149
0.010387897
0.010390759
0.010408163
0.010392666
0.010374546
0.010401487
0.010403872
0.010416985
0.010519028
0.010387421
0.010386705
0.010386467
0.010385275
0.010412693
0.010407686
0.010388613
0.010398626
0.010408878
0.010468721
0.010478973
0.010388374
0.010400295
0.010390520
0.010392189
0.010385513
0.010401249
0.010389566
0.010392904
0.010391474
0.010389805
0.010394573
0.010396242
0.010405779
0.010395527
0.010390043
0.010389805
0.010400295
0.010399818
0.010400534
0.010388613
0.010392904
0.010391235
0.010395050
0.010396481
0.010405064
0.010398388
0.010393858
0.010399103
0.010404825
0.010393143
0.010442734
0.010419369
0.010400057
0.010391712
0.010402203
0.010426521
0.010393143
0.010421038
0.010407925
0.010400295
0.010396719
0.010397911
0.010401249
0.010396481
0.010400057
0.010408878
0.010405540
0.010401964
0.010395050
0.010391235
0.010397911
0.010393858
0.010388851
0.010396481
0.010391712
0.010392427
0.010380745
0.010389805
0.010398865
0.010425091
0.010401964
0.010380507
0.010383844
0.010386705
0.010381699
0.010390997
0.010385990
0.010395050
0.010386705
0.010382414
0.010377645
0.010378122
0.010387897
0.010390282
0.010381699
0.010391712
0.010385036
0.010384083
0.010397434
0.010377169
0.010377407
0.010385036
0.010383368
0.010396481
0.010378838
0.010383368
0.010377645
0.010394335
0.010394573
0.010380268
0.010440350
0.010390043
0.010392904
0.010393143
0.010376930
0.010785818
