0.000173569
0.000178814
0.000136852
0.000186205
0.000126123
0.000137568
0.000119209
0.000127077
0.000120163
0.000226974
0.000127792
0.000159979
0.000121117
0.000195503
0.000125170
0.000119209
0.000117064
0.000149250
0.000123978
0.000182152
0.000123501
0.000119448
0.000118256
0.000203609
0.000140429
0.000119925
0.000169754
0.000123262
0.000119686
0.000211716
0.000140667
0.000126362
0.000119448
0.000203609
0.000125408
0.000134230
0.000119925
0.000123262
0.000121593
0.000210762
0.000134230
0.000153303
0.000125170
0.000183344
0.000126123
0.000121355
0.000118256
0.000140905
0.000125170
0.000195742
0.000132084
0.000128746
0.000119925
0.000202417
0.000124931
0.000125170
0.000124454
0.000117540
0.000118971
0.000213146
0.000127077
0.000117779
0.000118256
0.000178337
0.000123501
0.000145435
0.000120401
0.000118256
0.000119686
0.000199556
0.000157118
0.000149965
0.000121832
0.000198603
0.000135422
0.000118494
0.000118017
0.000185966
0.000127077
0.000199556
0.000166416
0.000159740
0.000126362
0.000204325
0.000126600
0.000117064
0.000120163
0.000123739
0.000206232
0.000211716
0.000137091
0.000120401
0.000117540
0.000205994
0.000122070
0.000131130
0.000126600
0.000175953
0.000206232
0.000207186
0.000125647
0.000157595
0.000143528
0.000180721
0.000122070
0.000118732
0.000119209
0.000141621
0.000123739
0.000181913
0.000123739
0.000123501
0.000117779
0.000202656
0.000129223
0.000128269
0.000116348
0.000116587
0.000120163
0.000208616
0.000133991
0.000118971
0.000118256
0.000181437
0.000122309
0.000138044
0.000120163
0.000116110
0.000117779
0.000215292
0.000162363
0.000155926
0.000121832
0.000204325
0.000125647
0.000117540
0.000123024
0.000146389
0.000133514
0.000195265
0.000123262
0.000118256
0.000119209
0.000201225
0.000130892
0.000118732
0.000117302
0.000123978
0.000118256
0.000190020
0.000122786
0.000124454
0.000114918
0.000178576
0.000124454
0.000130653
0.000128269
0.000116825
0.000118256
0.000185728
0.000123024
0.000180960
0.000128984
0.000184774
0.000126123
0.000121355
0.000118017
0.000137806
0.000122547
0.000205040
0.000314236
0.000118971
0.000170231
0.000188828
0.000129223
0.000125170
0.000125647
0.000117302
0.000158548
0.000174046
0.000134706
0.000116825
0.000123739
0.000178814
0.000150681
0.000126600
0.000119209
0.000122547
0.000120401
0.000204802
0.000186205
0.000127554
0.000123501
0.000200272
0.000124931
0.000118017
0.000138998
0.000120640
0.000127316
0.000182390
0.000132084
0.000122547
0.000135660
0.000207186
0.000122786
0.000116825
0.000115633
0.000125408
0.000116587
0.000177860
0.000122309
0.000118732
0.000119925
0.000183821
0.000126600
0.000135422
0.000118017
0.000121355
0.000123501
0.000185490
0.000131845
0.000191689
0.000127316
0.000199795
0.000136137
0.000121593
0.000119925
0.000140429
0.000130653
0.000207663
0.000131607
0.000117779
0.000118256
0.000192165
0.000145912
0.000117779
0.000118256
0.000107288
0.000142574
0.000165701
0.000107527
0.000100851
0.000105381
0.000193834
0.000104427
0.000122070
0.000100374
0.000101805
0.000102520
0.000172377
0.000104427
0.000163317
0.000102758
0.000184298
0.000103474
0.000099182
0.000114679
0.000105858
0.000127077
0.000164986
0.000104904
0.000098467
0.000112057
0.000198603
0.000106812
0.000106335
0.000099182
0.000101566
0.000154972
0.000156879
0.000104666
0.000099897
0.000098228
0.000180483
0.000115871
0.000107527
0.000101089
0.000211477
0.000107288
0.000165939
0.000128746
0.000137091
0.000115633
0.000173807
0.000103474
0.000100136
0.000112772
0.000130415
0.000162363
0.000183821
0.000111580
0.000105619
0.000120163
0.000177622
0.000106812
0.000098705
0.000098944
0.000101089
0.000164032
0.000151873
0.000103712
0.000109911
0.000097513
0.000167608
0.000123739
0.000113249
0.000119925
0.000103235
0.000103951
0.000171661
0.000127554
0.000106812
0.000130415
0.000195026
0.000101566
0.000097275
0.000120401
0.000100613
0.000100851
0.000154257
0.000120401
0.000098944
0.000119925
0.000165701
0.000116587
0.000104904
0.000098228
0.000099659
0.000145674
0.000156879
0.000109673
0.000098705
0.000100851
0.000150442
0.000116825
0.000119686
0.000098944
0.000099182
0.000182390
0.000158310
0.000132799
0.000102043
0.000136852
0.000160694
0.000132322
0.000108719
0.000116587
0.000103235
0.000164747
0.000162840
0.000106335
0.000099659
0.000160456
0.000127077
0.000113010
0.000097275
0.000098467
0.000100851
0.000182629
0.000155687
0.000108004
0.000099182
0.000133276
0.000127554
0.000150204
0.000115871
0.000100136
0.000101089
0.000200272
0.000149727
0.000137329
0.000118017
0.000187635
0.000172377
0.000120163
0.000117302
0.000137091
0.000127792
0.000152826
0.000145674
0.000120640
0.000115395
0.000203371
0.000144720
0.000119209
0.000123739
0.000115156
0.000122309
0.000206470
0.000137091
0.000117302
0.000120163
0.000174284
0.000133276
0.000137091
0.000122786
0.000116348
0.000204563
0.000212193
0.000131607
0.000152111
0.000128031
0.000198364
0.000134945
0.000116348
0.000117540
0.000129700
0.000118256
0.000213623
0.000128269
0.000117302
0.000122070
0.000222921
0.000133991
0.000118256
0.000115156
0.000114918
0.000124693
0.000208378
0.000134706
0.000235558
0.000534534
0.000256062
0.000231743
0.000240803
0.000123501
0.000116587
0.000117064
0.000190735
0.000138044
0.000144958
0.000120640
0.000177383
0.000191927
0.000127077
0.000116348
0.000140667
0.000124216
0.000200510
0.000129461
0.000118494
0.000116825
0.000224352
0.000129461
0.000117540
0.000116825
0.000115871
0.000132084
0.000214577
0.000130415
0.000115395
0.000128508
0.000183582
0.000129223
0.000138521
0.000120401
0.000120401
0.000122547
0.000173330
0.000125408
0.000140190
0.000128508
0.000201464
0.000165462
0.000124454
0.000118971
0.000133753
0.000120640
0.000189304
0.000141382
0.000117540
0.000123501
0.000199318
0.000125408
0.000114679
0.000116825
0.000137806
0.000129223
0.000205755
0.000127316
0.000124216
0.000116587
0.000173092
0.000123739
0.000144482
0.000129461
0.000117302
0.000128984
0.000199795
0.000138521
0.000138760
0.000125885
0.000180721
0.000158310
0.000133991
0.000117779
0.000149488
0.000128508
0.000206232
0.000123739
0.000118494
0.000117540
0.000199318
0.000127554
0.000118732
0.000118256
0.000116110
0.000117540
0.000200272
0.000131130
0.000117779
0.000118494
0.000205040
0.000128746
0.000133753
0.000119209
0.000121593
0.000222683
0.000189304
0.000128031
0.000144958
0.000128031
0.000180006
0.000126362
0.000158787
0.000142336
0.000149727
0.000121832
0.000193596
0.000128269
0.000118732
0.000123501
0.000198364
0.000128746
0.000125170
0.000118017
0.000116587
0.000123978
0.000215292
0.000131607
0.000120640
0.000116825
0.000180244
0.000129700
0.000133038
0.000126600
0.000118017
0.000116110
0.000197649
0.000129223
0.000142813
0.000125647
0.000192165
0.000159264
0.000122309
0.000116348
0.000166178
0.000121117
0.000190973
0.000126123
0.000127792
0.000122070
0.000204325
0.000124454
0.000117302
0.000122786
0.000116825
0.000123262
0.000206232
0.000143528
0.000117779
0.000116348
0.000179052
0.000122547
0.000149727
0.000120640
0.000123024
0.000118494
0.000199556
0.000124216
0.000147820
0.000127077
0.000181675
0.000137806
0.000163078
0.000133753
0.000165939
0.000134706
0.000184536
0.000131130
0.000116825
0.000116587
0.000203133
0.000124693
0.000120163
0.000118494
0.000116825
0.000118494
0.000210524
0.000128269
0.000116348
0.000120878
0.000181675
0.000123024
0.000133991
0.000118732
0.000117540
0.000120401
0.000220537
0.000130177
0.000159025
0.000128031
0.000204802
0.000126839
0.000154018
0.000124931
0.000147820
0.000124693
0.000180721
0.000125647
0.000117302
0.000116587
0.000204802
0.000132322
0.000117302
0.000170946
0.000120640
0.000117064
0.000202894
0.000126123
0.000128746
0.000115633
0.000181675
0.000130177
0.000131369
0.000118494
0.000124693
0.000232697
0.000219107
0.000128269
0.000147581
0.000136375
0.000181675
0.000128984
0.000152826
0.000121117
0.000141382
0.000126123
0.000200748
0.000130177
0.000118494
0.000117302
0.000202417
0.000127316
0.000117540
0.000117302
0.000117540
0.000118971
0.000258207
0.000136137
0.000245094
0.000243425
0.000271320
0.000274420
0.000714302
0.000242949
0.000216007
0.000257015
0.001578331
0.000249863
0.000219822
0.000271559
0.000216722
0.000218868
0.000225067
0.000202894
0.000205040
0.000206947
0.000223875
0.000222683
0.000472307
0.000262260
0.000200987
0.000217676
0.000290871
0.000246048
0.000246763
0.000236511
0.000231504
0.000240803
0.000246286
0.000221491
0.000154972
0.000191689
0.000157118
0.000216007
0.000202656
0.000224829
0.000213385
0.000218391
0.000225544
0.000216007
0.000212193
0.000211239
0.000227213
0.000240564
0.000211239
0.000208139
0.000213385
0.000214100
0.000215769
0.000216484
0.000275850
0.000240088
0.000223160
0.000235319
0.000231028
0.000176907
0.000192165
0.000197887
0.000203609
0.000122070
0.000211477
0.000140905
0.000116825
0.000128508
0.000108480
0.000123024
0.000205278
0.000122786
0.000210524
0.000127316
0.000189781
0.000190258
0.000190973
0.000193596
0.000185966
0.000124931
0.000191450
0.000111818
0.000100851
0.000211716
0.000129938
0.000120163
0.000185013
0.000134468
0.000187159
0.000189066
0.000138760
0.000142574
0.000186205
0.000123501
0.000100136
0.000198364
0.000111818
0.000190735
0.000125170
0.000186205
0.000198841
0.000193119
0.000231266
0.000196695
0.000215530
0.000220060
0.000204802
0.000236750
0.000243425
0.000244856
0.000250101
0.000237703
0.000241280
0.000223875
0.000218391
0.000205278
0.000211000
0.000194550
0.000179529
0.000275135
0.000204563
0.000208855
0.000317574
0.000201702
0.000212908
0.000223637
0.000211000
0.000211239
0.000211239
0.000232935
0.000682116
0.000218868
0.001235008
0.000249624
0.005332947
0.000248909
0.000606060
0.000248909
0.000288963
0.000249386
0.000244856
0.000219107
0.000297308
0.000215054
0.000216961
0.000254393
0.000220537
0.000221729
0.000211716
0.000215530
0.000222683
0.000221252
0.000687122
0.000308990
0.000426531
0.000223875
0.000388384
0.000479937
0.000219584
0.000260830
0.000297308
0.000389099
0.000239134
0.000257969
0.000243664
0.000176668
0.000133276
0.000119209
0.000191212
0.000114679
0.000149250
0.000115633
0.000223875
0.000208378
0.000215769
0.000212908
0.000245333
0.000214577
0.000253916
0.000227451
0.000219584
0.000314713
0.000195980
0.000115633
0.000105619
0.000103474
0.000106335
0.000104189
0.000103951
0.000102758
0.000157595
0.000218391
0.000347853
0.000208616
0.000762463
0.000301361
0.000308752
0.000228167
0.000227451
0.000247240
0.000246525
0.000249147
0.000685215
0.000220060
0.000245094
0.000216484
0.000218868
0.000225782
0.000263929
0.000228405
0.000228643
0.000215530
0.000345707
0.000218391
0.000216007
0.000217199
0.000197172
0.000195503
0.000205278
0.000191212
0.000199318
0.000184774
0.000196934
0.000187874
0.000106335
0.000197649
0.000195026
0.000176907
0.000191927
0.000193834
0.000193596
0.000205994
0.000188351
0.000231504
0.000210762
0.000269890
0.000236750
0.000266552
0.000288248
0.000264645
0.000420094
0.000219345
0.000293493
0.000475168
0.000306845
0.000359774
0.000224590
0.000236511
0.000232458
0.000240803
0.000272751
0.000264645
0.000316858
0.000375748
0.000280380
0.000233173
0.000266314
0.000219584
0.000512600
0.000211477
0.001254320
0.000240803
0.001161575
0.000320911
0.000298977
0.000297785
0.000236273
0.000228405
0.000259161
0.000215530
0.000226736
0.000364780
0.000292301
0.000240803
0.000212669
0.000296593
0.000176191
0.000214577
0.000191689
0.000185251
0.000202179
0.000227928
0.000217438
0.000218153
0.000206947
0.000235796
0.000209808
0.000195265
0.000270128
0.000286818
0.000269413
0.000251055
0.000446320
0.001856327
0.000220299
0.000219822
0.000231743
0.000244141
0.000221491
0.000765562
0.000256300
0.000224590
0.002185583
0.002305269
0.002717733
0.000224352
0.000223637
0.000236750
0.000232220
0.000275135
0.000236750
0.000591040
0.000480175
0.000314236
0.000323057
0.000412703
0.000325918
0.000251055
0.000675440
0.000242710
0.000237465
0.000217438
0.000222683
0.000288725
0.001034498
0.000892878
0.000225544
0.000216484
0.000257015
0.000284910
0.000228167
0.000230551
0.000264168
0.000222921
0.000267506
0.000220537
0.000901222
0.000899553
0.000436306
0.000296593
0.000255823
