0.000428200
0.010767460
0.010560751
0.010562420
0.010672331
0.010554314
0.010503531
0.010554552
0.010518074
0.010925531
0.010559082
0.010549068
0.010493517
0.010535717
0.010556459
0.010498285
0.010746717
0.010542870
0.010567188
0.010565281
0.010564327
0.010684252
0.010513067
0.010498524
0.010550499
0.010618448
0.010510683
0.010693073
0.010594368
0.010493755
0.010508299
0.010674715
0.010583639
0.010710955
0.010573149
0.010560989
0.010650158
0.010667801
0.010715961
0.010562420
0.010501862
0.010872841
0.010500431
0.010610580
0.010590553
0.010542154
0.010507107
0.010862350
0.010528803
0.010601759
0.010596275
0.010596037
0.010506153
0.010568857
0.010497093
0.010635138
0.010569334
0.010569572
0.010600090
0.010527372
0.010554075
0.010571957
0.010583162
0.010513067
0.010497570
0.010550976
0.010502100
0.010619402
0.010551691
0.010505915
0.010564089
0.010616541
0.010612249
0.010611534
0.010565281
0.010647058
0.010613680
0.010523081
0.010540962
0.010574818
0.010666847
0.010707140
0.010669231
0.010582209
0.010512114
0.010504484
0.010561466
0.010506630
0.010617495
0.010699511
0.011077642
0.010593176
0.010510206
0.010662079
0.010618925
0.010508060
0.010506868
0.010576725
0.010748863
0.010641575
0.010600090
0.010665178
0.010585785
0.010520697
0.010535240
0.010516882
0.010621786
0.010718822
0.010658979
0.010508060
0.010490656
0.010638475
0.010565996
0.010495424
0.010588169
0.010495186
0.010506868
0.010507584
0.010522127
0.010537386
0.010577202
0.010523319
0.010506153
0.010507107
0.010660172
0.010538101
0.010524750
0.010549545
0.010506153
0.010524988
0.010562420
0.010509253
0.010501623
0.010511637
0.010499716
0.010619879
0.010623932
0.010683537
0.010602474
0.010608435
0.010505915
0.010627508
0.010565996
0.010521412
0.010504723
0.010509014
0.010508299
0.010567188
0.010537386
0.010624647
0.010507107
0.010504484
0.010496140
0.010571718
0.010989189
0.010497093
0.010505915
0.010833979
0.010546446
0.010601044
0.010519743
0.010511875
0.010612726
0.010658741
0.010536671
0.010657549
0.010561705
0.010561943
0.010668039
0.010501623
0.010630131
0.010537386
0.010643005
0.010529041
0.010502338
0.010489702
0.010504961
0.010658503
0.010640144
0.010555744
0.010508537
0.010511875
0.010629177
0.010558367
0.010517359
0.010811567
0.010486364
0.010488749
0.010557413
0.010499239
0.010497093
0.010489702
0.011193275
0.010493755
0.010542154
0.010495663
0.010498047
0.010497093
0.010624170
0.010528803
0.010932446
0.010571718
0.010667801
0.010814190
0.010684490
0.012255907
0.010707617
0.011357069
0.010975838
0.010643721
0.010646105
0.010519981
0.011360407
0.010504007
0.010622978
0.010512829
0.010485649
0.010497808
0.010637760
0.010628223
0.010492325
0.010491371
0.010581493
0.010524035
0.010545731
0.010487556
0.010504484
0.010555983
0.010598421
0.010512352
0.010560751
0.010518789
0.010534286
0.010526180
0.010517836
0.010515690
0.010544538
0.010624409
0.010522604
0.010508060
0.010481358
0.010479450
0.010561943
0.010532379
0.010488987
0.010480881
0.010498524
0.010500908
0.010558367
0.010488987
0.010486841
0.010488033
0.010515213
0.010488987
0.010548115
0.010493994
0.010502100
0.010768175
0.010549545
0.010512352
0.010548353
0.010487080
0.010490894
0.010550261
0.010488272
0.010641098
0.010547400
0.010504723
0.010496855
0.010510921
0.010495424
0.010485649
0.010619640
0.010828018
0.010495424
0.010489464
0.010488272
0.010493040
0.010567665
0.010489702
0.010490894
0.010512114
0.010486841
0.010489702
0.010535002
0.010487080
0.010503531
0.010500431
0.010577440
0.010493279
0.010582924
0.010491848
0.010625839
0.010779381
0.010672092
0.010670424
0.010689735
0.011303902
0.010621309
0.010484219
0.010490656
0.010666847
0.010687828
0.010640621
0.010504246
0.010962009
0.010720491
0.010685682
0.010695457
0.010648727
0.010697126
0.010742664
0.010663748
0.010597229
0.010710478
0.010658979
0.010614634
0.010773420
0.010526419
0.011463881
0.010701180
0.010800600
0.010668755
0.010634899
0.010617733
0.010719776
0.010715485
0.010752439
0.010826588
0.010626793
0.010635376
0.010509729
0.010506630
0.010650158
0.010776281
0.010711193
0.010676622
0.010654449
0.010711908
0.010704279
0.010684729
0.010625839
0.010521412
0.010491610
0.010493517
0.010483027
0.010708809
0.010507822
0.010493755
0.010506868
0.010488510
0.010491848
0.010483027
0.010557175
0.010487080
0.010483265
0.010682106
0.010710478
0.010722399
0.010658979
0.010542154
0.010672331
0.010595560
0.010551214
0.010517836
0.010582447
0.010761023
0.010765314
0.010767221
0.010665417
0.010678291
0.010661125
0.010638237
0.010678291
0.010616779
0.010603428
0.010619164
0.010621548
0.010658264
0.010520935
0.010492802
0.010673285
0.010731220
0.010673761
0.010667801
0.010715008
0.011071920
0.010555983
0.010514736
0.010498285
0.010514021
0.010639668
0.010567665
0.010573864
0.010489941
0.010605335
0.010643721
0.010612488
0.010663033
0.010645390
0.010632277
0.010592222
0.010585308
0.010565758
0.010536671
0.010676622
0.010748625
0.010742426
0.010682106
0.010647297
0.010632992
0.010646105
0.010505438
0.010544062
0.010626078
0.010640383
0.010803223
0.010671616
0.010618687
0.010583401
0.010538816
0.010976315
0.010639429
0.010593414
0.010644197
0.010609388
0.010590792
0.010518551
0.010580301
0.010648251
0.010630608
0.010488033
0.010623455
0.010632992
0.010652065
0.010671616
0.010651112
0.010682821
0.010517359
0.010547876
0.010519028
0.010496140
0.010477781
0.010496140
0.010622978
0.010509491
0.010490656
0.010544062
0.010511398
0.010482311
0.010480881
0.010689020
0.010481119
0.010475159
0.010495186
0.010632992
0.010630131
0.010637045
0.010614872
0.010640144
0.010630846
0.010614395
0.010615826
0.010583878
0.010485888
0.010481834
0.010494232
0.011169434
0.010516644
0.010485888
0.010496140
0.010494947
0.010498047
0.010483503
0.010508537
0.010649681
0.010609627
0.010588169
0.010593653
0.010635376
0.010578394
0.010582924
0.010490417
0.010485649
0.010477066
0.010516167
0.010478735
0.010754347
0.010499239
0.010485649
0.010489941
0.010479450
0.010645628
0.010701895
0.010676861
0.010670185
0.010663748
0.010636568
0.010712862
0.010563850
0.010525703
0.010490417
0.010516644
0.010488272
0.010522604
0.010550022
0.010500193
0.010476589
0.010460615
0.010691643
0.010472536
0.010635853
0.010603905
0.010589361
0.010616302
0.010589361
0.010591984
0.011064291
0.010669231
0.010658026
0.010626554
0.010536671
0.010604382
0.010541677
0.010648251
0.010504484
0.010632515
0.010672331
0.010598421
0.010600567
0.010505915
0.010488272
0.010465860
0.010684490
0.010502338
0.010532379
0.010470390
0.010512114
0.010545969
0.010681391
0.010655403
0.010661602
0.010655165
0.010586500
0.010601044
0.010478020
0.010481834
0.010652781
0.010579586
0.010644197
0.010507822
0.010661602
0.010647535
0.010605335
0.010512352
0.010489702
0.010475397
0.010507345
0.010490417
0.010478497
0.010610580
0.010897160
0.010627031
0.010593653
0.010652065
0.010684967
0.010607481
0.010547876
0.010579824
0.010495424
0.010473967
0.010464430
0.010471582
0.010482311
0.010480404
0.010481834
0.010470867
0.010499001
0.010493279
0.010488749
0.010468960
0.010464191
0.010481596
0.010472059
0.010462999
0.010489941
0.010475159
0.010520935
0.010497570
0.010490417
0.010471344
0.010457993
0.010690451
0.010459661
0.010473013
0.010460615
0.010529280
0.010498762
0.010473728
0.010462523
0.010698080
0.010484934
0.010477781
0.010482550
0.010480404
0.010487318
0.010492802
0.010507822
0.010503054
0.010468960
0.010477543
0.010464191
0.010680199
0.010458231
0.010464191
0.011125803
0.010465145
0.010482311
0.010482311
0.010658741
0.010676622
0.010650396
0.010637045
0.010607004
0.010651827
0.010664701
0.010754347
0.010680199
0.010660172
0.010657072
0.010547638
0.010765791
0.010636806
0.010591030
0.010724783
0.010598183
0.010612011
0.010607958
0.010520220
0.010581255
0.010582447
0.010588169
0.011251688
0.010599375
0.010571003
0.010495663
0.010619402
0.010707378
0.010656595
0.010937214
0.010705471
0.010643482
0.010481834
0.010631800
0.010607243
0.010669947
0.011290312
0.010695219
0.010565758
0.010604858
0.010477066
0.011165857
0.010510921
0.010625839
0.010604620
0.010525227
0.010575533
0.010590076
0.010573626
0.010589600
0.010584831
0.010587215
0.010568619
0.010480642
0.010556936
0.010501623
0.010496378
0.010482788
0.010481358
0.010485649
0.010491133
0.010472536
0.010520220
0.010502815
0.011160374
0.010669708
0.010649443
0.010676861
0.010680914
0.010623932
0.010506153
0.010508299
0.010638952
0.010578394
0.010587215
0.010576725
0.010491133
0.010586500
0.010532141
0.010720491
0.010647297
0.010605812
0.010604858
0.010479450
0.010509968
0.010612249
0.010679007
0.010672331
0.010509729
0.010494709
0.010660410
0.010678291
0.010630846
0.010488749
0.010631323
0.010685444
0.010641575
0.010672569
0.010652542
0.010636806
0.010524988
0.010535002
0.010666132
0.010632277
0.010563374
0.010480404
0.010647297
0.010485172
0.010500669
0.010485649
0.010552406
0.010480404
0.010472298
0.010481834
0.010474682
0.010472775
0.010572672
0.010638237
0.010498524
0.010490656
0.010476828
0.010480642
0.010554075
0.010509014
0.010487318
0.010478497
0.010625124
0.010581493
0.010559320
0.010489941
0.010469675
0.010472298
0.010485411
0.010486126
0.010536194
0.010477066
0.010474682
0.010484695
0.010482311
0.010474682
0.010564566
0.010491133
0.010493040
0.010499954
0.010481119
0.010475636
0.010546446
0.010560036
0.010535479
0.010482788
0.010490179
0.010476351
0.010546684
0.010481834
0.010481596
0.010468006
0.010474443
0.010498762
0.010589123
0.010483027
0.010475159
0.010483503
0.010617971
0.010557652
0.010648489
0.010614157
0.011146545
0.010564566
0.010790110
0.010764122
0.010661364
0.011194706
0.010655642
0.010635138
0.010698080
0.010678768
0.010658741
0.010617971
0.010501385
0.010483027
0.010645866
0.010621309
0.010614395
0.010546684
0.010484695
0.010479212
0.010515451
0.010505199
0.010546207
0.010480642
0.010472536
0.010476112
0.010501623
0.010519743
0.010491848
0.010479927
0.010494709
0.010510683
0.010529518
0.010560989
0.010613203
0.010505915
0.010479927
0.010474682
0.010493994
0.010537624
0.010490894
0.010576010
0.010519028
0.010478258
0.010479927
0.010519743
0.010482550
0.010472775
0.010483027
0.010474205
0.010468483
0.010639906
0.010540247
0.010514498
0.010493279
0.010478735
0.010485649
0.010561466
0.010490894
0.010469198
0.010478735
0.010495186
0.010485888
0.010544300
0.010507345
0.010487080
0.010473728
0.010474920
0.010476589
0.010524511
0.010477543
0.010483980
0.010477781
0.010480404
0.010470390
0.010533333
0.010488510
0.010471582
0.010476828
0.010493755
0.010658979
0.010592937
0.010581970
0.010489941
0.010489941
0.010489941
0.010951519
0.010553122
0.010485888
0.010471106
0.010471106
0.010491133
0.010482788
0.010526419
0.010508537
0.010482788
0.010462761
0.010458946
0.010460377
0.010529518
0.010469198
0.010506630
0.010617018
0.010499954
0.010463476
0.010539532
0.010476351
0.010470867
0.010491610
0.010469913
0.010483980
0.010562897
0.010479212
0.010527849
0.010497808
0.010472059
0.010469675
0.011119366
0.010469675
0.010462761
0.010456085
0.010658026
0.010611773
0.010677576
0.010667801
0.010658264
0.010599136
0.010471344
0.010483027
0.010703087
0.010461092
0.010516882
0.010527611
0.010500908
0.010482311
0.010473251
0.010486126
0.010486126
0.010507822
0.010466337
0.010480165
0.010483265
0.010490417
0.010759115
0.010471106
0.010461330
0.010469198
0.010457993
0.010510206
0.010476351
0.010468245
0.011235237
0.010475397
0.010478497
0.010468483
0.010465145
0.010466814
0.010471582
0.010480642
0.010471344
0.010461330
0.010547638
0.010518312
0.010499001
0.010492086
0.010502577
0.010475636
0.010460615
0.010480881
0.010474443
0.010608435
0.010485172
0.010470152
0.010523558
0.010463715
0.010472536
0.010467291
0.010687828
0.010462046
0.010468006
0.010452747
0.010476828
0.010459661
0.010458231
0.010470629
0.010477304
0.010470152
0.010458469
0.010470390
0.010489702
0.010472298
0.010476828
0.010514021
0.010495901
0.010477304
0.010460138
0.010466814
0.010470390
0.010472298
0.010465384
0.010617256
0.010504007
0.010482550
0.010457754
0.010533571
0.010480404
0.010479450
0.010646105
0.010687113
0.010644197
0.010495901
0.010480642
0.010479689
