0.000212908
0.000233889
0.000188351
0.000128508
0.000119448
0.000155210
0.000128984
0.000119925
0.000132799
0.000120640
0.000120640
0.000132561
0.000119209
0.000122547
0.000174046
0.000121117
0.000197411
0.000142336
0.000132322
0.000182390
0.000134945
0.000153780
0.000215292
0.000152588
0.000177383
0.000127554
0.000118971
0.000118732
0.000126839
0.000136852
0.000124216
0.000142097
0.000126362
0.000120401
0.000119448
0.000223875
0.000135899
0.000120640
0.000127554
0.000136137
0.000122786
0.000123262
0.000118017
0.000174046
0.000116348
0.000117302
0.000116587
0.000137091
0.000130415
0.000126839
0.000145674
0.000123024
0.000123262
0.000165939
0.000117540
0.000119209
0.000117302
0.000118256
0.000137806
0.000120163
0.000120401
0.000117302
0.000121117
0.000164986
0.000116825
0.000117302
0.000115156
0.000117064
0.000118017
0.000140429
0.000127077
0.000126123
0.000173330
0.000118256
0.000116348
0.000117540
0.000120640
0.000123262
0.000138521
0.000132799
0.000136852
0.000143766
0.000133991
0.000121832
0.000172615
0.000223637
0.000144720
0.000144243
0.000148296
0.000141382
0.000124693
0.000119686
0.000118494
0.000117064
0.000163794
0.000121355
0.000117302
0.000116587
0.000135660
0.000119209
0.000117779
0.000117302
0.000115156
0.000116825
0.000116110
0.000114918
0.000113964
0.000114202
0.000149965
0.000119209
0.000145912
0.000138521
0.000119448
0.000121355
0.000115633
0.000120640
0.000122309
0.000233173
0.000223875
0.000203609
0.000179291
0.000203371
0.000229120
0.000210762
0.000130177
0.000118732
0.000114918
0.000122309
0.000124693
0.000118256
0.000117302
0.000118971
0.000115156
0.000115395
0.000113964
0.000126362
0.000120640
0.000116348
0.000124693
0.000123978
0.000117302
0.000142336
0.000119209
0.000115156
0.000114918
0.000118017
0.000115395
0.000115633
0.000148535
0.000120163
0.000121593
0.000118017
0.000117302
0.000116587
0.000118494
0.000115395
0.000126362
0.000119686
0.000126362
0.000116587
0.000116825
0.000119925
0.000126600
0.000120401
0.000119686
0.000117064
0.000115156
0.000117064
0.000135899
0.000122070
0.000118971
0.000116110
0.000138760
0.000133514
0.000115871
0.000119209
0.000115871
0.000121593
0.000126123
0.000116825
0.000115395
0.000128508
0.000119209
0.000136137
0.000119448
0.000118017
0.000116825
0.000116110
0.000157595
0.000126600
0.000125170
0.000120401
0.000125885
0.000117779
0.000116348
0.000115871
0.000115156
0.000115395
0.000138760
0.000124216
0.000118256
0.000133276
0.000126600
0.000116587
0.000114202
0.000124931
0.000121117
0.000119686
0.000143766
0.000121593
0.000118494
0.000118017
0.000116110
0.000117779
0.000121593
0.000114441
0.000114441
0.000116110
0.000235319
0.000132084
0.000118494
0.000125885
0.000118017
0.000116348
0.000115395
0.000182390
0.000119448
0.000116825
0.000134706
0.000124216
0.000125647
0.000116348
0.000138044
0.000119209
0.000115633
0.000126839
0.000114918
0.000116587
0.000123739
0.000117779
0.000115156
0.000115156
0.000115871
0.000123739
0.000130415
0.000114679
0.000114202
0.000115633
0.000125170
0.000117779
0.000117540
0.000115395
0.000115156
0.000114679
0.000114679
0.000115156
0.000133753
0.000122547
0.000193596
0.000148535
0.000125170
0.000118256
0.000157118
0.000123501
0.000122547
0.000120878
0.000117302
0.000116110
0.000129223
0.000119686
0.000130892
0.000117540
0.000115871
0.000115395
0.000114918
0.000114679
0.000116587
0.000117064
0.000123978
0.000119209
0.000117540
0.000116587
0.000114441
0.000114441
0.000115156
0.000114918
0.000114918
0.000115633
0.000129223
0.000129938
0.000117302
0.000114918
0.000132322
0.000119686
0.000115395
0.000118971
0.000114441
0.000116348
0.000166893
0.000123501
0.000118971
0.000118494
0.000116110
0.000114679
0.000113964
0.000114918
0.000113726
0.000116825
0.000127316
0.000119209
0.000134468
0.000118256
0.000115633
0.000115395
0.000114679
0.000115871
0.000114441
0.000117302
0.000144243
0.000125408
0.000116825
0.000116348
0.000114441
0.000125408
0.000118017
0.000118256
0.000114679
0.000233889
0.000216007
0.000126123
0.000115871
0.000117064
0.000115156
0.000115156
0.000114918
0.000114202
0.000113249
0.000115395
0.000135899
0.000121355
0.000119686
0.000118494
0.000116825
0.000115395
0.000113964
0.000114679
0.000114441
0.000116110
0.000117779
0.000119448
0.000120163
0.000116110
0.000118256
0.000133276
0.000115395
0.000118256
0.000117064
0.000120401
0.000123501
0.000116110
0.000114441
0.000116825
0.000113726
0.000115156
0.000114679
0.000113964
0.000116825
0.000120878
0.000115156
0.000115395
0.000117302
0.000117540
0.000113726
0.000114679
0.000115156
0.000114918
0.000115633
0.000119448
0.000184774
0.000134945
0.000123501
0.000115156
0.000115633
0.000128508
0.000118494
0.000121117
0.000116825
0.000117779
0.000131845
0.000120640
0.000123739
0.000117064
0.000115633
0.000114679
0.000115156
0.000114202
0.000114918
0.000116348
0.000115395
0.000114679
0.000117779
0.000115633
0.000115395
0.000115395
0.000113964
0.000123024
0.000114202
0.000118732
0.000114202
0.000119925
0.000122070
0.000114679
0.000114441
0.000132084
0.000116110
0.000118732
0.000114679
0.000115871
0.000141382
0.000120878
0.000116110
0.000116110
0.000115871
0.000116587
0.000115156
0.000114918
0.000113964
0.000115871
0.000117064
0.000115395
0.000120878
0.000117064
0.000114918
0.000115871
0.000119209
0.000114679
0.000113726
0.000115156
0.000123501
0.000122070
0.000116587
0.000114918
0.000114202
0.000115633
0.000126362
0.000118256
0.000114679
0.000116110
0.000114918
0.000115395
0.000114918
0.000114202
0.000113249
0.000113964
0.000115633
0.000117064
0.000114202
0.000115395
0.000145912
0.000135660
0.000123262
0.000118494
0.000120163
0.000124693
0.000118494
0.000116587
0.000115395
0.000118017
0.000125885
0.000140905
0.000126362
0.000119686
0.000116348
0.000132561
0.000156403
0.000122309
0.000117302
0.000208378
0.000152349
0.000118971
0.000117064
0.000116348
0.000114202
0.000115395
0.000114202
0.000114441
0.000114202
0.000127077
0.000149727
0.000122786
0.000125170
0.000116825
0.000114679
0.000114441
0.000114202
0.000114679
0.000115156
0.000117302
0.000182390
0.000127792
0.000117302
0.000115156
0.000114202
0.000121117
0.000134706
0.000118494
0.000115633
0.000122786
0.000117540
0.000115871
0.000119686
0.000116110
0.000117064
0.000125408
0.000117779
0.000116587
0.000116110
0.000119209
0.000114918
0.000115871
0.000122309
0.000119686
0.000117779
0.000115156
0.000114918
0.000115633
0.000115395
0.000118017
0.000114679
0.000119925
0.000115633
0.000113726
0.000115633
0.000114918
0.000118256
0.000134230
0.000115156
0.000116587
0.000143290
0.000120401
0.000117064
0.000114441
0.000123978
0.000119209
0.000114202
0.000114918
0.000115156
0.000125647
0.000116587
0.000115871
0.000130177
0.000119209
0.000115871
0.000115395
0.000114679
0.000116348
0.000115633
0.000122547
0.000123262
0.000120640
0.000121117
0.000118494
0.000115395
0.000115633
0.000129700
0.000118732
0.000114679
0.000115633
0.000117302
0.000114918
0.000114679
0.000122070
0.000114202
0.000115633
0.000114202
0.000113964
0.000114202
0.000116825
0.000136852
0.000120163
0.000119448
0.000116348
0.000115633
0.000114441
0.000114202
0.000113964
0.000115633
0.000119686
0.000119209
0.000120878
0.000121593
0.000130177
0.000115395
0.000114918
0.000117779
0.000129223
0.000115871
0.000205040
0.000146866
0.000118971
0.000118494
0.000114918
0.000115156
0.000115156
0.000114679
0.000115156
0.000114441
0.000115395
0.000113964
0.000114441
0.000124931
0.000115871
0.000115633
0.000113726
0.000113726
0.000114441
0.000114202
0.000116825
0.000189304
0.000130892
0.000119686
0.000115633
0.000114679
0.000119925
0.000118256
0.000134468
0.000118017
0.000123262
0.000884771
0.000234127
0.000148773
0.000125647
0.000120640
0.000118732
0.000122070
0.000115871
0.000118971
0.000116348
0.000121593
0.000126123
0.000120163
0.000115871
0.000115156
0.000115871
0.000115871
0.000116825
0.000113964
0.000117064
0.000116110
0.000127077
0.000117064
0.000119448
0.000115871
0.000114202
0.000118732
0.000133753
0.000123978
0.000117302
0.000134468
0.000118494
0.000117064
0.000116587
0.000114918
0.000115395
0.000114202
0.000117064
0.000115871
0.000119448
0.000118256
0.000118017
0.000121832
0.000116587
0.000115156
0.000116348
0.000115156
0.000115395
0.000116110
0.000130177
0.000162601
0.000129223
0.000118494
0.000117064
0.000115633
0.000116348
0.000120640
0.000123978
0.000133991
0.000123024
0.000133991
0.000119448
0.000116110
0.000116110
0.000115633
0.000122070
0.000114679
0.000114202
0.000115871
0.000116110
0.000131130
0.000118494
0.000118494
0.000116825
0.000115633
0.000115156
0.000113964
0.000114202
0.000114918
0.000116348
0.000116825
0.000121355
0.000122547
0.000116587
0.000116587
0.000114679
0.000118494
0.000115633
0.000238895
0.000172377
0.000142813
0.000120640
0.000129223
0.000116587
0.000130177
0.000126362
0.000123739
0.000122786
0.000117064
0.000121117
0.000125170
0.000117779
0.000125408
0.000115395
0.000116348
0.000115871
0.000116348
0.000115633
0.000121117
0.000115156
0.000161648
0.000128746
0.000118732
0.000115395
0.000115633
0.000116348
0.000118971
0.000116587
0.000116110
0.000136375
0.000124454
0.000117064
0.000139236
0.000116825
0.000115633
0.000116348
0.000115156
0.000114441
0.000121832
0.000115871
0.000115633
0.000115633
0.000119448
0.000114918
0.000114679
0.000123024
0.000133991
0.000117302
0.000115156
0.000116110
0.000117779
0.000121117
0.000116348
0.000115633
0.000115395
0.000115395
0.000118256
0.000116348
0.000137329
0.000121355
0.000133276
0.000120878
0.000137329
0.000116587
0.000116348
0.000116348
0.000116348
0.000115395
0.000115633
0.000128508
0.000120878
0.000117779
0.000121832
0.000116110
0.000121355
0.000116587
0.000114918
0.000114918
0.000115395
0.000115156
0.000114918
0.000120163
0.000118494
0.000114441
0.000114679
0.000114679
0.000118971
0.000116587
0.000115395
0.000138760
0.000117779
0.000114679
0.000118971
0.000114441
0.000119209
0.000121117
0.000115395
0.000115395
0.000123262
0.000116110
0.000129938
0.000117302
0.000118971
0.000115395
0.000124454
0.000116825
0.000115871
0.000147820
0.000118494
0.000123978
0.000125170
0.000127316
0.000130653
0.000117302
0.000118017
0.000117064
0.000118494
0.000115633
0.000115395
0.000133991
0.000123262
0.000115633
0.000117064
0.000115871
0.000117064
0.000121832
0.000120878
0.000114918
0.000114202
0.000116348
0.000114679
0.000118017
0.000118256
0.000120878
0.000114202
0.000122547
0.000113726
0.000115156
0.000114441
0.000115156
0.000180960
0.000126362
0.000115395
0.000115871
0.000114679
0.000115156
0.000117064
0.000117064
0.000116110
0.000159502
0.000148058
0.000126600
0.000123024
0.000115395
0.000119209
0.000115633
0.000115871
0.000114441
0.000114441
0.000121832
0.000127554
0.000157833
0.000147104
0.000127554
0.000119925
0.000117779
0.000117064
0.000115871
0.000115395
0.000217199
0.000128984
0.000123739
0.000117779
0.000115395
0.000115633
0.000114918
0.000118494
0.000115871
0.000122786
0.000117064
0.000184536
0.000127077
0.000120163
0.000117302
0.000115633
0.000115395
0.000114441
0.000114918
0.000116587
0.000116348
0.000123978
0.000115633
0.000121355
0.000116348
0.000115156
0.000114441
0.000115633
0.000122309
0.000115871
0.000115871
0.000200033
0.000150919
0.000126123
0.000129461
0.000118017
0.000128508
0.000126839
0.000116348
0.000182152
0.000198841
0.000228882
0.000136375
0.000129461
0.000118971
0.000116110
0.000117302
0.000116110
0.000114918
0.000114441
0.000115156
0.000121355
0.000118017
0.000117064
0.000115156
0.000114679
0.000115156
0.000114202
0.000114441
0.000115871
0.000121117
0.000130177
0.000122309
0.000125885
0.000123501
0.000114679
0.000114441
0.000118256
0.000121832
0.000114202
0.000115395
0.000120163
0.000146627
0.000119448
0.000120878
0.000114679
0.000116348
0.000114679
0.000114441
0.000115156
0.000118971
0.000118256
0.000115156
0.000118017
0.000114918
0.000115871
0.000115871
0.000114679
0.000115156
0.000115633
0.000118494
0.000216246
0.000132561
0.000120640
0.000116825
0.000115395
0.000115633
0.000126600
0.000118971
0.000115395
0.000123739
0.000150442
0.000119925
0.000120640
0.000116348
0.000115633
0.000114918
0.000114441
0.000115156
0.000115871
0.000116825
0.000115395
