0.376635551
0.550633192
0.485593557
0.392860174
0.293553829
0.197521925
0.099035025
0.005239964
0.006118774
0.005160570
0.013453007
0.006102562
0.004836798
0.006096840
0.005197048
0.234672070
0.443292856
0.546292543
0.560397863
0.566613913
0.580574989
0.585613966
0.487314463
0.393829346
0.488914490
0.545059204
0.455316305
0.359431028
0.260602236
0.158274651
0.062294245
0.008794785
0.006254435
0.009078979
0.007208347
0.006768227
0.262164593
0.172573090
0.079587936
0.017119646
0.040766954
0.006924152
0.007062912
0.138103008
0.042247295
0.006141663
0.323189020
0.429048777
0.333275318
0.237410069
0.141329765
0.045242548
0.005795479
0.005679607
0.005745888
0.363824844
0.732176065
0.911375523
0.839705229
0.744244814
0.648534536
0.552587271
0.456652403
0.360493422
0.264476061
0.168233156
0.072395802
0.006109476
0.349895000
0.761771441
0.695079088
0.608714342
0.522043705
0.425875664
0.329661369
0.233749151
0.137741327
0.040461302
0.434997559
0.746116400
0.833787680
0.737259150
0.641598225
0.545603991
0.449601173
0.361853361
0.265724182
0.169787884
0.073533773
0.004866123
0.383898973
0.772602558
1.060099363
0.998380899
1.107100010
1.011011362
0.914544344
0.818591356
0.722902536
0.652424335
0.557072401
0.461182594
0.365203381
0.267827749
0.172925949
0.077030420
0.004964113
0.106220007
0.213917017
0.124544859
0.028509140
0.004433870
0.095467567
0.392964840
0.818729162
0.805537939
0.710223198
0.614237785
0.518558264
0.422537088
0.326437235
0.230976343
0.134865046
0.038215160
0.004466534
0.376832485
0.747703075
1.147771358
1.076032162
0.977959156
0.886249542
0.787000895
0.689096928
0.590744019
0.492051601
0.393439531
0.295025110
0.196359873
0.097819805
0.185228586
0.086786509
0.003973484
0.003973007
0.003999949
0.004013538
0.012575626
0.004061699
0.003978014
0.351178885
0.665393353
0.580475330
0.482504129
0.384417534
0.285697699
0.187327385
0.088862419
0.004061222
0.003884077
0.003923655
0.003920078
0.003938913
0.161283255
0.062913418
0.004037857
0.004021406
0.150430202
0.410104513
0.787446260
1.113448381
1.201598883
1.105396986
1.093616724
0.995144129
0.896650314
0.797835350
0.700270891
0.605520487
0.507149220
0.408408880
0.309827328
0.211306334
0.112672329
0.017212391
0.137577772
0.039116621
0.003704786
0.003730774
0.343277454
0.681338549
1.087111712
1.274971247
1.341471434
1.290181398
1.194719791
1.119117737
1.023660660
0.935612440
0.840097666
0.744255304
0.647978783
0.551793098
0.455749035
0.359939098
0.263566971
0.167631388
0.071290255
0.359447479
0.684027433
0.712516546
0.617944956
0.529169321
0.608107567
0.922808886
1.007934332
0.926472187
0.838383913
0.742756367
0.646799803
0.550582886
0.454431772
0.358480215
0.262348890
0.166409492
0.069635868
0.005110741
0.004820585
0.004926205
0.004868984
0.004838943
0.004805088
0.013422966
0.004824162
0.004849672
0.373200417
0.702416658
0.888727188
1.163039684
1.066893816
0.971156359
0.875250816
0.779320002
0.683758259
0.591981173
0.650696039
0.679790735
0.596048832
0.501402617
0.406434059
0.309899092
0.219555378
0.123455286
0.026558876
0.004907370
0.004891157
0.004870653
0.013540745
0.004968882
0.004907608
0.004851341
0.013493776
0.004871130
0.004900932
0.004869938
0.004850149
0.004909277
0.004922867
0.004979610
0.004971743
0.005174160
0.013454437
0.004881382
0.004881144
0.004993200
0.013406992
0.004888535
0.004926443
0.004950285
0.004894018
0.004863977
0.004879713
0.034149170
0.122677326
0.436846972
0.505245209
0.411991835
0.317655325
0.221776009
0.125631809
0.031685352
0.004499674
0.004481554
0.004468679
0.004501104
0.013059378
0.004569530
0.004547834
0.013266325
0.004538298
0.085157156
0.297939777
0.203965425
0.108278990
0.016658783
0.004909754
0.013558865
0.004889727
0.005019426
0.004849434
0.004877567
0.004876137
0.004871607
0.004860163
0.004842997
0.004842281
0.004905224
0.004876137
0.004944324
0.004828691
0.004850388
0.004833698
0.004867077
0.004899025
0.004885197
0.005061865
0.004888296
0.004871130
0.004959583
0.004869223
0.004841089
0.004895687
0.013532639
0.013561726
0.004892588
0.134843826
0.434545279
0.810414553
1.216409922
1.124609709
1.031635523
0.935592651
0.839517117
0.743496180
0.647412300
0.551295996
0.455283880
0.359248638
0.263156891
0.167179585
0.071112633
0.013125181
0.004450798
0.004451990
0.004442930
0.004440308
0.377992392
0.746557713
0.896637201
0.805033922
0.709279537
0.613173962
0.517229795
0.421133757
0.324809313
0.228824615
0.133002520
0.036655426
0.122662067
0.454434872
0.791969538
0.875780582
0.779944420
0.691919088
0.595994234
0.499891996
0.403693676
0.312884331
0.217306376
0.121289730
0.019491673
0.004821777
0.004848719
0.004852533
0.004802942
0.013489723
0.146209002
0.207107306
0.505706072
0.421425581
0.626288414
0.530349016
0.434136629
0.338104248
0.748418331
0.910666704
0.835386038
0.750130653
0.654076815
0.558286428
0.461890459
0.366148949
0.274125576
0.177813530
0.082074404
0.004847288
0.004807472
0.004840612
0.012924433
0.004843235
0.004828215
0.004796982
0.013343811
0.134578943
0.454687119
0.853577852
1.096142530
1.001300812
0.906233072
0.810520649
0.715003490
0.619153976
0.684276581
0.617960930
0.647619009
0.552355051
0.456089020
0.358904839
0.740146875
0.797552824
0.740320206
0.644564629
0.548326969
0.452562094
0.356501818
0.260538340
0.164173365
0.066580772
0.005024433
0.004504204
0.004512548
0.004467487
0.004522085
0.004524946
0.004530907
0.004490376
0.004494905
0.004472733
0.004547119
0.004415035
0.004439354
0.004482269
0.004476547
0.004491568
0.004444122
0.004485369
0.004483700
0.004467487
0.004597664
0.004485130
0.004484653
0.004507780
0.004408598
0.004503489
0.004497766
0.004448175
0.004456520
0.004561663
0.004678011
0.004527092
0.109139919
0.364402294
0.733702421
0.917607307
0.821741104
0.725650072
0.629808903
0.533844471
0.437743664
0.341688871
0.245691538
0.149678707
0.053545237
0.154708385
0.058978796
0.013010740
0.004460096
0.004373074
0.004517317
0.012809515
0.359653950
0.682555199
1.163532019
1.560773611
1.477272272
1.381694078
1.285737991
1.189836740
1.094077349
0.997970104
0.903549910
0.807976723
0.711944342
0.616009712
0.519947290
0.423987865
0.328292847
0.232238531
0.136309385
0.199554443
0.565569639
0.717156887
0.934175730
0.837971687
0.742037773
0.646159887
0.550332546
0.454320431
0.358361006
0.784237146
1.202522993
1.186539173
1.248110771
1.152397156
1.056800127
0.977224588
0.881909370
0.794782162
0.815418005
0.719691038
0.623399019
0.527777672
0.431658030
0.335880041
0.280576468
0.184038401
0.094376087
0.106023312
0.106354713
0.010385513
0.004809141
0.372567415
0.720083475
0.979080915
0.883201599
0.786702156
0.691133261
0.594809294
0.507256746
0.410990000
0.315250397
0.221855164
0.125689507
0.029655457
0.004831791
0.004845858
0.004798889
0.004840374
0.004903555
0.004907608
0.122756958
0.451951981
0.885613680
0.868378878
1.201527119
1.188151598
1.102801561
1.007338524
0.930234194
0.834717751
0.739432812
0.643105268
0.547261953
0.451920748
0.356344700
0.260574341
0.163891792
0.068182230
0.004952669
0.004789114
0.004812002
0.004819393
0.004849672
0.004816771
0.004877329
0.004804134
0.004906893
0.134483099
0.420025110
0.735077381
1.212501764
1.241869926
1.162824631
1.067411184
0.972425222
0.877282381
0.789900780
0.720276833
0.734579563
0.638570070
0.542787790
0.446831226
0.351152182
0.255226851
0.158994436
0.415733099
0.755244017
0.659219027
0.600885630
0.515168667
0.419178009
0.323146343
0.227250338
0.131378412
0.034025192
0.004485130
0.046045303
0.004434109
0.013261080
0.394714117
0.723690987
1.045435905
1.030806065
0.934944391
0.839076757
0.743220568
0.647269249
0.551035881
0.454941511
0.358881235
0.263197422
0.167155027
0.071671724
0.004803419
0.372896433
0.720784426
1.203198433
1.118255377
1.027981281
0.938470840
0.842259645
0.746322393
0.650150299
0.554348707
0.458339453
0.361939430
0.266308784
0.170430899
0.074282169
0.004397392
0.004573345
0.004392862
0.004552364
0.004458904
0.004405022
0.095613241
0.421503305
0.836065292
1.288695335
1.319972277
1.224735975
1.128662109
1.032766342
0.937054396
1.018626451
0.931688070
0.835953236
0.739873648
0.644035578
0.548087597
0.451946974
0.355785131
0.259842634
0.164187193
0.068118334
0.004906416
0.004854679
0.004911661
0.005132914
0.004895449
0.013305664
0.004894733
0.013456345
0.004842281
0.013378859
0.004909515
0.004835129
0.004845619
0.005123138
0.004874706
0.004832268
0.004851103
0.146560669
0.488463640
0.874751091
1.276200294
1.412320614
1.316614389
1.220418930
1.125490427
1.029422045
0.993345976
1.067652225
0.971933603
0.876213312
0.823988914
0.728164196
0.963517427
0.895876646
0.800902367
0.735152245
0.663238525
0.567443132
0.471325874
0.375393152
0.283316851
0.187302828
0.090117216
0.004568100
0.004483700
0.391534090
0.748140335
1.055432558
0.959728241
0.863918781
0.768169880
0.672322989
0.576791286
0.480766773
0.384694576
0.288715601
0.191840649
0.096720934
0.004583120
0.013081312
0.004513979
0.004431248
0.004652500
0.004589558
0.004545927
0.004441500
0.004507065
0.004448652
0.004506826
0.004482985
0.004534960
0.004530668
0.004595995
0.004507780
0.004484415
0.004481792
0.004496574
0.004478931
0.004477262
0.004491568
0.004519463
0.095290899
0.375307560
0.753612995
0.658048630
0.562125921
0.868519306
1.155814171
1.074110985
0.978074312
0.882219791
0.786620378
0.691212416
0.600247860
0.682640076
0.900849819
0.806170702
0.710270166
0.614366531
0.517283916
0.423322201
0.769866705
1.151991606
1.084033489
0.988314390
0.893572092
0.798080206
0.704170704
0.609263182
0.512773037
0.417868614
0.322237492
0.226356030
0.130300045
0.032744169
0.004839182
0.004823446
0.004839659
0.004817247
0.004823208
0.004830599
0.004835129
0.004828691
0.004875660
0.004830122
0.004857063
0.004825592
0.122753143
0.407959461
0.751038313
0.800967455
0.706435680
0.610518217
0.514542103
0.418269634
0.322593689
0.226658583
0.130988121
0.033716679
0.004848242
0.376238823
0.755635500
0.708839417
0.612893105
0.516850233
0.429244518
0.332825899
0.237197399
0.140941620
0.044716597
0.004508972
0.407937288
0.755928516
0.671160936
0.650329828
0.574244976
0.477584124
0.382431984
0.288378954
0.192322731
0.519885302
0.893488407
1.368416786
1.577155590
1.662831545
1.566531420
1.470617771
1.378666878
1.436934471
1.340955496
1.244614840
1.149694920
1.054889917
0.963791847
0.869385958
0.774589300
0.678799868
0.583848476
0.492419481
0.824147224
0.744791746
0.659217358
0.655920506
0.560190439
0.464669466
0.370287657
0.275023222
0.184336185
0.088664532
0.005044460
0.004942417
0.013556480
0.004783392
0.004884958
0.004801750
0.004768133
0.004779577
0.004791021
0.004809618
0.004756212
0.004767656
0.004382610
0.004438400
0.004474640
0.004412889
0.004387140
0.004438400
0.004427433
0.004388094
0.004397392
0.004402876
0.004425287
0.004470825
0.004552364
0.004458427
0.004540205
0.004466295
0.004484653
0.004544497
0.004531622
0.004519701
0.013050556
0.095582724
0.234459400
0.138684273
0.042742729
0.004832029
0.004839182
0.004832745
0.004809856
0.004847527
0.004845142
0.004859447
0.004901648
0.013378143
0.004837990
0.004861832
0.004914761
0.004893541
0.013548374
0.004873753
0.004848957
0.004812717
0.004871368
0.004834175
0.004860401
0.004851580
0.004885435
0.004832745
0.013633490
0.004826069
0.004827261
0.004810572
0.004911900
0.136408091
0.107847691
0.013654232
0.004861593
0.004896879
0.004827738
0.004947662
0.004800558
0.013481855
0.004907131
0.004880428
0.004836321
0.004870415
0.004859447
0.013458729
0.004862547
0.004853964
0.004836321
0.004869223
0.034432411
0.004877090
0.004840136
0.004828930
0.004822731
0.004838943
0.004779339
0.004781723
0.004827976
0.134984255
0.512846231
0.713756800
0.630302668
0.537722111
0.451853514
0.355837345
0.259956121
0.163930893
0.067913294
0.004496336
0.004542589
0.004510164
0.004430294
0.013136148
0.004531384
0.013189077
0.004508734
0.004473448
0.004433155
0.004514217
0.004647017
0.004497051
0.004496574
0.004509926
0.004481554
0.004512310
0.004495382
0.013086319
0.004484892
0.004487991
0.004512787
0.004472733
0.012990475
0.004486561
0.004455805
0.004490614
0.004457712
0.004467726
0.004465342
0.004864693
0.004948616
0.004831314
0.004834414
