0.000197887
0.000156641
0.000122786
0.000119686
0.000122547
0.000119448
0.000162363
0.000114441
0.000114679
0.000241756
0.000123262
0.000122547
0.000117064
0.000116110
0.000114441
0.000113487
0.000117302
0.000120163
0.000199080
0.000164747
0.000164270
0.000119925
0.000118494
0.000124693
0.000121832
0.000120163
0.000116348
0.000116825
0.000157595
0.000143528
0.000120878
0.000115871
0.000112057
0.000116348
0.000188112
0.000148058
0.000117540
0.000202894
0.000148535
0.000145912
0.000117540
0.000123262
0.000195265
0.000185728
0.000213861
0.000230312
0.000213146
0.000190258
0.000123739
0.000225782
0.000199318
0.000120401
0.000115156
0.000114679
0.000114679
0.000144958
0.000117779
0.000115871
0.000118017
0.000203609
0.000199795
0.000191689
0.000219345
0.000178814
0.000126123
0.000113010
0.000114918
0.000119209
0.000114441
0.000123501
0.000509024
0.000115156
0.000160456
0.000111341
0.000115156
0.000111341
0.000110626
0.000113964
0.000114679
0.000115395
0.000197887
0.000123978
0.000192642
0.000122070
0.000126600
0.000154734
0.000120163
0.000113010
0.000111103
0.000169516
0.000132322
0.000115395
0.000111103
0.000140905
0.000119448
0.000115871
0.000110865
0.000115156
0.000131607
0.000121832
0.000115156
0.000116587
0.000113964
0.000112772
0.000113249
0.000113487
0.000109196
0.000110149
0.000223398
0.000203371
0.000221968
0.000217676
0.000130415
0.000114441
0.000113010
0.000115395
0.000192881
0.000605822
0.000204325
0.000211239
0.000196457
0.000204563
0.000218391
0.000202417
0.000200987
0.000215292
0.000202894
0.000200987
0.000201702
0.000202656
0.000174522
0.000205517
0.000220776
0.000202179
0.000217199
0.000200748
0.000209332
0.000202179
0.000220060
0.000227690
0.000203848
0.000200510
0.000230074
0.000185251
0.000139475
0.000191212
0.000233412
0.000560284
0.000208378
0.000206709
0.000193834
0.000204325
0.000235558
0.000215292
0.000182152
0.000311375
0.000114441
0.000127316
0.000180244
0.000133276
0.000175714
0.000204086
0.000207186
0.000671148
0.000146151
0.000126362
0.000112295
0.000183105
0.000216484
0.000185251
0.000141144
0.000660181
0.000192404
0.000187635
0.000225544
0.000197172
0.000200033
0.000122786
0.000118494
0.000114679
0.000113726
0.000110626
0.000112534
0.000195265
0.000226259
0.000151873
0.000170469
0.000205278
0.000179768
0.000165701
0.000183105
0.000126362
0.000197172
0.000324488
0.000120163
0.000112534
0.000109434
0.000110388
0.000117779
0.000109673
0.000116348
0.000141144
0.000126600
0.000229836
0.000200510
0.000163317
0.000120640
0.000237465
0.000145674
0.000193119
0.000133514
0.000196934
0.000126362
0.000119686
0.000188351
0.000216007
0.000120401
0.000114918
0.000124693
0.000237226
0.000182152
0.000207186
0.000240088
0.000223637
0.000203848
0.000124216
0.000245333
0.000209570
0.000208378
0.000190973
0.000231504
0.000222683
0.000202179
0.000229836
0.000202417
0.000207663
0.000205517
0.000226259
0.000204086
0.000212431
0.000231266
0.000202894
0.000203848
0.000207901
0.000227213
0.000203848
0.000191689
0.000135660
0.000207663
0.000164747
0.000117540
0.000113010
0.000116587
0.000128269
0.000130653
0.000236988
0.000202894
0.000188828
0.000144958
0.000196934
0.000201941
0.000168562
0.000122547
0.000114679
0.000128508
0.000190735
0.000200748
0.000214338
0.000201702
0.000202179
0.000187397
0.000231028
0.000203609
0.000197172
0.000139475
0.000220060
0.000196218
0.000120640
0.000249624
0.000214815
0.000146627
0.000192881
0.000135660
0.000117064
0.000188351
0.000206709
0.000230789
0.000130892
0.000181913
0.000136137
0.000119925
0.000194073
0.000150204
0.000196695
0.000196934
0.000186682
0.000200748
0.000207186
0.000232220
0.000200033
0.000190496
0.000261545
0.000202894
0.000208616
0.000203848
0.000663757
0.000137806
0.000115871
0.000197887
0.000207186
0.000210047
0.000134945
0.000119686
0.000117302
0.000118494
0.000158787
0.000137568
0.000115156
0.000139475
0.000122309
0.000118732
0.000252485
0.000298023
0.000223398
0.000252962
0.000230551
0.000192881
0.000208616
0.000133038
0.000139952
0.000116110
0.000232697
0.000210762
0.000205040
0.000136852
0.000129700
0.000118256
0.000208616
0.000211000
0.000177145
0.000184298
0.000199795
0.000195265
0.000213146
0.000142097
0.000193596
0.000233412
0.000201941
0.000209093
0.000136852
0.000218391
0.000126123
0.000205517
0.000213861
0.000237942
0.000160933
0.000190020
0.000240088
0.000239611
0.000690699
0.000168085
0.000213385
0.000194788
0.000138283
0.000124931
0.000122070
0.000130177
0.000249147
0.000211000
0.000190973
0.000140429
0.000214815
0.000198126
0.000130415
0.000180721
0.000211477
0.000136375
0.000125885
0.000139475
0.000142813
0.000334263
0.000121117
0.000196218
0.000185490
0.000196934
0.000204563
0.000126839
0.000123739
0.000121832
0.000121117
0.000192881
0.000117540
0.000120163
0.000116348
0.000118732
0.000126362
0.000117064
0.000218868
0.000229359
0.000203848
0.000179291
0.000193119
0.000216484
0.000146866
0.000204325
0.000149965
0.000208139
0.000243187
0.000207186
0.000133514
0.000119925
0.000139952
0.000151634
0.000147343
0.000123262
0.000213385
0.000128984
0.000120401
0.000142574
0.000122786
0.000143051
0.000174046
0.000207663
0.000218153
0.000236273
0.000187159
0.000193834
0.000246525
0.000211239
0.000688076
0.000221252
0.000225782
0.000224113
0.000218630
0.000216484
0.000213623
0.000251055
0.000213385
0.000195026
0.000156879
0.000158072
0.000214338
0.000213385
0.000238419
0.000133753
0.000122547
0.000119925
0.000238180
0.000182629
0.000456572
0.000120401
0.000119925
0.000116825
0.000123024
0.000121355
0.000116825
0.000115156
0.000221729
0.000236273
0.000211000
0.000215530
0.000206947
0.000143528
0.000190735
0.000210285
0.000130177
0.000121355
0.000119209
0.000200272
0.000169992
0.000123024
0.000115156
0.000115633
0.000123739
0.000118256
0.000118971
0.000113487
0.000115395
0.000150204
0.000132799
0.000119448
0.000114441
0.000113487
0.000112534
0.000121117
0.000111818
0.000116825
0.000113964
0.000114679
0.000112772
0.000114679
0.000111341
0.000114441
0.000113487
0.000115395
0.000111580
0.000112772
0.000110865
0.000113249
0.000113487
0.000110388
0.000109911
0.000113964
0.000129700
0.000117064
0.000110865
0.000110865
0.000425577
0.000114918
0.000111818
0.000115156
0.000110865
0.000113010
0.000111818
0.000111818
0.000113487
0.000113249
0.000113010
0.000130177
0.000118732
0.000123024
0.000115395
0.000114918
0.000114679
0.000115156
0.000113964
0.000114918
0.000116587
0.000128984
0.000118732
0.000114441
0.000114441
0.000111818
0.000113964
0.000127316
0.000117064
0.000112295
0.000117779
0.000135660
0.000119209
0.000111818
0.000113487
0.000115395
0.000121355
0.000118971
0.000434399
0.000118494
0.000111341
0.000113726
0.000112295
0.000121117
0.000112295
0.000114441
0.000115871
0.000114918
0.000111580
0.000111103
0.000110626
0.000117779
0.000116587
0.000113964
0.000113487
0.000113010
0.000112534
0.000120878
0.000114679
0.000111103
0.000211716
0.000129700
0.000119209
0.000125408
0.000112534
0.000114202
0.000111818
0.000114918
0.000120878
0.000112295
0.000115156
0.000217676
0.000138521
0.000122309
0.000118494
0.000113964
0.000114441
0.000114679
0.000113964
0.000113249
0.000116587
0.000135183
0.000118494
0.000116825
0.000122786
0.000115871
0.000113010
0.000128508
0.000116825
0.000113487
0.000114918
0.000131130
0.000122070
0.000136614
0.000114918
0.000112534
0.000112057
0.000113726
0.000111818
0.000116110
0.000121832
0.000116348
0.000114202
0.000116587
0.000114202
0.000111103
0.000114679
0.000112772
0.000114918
0.000115156
0.000114679
0.000122070
0.000118256
0.000115633
0.000113964
0.000113487
0.000113964
0.000128508
0.000116110
0.000113249
0.000115633
0.000118256
0.000116348
0.000141859
0.000113249
0.000116348
0.000116110
0.000119925
0.000112534
0.000111580
0.000114441
0.000137091
0.000117064
0.000113726
0.000110149
0.000110388
0.000113726
0.000116348
0.000113726
0.000112057
0.000112534
0.000160694
0.000122786
0.000114679
0.000111818
0.000113964
0.000113249
0.000115156
0.000132322
0.000115156
0.000113010
0.000125885
0.000119925
0.000124454
0.000112772
0.000111580
0.000113487
0.000112057
0.000111341
0.000110626
0.000113249
0.000114441
0.000114679
0.000112534
0.000112772
0.000110149
0.000110149
0.000111103
0.000113249
0.000113249
0.000111580
0.000119925
0.000114441
0.000109911
0.000112057
0.000109673
0.000112295
0.000115156
0.000129700
0.000114679
0.000109434
0.000114679
0.000111818
0.000113726
0.000112534
0.000111580
0.000113726
0.000110865
0.000110388
0.000111818
0.000113964
0.000113726
0.000155687
0.000113964
0.000113487
0.000112295
0.000111818
0.000111580
0.000110865
0.000110626
0.000154495
0.000154018
0.000129223
0.000113249
0.000111580
0.000110865
0.000118732
0.000111818
0.000126123
0.000114918
0.000113249
0.000130415
0.000118494
0.000115633
0.000120163
0.000426531
0.000113964
0.000113964
0.000115871
0.000115395
0.000112772
0.000113964
0.000115156
0.000428438
0.000112534
0.000112534
0.000114202
0.000116110
0.000113249
0.000114918
0.000116348
0.000116110
0.000115871
0.000112772
0.000113487
0.000112295
0.000113487
0.000113726
0.000113726
0.000126600
0.000207424
0.000131130
0.000117540
0.000115156
0.000113487
0.000113726
0.000113964
0.000114202
0.000113964
0.000113487
0.000114202
0.000229597
0.000121355
0.000120640
0.000114202
0.000114441
0.000114918
0.000113487
0.000114202
0.000124216
0.000121117
0.000137091
0.000118017
0.000112534
0.000111818
0.000121593
0.000114202
0.000114202
0.000123978
0.000114918
0.000111580
0.000114202
0.000111818
0.000114202
0.000111341
0.000291586
0.000113249
0.000111341
0.000112772
0.000113010
0.000113249
0.000146389
0.000123978
0.000115395
0.000112057
0.000111580
0.000111103
0.000111580
0.000110149
0.000110149
0.000110388
0.000114679
0.000114202
0.000117064
0.000116348
0.000112534
0.000109911
0.000110626
0.000110626
0.000133514
0.000114918
0.000115871
0.000113487
0.000117064
0.000111103
0.000109911
0.000110626
0.000113487
0.000115633
0.000118017
0.000113010
0.000116825
0.000115395
0.000116348
0.000111818
0.000113487
0.000114441
0.000113726
0.000113010
0.000111818
0.000113010
0.000167847
0.000123262
0.000112057
0.000115156
0.000424862
0.000113726
0.000118017
0.000111341
0.000113964
0.000157118
0.000129461
0.000136375
0.000118017
0.000111103
0.000112295
0.000112057
0.000113487
0.000111341
0.000111818
0.000283480
0.000112057
0.000112772
0.000112534
0.000110865
0.000112295
0.000112772
0.000121593
0.000123739
0.000115633
0.000114202
0.000112772
0.000116587
0.000114679
0.000113249
0.000111341
0.000113964
0.000111341
0.000114202
0.000113487
0.000146151
0.000142574
0.000123501
0.000112057
0.000114202
0.000111580
0.000110388
0.000110865
0.000114918
0.000425100
0.000110149
0.000116348
0.000117540
0.000112772
0.000110626
0.000110626
0.000113964
0.000425100
0.000113487
0.000109911
0.000113487
0.000129223
0.000114441
0.000111580
0.000113249
0.000113010
0.000112534
0.000119448
0.000232935
0.000216484
0.000207186
0.000212908
0.000213146
0.000148058
0.000145197
0.000118971
0.000116825
0.000124693
0.000116587
0.000118494
0.000117302
0.000213146
0.000207901
0.000122070
0.000117540
0.000118732
0.000114918
0.000115156
0.000139236
0.000194550
0.000235558
0.000590324
0.000175953
0.000137329
0.000120163
0.000119686
0.000118256
0.000115156
0.000115633
0.000117779
0.000208378
0.000138283
0.000117540
0.000116110
0.000113249
0.000114918
0.000113487
0.000113964
0.000112534
0.000112534
0.000119448
0.000136137
0.000120640
0.000115395
0.000113249
0.000112534
0.000114679
0.000116348
0.000113249
0.000113010
0.000111580
0.000175476
0.000124216
0.000112295
0.000110865
0.000111103
0.000117779
0.000108719
0.000111580
0.000423670
0.000110865
0.000155926
0.000118732
0.000114918
0.000110865
0.000110388
0.000113726
0.000118256
0.000210047
0.000205278
0.000220299
0.000220299
0.000221729
0.000260592
0.000229836
0.000223637
0.000221252
0.000213861
0.000213146
0.000190258
0.000203609
0.000206947
0.000130653
0.000194550
0.000203609
0.000209570
0.000196695
0.000175476
0.000211000
0.000197411
0.000213623
0.000193834
0.000123262
0.000118256
0.000116348
0.000116587
0.000117064
0.000213861
0.000237942
0.000247478
0.000237226
0.000242472
