0.031818151
0.000717402
0.000793934
0.031449318
0.031261921
0.031381369
0.031552553
0.031471729
0.031225920
0.031289101
0.032575846
0.031459093
0.031383276
0.031278133
0.031249046
0.031438351
0.031419754
0.031323671
0.031439304
0.031420946
0.033874512
0.031278610
0.031343222
0.031319380
0.031351805
0.031359911
0.031436443
0.031411171
0.031349182
0.031694412
0.031811476
0.031847000
0.031551361
0.031425238
0.031319380
0.031272650
0.032871485
0.031525373
0.031502247
0.031508684
0.032060862
0.031669378
0.031283855
0.032330513
0.031513929
0.031449080
0.031749964
0.032117605
0.031657934
0.031381369
0.031284571
0.032553196
0.034364700
0.031652927
0.031563282
0.031655550
0.031858444
0.031567574
0.033424854
0.032012463
0.031612158
0.031567812
0.031795263
0.034229279
0.031509161
0.031601906
0.031569481
0.031449795
0.031486511
0.031424522
0.031314373
0.031820536
0.031704664
0.031595945
0.031796694
0.031373262
0.031332731
0.031603575
0.031610489
0.031371593
0.031317472
0.031267166
0.031363487
0.031358004
0.031662464
0.031396627
0.031374693
0.031411171
0.031605244
0.031210899
0.031213760
0.031419516
0.031585932
0.031501532
0.031421185
0.031531334
0.031476021
0.031207323
0.031466246
0.031240940
0.031310081
0.031188011
0.031267166
0.031199694
0.031183958
0.031180382
0.031215906
0.031157732
0.031257153
0.031194210
0.031175613
0.031225204
0.031259775
0.031164885
0.031224489
0.031159401
0.031195641
0.031244755
0.031260490
0.031146765
0.031182528
0.031196117
0.031300545
0.031189680
0.031208277
0.031178474
0.031173706
0.031201601
0.031248093
0.031232357
0.031202316
0.031167984
0.031221867
0.031167507
0.031216145
0.031243086
0.031201839
0.031189203
0.031290293
0.031181097
0.031187057
0.031205177
0.031250954
0.031203032
0.031174183
0.031193495
0.031205654
0.031192064
0.031292677
0.031167746
0.031200171
0.031194448
0.031252384
0.031272411
0.031216860
0.031181335
0.031186342
0.031170130
0.031246185
0.031257868
0.031206846
0.031184673
0.031288862
0.031175852
0.031228542
0.031235218
0.031220675
0.031239271
0.031277418
0.031195164
0.031195164
0.031214952
0.031529903
0.031481981
0.031334877
0.031216621
0.031372309
0.031347990
0.031254530
0.031191349
0.031711340
0.031578302
0.031439304
0.031278610
0.031232119
0.031454325
0.031695127
0.031401873
0.031348467
0.031265736
0.031225920
0.031197071
0.031278610
0.031416416
0.031260490
0.031274080
0.031278133
0.031281710
0.031316519
0.031260729
0.031305552
0.031225204
0.031282187
0.031253576
0.031244993
0.000662088
0.031229258
0.031365156
0.031290770
0.031302214
0.000629425
0.031235933
0.031317949
0.031227827
0.031177282
0.031196117
0.031294107
0.031181574
0.031275511
0.031244755
0.000668526
0.000642300
0.031306982
0.031360149
0.000640154
0.031260729
0.031182766
0.031200171
0.031267881
0.031172276
0.031234026
0.031230927
0.031338930
0.031220436
0.031285524
0.031196356
0.031219482
0.000697136
0.031301975
0.031170130
0.031229973
0.031189203
0.031299829
0.020785093
0.031204224
0.031195402
0.031198978
0.031196594
0.031341076
0.000676155
0.020768166
0.031205416
0.031252146
0.031221867
0.031212568
0.031212091
0.031214714
0.031236887
0.031268120
0.031291723
0.031182528
0.031239986
0.031234026
0.031220198
0.031241894
0.031174660
0.031193018
0.031249762
0.031350136
0.031218052
0.031174183
0.031203508
0.031295300
0.031291246
0.031190634
0.031189203
0.031205893
0.031302691
0.031258583
0.031310558
0.031183958
0.031198740
0.031277180
0.031168222
0.031182528
0.031272173
0.031230450
0.031265974
0.031284332
0.031174421
0.031287193
0.031242132
0.031258106
0.031193018
0.031207561
0.031373262
0.031326294
0.031255960
0.031449795
0.031384945
0.031445503
0.031250000
0.031543016
0.031542778
0.031280518
0.031279802
0.031358957
0.031303406
0.031527996
0.031505585
0.031323910
0.031312466
0.031297684
0.031508923
0.031815767
0.031813383
0.032366991
0.031975985
0.031443834
0.031491518
0.031201601
0.031220675
0.031143188
0.031173706
0.031263351
0.031201839
0.031461000
0.031863213
0.031920433
0.031849146
0.031606197
0.031375408
0.031628132
0.032268047
0.031958580
0.031665325
0.031390905
0.031310558
0.031800270
0.031299353
0.031306267
0.031468391
0.031571388
0.031497240
0.031382799
0.031321287
0.031236887
0.031245470
0.031321049
0.031343699
0.031251192
0.031314850
0.031231403
0.031250477
0.031250000
0.031322002
0.031227589
0.031337261
0.020883083
0.031324863
0.031215906
0.031206131
0.031235695
0.031261444
0.031251907
0.031290531
0.031227827
0.031253576
0.031195402
0.031302929
0.031252861
0.031260252
0.031209946
0.031201124
0.031203985
0.031265259
0.031200409
0.031277180
0.031224012
0.031284571
0.031205654
0.031254053
0.031221867
0.031178236
0.031189680
0.031256676
0.031177521
0.031304836
0.031226397
0.031319380
0.031490088
0.031243801
0.031287909
0.031254053
0.031352520
0.032122374
0.031566381
0.031411171
0.031274319
0.031265259
0.031488180
0.031612158
0.031573057
0.031604767
0.032110214
0.031399965
0.031312466
0.031422615
0.031235695
0.031206131
0.031189203
0.031299114
0.031490088
0.031508923
0.031504154
0.031487226
0.031387329
0.031445980
0.031473398
0.031755686
0.031517982
0.031436682
0.031239510
0.031289101
0.031457901
0.031605005
0.031505108
0.031367064
0.031242132
0.031229496
0.031342983
0.031566143
0.031241179
0.031273127
0.031394482
0.031472445
0.031244040
0.031439066
0.031231880
0.031229973
0.031184196
0.031622171
0.031535387
0.031416893
0.031198740
0.031461239
0.031323195
0.031455040
0.031378746
0.031423330
0.031270742
0.031444311
0.031353235
0.031229734
0.031434298
0.031434774
0.031322241
0.031351089
0.031249762
0.031255722
0.031368256
0.031432867
0.031227827
0.031237841
0.031280994
0.031346321
0.031205893
0.031284571
0.031303883
0.031335115
0.031248093
0.031281233
0.031201124
0.031177521
0.031210899
0.031307459
0.031266212
0.031188488
0.031364441
0.031500578
0.031323671
0.031318903
0.031231403
0.031210184
0.031177521
0.031358957
0.031237364
0.031316280
0.031225443
0.031212568
0.031183958
0.031316042
0.031199694
0.031210899
0.031183004
0.031268120
0.031214952
0.031248569
0.031187534
0.031211376
0.031187057
0.031289577
0.031203508
0.031178236
0.031190872
0.031310797
0.031225920
0.031207561
0.031190634
0.031157732
0.031204462
0.031346321
0.031203508
0.031181335
0.031200171
0.031365871
0.031228781
0.031231642
0.031183720
0.031242371
0.031213760
0.031285286
0.031227350
0.031248093
0.031206846
0.031338215
0.031205893
0.031178236
0.031208038
0.031230450
0.031178713
0.031507015
0.031405687
0.031404018
0.031527281
0.031554699
0.031416655
0.031365633
0.031215429
0.031583071
0.031790733
0.031507254
0.031239986
0.031218529
0.031636953
0.031536102
0.031268358
0.031313896
0.031364679
0.031244755
0.031388521
0.031355143
0.031323195
0.031371593
0.031440735
0.031383514
0.031244040
0.031318426
0.031203747
0.031254053
0.031206608
0.031303406
0.031221867
0.031196117
0.031203032
0.031347990
0.031226397
0.031173468
0.031184196
0.031186581
0.031169176
0.031330585
0.031168699
0.031154633
0.031153440
0.031278849
0.031238556
0.031226397
0.031163454
0.031168938
0.031180382
0.031280518
0.031205893
0.031212807
0.031174183
0.031270266
0.031183243
0.031309605
0.031185150
0.031234980
0.031224966
0.031311274
0.031231642
0.031209707
0.031205893
0.031303167
0.031269312
0.031219244
0.031196356
0.031175137
0.031152010
0.031295300
0.031168699
0.031160116
0.031167507
0.031239271
0.031215668
0.031190872
0.031162977
0.031168938
0.031195164
0.031254768
0.031168222
0.031193018
0.031190157
0.031252384
0.031204462
0.031260729
0.031200409
0.031246662
0.031202793
0.031285524
0.031190157
0.031160355
0.031154871
0.031294823
0.031184435
0.031186581
0.031144857
0.031152010
0.031156540
0.031296015
0.031195879
0.031167746
0.031185627
0.031291008
0.031268835
0.031272411
0.031192780
0.031208754
0.031194687
0.031276941
0.031192303
0.031243801
0.031180620
0.031290770
0.031231880
0.031183481
0.031169653
0.031203747
0.031178713
0.031265974
0.031159639
0.031168461
0.031163931
0.031326532
0.031182528
0.031194448
0.031219721
0.031210423
0.031187534
0.031329393
0.031205416
0.031182766
0.031186819
0.031287670
0.031200886
0.031334877
0.031205654
0.031179905
0.031193018
0.031328917
0.031198978
0.031241417
0.031181335
0.031300783
0.031198978
0.031233549
0.031193256
0.031204700
0.031155109
0.031327963
0.031167746
0.031162262
0.031165600
0.031285286
0.031211615
0.031208038
0.031224489
0.031193018
0.031227827
0.031321764
0.031183481
0.031173229
0.031177044
0.031334400
0.031213284
0.031217575
0.031230927
0.031209469
0.031182051
0.031285524
0.031175137
0.031212807
0.031168461
0.031273603
0.031161308
0.031182528
0.031157017
0.031222105
0.031198025
0.031293154
0.031223536
0.031204939
0.031206369
0.031316757
0.031276703
0.031252384
0.031207561
0.031190157
0.031185389
0.031287432
0.031198025
0.031209469
0.031194448
0.031298876
0.031207323
0.031259537
0.031186819
0.031164885
0.031161070
0.031255484
0.031229734
0.031423330
0.031470537
0.031613827
0.031462193
0.031463385
0.031281710
0.031408310
0.031428814
0.031415224
0.031396389
0.031378746
0.031412840
0.031428576
0.031278610
0.032478571
0.031521559
0.031312704
0.031274796
0.031443119
0.031206131
0.031198978
0.031437635
0.031378984
0.031285524
0.031271935
0.031220913
0.031180382
0.031183958
0.031256676
0.031188726
0.031206846
0.031162500
0.031272173
0.031184196
0.031194210
0.031183720
0.031255722
0.031197786
0.031272173
0.031184673
0.031177044
0.031186581
0.031321526
0.031259537
0.031270027
0.031213999
0.031194925
0.031208754
0.031306505
0.031167746
0.031157494
0.031186819
0.031245470
0.031163692
0.031274796
0.031225681
0.031183004
0.031162977
0.031297445
0.031169653
0.031233311
0.031198978
0.031307936
0.031186104
0.031569958
0.032326698
0.031300545
0.031219959
0.031296968
0.031190395
0.031202316
0.031205416
0.031330347
0.031202555
0.031215668
0.031195879
0.031178236
0.031159639
0.031262875
0.031189680
0.031156778
0.031144619
0.031220913
0.031195164
0.031209946
0.031307220
0.031193256
0.031214714
0.031247854
0.031173706
0.031241655
0.031270027
0.031258106
0.031222105
0.031254292
0.031218290
0.031228781
0.031183958
0.031319618
0.031220913
0.031195641
0.031206846
0.031272411
0.031277418
0.031406164
0.031311750
0.031689405
0.031786919
0.034473419
0.031640768
0.031520128
0.031508207
0.031424284
0.031446218
0.037771702
0.033581734
0.000812054
0.000724316
0.000732183
0.031358957
0.031413555
0.031385422
0.031404495
0.031583071
0.031753778
0.031477928
0.031334639
0.031191587
0.031169653
0.031306028
0.031373501
0.031555414
0.031455278
0.031344414
0.031493425
0.031306505
0.031423330
0.031422853
0.031383514
0.031297445
0.031257391
0.031262398
0.031187534
0.031428576
0.031516552
0.031370163
0.031229973
0.031235933
0.031229973
0.031275034
0.031602144
0.031413078
0.031305313
0.031223536
0.031300545
0.031300306
0.031333208
0.031357765
0.031265736
0.031222820
0.031154394
0.031208754
0.031268597
0.031291962
0.031288624
0.031301975
0.031238794
0.031154871
0.031147957
0.031177521
0.031385183
0.031482935
0.031445503
0.031371117
0.031319380
0.031280756
0.031279802
0.031300783
0.031394005
0.031323671
0.031273127
0.031266212
0.031200886
0.031198978
0.031328440
0.031310558
0.031330585
0.031237364
0.031233788
0.031138182
0.031205893
0.031129122
0.031412601
0.031348467
0.031219482
0.031153917
0.031265259
0.031281710
0.031368732
0.031337738
0.031386375
0.031245470
0.031190395
0.031299829
0.031509161
0.031621933
0.031503439
0.031442404
0.031376123
0.031232834
0.031159163
0.031268597
0.031182051
0.031373262
0.031424046
0.031327724
0.031438112
0.031383038
0.031229973
0.031215906
0.031137466
0.031264305
0.031259537
0.031382799
0.031275272
0.031318903
0.031299829
0.031343937
0.031391382
0.031468630
0.031391144
0.031407833
0.031319141
0.031350136
0.031262875
0.031401634
0.031322241
0.031286955
0.031155109
0.031259060
0.031340599
0.031304121
0.031364918
0.031311512
0.031292200
0.031326056
0.031427145
0.031317949
0.031316996
0.031402588
0.031270981
0.031170845
0.031343460
0.031273603
0.031333685
0.031160355
0.031152725
0.031258821
0.031276941
0.031672001
0.031411648
0.031301260
0.031223297
0.031222582
0.031359911
0.031265497
