0.073670149
0.073379755
0.073157072
0.073266745
0.073308945
0.073340178
0.073166609
0.073190212
0.073638678
0.073827982
0.076168299
0.073751926
0.073745012
0.064557314
0.074281454
0.075150013
0.074773788
0.075017929
0.074361324
0.063884020
0.074002981
0.074874401
0.077381849
0.074299097
0.076626778
0.075041771
0.075114727
0.075099945
0.073251724
0.073463202
0.073142290
0.073251009
0.074315071
0.073810816
0.073825598
0.073503494
0.073383808
0.074204445
0.074507713
0.073449373
0.073459387
0.075247049
0.075190544
0.074037075
0.073895216
0.073354721
0.073667765
0.073696613
0.076315641
0.074043989
0.073236227
0.073156357
0.075371504
0.081761122
0.073616982
0.073410511
0.073394537
0.073309898
0.073143721
0.073377132
0.073558331
0.073791742
0.073829412
0.073536873
0.073148251
0.073344231
0.073324442
0.073067904
0.073365688
0.073149443
0.073141098
0.073360205
0.073189974
0.073385000
0.073311329
0.073215008
0.073101282
0.073369741
0.073252916
0.073187590
0.073272943
0.073000193
0.073194265
0.011472464
0.001280785
0.001535892
0.001471043
0.001327038
0.001288176
0.001503706
0.001276970
0.001538038
0.001480579
0.001490831
0.001314402
0.001258373
0.001315832
0.001493692
0.001290798
0.001214266
0.001248598
0.001214266
0.001226425
0.031279087
0.001188278
0.001181841
0.001171589
0.001213789
0.001218796
0.001225471
0.001220703
0.001203299
0.001216412
0.001180172
0.001233816
0.001216888
0.001203537
0.001239777
0.001205683
0.001227856
0.010901690
0.001184940
0.001227140
0.001173735
0.001291037
0.011242867
0.001219511
0.001211882
0.001212120
0.001199961
0.001297235
0.001192808
0.073393106
0.073575258
0.073375702
0.073060036
0.073514223
0.073215485
0.073140860
0.073464394
0.073109388
0.073111534
0.073060989
0.073051691
0.073097944
0.073150873
0.073208094
0.073018074
0.073029280
0.073058844
0.073118210
0.073085785
0.073128462
0.073092699
0.073046207
0.073117733
0.073182106
0.073029518
0.073194027
0.073114872
0.021997452
0.001120329
0.001141787
0.073113918
0.073043346
0.073167801
0.073060274
0.073163271
0.073043585
0.073037624
0.073091507
0.073054552
0.073038340
0.073322773
0.073154449
0.073068380
0.073108912
0.073102474
0.031758547
0.001206160
0.001203299
0.001193047
0.001180649
0.001166821
0.001204729
0.001300812
0.001197338
0.001203060
0.001185179
0.001238585
0.001252174
0.001222134
0.001253605
0.001276255
0.001211882
0.001186371
0.001192570
0.001221180
0.001195431
0.001245260
0.001195669
0.001205921
0.001220703
0.001203060
0.001176357
0.001158953
0.011332989
0.001183271
0.001172066
0.001168966
0.001233101
0.001180410
0.001233578
0.001186132
0.001179934
0.001201868
0.001210451
0.001327753
0.001244307
0.001200199
0.001186132
0.001175642
0.001183033
0.001209974
0.001218081
0.001171112
0.001185656
0.001204491
0.001191378
0.001174688
0.001213789
0.001181602
0.001185656
0.001154184
0.001183748
0.001161098
0.001298666
0.001208544
0.001220942
0.001186371
0.011151552
0.001239777
0.001252413
0.001354694
0.001242638
0.001217842
0.001241922
0.001209974
0.001230955
0.001174688
0.001175880
0.001192570
0.001190901
0.001194715
0.001197577
0.001340151
0.001224518
0.001218319
0.001368999
0.001229763
0.001220942
0.001216173
0.001227856
0.001277685
0.001183987
0.001220703
0.001217842
0.001234293
0.001227856
0.001195908
0.001206875
0.001203060
0.001206875
0.001185894
0.001203537
0.001181364
0.001189709
0.073239326
0.073242664
0.073108196
0.073040009
0.062761784
0.073177814
0.073105812
0.073059797
0.073095798
0.073261499
0.073139429
0.073086023
0.072986364
0.073155880
0.073234797
0.073359728
0.073555946
0.073422670
0.073102951
0.073179483
0.073197842
0.063001394
0.031767607
0.001183510
0.001160622
0.001222849
0.001206398
0.073100328
0.073036671
0.073116302
0.073092461
0.073304892
0.073061705
0.073294878
0.073336840
0.073426723
0.073310614
0.073197365
0.073252678
0.073210001
0.073240042
0.073356390
0.073030472
0.073222637
0.073150158
0.073107958
0.073061943
0.073071241
0.073091030
0.073102236
0.073121071
0.073077440
0.073103428
0.073100090
0.031796932
0.001319408
0.001219749
0.001211643
0.001201153
0.001196861
0.001211166
0.001182556
0.001287460
0.001255989
0.001225471
0.001209021
0.001190424
0.001227856
0.001195431
0.001289368
0.001223564
0.001198292
0.001396894
0.001241922
0.001315594
0.001229286
0.001206398
0.001195669
0.001208782
0.001206398
0.001232862
0.001223564
0.001199245
0.001200199
0.001190662
0.001195192
0.001189709
0.001202822
0.001184702
0.001190901
0.001227856
0.001270771
0.001218557
0.001288414
0.001239061
0.001230478
0.001225948
0.001255512
0.062908173
0.073010206
0.073056698
0.073015213
0.031980276
0.001189470
0.001235485
0.001300335
0.001195669
0.001217127
0.001204252
0.001209259
0.001201153
0.001211643
0.001176119
0.001225233
0.001178503
0.001218081
0.001229525
0.001215696
0.001198292
0.011033058
0.001222610
0.001196861
0.001191854
0.001197815
0.011089563
0.001220942
0.001174212
0.001181364
0.001183748
0.001202583
0.001252174
0.001194000
0.001193047
0.001220942
0.001200676
0.001236200
0.001211882
0.001204967
0.001238346
0.001196384
0.001176119
0.001199484
0.001170635
0.001194954
0.001218081
0.001217127
0.001191378
0.001189470
0.001183510
0.001199484
0.022034645
0.001283884
0.001180649
0.001181602
0.001166344
0.001186371
0.001202583
0.001204252
0.001197338
0.001194000
0.001190662
0.001189470
0.001179934
0.001207590
0.001176119
0.001175642
0.022026539
0.001168013
0.001166344
0.001219511
0.001229763
0.001212358
0.001204729
0.001225710
0.001182318
0.001232862
0.001188040
0.001201630
0.001186609
0.001184464
0.001176357
0.001218796
0.001165390
0.001184464
0.001180649
0.001201868
0.001183271
0.001180410
0.001204014
0.001191854
0.001205206
0.001186848
0.001181841
0.001183748
0.001156569
0.001154900
0.001168966
0.001218319
0.001170158
0.011352301
0.001218319
0.001212120
0.001190901
0.001223326
0.001217127
0.001229286
0.001216412
0.001246929
0.001205683
0.001186132
0.001196384
0.001179218
0.001168728
0.001165152
0.001209497
0.001194477
0.001174927
0.001171350
0.001180172
0.001211405
0.001197577
0.001174688
0.001164436
0.001156807
0.001169205
0.001197338
0.073197842
0.073071957
0.073041677
0.073102474
0.062805891
0.073174238
0.073053837
0.073050976
0.073205709
0.073009014
0.073187351
0.073131084
0.073175192
0.073196411
0.073146820
0.073006153
0.073077679
0.073472261
0.073323965
0.073164940
0.062713623
0.073235273
0.073029041
0.073182106
0.073073864
0.073161840
0.073398590
0.073171377
0.073055744
0.022011280
0.001286030
0.001204491
0.001233339
0.001187801
0.001248837
0.001195669
0.001178741
0.001225710
0.001188993
0.001193762
0.001205921
0.001192570
0.001195669
0.001212358
0.001178980
0.001172543
0.001181602
0.001183271
0.001196146
0.001179457
0.001168013
0.001173258
0.001158714
0.001234770
0.073106289
0.073070288
0.073590755
0.073054790
0.073068380
0.073091745
0.073245049
0.073170424
0.073096037
0.073050261
0.073111296
0.073035717
0.073019505
0.073085785
0.072964907
0.073165655
0.073210001
0.072983027
0.073104620
0.073053598
0.072991848
0.073014021
0.073210955
0.022003889
0.001264811
0.010975838
0.001230717
0.001209021
0.001207829
0.001197338
0.001223803
0.001207590
0.011138439
0.001222372
0.001218319
0.001214266
0.001276970
0.001218557
0.073432446
0.073388577
0.073338747
0.073281765
0.073051214
0.073232889
0.073116064
0.073174238
0.073046923
0.073067188
0.032009840
0.001163960
0.001175880
0.001223326
0.001248598
0.001230955
0.001206636
0.001182318
0.001185179
0.001194000
0.001230240
0.001353979
0.001203299
0.001199245
0.011105776
0.001183033
0.001216412
0.001236200
0.001178503
0.001169682
0.001177788
0.001213551
0.001190901
0.001189709
0.001188278
0.001184225
0.073281288
0.073019028
0.073015451
0.073040009
0.073118210
0.073148966
0.062938929
0.072986126
0.073253870
0.073257923
0.062755585
0.073104620
0.073174953
0.073169708
0.073011875
0.073031187
0.073068857
0.073059559
0.073084116
0.073182583
0.073175192
0.073125124
0.031753063
0.001190901
0.001149893
0.001212358
0.001187325
0.073095083
0.073065281
0.073488951
0.073035002
0.073008776
0.073083639
0.062782288
0.073065519
0.073246717
0.073241711
0.073492050
0.022012949
0.011209011
0.001167297
0.001184464
0.001178503
0.001240253
0.001171589
0.001184702
0.001219988
0.001535654
0.001177788
0.001210690
0.001179934
0.001207352
0.001183987
0.001176596
0.001163483
0.001208305
0.001163721
0.001176357
0.001173973
0.001213551
0.073085308
0.073077917
0.073069572
0.073101521
0.073021173
0.073066711
0.073181152
0.073083878
0.073015213
0.073040485
0.073013783
0.073317051
0.073084593
0.073017359
0.073177338
0.072963953
0.073164701
0.073280573
0.073184490
0.073100567
0.073026896
0.073022127
0.073207855
0.062783241
0.073006868
0.073246717
0.022039890
0.001203537
0.001189947
0.001187325
0.001178741
0.001240730
0.001199007
0.001189947
0.001177788
0.001183510
0.001174688
0.001226664
0.001176357
0.001191378
0.001177311
0.001155138
0.001169205
0.001220942
0.001173258
0.001160383
0.001214266
0.001175165
0.001179695
0.001222372
0.001158237
0.001175165
0.011147261
0.001248360
0.001193523
0.001225471
0.001209259
0.001204014
0.001267433
0.011235237
0.001212358
0.001179695
0.001162529
0.001186848
0.001187086
0.001210451
0.052377701
0.073364735
0.073306561
0.073090553
0.073032141
0.073449612
0.073490143
0.073092937
0.031814814
0.001193047
0.001272202
0.001197577
0.001266241
0.001234055
0.001278639
0.001249552
0.001220465
0.001213312
0.001213312
0.001211166
0.001197338
0.001210928
0.001212597
0.001214504
0.001189947
0.001220942
0.001178741
0.001219988
0.001237392
0.001249552
0.001237869
0.001224756
0.001235485
0.001434088
0.001348019
0.001226664
0.001292229
0.074138165
0.073926449
0.074026108
0.073541403
0.074174404
0.073262691
0.074411154
0.073175669
0.073201418
0.073051691
0.073015213
0.073122263
0.073316574
0.073228121
0.073145151
0.073090076
0.062821627
0.073133707
0.073025465
0.073036432
0.073065281
0.032357931
0.001194477
0.001193285
0.001189470
0.001168013
0.001252890
0.001251698
0.001242876
0.001234055
0.001246691
0.001222372
0.001239538
0.001224279
0.001212358
0.001268864
0.001214743
0.001215935
0.001216650
0.001157284
0.001185417
0.001187325
0.001183271
0.001213551
0.001199245
0.001172543
0.001188278
0.001174450
0.001199961
0.001190424
0.001179457
0.001159668
0.001218081
0.052326202
0.073241711
0.073158026
0.073105812
0.073137760
0.073100328
0.073114395
0.073060751
0.073026419
0.073060989
0.073348522
0.073432446
0.073298216
0.073062420
0.073110819
0.073023081
0.022027016
0.001187563
0.001181126
0.001239777
0.001248598
0.001236200
0.001220703
0.001231670
0.001254797
0.001216888
0.001310825
0.001294136
0.001348257
0.001254082
0.001226664
0.001217842
0.001236200
0.001240730
0.001237154
0.001232147
0.001224041
0.001256466
0.001215219
0.001219273
0.001223803
0.001196861
0.001298189
0.001354694
0.001204967
0.001183748
0.001154900
0.001182795
0.001322508
0.001299381
0.001226902
0.001326561
0.001197100
0.001193285
0.001188993
0.001233578
0.001210451
0.001254082
0.001309633
0.001233816
0.001224756
0.001276731
0.001223803
0.001221418
0.001218081
0.001197338
0.001210690
0.001210451
0.001214743
0.001183987
0.001193523
0.001187325
0.001181364
0.001210690
0.001199245
0.001201868
0.001204491
0.001251936
0.001261234
0.001235247
0.001230240
0.001219749
0.001248598
0.001230478
0.001235962
0.001201153
0.001185417
0.001190186
0.001244783
0.074651718
0.073893309
0.073657274
0.073343754
0.073321342
0.073137522
0.073154926
0.073565006
0.073499918
0.042487144
0.063579798
0.062588453
0.062967062
0.073456764
0.073468447
0.073348522
0.073341131
0.062834740
0.073420048
0.073444366
0.077673912
0.011253357
0.001151323
0.001145363
0.073191643
0.073274136
0.073523760
0.073615551
0.073607445
0.073507309
0.073389292
0.077332973
0.073599339
0.073823452
0.063677311
0.001119614
0.001187086
0.073624611
0.073632956
0.073538780
0.073418140
0.073529005
0.073309422
0.063125372
0.074026346
0.073672056
0.073202848
0.073155880
0.073271036
0.073277235
0.073826551
0.073609352
0.074484825
0.073466778
0.073090315
0.073190212
0.073313951
0.073424101
0.073727846
0.074127674
0.073200941
0.073141575
0.073314428
