0.000411987
0.000368834
0.000205994
0.000203133
0.000269890
0.000254869
0.000195980
0.000254393
0.000204086
0.000194550
0.000254869
0.000326157
0.000210762
0.000196695
0.000209332
0.000250101
0.000194311
0.000324011
0.000353575
0.000274420
0.000205040
0.000375986
0.000220060
0.000197649
0.000189543
0.000253677
0.000189304
0.000324249
0.000209332
0.000192881
0.000194073
0.000250578
0.000190496
0.000231028
0.000278234
0.000195265
0.000191689
0.000190973
0.000234127
0.000279903
0.000273466
0.000244617
0.000197172
0.000249386
0.000356674
0.000272036
0.000234127
0.000200510
0.000262976
0.000200510
0.000250101
0.000231028
0.000212908
0.000248671
0.000194788
0.000195742
0.000188112
0.000285387
0.000210524
0.000208855
0.000247717
0.000191212
0.000199795
0.000222921
0.000193596
0.000186205
0.000244379
0.000186682
0.000199795
0.000261784
0.000196218
0.000257492
0.000262499
0.000255108
0.000190496
0.000238419
0.000247717
0.000190020
0.000323057
0.000211000
0.000192404
0.000312328
0.000199080
0.000188112
0.000244856
0.000199795
0.000193357
0.000230789
0.000326633
0.000200033
0.000189543
0.000208139
0.000255346
0.000230312
0.000211239
0.000190258
0.000187397
0.000193596
0.000219107
0.000288725
0.000187635
0.000249147
0.000189781
0.000184059
0.000180721
0.000218391
0.000186205
0.000182152
0.000193596
0.000189066
0.000185728
0.000231504
0.000186682
0.000182152
0.000179529
0.000192165
0.000271559
0.000217676
0.000250816
0.000286579
0.000209808
0.000246763
0.000267267
0.000189781
0.000182629
0.000187159
0.000263453
0.000210285
0.000225544
0.000184536
0.000186443
0.000184298
0.000293493
0.000188828
0.000180960
0.000184536
0.000181675
0.000181437
0.000303984
0.000201702
0.000186682
0.000261784
0.000261068
0.000189543
0.000266314
0.000228167
0.000186443
0.000283480
0.000275373
0.000196695
0.000183821
0.000182629
0.000180960
0.000219584
0.000188351
0.000185728
0.000253916
0.000241756
0.000219822
0.000186682
0.000309229
0.000363111
0.000333071
0.000350952
0.000336885
0.000316143
0.000340462
0.000394583
0.000316858
0.000215530
0.000189543
0.000193834
0.000191689
0.000185490
0.000237465
0.000200748
0.000207186
0.000306606
0.000266075
0.000215769
0.000233412
0.000232935
0.000199795
0.000189304
0.000338793
0.000197887
0.000229836
0.000224352
0.000240803
0.000275135
0.000211477
0.000188351
0.000262499
0.000212193
0.000183344
0.000300646
0.000222683
0.000207186
0.000305891
0.000222921
0.000194788
0.000301123
0.000202179
0.000216246
0.000197411
0.000212908
0.000331640
0.000314951
0.000207424
0.000190496
0.000191689
0.000197411
0.000207186
0.000225306
0.000188351
0.000200748
0.000200033
0.000198126
0.000205040
0.000253439
0.000195026
0.000196934
0.000258923
0.000225306
0.000185966
0.000249147
0.000191927
0.000194311
0.000187397
0.000190973
0.000181437
0.000215292
0.000187159
0.000186920
0.000181198
0.000184774
0.000182152
0.000236034
0.000189066
0.000187397
0.000188112
0.000199556
0.000189543
0.000217915
0.000198841
0.000304699
0.000190735
0.000205278
0.000190735
0.000226498
0.000300646
0.000313759
0.000206232
0.000334740
0.000233412
0.000284433
0.000261307
0.000214815
0.000277042
0.000294685
0.000280380
0.000224352
0.000199556
0.000195503
0.000188828
0.000266790
0.000195026
0.000195980
0.000213146
0.000184536
0.000180721
0.000231981
0.000218630
0.000191927
0.000186205
0.000182867
0.000182152
0.000247717
0.000204325
0.000194311
0.000187159
0.000186443
0.000184059
0.000284672
0.000196218
0.000183582
0.000184298
0.000198841
0.000205755
0.000248671
0.000200033
0.000191689
0.000194311
0.000185251
0.000185966
0.000231266
0.000206947
0.000307560
0.000223875
0.000214100
0.000183344
0.000238895
0.000190973
0.000183821
0.000185013
0.000182390
0.000183821
0.000239372
0.000198841
0.000187635
0.000191450
0.000183344
0.000180721
0.000306606
0.000197411
0.000186682
0.000182867
0.000209093
0.000317574
0.000253439
0.000245810
0.000209808
0.000192165
0.000195026
0.000193596
0.000232220
0.000191927
0.000217199
0.000199556
0.000188589
0.000190258
0.000231981
0.000196457
0.000186443
0.000187397
0.000182629
0.000300646
0.000250340
0.000237465
0.000200748
0.000195742
0.000184774
0.000221252
0.000187159
0.000233650
0.000184774
0.000194311
0.000212431
0.000219822
0.000194073
0.000182629
0.000185013
0.000297785
0.000304461
0.000245333
0.000326633
0.000229120
0.000297546
0.000210285
0.000189543
0.000266790
0.000206947
0.000285625
0.000226021
0.000189543
0.000191689
0.000186920
0.000285149
0.000274658
0.000211000
0.000191689
0.000183821
0.000189304
0.000228167
0.000218391
0.000201941
0.000190496
0.000212908
0.000288486
0.000225544
0.000219107
0.000186443
0.000182629
0.000197411
0.000215530
0.000196218
0.000239134
0.000225544
0.000212193
0.000199795
0.000185013
0.000182390
0.000209093
0.000204563
0.000189066
0.000186443
0.000182629
0.000204325
0.000283480
0.000247478
0.000231028
0.000271559
0.000208378
0.000217438
0.000264645
0.000266314
0.000224113
0.000207663
0.000189304
0.000188828
0.000208378
0.000186443
0.000193119
0.000195742
0.000188589
0.000207424
0.000228167
0.000202656
0.000232458
0.000192642
0.000183821
0.000184536
0.000229359
0.000188828
0.000185013
0.000182390
0.000182152
0.000201941
0.000221014
0.000201941
0.000200510
0.000188589
0.000185251
0.000186682
0.000263453
0.000200987
0.000181913
0.000204325
0.000277519
0.000200748
0.000216722
0.000192404
0.000184059
0.000189066
0.000186205
0.000189543
0.000190973
0.000220537
0.000190496
0.000183344
0.000180721
0.000180244
0.000310183
0.000264168
0.000221729
0.000202894
0.000196218
0.000203609
0.000282049
0.000237226
0.000268459
0.000205755
0.000211954
0.000207424
0.000230789
0.000191450
0.000321150
0.000304222
0.000237226
0.000283957
0.000219584
0.000285864
0.000207663
0.000205040
0.000193357
0.000273943
0.000289917
0.000571966
0.000216246
0.000195265
0.000317335
0.000253677
0.000201464
0.000190496
0.000185490
0.000181913
0.000233412
0.000212908
0.000236273
0.000194073
0.000188589
0.000184059
0.000219107
0.000199795
0.000188589
0.000226736
0.000191689
0.000186682
0.000280142
0.000200033
0.000185728
0.000189781
0.000181198
0.000185490
0.000220537
0.000188589
0.000181913
0.000185728
0.000211954
0.000191450
0.000227451
0.000193834
0.000186205
0.000202417
0.000277996
0.000193834
0.000195980
0.000277042
0.000191212
0.000184298
0.000192165
0.000181913
0.000278473
0.000295639
0.000304222
0.000297308
0.000285387
0.000287533
0.000305891
0.000309467
0.000301123
0.000331640
0.000331402
0.000359058
0.000327587
0.000350237
0.000335455
0.000333786
0.000327587
0.000331879
0.000312805
0.000303030
0.000304222
0.000302076
0.000309944
0.000305414
0.000315905
0.000289440
0.000222921
0.000194073
0.000190496
0.000248909
0.000291586
0.000197411
0.000185490
0.000231981
0.000188828
0.000284672
0.000354528
0.000331640
0.000309229
0.000219107
0.000298023
0.000231266
0.000312090
0.000213861
0.000217438
0.000195980
0.000305176
0.000198841
0.000185251
0.000188112
0.000190973
0.000289202
0.000287771
0.000283957
0.000283003
0.000308037
0.000288725
0.000287771
0.000291824
0.000294924
0.000282764
0.000286341
0.000283003
0.000315666
0.000311613
0.000328302
0.000324249
0.000317097
0.000339508
0.000318050
0.000314713
0.000310421
0.000289679
0.000301123
0.000300169
0.000308752
0.000302315
0.000287056
0.000296354
0.000314474
0.000300646
0.000310659
0.000299931
0.000294924
0.000296593
0.000297785
0.000310659
0.000299692
0.000300646
0.000322342
0.000347137
0.000326872
0.000349998
0.000336647
0.000322580
0.000320673
0.000327349
0.000327587
0.000300169
0.000297070
0.000297785
0.000286579
0.000251293
0.000259161
0.000286579
0.000219584
0.000218630
0.000199556
0.000280857
0.000310659
0.000312090
0.000316858
0.000330687
0.000304699
0.000311852
0.000336647
0.000331879
0.000337362
0.000298738
0.000206470
0.000205517
0.000322342
0.000238657
0.000273943
0.000260830
0.000222683
0.000221968
0.000201464
0.000194788
0.000219584
0.000202179
0.000188351
0.000188351
0.000184774
0.000180483
0.000316858
0.000305891
0.000205755
0.000207424
0.000188351
0.000214338
0.000311136
0.000360012
0.000321388
0.000198841
0.000312328
0.000215054
0.000201941
0.000195980
0.000195026
0.000313044
0.000319958
0.000223398
0.000191212
0.000295162
0.000258446
0.000265598
0.000288248
0.000209808
0.000247002
0.000265837
0.000213146
0.000199556
0.000294209
0.000214815
0.000303507
0.000320196
0.000222445
0.000287056
0.000252485
0.000200987
0.000187159
0.000295162
0.000229359
0.000199318
0.000210047
0.000336409
0.000242710
0.000208616
0.000282288
0.000229359
0.000193357
0.000281096
0.000233889
0.000280380
0.000278234
0.000198841
0.000192642
0.000185013
0.000237226
0.000230789
0.000205278
0.000191689
0.000274897
0.000297546
0.000279665
0.000299454
0.000230074
0.000307322
0.000215292
0.000200987
0.000190020
0.000187874
0.000207901
0.000250101
0.000221968
0.000195980
0.000196695
0.000191689
0.000183344
0.000221491
0.000188112
0.000182390
0.000179768
0.000180244
0.000232697
0.000222921
0.000202894
0.000255823
0.000208855
0.000185966
0.000253439
0.000194550
0.000254393
0.000209570
0.000306845
0.000228405
0.000322342
0.000209093
0.000191927
0.000188828
0.000185251
0.000288010
0.000279427
0.000222445
0.000196457
0.000295162
0.000194550
0.000213623
0.000192881
0.000200033
0.000191689
0.000293255
0.000199080
0.000224829
0.000232935
0.000206947
0.000214338
0.000221491
0.000190020
0.000192165
0.000296116
0.000197172
0.000189543
0.000191212
0.000233173
0.000337124
0.000340700
0.000292063
0.000215530
0.000262737
0.000190735
0.000181198
0.000182390
0.000181675
0.000288010
0.000312805
0.000200033
0.000189781
0.000186443
0.000183344
0.000183344
0.000212193
0.000184298
0.000192642
0.000185490
0.000272989
0.000202417
0.000226259
0.000235081
0.000247478
0.000219345
0.000245094
0.000287771
0.000231981
0.000205278
0.000202417
0.000181437
0.000204086
0.000184774
0.000189304
0.000183344
0.000180721
0.000181675
0.000199318
0.000323057
0.000200987
0.000205517
0.000195026
0.000248194
0.000257492
0.000206947
0.000187874
0.000188351
0.000189304
0.000308037
0.000333071
0.000250101
0.000201225
0.000193834
0.000202894
0.000243664
0.000200510
0.000191689
0.000182390
0.000187397
0.000217915
0.000225544
0.000191927
0.000183821
0.000184774
0.000182152
0.000180006
0.000208616
0.000188828
0.000188828
0.000192642
0.000183821
0.000186443
0.000208139
0.000194788
0.000185490
0.000184298
0.000182390
0.000181913
0.000232458
0.000309706
0.000217915
0.000194788
0.000191212
0.000184059
0.000211477
0.000212431
0.000192881
0.000183582
0.000193357
0.000186205
0.000222206
0.000188589
0.000189543
0.000256062
0.000209093
0.000186205
0.000202179
0.000194550
0.000289679
0.000281811
0.000197887
0.000192404
0.000184774
0.000294447
0.000313759
0.000203133
0.000222683
0.000231504
0.000311136
0.000296354
0.000201702
0.000183821
0.000183105
0.000193357
0.000312090
0.000299215
0.000294447
0.000203371
0.000196457
0.000191689
0.000196218
0.000182629
0.000211239
0.000187159
0.000180960
0.000179291
0.000178814
0.000179291
0.000224113
0.000183821
0.000193596
0.000257254
0.000202179
0.000186443
0.000281811
0.000203371
0.000183105
0.000180244
0.000183344
0.000280380
0.000283241
0.000283718
0.000231504
0.000206947
0.000185251
0.000186682
0.000185013
0.000208378
0.000200033
0.000206709
0.000191212
0.000185251
0.000181675
0.000237226
0.000192165
0.000184774
0.000182390
0.000182867
0.000193596
0.000232220
0.000185966
0.000185251
0.000181198
0.000180483
0.000179291
0.000203371
0.000185013
0.000181675
0.000286341
0.000311613
0.000299454
0.000264406
0.000199795
0.000202894
0.000222445
0.000192404
0.000186205
0.000313044
0.000193357
0.000192404
0.000265360
0.000205755
0.000186682
0.000193834
0.000182867
0.000184774
0.000230312
0.000184774
0.000183582
0.000186443
0.000296831
0.000196695
0.000184774
0.000189304
0.000186682
0.000284195
0.000284910
0.000303030
0.000308037
0.000302553
0.000296831
0.000290871
0.000316381
0.000287056
0.000306129
0.000321627
0.000321150
0.000316858
0.000311613
0.000337601
0.000319242
0.000321865
0.000337839
0.000304461
0.000295877
0.000290871
0.000295639
0.000288725
0.000288248
0.000288963
