0.000203848
0.000155210
0.000121593
0.000114441
0.000112534
0.000116825
0.000112772
0.000117779
0.000115156
0.000134230
0.000128508
0.000176907
0.000116110
0.000114918
0.000121117
0.000115871
0.000111341
0.000109196
0.000238657
0.000145197
0.000129700
0.000115395
0.000112295
0.000110865
0.000110388
0.000122070
0.000112057
0.000114202
0.000142336
0.000220299
0.000309706
0.000153065
0.000122786
0.000115395
0.000113726
0.000127554
0.000112534
0.000110865
0.000194073
0.000189781
0.000196457
0.000207186
0.000187159
0.000201225
0.000221729
0.000158310
0.000111103
0.000120878
0.000149727
0.000180006
0.000141382
0.000172615
0.000126362
0.000105619
0.000104189
0.000122547
0.000106573
0.000106573
0.000105381
0.000150204
0.000169039
0.000112295
0.000104666
0.000105858
0.000104427
0.000124693
0.000213385
0.000191450
0.000175953
0.000189066
0.000216007
0.000125647
0.000168085
0.000180960
0.000216722
0.000177860
0.000156641
0.000106335
0.000107527
0.000156879
0.000115395
0.000105858
0.000110865
0.000105381
0.000104666
0.000115633
0.000107765
0.000104904
0.000113010
0.000110865
0.000133514
0.000109196
0.000105381
0.000106096
0.000104666
0.000103235
0.000102758
0.000104666
0.000103951
0.000106335
0.000107527
0.000104904
0.000102758
0.000101566
0.000103474
0.000102997
0.000102520
0.000184059
0.000215292
0.000118732
0.000190020
0.000187159
0.000148773
0.000104666
0.000103474
0.000107050
0.000104427
0.000103474
0.000103712
0.000115633
0.000137329
0.000113726
0.000104666
0.000104666
0.000126123
0.000139236
0.000109911
0.000105381
0.000108957
0.000109196
0.000105858
0.000104666
0.000102758
0.000103235
0.000102758
0.000103235
0.000102282
0.000102758
0.000109911
0.000109911
0.000110149
0.000105143
0.000103235
0.000102758
0.000101566
0.000110388
0.000104189
0.000103235
0.000106573
0.000103951
0.000103235
0.000123978
0.000105143
0.000102997
0.000102758
0.000102997
0.000104189
0.000102997
0.000108957
0.000113964
0.000104904
0.000103474
0.000102043
0.000118494
0.000111580
0.000110149
0.000105858
0.000104666
0.000120878
0.000113249
0.000106573
0.000104427
0.000103712
0.000105381
0.000103712
0.000175238
0.000143051
0.000148535
0.000194550
0.000179529
0.000160456
0.000184298
0.000149012
0.000154734
0.000138998
0.000166893
0.000144482
0.000143528
0.000188589
0.000118971
0.000109911
0.000220299
0.000203371
0.000182867
0.000177860
0.000213385
0.000180006
0.000112057
0.000144720
0.000177145
0.000156403
0.000148058
0.000135183
0.000132561
0.000145912
0.000113249
0.000105381
0.000196218
0.000216246
0.000181913
0.000181198
0.000196934
0.000197172
0.000165224
0.000190973
0.000200510
0.000168085
0.000108957
0.000142574
0.000114441
0.000135183
0.000106096
0.000103712
0.000103712
0.000102282
0.000108957
0.000103235
0.000103474
0.000106335
0.000108719
0.000106812
0.000103951
0.000103951
0.000123978
0.000197887
0.000210762
0.000263691
0.000108480
0.000190258
0.000213146
0.000159979
0.000148296
0.000111103
0.000104189
0.000104427
0.000104666
0.000175714
0.000182152
0.000205755
0.000190735
0.000257015
0.000176907
0.000208378
0.000183344
0.000182390
0.000108242
0.000106573
0.000103712
0.000112057
0.000111580
0.000190735
0.000191212
0.000189543
0.000175714
0.000117540
0.000115871
0.000106335
0.000106335
0.000158548
0.000109673
0.000104189
0.000197411
0.000207663
0.000194311
0.000117302
0.000148296
0.000231981
0.000234365
0.000210524
0.000205994
0.000231743
0.000225544
0.000222921
0.000225067
0.000245810
0.000203609
0.000399590
0.000388145
0.000231743
0.000255346
0.000333309
0.000511646
0.000522852
0.000221252
0.000194788
0.000191689
0.000178576
0.000141621
0.000141144
0.000180721
0.000185966
0.000196695
0.000228405
0.000201941
0.000193596
0.000140429
0.000109911
0.000216722
0.000227213
0.000268459
0.000214338
0.000212908
0.000249386
0.000219345
0.000215769
0.000168085
0.000211239
0.000120163
0.000210524
0.000131607
0.000240088
0.000216484
0.000212193
0.000349522
0.000274181
0.000246286
0.000290394
0.000263453
0.000240564
0.000271082
0.000252008
0.000264645
0.000263214
0.000231504
0.000276089
0.000250578
0.000241995
0.000236034
0.000256300
0.000169516
0.000196218
0.000286102
0.000224352
0.000172615
0.000199556
0.000256062
0.000211716
0.000199080
0.000209332
0.000118017
0.000210762
0.000192881
0.000205755
0.000191450
0.000185490
0.000119925
0.000212908
0.000202417
0.000139236
0.000216722
0.000237226
0.000215530
0.000301838
0.000270128
0.002679825
0.001178980
0.000242949
0.000231028
0.000219107
0.001435995
0.000231266
0.001158953
0.000231266
0.000321150
0.000240088
0.000226736
0.000217199
0.000246286
0.000209093
0.000208378
0.000275850
0.000212908
0.000223398
0.000218153
0.000241518
0.000215769
0.000194788
0.000227690
0.000295639
0.000211477
0.000232935
0.000224352
0.000391722
0.000484467
0.000246048
0.000305891
0.000331879
0.000238895
0.000657320
0.000292301
0.000242949
0.000245333
0.000222683
0.000245333
0.000213861
0.000195742
0.000162840
0.000193357
0.000201225
0.000192165
0.000198841
0.000215054
0.000183582
0.000123262
0.000192881
0.000214815
0.000225306
0.000218153
0.000179529
0.000122547
0.000115633
0.000110149
0.000118971
0.000159740
0.000131130
0.000112534
0.000186682
0.000195503
0.000220299
0.000226974
0.000249147
0.000217438
0.000216961
0.000223637
0.000216007
0.000202894
0.000221729
0.000219822
0.000211477
0.000221014
0.000238895
0.000204563
0.000168800
0.000114679
0.000137568
0.000232935
0.000226974
0.000250578
0.000174046
0.000117302
0.000120878
0.000110626
0.000121355
0.000203371
0.000186920
0.000214815
0.000131845
0.000127077
0.000132561
0.000109434
0.000183821
0.000192642
0.000174761
0.000127316
0.000129223
0.000117064
0.000116348
0.000110626
0.000155926
0.000121355
0.000123024
0.000108957
0.000104904
0.000114679
0.000111103
0.000106812
0.000118971
0.000108719
0.000113964
0.000229836
0.000124693
0.000108242
0.000123262
0.000123501
0.000120878
0.000114202
0.000105619
0.000137091
0.000128508
0.000138521
0.000216961
0.000201702
0.000187635
0.000146151
0.000113726
0.000228643
0.000229120
0.000196457
0.000181675
0.000124454
0.000144482
0.000119925
0.000193596
0.000155449
0.000125647
0.000116825
0.000184298
0.000196695
0.000193596
0.000128984
0.000172615
0.000192404
0.000188112
0.000217676
0.000200510
0.000184298
0.000214815
0.000216246
0.000217438
0.000179768
0.000187159
0.000195742
0.000188828
0.000217199
0.000185490
0.000186443
0.000137329
0.000217438
0.000194311
0.000113964
0.000197172
0.000110626
0.000177383
0.000111341
0.000197172
0.000207901
0.000107765
0.000216007
0.000129461
0.000172615
0.000113010
0.000190020
0.000164032
0.000107288
0.000196695
0.000112295
0.000197649
0.000202417
0.000227213
0.000194073
0.000195265
0.000199080
0.000195265
0.000164747
0.000735044
0.000225544
0.000228405
0.000242949
0.000243425
0.000220060
0.000214577
0.000229120
0.000226021
0.000215054
0.000189066
0.000201225
0.000220299
0.000237942
0.000232220
0.000220776
0.000231743
0.000243187
0.000235558
0.000266552
0.000209570
0.000140905
0.000110388
0.000230312
0.000236750
0.000228405
0.000165224
0.000215769
0.000153303
0.000221729
0.000215769
0.000252485
0.000219345
0.000274181
0.000216961
0.000309229
0.000228405
0.000235319
0.000216246
0.000202417
0.000252008
0.000188828
0.000249863
0.000249386
0.000242949
0.000237465
0.000233650
0.000223875
0.000225306
0.000221729
0.000226736
0.000216007
0.000214338
0.000233889
0.000231266
0.000213623
0.000908136
0.000225782
0.000291824
0.000222683
0.000222921
0.000221968
0.000236750
0.000351429
0.000233650
0.000336409
0.000270844
0.000367403
0.000253916
0.000240088
0.000240326
0.000301361
0.000231504
0.000206470
0.000205994
0.000198603
0.000203609
0.000200272
0.000217438
0.000301838
0.000229597
0.000220537
0.000400782
0.000214815
0.000216484
0.000230312
0.000284910
0.000419378
0.000240803
0.000213146
0.000712633
0.000242710
0.000446081
0.000284910
0.000871897
0.000606537
0.000304937
0.000383615
0.000458956
0.000252724
0.000378609
0.000245333
0.000233412
0.000658989
0.000493288
0.000214100
0.000356197
0.000223875
0.000216246
0.000221252
0.000207901
0.000219345
0.000214100
0.000212193
0.000227928
0.000221252
0.000216007
0.000380278
0.000222683
0.000223160
0.000244856
0.000234365
0.000219345
0.000207424
0.000214577
0.000249863
0.000221014
0.000203133
0.000192165
0.000193119
0.000169992
0.000194550
0.000181198
0.000200272
0.000200987
0.000214815
0.000209570
0.000200033
0.000180721
0.000216722
0.000138044
0.000164270
0.000154734
0.000169754
0.000150204
0.000131369
0.000113487
0.000122547
0.000108004
0.000108957
0.000110865
0.000109196
0.000148535
0.000119925
0.000113726
0.000115395
0.000131607
0.000118017
0.000113010
0.000120878
0.000109911
0.000108004
0.000123739
0.000119925
0.000111580
0.000130177
0.000156641
0.000377178
0.000223398
0.000272751
0.000215530
0.000195026
0.000154018
0.000113487
0.000133514
0.000108242
0.000140190
0.000129223
0.000121117
0.000122547
0.000118017
0.000105143
0.000105143
0.000103235
0.000179291
0.000111580
0.000106335
0.000109911
0.000107527
0.000102997
0.000108719
0.000109911
0.000113964
0.000113726
0.000148535
0.000109911
0.000105143
0.000105381
0.000109911
0.000104427
0.000104189
0.000105381
0.000165462
0.000114918
0.000130415
0.000108957
0.000113487
0.000102997
0.000111580
0.000113487
0.000115156
0.000105381
0.000105381
0.000105381
0.000165939
0.000113010
0.000105143
0.000104904
0.000256538
0.000144482
0.000155687
0.000108957
0.000114918
0.000108957
0.000118971
0.000108719
0.000106812
0.000109673
0.000104666
0.000104189
0.000120640
0.000106335
0.000153780
0.000115633
0.000148058
0.000111580
0.000109434
0.000104427
0.000104904
0.000102997
0.000103712
0.000103712
0.000105143
0.000103712
0.000165939
0.000114441
0.000135183
0.000111818
0.000116825
0.000104904
0.000111103
0.000209093
0.000118971
0.000106573
0.000148535
0.000107288
0.000104904
0.000214815
0.000138521
0.000109911
0.000106812
0.000103712
0.000104427
0.000129938
0.000120401
0.000109196
0.000108719
0.000134706
0.000117540
0.000108004
0.000116110
0.000145674
0.000118732
0.000107527
0.000130415
0.000114441
0.000107765
0.000103951
0.000103712
0.000103235
0.000109434
0.000104904
0.000107288
0.000218868
0.000143528
0.000109196
0.000107050
0.000102758
0.000102997
0.000102282
0.000102758
0.000104427
0.000104427
0.000148535
0.000153303
0.000105858
0.000108719
0.000104666
0.000103712
0.000102282
0.000103712
0.000102282
0.000109196
0.000104189
0.000140190
0.000111103
0.000247240
0.000115871
0.000106573
0.000105858
0.000132799
0.000114202
0.000111103
0.000107050
0.000121593
0.000106335
0.000104666
0.000102282
0.000122786
0.000106335
0.000104666
0.000211716
0.000126839
0.000165939
0.000137329
0.000121832
0.000108480
0.000103712
0.000104427
0.000102043
0.000104189
0.000104189
0.000102997
0.000108480
0.000156164
0.000112772
0.000106812
0.000104904
0.000105381
0.000123978
0.000109911
0.000105143
0.000126839
0.000110149
0.000161648
0.000121593
0.000114202
0.000104189
0.000105143
0.000103474
0.000104666
0.000103235
0.000102758
0.000130177
0.000144005
0.000110388
0.000107050
0.000103474
0.000103235
0.000104904
0.000104189
0.000102520
0.000159502
0.000123024
0.000162125
0.000126839
0.000108004
0.000101566
0.000102282
0.000102043
0.000107050
0.000105619
0.000107050
0.000104189
0.000176668
0.000107288
0.000109196
0.000103712
0.000102520
0.000103235
0.000104427
0.000103712
0.000102758
0.000103474
0.000153065
0.000107288
0.000105143
0.000104189
0.000102758
0.000103951
0.000105381
0.000107765
0.000109911
0.000107765
0.000113249
0.000112295
0.000106812
0.000106096
0.000103235
0.000104904
0.000118256
0.000105143
0.000102997
0.000111103
0.000108242
0.000105858
0.000104427
0.000103474
0.000107765
0.000103951
0.000102758
0.000109434
0.000109196
0.000108004
0.000201225
0.000116348
0.000107765
0.000111341
0.000103474
0.000119686
0.000103712
0.000107050
0.000102758
0.000116587
0.000154018
0.000123024
0.000104904
0.000190258
0.000123978
0.000115395
0.000118017
0.000117064
0.000105619
0.000113010
0.000120640
0.000109673
0.000113726
0.000109196
0.000104427
0.000103474
0.000102758
0.000105381
0.000102758
0.000116587
0.000178576
