0.160976648
0.069833040
0.002448559
0.003227949
0.184647560
0.257191420
0.335698843
0.430328608
0.518024921
0.632915258
0.687639713
0.777243614
0.745252371
0.645375490
0.538680077
0.511862040
0.594436646
0.710552692
0.870114803
0.993607521
1.117454052
1.017955303
0.941494942
0.841578722
0.742012978
0.642096281
0.541741371
0.439850807
0.340619326
0.241612196
0.135597229
0.035370827
0.002616405
0.114670038
0.162297726
0.202089071
0.279324770
0.360271215
0.468286037
0.498150826
0.554580212
0.605411053
0.674459219
0.746700287
0.832011461
0.877773762
0.933804512
0.916975737
0.818557739
0.720385790
0.622142315
0.523643017
0.425402164
0.327248096
0.379964828
0.458314657
0.577461720
0.488506556
0.402005672
0.303910971
0.205690622
0.107499361
0.028760910
0.067200661
0.167171717
0.214575291
0.215017557
0.227613211
0.290327072
0.309271097
0.361551762
0.407844782
0.368783951
0.397113800
0.479367733
0.399226665
0.321999788
0.223913908
0.127351999
0.028317690
0.002789259
0.044126749
0.002707005
0.003636122
0.003099680
0.003202200
0.002751112
0.172126055
0.238098860
0.306969643
0.381885290
0.466210365
0.528786182
0.633858919
0.768634081
0.686871052
0.594268799
0.613916159
0.515731096
0.417589188
0.319737196
0.228102684
0.129981995
0.031965256
0.011771679
0.078092337
0.183756828
0.265316010
0.337294817
0.429780960
0.512893915
0.604041815
0.634025812
0.672442913
0.732124567
0.769541025
0.674218893
0.575853348
0.480093479
0.382257938
0.289895058
0.192044973
0.093978167
0.005445480
0.002677917
0.100145578
0.002404928
0.079551458
0.005628586
0.170370340
0.283415318
0.208637953
0.247687578
0.289064407
0.367507458
0.287676573
0.190290451
0.092337132
0.119173765
0.169158459
0.225864172
0.280537367
0.333383560
0.235319376
0.299749613
0.383171320
0.487846851
0.569643259
0.663236618
0.788129330
0.944090605
0.846423149
0.994812250
1.151523829
1.324686527
1.346181154
1.354093313
1.268902063
1.275244713
1.186393261
1.088469505
0.990194798
0.882711887
0.794618845
0.697426319
0.599181175
0.502360106
0.404295206
0.306410313
0.208437443
0.249370813
0.291678667
0.363592863
0.444996595
0.532963514
0.613207579
0.689769506
0.785979986
0.773787260
0.890134811
0.979968309
0.881444216
0.783583403
0.675654173
0.587162495
0.488866091
0.390558004
0.292303801
0.193902493
0.095505714
0.002856255
0.002571106
0.002691269
0.002925158
0.002488852
0.002765179
0.002666473
0.012404203
0.195923090
0.278224707
0.360983849
0.445064068
0.542580366
0.633696318
0.612153769
0.514488220
0.416775942
0.318486214
0.220524549
0.122522354
0.028637886
0.003271341
0.002883196
0.002436161
0.169427156
0.224938631
0.140161753
0.050129890
0.012477398
0.004733562
0.012161732
0.012500048
0.002416372
0.002876997
0.002905369
0.002509117
0.196174145
0.276643038
0.212877512
0.207306147
0.109327555
0.170911312
0.180552721
0.289336443
0.371408463
0.457376242
0.364556313
0.266238213
0.167795181
0.070318699
0.002618551
0.003337860
0.132385969
0.195199728
0.240073681
0.331651211
0.431436062
0.497235537
0.600198030
0.602216959
0.718682051
0.840198040
0.947615623
1.005864620
1.091739893
0.996051311
1.157939672
1.059880733
1.131491899
1.216137648
1.197452784
1.099362850
1.289970398
1.202091694
1.247306585
1.265816689
1.374834299
1.474019766
1.459244490
1.361645222
1.263658047
1.165874958
1.068546534
1.166327953
1.134352922
1.037940741
1.125417709
1.134273767
1.170245171
1.072861195
0.974839211
0.876788855
0.782639265
0.826074600
0.727830648
0.629564285
0.531428099
0.440043688
0.514754772
0.505539417
0.407897234
0.310054779
0.212982416
0.114896059
0.016345978
0.168017149
0.233819962
0.260515451
0.162792444
0.064904690
0.011814594
0.169932604
0.235246897
0.303895712
0.356526136
0.440364838
0.557626724
0.669979811
0.717871904
0.767718554
0.773750782
0.709583759
0.657541990
0.640035391
0.564236641
0.524427176
0.508387327
0.469082832
0.480817795
0.472694159
0.460567474
0.425068617
0.411664963
0.414860487
0.440580845
0.433807135
0.457936049
0.479557514
0.498161554
0.575693369
0.478568792
0.557248831
0.595556259
0.704325676
0.778249502
0.905852556
1.034150362
0.936724186
0.943966866
0.867672682
0.861084938
0.763029099
0.664472103
0.572836876
0.475264549
0.377929688
0.274729252
0.338607788
0.403334856
0.394327641
0.441957712
0.518253803
0.621776104
0.691388130
0.796886921
0.917764187
1.004480362
1.082116842
1.205762148
1.107886076
1.018079042
0.920978546
0.833939314
0.735788107
0.637755394
0.539551735
0.442091942
0.344628096
0.246624231
0.149428844
0.051397800
0.144676208
0.216814995
0.286089420
0.368321896
0.452577591
0.551356792
0.595537663
0.497681618
0.402505875
0.304128170
0.206559658
0.115636349
0.155270100
0.214806080
0.285980463
0.347488165
0.416931391
0.496770144
0.580491066
0.616030693
0.527459621
0.429456472
0.331537247
0.233531952
0.135265589
0.124980688
0.180577993
0.258906126
0.330018997
0.410817385
0.517468452
0.612845898
0.688866854
0.811836004
0.849774599
0.916183949
0.818483353
0.724819660
0.626615047
0.625861168
0.527627707
0.429463387
0.331108093
0.232794285
0.134590387
0.179538012
0.237311125
0.314382553
0.388633251
0.388409138
0.290186882
0.191856861
0.093381405
0.002375603
0.002324581
0.002277613
0.002379179
0.002386332
0.002339840
0.042117596
0.153040409
0.210413456
0.262763739
0.344379187
0.427267551
0.496372223
0.589246273
0.697738171
0.847804308
0.908216000
0.900316477
0.990650654
1.022685289
0.924451113
0.923058033
1.006944656
1.110916853
1.354173422
1.576225758
1.711519480
1.853933096
2.020555735
2.182029247
2.083822727
2.265603781
2.348198175
2.445848227
2.413538456
2.473408461
2.473903894
2.375327349
2.277353048
2.178997755
2.185943127
2.178095102
2.120729446
2.022580147
1.961900949
1.863529682
1.984201193
1.886406660
1.788168907
1.689859867
1.581874371
1.493229151
1.425058603
1.326843739
1.228512764
1.130098581
1.032021523
0.933695793
0.835488796
0.825420618
0.727171421
0.628898859
0.530616999
0.432355881
0.334212303
0.236145020
0.313055277
0.388140440
0.468946218
0.572118998
0.674446344
0.775139570
0.906143427
1.016772747
1.114183664
1.273733139
1.185058594
1.105961561
1.008229494
0.910117626
0.812306404
0.714544535
0.616559505
0.518563509
0.422302008
0.324373484
0.226333857
0.128344536
0.030229330
0.002483130
0.129453659
0.179620504
0.225499153
0.273030519
0.268471479
0.170185566
0.071951151
0.011538744
0.011397600
0.142724276
0.186276436
0.248740911
0.325486898
0.430300713
0.507467508
0.428983927
0.339080095
0.270109415
0.236683607
0.158808231
0.237522602
0.297551870
0.306822777
0.217840433
0.119580269
0.021331549
0.002457142
0.002574205
0.002688885
0.107798576
0.169500351
0.137288809
0.047749043
0.002437592
0.167272568
0.226352215
0.162498713
0.064533949
0.002673626
0.002878904
0.002324104
0.002824068
0.002749920
0.181274414
0.237185001
0.304922581
0.375895500
0.442613602
0.516142368
0.600142479
0.688552618
0.772761345
0.770584583
0.672363997
0.574092150
0.473796129
0.393694162
0.295501232
0.197352886
0.105661869
0.013043165
0.002396822
0.002454281
0.002325773
0.002372265
0.002375603
0.002390385
0.002359629
0.002312899
0.002794981
0.011584282
0.002735376
0.002362967
0.002392054
0.002411366
0.002379179
0.052507877
0.167626858
0.225754738
0.309773207
0.385850430
0.474501848
0.464304447
0.366367102
0.268483400
0.170377016
0.072531700
0.002392769
0.002488136
0.002414227
0.052899837
0.165813923
0.227867603
0.284510374
0.364524126
0.449835300
0.512833118
0.590200901
0.677125931
0.820988655
0.948685408
0.984551191
0.886567593
0.788108587
0.790074348
0.712484121
0.614574432
0.516470194
0.418086767
0.414088488
0.316266537
0.218252182
0.234744549
0.278336287
0.379303217
0.291579485
0.309950590
0.211929560
0.289723635
0.382662773
0.446068764
0.529185295
0.629179955
0.733075619
0.807744026
0.873952866
0.925878048
0.827625990
0.729454756
0.631183863
0.532884598
0.434185743
0.336306810
0.238048792
0.139671803
0.041182756
0.011396646
0.112284422
0.168716669
0.192088366
0.246882439
0.312776566
0.323653221
0.344847918
0.247014999
0.177994490
0.203616381
0.179145575
0.080868721
0.153268576
0.185994625
0.222287655
0.260647297
0.314577103
0.372997522
0.439746141
0.360168219
0.261951447
0.164289236
0.066262960
0.002413511
0.002386808
0.152839184
0.167520761
0.223604202
0.261061192
0.310056448
0.391666889
0.413705349
0.475092173
0.495051622
0.502044201
0.515364170
0.507110357
0.526893139
0.631284237
0.754559040
0.845446587
0.937913895
1.060022593
1.117061138
1.118735552
1.020692348
0.922326803
0.824058056
0.725614786
0.627288103
0.529158115
0.430943012
0.332574606
0.234229803
0.135917902
0.168149948
0.226634026
0.304338455
0.376070499
0.469415426
0.548260450
0.622251987
0.641870260
0.650338650
0.653930664
0.555849075
0.675176620
0.760142088
0.837779522
0.950838804
1.079897165
1.235497475
1.396576643
1.305331469
1.278624773
1.308248281
1.210580349
1.112327576
1.090952396
1.176941872
1.250230551
1.208318710
1.261728287
1.171322346
1.073004723
0.974671841
0.921702385
0.993831635
1.010001421
0.912160635
0.814615250
0.789842367
0.725834608
0.627641678
0.701963186
0.817204952
0.752625942
0.654475927
0.556434870
0.458258152
0.360104561
0.261843681
0.163562298
0.065330505
0.164104462
0.221628904
0.286319256
0.360222816
0.456151009
0.544225454
0.638761997
0.743369818
0.688771486
0.815436602
0.882878542
0.784714222
0.689388990
0.613809586
0.515593767
0.417280197
0.319236279
0.220821619
0.123600483
0.164789677
0.221834421
0.285114288
0.361892223
0.451412439
0.540413141
0.677751303
0.747660637
0.864006281
0.976767778
0.890750408
0.793302536
0.694966078
0.596696138
0.498517275
0.401612282
0.303738594
0.205379486
0.107222080
0.141585588
0.112770557
0.022930622
0.002186060
0.002137899
0.163815737
0.221529484
0.284343243
0.350521088
0.428996801
0.376487494
0.278491020
0.180152655
0.081893682
0.002400637
0.002327919
0.153852224
0.209140539
0.259794235
0.180162668
0.081919670
0.002327919
0.141058922
0.191406727
0.263747454
0.341292381
0.427113295
0.516255856
0.527906656
0.430086613
0.331882238
0.233687162
0.135396957
0.037190199
0.002141714
0.002120018
0.032124043
0.156030178
0.132434130
0.034576178
0.002718925
0.032446146
0.142564535
0.174214840
0.213709354
0.246889353
0.284663439
0.346940279
0.377122402
0.434762001
0.464782953
0.522637129
0.494468927
0.488993406
0.534517050
0.506311417
0.465932131
0.510300636
0.482056379
0.476601601
0.412055254
0.379064322
0.333853006
0.301589966
0.248601675
0.308463335
0.374968767
0.421882868
0.465389967
0.533683538
0.481566429
0.489027023
0.497497559
0.469459057
0.476922750
0.509225130
0.492919445
0.476853371
0.411736488
0.321502686
0.238073587
0.139815331
0.041461945
0.031800747
0.152546406
0.178237438
0.223579407
0.272915602
0.348312855
0.428686380
0.472508192
0.454835892
0.464379549
0.424252272
0.419877529
0.476011753
0.459802866
0.456030130
0.463887930
0.471919298
0.466066837
0.463903904
0.396907806
0.355506659
0.383895159
0.285646915
0.346809149
0.427075148
0.494708776
0.490603924
0.510399342
0.446310759
0.451174498
0.450146437
0.446028709
0.441542387
0.499179840
0.483063698
0.454335451
0.436712980
0.347178221
0.256574392
0.160088062
0.062565565
0.012337208
0.002688646
0.002774715
0.120521307
0.192129612
0.249256134
0.304535627
0.380965948
0.455176592
0.563424349
0.650488377
0.762833595
0.872145414
0.940241575
1.054250956
1.061879635
0.963823080
0.862873077
0.767707586
0.669551134
0.571287632
0.473443508
0.375390291
0.277665138
0.179474592
0.081381083
0.064023733
0.156227589
0.227962494
0.294878721
0.355356932
0.415250778
0.497644663
0.589076519
0.683332682
0.779481173
0.834011316
0.781509161
0.683417320
0.585206985
0.487175465
0.388925314
0.290730238
0.368179321
0.456351042
0.558022976
0.614529610
0.699388027
0.817967176
0.944265842
0.874422312
0.900784731
0.996720076
1.084919930
1.240929365
1.168206215
1.084901094
0.988425732
0.891099215
0.794257879
0.695971251
0.599150896
0.501550436
0.404168367
0.306223631
0.207879782
0.109199524
0.075143576
0.143671751
0.177021503
0.210536242
0.274216413
0.328111172
0.371994972
0.391530037
0.423982143
0.346676111
0.256986380
0.166798592
0.068799973
0.002410650
0.002375126
