0.000221491
0.000314713
0.000177622
0.000148773
0.000211716
0.000183582
0.000154018
0.000320911
0.000150204
0.000155687
0.000149488
0.000171185
0.000216246
0.000149250
0.000145197
0.000628948
0.000203133
0.000165462
0.000149488
0.000161648
0.000151157
0.000151157
0.000354052
0.000164270
0.000150919
0.000204086
0.000154257
0.000262737
0.000164032
0.000292540
0.000181437
0.000153542
0.000144958
0.000148058
0.000202179
0.000168800
0.000148773
0.000145197
0.000153780
0.000147820
0.000144005
0.000192165
0.000210285
0.000144005
0.000146151
0.000144243
0.000145435
0.000221729
0.000159979
0.000214815
0.000157118
0.000143766
0.000144005
0.000177622
0.000145674
0.000210762
0.000151634
0.000145435
0.000143051
0.000217676
0.000144005
0.000172377
0.000149965
0.000144482
0.000208616
0.000145435
0.000145197
0.000145197
0.000144958
0.000144958
0.000187397
0.000203609
0.000143766
0.000142336
0.000145674
0.000142336
0.000142574
0.000144482
0.000205994
0.000140667
0.000159502
0.000144720
0.000141859
0.000196457
0.000145435
0.000145435
0.000144720
0.000142813
0.000209570
0.000146866
0.000145435
0.000165939
0.000151396
0.000202656
0.000149488
0.000142097
0.000141859
0.000146866
0.000146627
0.000142097
0.000142336
0.000143528
0.000140429
0.000154734
0.000139236
0.000142336
0.000140190
0.000144005
0.000189304
0.000144005
0.000140667
0.000140429
0.000142813
0.000143051
0.000143051
0.000147104
0.000140905
0.000141859
0.000145674
0.000144482
0.000142336
0.000159979
0.000148535
0.000141859
0.000143290
0.000160933
0.000142574
0.000141382
0.000153303
0.000145912
0.000143290
0.000143766
0.000141859
0.000141382
0.000143528
0.000142097
0.000143290
0.000142574
0.000164747
0.000147820
0.000143290
0.000140190
0.000140429
0.000140429
0.000149727
0.000143051
0.000141144
0.000250101
0.000156164
0.000147581
0.000143766
0.000144958
0.000167131
0.000145197
0.000143766
0.000145674
0.000149250
0.000142336
0.000141382
0.000144243
0.000141859
0.000157356
0.000153065
0.000141144
0.000142813
0.000140905
0.000140429
0.000142813
0.000216007
0.000149965
0.000142336
0.000144958
0.000148296
0.000140905
0.000146389
0.000142813
0.000156879
0.000141859
0.000150442
0.000152111
0.000149012
0.000141382
0.000169039
0.000153303
0.000143766
0.000147104
0.000143290
0.000143290
0.000168800
0.000150442
0.000150442
0.000143528
0.000143051
0.000144243
0.000141144
0.000139952
0.000140905
0.000143051
0.000140667
0.000138283
0.000150442
0.000139952
0.000143528
0.000146866
0.000143290
0.000142813
0.000139952
0.000140190
0.000153065
0.000149012
0.000140667
0.000145197
0.000163317
0.000142813
0.000141144
0.000143528
0.000142097
0.000142336
0.000153780
0.000144005
0.000143290
0.000144482
0.000142336
0.000143051
0.000142097
0.000142574
0.000141382
0.000140905
0.000180960
0.000151634
0.000146627
0.000150919
0.000143051
0.000149727
0.000157356
0.000147343
0.000144005
0.000143528
0.000164986
0.000154257
0.000140190
0.000146627
0.000164747
0.000149250
0.000141144
0.000144482
0.000144720
0.000141621
0.000145435
0.000144720
0.000142336
0.000142574
0.000145197
0.000142574
0.000144482
0.000140429
0.000140190
0.000150204
0.000152111
0.000143528
0.000143051
0.000143051
0.000140667
0.000154495
0.000141144
0.000143766
0.000145912
0.000277281
0.000520945
0.000144958
0.000139713
0.000141382
0.000141144
0.000180960
0.000156164
0.000146151
0.000143051
0.000151396
0.000151396
0.000146151
0.000145674
0.000142097
0.000140905
0.000140190
0.000140429
0.000145912
0.000142097
0.000460625
0.000208139
0.000150204
0.000145435
0.000140667
0.000139952
0.000147820
0.000139475
0.000142813
0.000140429
0.000146866
0.000148535
0.000139952
0.000138044
0.000139713
0.000589132
0.000143290
0.000146627
0.000140190
0.000139236
0.000144243
0.000143290
0.000142336
0.000138521
0.000142813
0.000146389
0.000143766
0.000138998
0.000149250
0.000143290
0.000140190
0.000159025
0.000164032
0.000146866
0.000141382
0.000142813
0.000141621
0.000140667
0.000140190
0.000141382
0.000144243
0.000499725
0.000140429
0.000137329
0.000143051
0.000139475
0.000177622
0.000145435
0.000454426
0.000139236
0.000143051
0.000148773
0.000144958
0.000158310
0.000143290
0.000143290
0.000139475
0.000148773
0.000142097
0.000140429
0.000141859
0.000243425
0.000151634
0.000141144
0.000139713
0.000139713
0.000139236
0.000144005
0.000143051
0.000139952
0.000145435
0.000146627
0.000140905
0.000140190
0.000139475
0.000142813
0.000145912
0.000160694
0.000459194
0.000139713
0.000142813
0.000144243
0.000138998
0.000139952
0.000139475
0.000139952
0.000142813
0.000141621
0.000187874
0.000162125
0.000141382
0.000139713
0.000143528
0.000142097
0.000147343
0.000139236
0.000143528
0.000139952
0.000145435
0.000138760
0.000249386
0.000166178
0.000154018
0.000140905
0.000140667
0.000144243
0.000272274
0.000175238
0.000146151
0.000144958
0.000143766
0.000142574
0.000141859
0.000144243
0.000145197
0.000143528
0.000144243
0.000140905
0.000140905
0.000144482
0.000552654
0.000212193
0.000622272
0.000164747
0.000142813
0.000139952
0.000142097
0.000150442
0.000143528
0.000143290
0.000144005
0.000182390
0.000145435
0.000140190
0.000141621
0.000143766
0.000141621
0.000168085
0.000146627
0.000141382
0.000145435
0.000147820
0.000145674
0.000145197
0.000140429
0.000140905
0.000143051
0.000141382
0.000144482
0.000163317
0.000263214
0.000168085
0.000157118
0.000164270
0.000158310
0.000161171
0.000155449
0.000155449
0.000157356
0.000154495
0.000155926
0.000190973
0.000161648
0.000154018
0.000155926
0.000161171
0.000154495
0.000153780
0.000175238
0.000161171
0.000162125
0.000159264
0.000156164
0.000164509
0.000153542
0.000154734
0.000153542
0.000156403
0.000153542
0.000158787
0.000160933
0.000205755
0.000162601
0.000168562
0.000158787
0.000158548
0.000156164
0.000157118
0.000248194
0.000265598
0.000191927
0.000160694
0.000160217
0.000165224
0.000155449
0.000157833
0.000155926
0.000186443
0.000259638
0.002176285
0.000274181
0.000288486
0.000175238
0.000249624
0.000307798
0.000313759
0.000276566
0.000285864
0.000265360
0.000190496
0.000166178
0.000284433
0.000257730
0.000281572
0.000334263
0.000194311
0.000280857
0.000302315
0.000280142
0.000311613
0.000272751
0.000268221
0.000707865
0.000237465
0.000254869
0.000263214
0.000222206
0.000178814
0.000280857
0.000235558
0.000258446
0.000310898
0.000293970
0.000289440
0.000249863
0.000210285
0.000355482
0.000243187
0.000172377
0.000168085
0.000294924
0.000267744
0.000248432
0.000169277
0.000145912
0.000145912
0.000167370
0.000249863
0.000219584
0.000235319
0.000257730
0.000239611
0.000243664
0.000232697
0.000247478
0.000164986
0.000150442
0.000180960
0.000188351
0.000155687
0.000153780
0.000207663
0.000243664
0.000259161
0.000267744
0.000275373
0.000242949
0.000259161
0.000186443
0.000173807
0.000202894
0.000177383
0.000158072
0.000144720
0.000142097
0.000140905
0.000161171
0.000145912
0.000141859
0.000144243
0.000143290
0.000240088
0.000254869
0.000220060
0.000154734
0.000164270
0.000505447
0.000143766
0.000242233
0.000339508
0.000251293
0.000248194
0.000163078
0.000151873
0.000197172
0.000154018
0.000147104
0.000251293
0.000252485
0.000214577
0.000218868
0.000189781
0.000159502
0.000149012
0.000147343
0.000262499
0.000265598
0.000185966
0.000163794
0.000170231
0.000278950
0.000242233
0.000248194
0.000259399
0.000230551
0.000251055
0.000200033
0.000214338
0.000245094
0.000185251
0.000227213
0.000244379
0.000576973
0.000239611
0.000201225
0.000167847
0.000154495
0.000142574
0.000149727
0.000250578
0.000274181
0.000273943
0.000268936
0.000255346
0.000205994
0.000168085
0.000162840
0.000164032
0.000145435
0.000251055
0.000196695
0.000164032
0.000148296
0.000171661
0.000147104
0.000143051
0.000194311
0.000250578
0.000240564
0.000242472
0.000184298
0.000159025
0.000153065
0.000148058
0.000144482
0.000143766
0.000141144
0.000143290
0.000142336
0.000147104
0.000140905
0.000241041
0.000170231
0.000151396
0.000144720
0.000140905
0.000145912
0.000137091
0.000144243
0.000143766
0.000142813
0.000143528
0.000139713
0.000149012
0.000143290
0.000147104
0.000142574
0.000139236
0.000144005
0.000224352
0.000249147
0.000242949
0.000240803
0.000240803
0.000257730
0.000249147
0.000158072
0.000151634
0.000176668
0.000158548
0.000155449
0.000163317
0.000143528
0.000146866
0.000143051
0.000216246
0.000237942
0.000225067
0.000216007
0.000795603
0.000150919
0.000154018
0.000142813
0.000140190
0.000613451
0.000143290
0.000139713
0.000141859
0.000140190
0.000253201
0.000269890
0.000164747
0.000167370
0.000146151
0.000154257
0.000194311
0.000160456
0.000149012
0.000156403
0.000140905
0.000147820
0.000240803
0.000157118
0.000146866
0.000148296
0.000141621
0.000144958
0.000160456
0.000145912
0.000142574
0.000142336
0.000150681
0.000151396
0.000163794
0.000146866
0.000145674
0.000142813
0.000144720
0.000141859
0.000158548
0.000282526
0.000259638
0.000241041
0.000204563
0.000166655
0.000166655
0.000149727
0.000149727
0.000141621
0.000236034
0.000251532
0.000181437
0.000155926
0.000144005
0.000149012
0.000149727
0.000143766
0.000160933
0.000154018
0.000256300
0.000189781
0.000152111
0.000144720
0.000164747
0.000149012
0.000145197
0.000148773
0.000142574
0.000144243
0.000227451
0.000172138
0.000152349
0.000140429
0.000144005
0.000141382
0.000163078
0.000145674
0.000141382
0.000142336
0.000242710
0.000178576
0.000222445
0.000207663
0.000150442
0.000158548
0.000145435
0.000143528
0.000166416
0.000150204
0.000144243
0.000144243
0.000149488
0.000142574
0.000164986
0.000146627
0.000146866
0.000261307
0.000183821
0.000236511
0.000182629
0.000202894
0.000247955
0.000233889
0.000243425
0.000159979
0.000162840
0.000149250
0.000145435
0.000239134
0.000158310
0.000163555
0.000149012
0.000154734
0.000146866
0.000170708
0.000148535
0.000143528
0.000145674
0.000145435
0.000144005
0.000291824
0.000266552
0.000262976
0.000257492
0.000398397
0.000252962
0.000217199
0.000159025
0.000143051
0.000144720
0.000154495
0.000254393
0.000180006
0.000157118
0.000262022
0.000260592
0.000246286
0.000207901
0.000187635
0.000624180
0.000145674
0.000251055
0.000245571
0.000242710
0.000243425
0.000270367
0.000269413
0.000266790
0.000261307
0.000241756
0.000272989
0.000181675
0.000147104
0.000149012
0.000743628
0.000207424
0.000180483
0.000154018
0.000150204
0.000244141
0.000165701
0.000251532
0.000253677
0.000234604
0.000240326
0.000235081
0.000233650
0.000158787
0.000180721
0.000154734
0.000143290
0.000158548
0.000147820
0.000142336
0.000190973
0.000154734
0.000254154
0.000154495
0.000147820
0.000146627
0.000171900
0.000149727
0.000498772
0.000221014
0.000180483
0.000154495
0.000145674
0.000144243
0.000205994
0.000248432
0.000240326
0.000184298
0.000236034
0.000157595
0.000144720
0.000144005
0.000141382
0.000240564
0.000267029
0.000265598
0.000268221
0.000265360
0.000170231
0.000246763
0.000196695
0.000196218
0.000204325
0.000154734
0.000149250
0.000148773
0.000217199
0.000170469
0.000149012
0.000148296
0.000149488
0.000143528
0.000362873
0.000144005
0.000139952
0.000143766
0.000144958
0.000225067
0.000181437
0.000506878
0.000144720
0.000140667
0.000139475
0.000140429
0.000191927
0.000151634
0.000151873
0.000153780
0.000163317
0.000144005
0.000170469
0.000148296
0.000143766
0.000144243
0.000211000
0.000259161
0.000204325
0.000231028
0.000209570
0.000160217
0.000151634
0.000505209
0.000151396
0.000169754
0.000147581
0.000241041
0.000602007
0.000290155
0.000287771
0.000292540
0.000284195
0.000277281
0.000272751
0.000175953
0.000154972
0.000159264
0.000154734
0.000165939
0.000187397
0.000152349
0.000146866
0.000149727
0.000145674
0.000144720
0.000169039
0.000149488
0.000148296
0.000146151
0.000146866
0.000145435
0.000238180
0.000165224
0.000148296
0.000217915
0.000154495
0.000152826
0.000145674
0.000186682
0.000273466
0.000262260
0.000167131
0.000151157
0.000147820
0.000143290
0.000240564
0.000166893
0.000166893
0.000209332
0.000168800
0.000250816
0.000193596
0.000151634
0.000142336
0.000143766
0.000143051
0.000162363
0.000146627
0.000225544
0.000191689
0.000169516
0.000147581
0.000147820
0.000144005
0.000167370
0.000148296
0.000150442
0.000151873
0.000144482
