0.000905514
0.000905752
0.000690699
0.000908852
0.000703096
0.000697136
0.000749350
0.000725508
0.000903130
0.000693083
0.000712156
0.000903130
0.000695944
0.000653028
0.000710487
0.000901699
0.000715971
0.000709534
0.000898361
0.000712633
0.000709534
0.000913858
0.000708103
0.000716209
0.000689745
0.000716209
0.000715494
0.000693560
0.000921249
0.000723362
0.000693321
0.000906467
0.000716209
0.000695944
0.000715494
0.000906467
0.000692844
0.000709534
0.000711679
0.000901699
0.000703573
0.000715733
0.000714302
0.000926733
0.000897169
0.000695467
0.000723839
0.000885248
0.000740290
0.000634909
0.000893831
0.000691891
0.000707150
0.000711441
0.000895023
0.000733137
0.000710487
0.000691652
0.000700951
0.000904322
0.000690937
0.000709534
0.000719786
0.000922680
0.000715017
0.000726461
0.000886202
0.000720739
0.000705481
0.000927210
0.000692606
0.000715017
0.000887632
0.000719309
0.000711203
0.000719786
0.000703573
0.000750303
0.000900269
0.000495672
0.000708342
0.000896931
0.000696659
0.000676632
0.000727415
0.000902653
0.000695944
0.000857830
0.000655413
0.000722885
0.000713825
0.000716448
0.000708580
0.000898600
0.000679970
0.000913143
0.000694990
0.000716448
0.000715256
0.000783205
0.000897884
0.000673294
0.000677586
0.000698805
0.000690222
0.000658989
0.000694513
0.000704050
0.000700712
0.000697851
0.000649691
0.000700712
0.000701427
0.000701666
0.000657320
0.000701904
0.000695944
0.000729084
0.000670433
0.000650883
0.000705004
0.000676870
0.000691891
0.000873804
0.000748634
0.000675678
0.000698090
0.000694990
0.000674963
0.000695467
0.000673532
0.000702381
0.000720978
0.000706196
0.000690937
0.000711203
0.000674725
0.000685930
0.000707865
0.000691652
0.000715494
0.000737429
0.000658989
0.000703573
0.000707865
0.000685692
0.000707388
0.000647068
0.000690222
0.000714302
0.000693083
0.000680208
0.000726461
0.000708580
0.000701427
0.000702381
0.000685692
0.000729799
0.000734806
0.000688076
0.000718832
0.000685930
0.000712156
0.000647783
0.000709295
0.000716209
0.000679493
0.000619650
0.000675678
0.000689745
0.000691891
0.000717878
0.000695229
0.000702143
0.000679255
0.000708818
0.000673294
0.000679493
0.000699282
0.000735283
0.000723362
0.000713348
0.000685453
0.000707150
0.000697136
0.000699997
0.000706673
0.000718117
0.000743866
0.000735521
0.000667810
0.000716448
0.000684500
0.000723839
0.000729322
0.000726461
0.000743389
0.000725269
0.000685692
0.000706911
0.000734806
0.000730276
0.000731468
0.000735760
0.000727177
0.000720739
0.000740528
0.000727177
0.000735760
0.000715494
0.000729799
0.000721931
0.000728130
0.000736952
0.000728369
0.000730753
0.000711441
0.000713587
0.000691175
0.000710487
0.000722170
0.000663757
0.000734091
0.000733852
0.000723839
0.001101971
0.000689507
0.000723839
0.000717640
0.000756025
0.000727892
0.000730038
0.000714302
0.000448942
0.001307487
0.000708103
0.000725985
0.000727654
0.000710726
0.000736237
