0.013131142
0.001896143
0.002114296
0.003206253
0.002080679
0.001827002
0.001804829
0.002102375
0.001940727
0.001818180
0.002116203
0.002105951
0.001811266
0.012334347
0.002118826
0.002080917
0.002087116
0.001833439
0.002106667
0.001752853
0.001829624
0.002126217
0.001751184
0.002141476
0.001646519
0.002134800
0.001787186
0.002120018
0.002122164
0.001596928
0.001779318
0.002108812
0.001821280
0.002052307
0.003892183
0.001813650
0.001848459
0.001633883
0.001937866
0.001714706
0.002088547
0.001778126
0.001635790
0.002000093
0.001624107
0.001818657
0.001951933
0.001863003
0.002134085
0.001811981
0.002121210
0.001649618
0.002055645
0.001773834
0.001628160
0.001759291
0.002122641
0.001951218
0.001630068
0.001937151
0.002155304
0.001572132
0.001812935
0.001953840
0.002120972
0.001728773
0.002101183
0.001724005
0.001702309
0.002065182
0.001929045
0.001836777
0.002125978
0.001803160
0.001611471
0.003622770
0.001932621
0.001918554
0.001713276
0.001833916
0.002100945
0.001772165
0.001681328
0.001576900
0.001773119
0.002121687
0.002062559
0.001756191
0.001664162
0.002113581
0.001769304
0.001863718
0.001831770
0.001808405
0.001696825
0.001808882
0.001875877
0.002124548
0.001615524
0.002150297
0.001615524
0.001556158
0.001687288
0.001591444
0.001551867
0.001492023
0.001716375
0.001712799
0.001538754
0.001703024
0.001685619
0.001707554
0.001744986
0.001564741
0.001526833
0.001749992
0.001549006
0.001591682
0.001758814
0.001536131
0.001749516
0.001746893
0.001549959
0.001717091
0.001615763
0.001695395
0.001703978
0.001502752
0.001574755
0.001756430
0.001520872
0.001594067
0.001734734
0.001702309
0.001698256
0.001713276
0.002219915
0.001629353
0.001478672
0.001752615
0.001568794
0.001685143
0.001708746
0.001545191
0.001624584
0.001436472
0.001605749
0.001495838
0.001542091
0.001714468
0.001762867
0.001642942
0.001795292
0.001638174
0.001728296
0.001491070
0.001516819
0.001515150
0.001593828
0.001511574
0.001374245
0.001369953
0.001342058
0.001339674
0.001390934
0.001354456
0.000510454
0.000583887
0.001359463
0.001425266
0.000785589
0.001911402
0.001447678
0.001502037
0.001459122
0.000914812
0.001523018
0.001513481
0.001083851
0.001666069
0.001656532
0.000734091
0.001584768
0.001731157
0.001764059
0.001715899
0.001795769
0.001772165
0.001700878
0.001695156
0.001716137
0.001709223
0.001703501
0.001749039
0.001719713
0.000754118
0.000771284
0.000687838
0.010849476
0.001634121
0.001728773
0.001709700
0.001757622
0.001643419
0.001702785
0.001725435
0.001694918
0.001668453
0.001749277
0.001802206
0.001792192
0.001764774
0.001779079
0.001721144
0.001696348
0.001782656
0.000972271
0.001713991
0.001743078
0.001752615
0.002095461
0.001786470
0.001760244
0.001743317
0.001750946
0.001717567
0.001779795
0.001766443
0.001734495
0.002332926
0.001786232
0.001708984
0.001778841
0.001705170
0.001667976
0.001799107
0.001732349
0.001700163
0.001770496
0.001714230
