0.000441790
0.000501633
0.000480652
0.000503302
0.000485420
0.000506878
0.000480175
0.000500441
0.000476837
0.000627041
0.000481844
0.000496626
0.000479937
0.000480652
0.000493526
0.000510454
0.000500679
0.000496149
0.000503302
0.000458717
0.000478983
0.000499010
0.000475407
0.000471115
0.000482082
0.000502825
0.000477791
0.000470877
0.000470400
0.000495195
0.000478029
0.000528812
0.000478029
0.000499249
0.000507116
0.000483274
0.000492573
0.000483513
0.000477076
0.000407696
0.000498056
0.000802755
0.000487566
0.000510931
0.000452042
0.000456810
0.000472069
0.000463009
0.000483274
0.000502348
0.000497103
0.000520706
0.000492096
0.000485897
0.000491619
0.000479221
0.000510693
0.000487804
0.000446558
0.000497818
0.000441074
0.000501871
0.000505686
0.000506163
0.000527143
0.000487804
0.000491381
0.000480413
0.000504971
0.000508308
0.000486851
0.000505209
0.000594854
0.000505447
0.000503778
0.000489473
0.000476360
0.000486851
0.000518322
0.000484467
0.000471830
0.000494480
0.000480890
0.000499964
0.000484943
0.000488281
0.000453711
0.000483990
0.000508785
0.000486135
0.000491858
0.000482321
0.000510693
0.000509262
0.000535488
0.000501871
0.000518084
0.000509024
0.000511646
0.000282764
0.000484705
0.000502348
0.000488758
0.000482559
0.000504017
0.000495911
0.000484228
0.000504971
0.000663996
0.000476122
0.000494242
0.000478029
0.000478029
0.000498533
0.000490665
0.000508308
0.000494003
0.000467777
0.000481367
0.000499249
0.000476360
0.000492573
0.000508785
0.000499725
0.000507593
0.000485659
0.000502586
0.000479460
0.000509977
0.000486135
0.000513554
0.000474453
0.000489235
0.000483274
0.000509739
0.000502348
0.000500679
0.000487804
0.000511408
0.000487328
0.000496387
0.000499487
0.000476360
0.000476599
0.000479221
0.000521183
0.000477552
0.000495911
0.000485182
0.000506163
0.000477076
0.000443459
0.000479937
0.000497103
0.000480652
0.000497341
0.000516176
0.000479221
0.000478506
0.000486135
0.000476360
0.000480652
0.000480652
0.000474691
0.000488281
0.000472546
0.000525475
0.000488043
0.000499249
0.000495911
0.000497103
0.000476837
0.000491858
0.000477076
0.000480652
0.000473022
0.000476122
0.000503540
0.000495195
0.000486612
0.000476837
0.000503063
0.000476360
0.000474453
0.000475645
0.000496626
0.000475883
0.000508785
0.000491619
0.000495434
0.000480413
0.000506878
0.000485182
0.000476837
0.000499249
0.000478983
0.000505209
0.000506878
0.000479460
0.000506401
0.000510931
0.000509739
0.000503063
0.000497580
0.000509262
0.000508547
0.000511408
0.000532866
0.000526190
0.000495911
0.000484943
0.000496626
0.000482082
0.000508785
0.000501871
0.000504017
0.000504971
0.000509262
0.000483990
0.000475407
0.000509501
0.000483274
0.000509739
0.000491619
0.000505924
0.000476360
0.000486374
0.000478268
0.000501871
0.000307083
0.000479698
0.000504255
0.000485182
0.000506639
0.000515223
0.000494957
0.000485420
0.000465155
0.000523567
0.000489712
