0.000521183
0.000561714
0.000557899
0.000548840
0.000549078
0.000664473
0.000538588
0.000534058
0.000522137
0.000573635
0.000532627
0.000526667
0.000665903
0.000552654
0.000532389
0.000559568
0.000526428
0.000554800
0.000533104
0.000566483
0.000531435
0.000531673
0.000533819
0.001039982
0.000519037
0.000545025
0.000531197
0.000561953
0.000563145
0.000526190
0.000549078
0.000525713
0.000543833
0.000482082
0.000664949
0.000491381
0.000561237
0.000527620
0.000521421
0.000521898
0.000526667
0.000648022
0.000544786
0.000543356
0.000540495
0.000535965
0.000545025
0.000536442
0.000558853
0.000535965
0.000528097
0.000663519
0.000546932
0.000536919
0.000541687
0.000573397
0.000562668
0.000543594
0.000536442
0.000489235
0.000526905
0.000565290
0.000532627
0.000698090
0.000568151
0.000535011
0.000535250
0.000558615
0.000510931
0.000552654
0.000665903
0.000546455
0.000535965
0.000557423
0.000539303
0.000536203
0.000563383
0.000540257
0.000686407
0.000535965
0.000533819
0.000531673
0.000565529
0.000554800
0.000550270
0.000522852
0.000549078
0.000538588
0.000687599
0.000521183
0.000560999
0.000536680
0.000584126
0.000552177
0.000551224
0.000519037
0.000555754
0.000536442
0.000549793
0.000527143
0.000678062
0.000536203
0.000547886
0.000538826
0.000530958
0.000554800
0.000532627
0.000538111
0.000541925
0.000486612
0.000529766
0.000541925
0.000548363
0.000536919
0.000529289
0.000558138
0.000517845
0.000550032
0.000529289
0.000371218
0.000528336
0.000571251
0.000548124
0.000557184
0.000694036
0.000518799
0.000525951
0.000521183
0.000542402
0.000514507
0.000566244
0.000522852
0.000532866
0.000465393
0.000542879
0.000532866
0.000539064
0.000530481
0.000535965
0.000530005
0.000535727
0.000519276
0.000541925
0.000543833
0.000520229
0.000548840
0.000523806
0.000519753
0.000542402
0.000519991
0.000541925
0.000557661
0.000520945
0.000540733
0.000546217
0.000538588
0.000518560
0.000550985
0.000519514
0.000543833
0.000520229
0.000525236
0.000522137
0.000527143
0.000511646
0.000546455
0.000543594
0.000525713
0.000522375
0.000531435
0.000527859
0.000559092
0.000501394
0.000519276
0.000544548
0.000524044
0.000542879
0.000523806
0.000545025
0.000525236
0.000539541
0.000468016
0.000505209
0.000524759
0.000527143
0.000542879
0.000524521
0.000522137
0.000549078
0.000529051
0.000548124
0.000520706
0.000558376
0.000524759
0.000545263
0.000516653
0.000534773
0.000519753
0.000540495
0.000522852
0.000675440
0.000536442
0.000515938
0.000526905
0.000717878
0.000521421
0.000541210
0.000529051
0.000543118
0.000539541
0.000527382
0.000526667
0.000539303
0.000259638
0.000515461
0.000539541
0.000521898
0.000538111
0.000469446
0.000523567
0.000540972
0.000541925
0.000523090
0.000523567
0.000527143
0.000535727
0.000522375
0.000519037
0.000542164
0.000539303
0.000540972
0.000545979
0.000541925
0.000528812
0.000522137
0.000502825
0.000526667
0.000543833
0.000550508
0.000548601
