0.000476837
0.000474215
0.000490665
0.000585318
0.000469923
0.000470400
0.000467300
0.000470400
0.000473022
0.000493050
0.000493050
0.000472546
0.000494957
0.000465393
0.000492096
0.000465155
0.000483751
0.000462055
0.000503540
0.000491381
0.000487566
0.000486851
0.000467300
0.000493526
0.000467539
0.000473261
0.000468016
0.000482321
0.000465870
0.000442266
0.000508308
0.000519753
0.000504971
0.000496149
0.000498772
0.000484705
0.000471830
0.000474215
0.000498533
0.000479221
0.000500679
0.000497580
0.000489473
0.000477552
0.000499725
0.000447989
0.000475168
0.000488758
0.000503540
0.000479221
0.000479698
0.000500441
0.000478029
0.000504494
0.000431061
0.000477314
0.000478983
0.000480413
0.000477314
0.000496626
0.000479698
0.000473738
0.000478983
0.000468493
0.000492811
0.000471354
0.000494719
0.000474930
0.000480413
0.000470638
0.000482559
0.000601292
0.000481367
0.000472784
0.000498533
0.000494719
0.000486135
0.000496387
0.000499487
0.000502348
0.000463009
0.000491142
0.000468731
0.000450373
0.000408173
0.000466824
0.000494480
0.000489473
0.000445366
0.000354052
0.000480890
0.000492334
0.000497580
0.000476122
0.000497341
0.000472307
0.000490189
0.000472784
0.000470161
0.000476837
0.000475168
0.000520706
0.000502110
0.000474691
0.000493050
0.000475883
0.000481606
0.000476837
0.000482559
0.000473022
0.000505924
0.000475168
0.000467777
0.000480175
0.000468016
0.000491381
0.000473022
0.000495195
0.000466585
0.000494242
0.000475407
0.000505447
0.000465393
0.000478268
0.000427961
0.000455856
0.000508547
0.000472069
0.000474453
0.000491619
0.000469446
0.000519037
0.000477314
0.000499725
0.000440836
0.000480413
0.000485659
0.000475883
0.000439167
0.000473261
0.000484943
0.000471592
0.000474930
0.000472307
0.000498772
0.000479698
0.000497818
0.000445604
0.000468254
0.000515699
0.000472307
0.000398636
0.000493050
0.000479221
0.000489712
0.000478745
0.000478029
0.000505686
0.000483274
0.000494957
0.000462294
0.000470638
0.000469685
0.000465631
0.000465155
0.000487328
0.000445127
0.000488997
0.000500917
0.000488043
0.000473261
0.000498533
0.000472784
0.000500441
0.000482559
0.000506639
0.000495195
0.000491858
0.000492573
0.000456095
0.000494003
0.000473976
0.000473976
0.000478745
0.000474453
0.000494719
0.000494003
0.000516653
0.000471592
0.000499249
0.000482321
0.000490665
0.000475168
0.000495672
0.000478506
0.000477314
0.000469446
0.000473022
0.000479221
0.000468016
0.000497103
0.000500917
0.000499010
0.000493526
0.000477076
0.000470400
0.000496626
0.000463009
0.000476837
0.000465631
0.000505447
0.000491619
0.000499249
0.000460148
0.000472546
0.000487804
0.000463486
0.000473022
0.000469208
0.000486851
0.000473738
0.000460625
0.000486612
0.000484228
0.000484705
0.000469923
0.000478268
0.000464439
0.000468016
0.000478983
0.000464916
0.000470638
0.000458717
0.000476122
0.000491619
0.000479698
0.000459194
0.000487089
0.000481367
0.000462055
