0.000469446
0.000477076
0.000592470
0.000472069
0.000506163
0.000470877
0.000476837
0.000480175
0.000477791
0.000474453
0.000475645
0.000474930
0.000484228
0.000476360
0.000424862
0.000484467
0.000486135
0.000476837
0.000503063
0.000499964
0.000489950
0.000490427
0.000476360
0.000476360
0.000472784
0.000475645
0.000471354
0.000446320
0.000469685
0.000478506
0.000478745
0.000480890
0.000661135
0.000473976
0.000485659
0.000475168
0.000467062
0.000486612
0.000488281
0.000440836
0.000493765
0.000465155
0.000485420
0.000493050
0.000483513
0.000473499
0.000485897
0.000494242
0.000492096
0.000475645
0.000609636
0.000490665
0.000474453
0.000477314
0.000470161
0.000468969
0.000483036
0.000480652
0.000476122
0.000468493
0.000501633
0.000499010
0.000488758
0.000467777
0.000499249
0.000497341
0.000481367
0.000466347
0.000496387
0.000502586
0.000497103
0.000499487
0.000484705
0.000483274
0.000498295
0.000476360
0.000468731
0.000481129
0.000477076
0.000475407
0.000654459
0.000466585
0.000466108
0.000465631
0.000468969
0.000458241
0.000475407
0.000475407
0.000469685
0.000649929
0.000477552
0.000468969
0.000483751
0.000429153
0.000479937
0.000497818
0.000486135
0.000487804
0.000489712
0.000481129
0.000504494
0.000498533
0.000477076
0.000473261
0.000476837
0.000433683
0.000423431
0.000469685
0.000465393
0.000468493
0.000459909
0.000464678
0.000463486
0.000465631
0.000464916
0.000461102
0.000460625
0.000470400
0.000488997
0.000487089
0.000482559
0.000464439
0.000487566
0.000482082
0.000428438
0.000485420
0.000486612
0.000472784
0.000481129
0.000465870
0.000477552
0.000475407
0.000475168
0.000468016
0.000476360
0.000478029
0.000466824
0.000462770
0.000464916
0.000460625
0.000460863
0.000468731
0.000484705
0.000486612
0.000476360
0.000468731
0.000484467
0.000463247
0.000471115
0.000490665
0.000489235
0.000486612
0.000490665
0.000482082
0.000474453
0.000463724
0.000470400
0.000469923
0.000464201
0.000459194
0.000468493
0.000464916
0.000470400
0.000687361
0.000463247
0.000464678
0.000460386
0.000462532
0.000469923
0.000483751
0.000480652
0.000465631
0.000472307
0.000272512
0.000489712
0.000464201
0.000491381
0.000493050
0.000485420
0.000485182
0.000484705
0.000467062
0.000486851
0.000464439
0.000469446
0.000464916
0.000463724
0.000487566
0.000466108
0.000464439
0.000461102
0.000459433
0.000464201
0.000463963
0.000440598
0.000465870
0.000487089
0.000486135
0.000471354
0.000462770
0.000486374
0.000484228
0.000475168
0.000492811
0.000495672
0.000482798
0.000484228
0.000480652
0.000470877
0.000347614
0.000462770
0.000662804
0.000463247
0.000463009
0.000464439
0.000465631
0.000463009
0.000465631
0.000458956
0.000463724
0.000678539
0.000463963
0.000462770
0.000468016
0.000482559
0.000482559
0.000464439
0.000491381
0.000484705
0.000660896
0.000483751
0.000490665
0.000485897
0.000479221
0.000485659
0.000468016
0.000489950
0.000464201
0.000469208
0.000478029
