0.001219273
0.001311779
0.001373291
0.001141071
0.001291275
0.001206398
0.001360893
0.001475334
0.001368761
0.001176357
0.002195835
0.001187086
0.001180887
0.001384735
0.001355648
0.001056910
0.001429319
0.001361370
0.001168013
0.001551628
0.001222372
0.001212120
0.001385212
0.001220226
0.001424551
0.001352549
0.001378298
0.001188278
0.001383543
0.001362801
0.001227140
0.001089334
0.001404524
0.001201868
0.001213551
0.001371384
0.001370668
0.001582623
0.001162291
0.001219988
0.001133680
0.001350403
0.001172543
0.001249790
0.001312733
0.001174450
0.001265526
0.001179457
0.001366377
0.000890970
0.001235008
0.001219988
0.012079239
0.001175165
0.001167536
0.001350641
0.001386642
0.001116037
0.001381159
0.001179934
0.001192331
0.001136780
0.001169205
0.001283169
0.001195908
0.001369953
0.001200199
0.001386642
0.001312733
0.001321554
0.001161098
0.001367807
0.002112865
0.001119375
0.001170874
0.001371145
0.001206636
0.001129866
0.001129866
0.001348495
0.001362562
0.001189947
0.001377583
0.001191139
0.001184940
0.001367807
0.001358509
0.001354933
0.001336098
0.001310825
0.001183510
0.001169205
0.001374483
0.001220226
0.001410246
0.001362562
0.001365423
0.001185417
0.001182079
0.001392126
0.001184702
0.001152992
0.001158953
0.001145363
0.001142502
0.001103878
0.001144648
0.001141548
0.001155376
0.001145124
0.001154661
0.001133204
0.001639128
0.001158953
0.001138926
0.001170874
0.001154900
0.001104355
0.001161575
0.001162052
0.001149178
0.001141548
0.001155138
0.001175165
0.001179218
0.001132965
0.001139402
0.001165152
0.001094341
0.001137495
0.001119375
0.001106977
0.001121044
0.001173019
0.001155376
0.001152515
0.001156330
0.001131296
0.001139641
0.001135349
0.001147747
0.001158237
0.001159430
0.001097679
0.001089573
0.001081467
0.000729799
0.000847340
0.001071453
0.000701427
0.000977516
0.001082182
0.000956774
0.001154900
0.000937462
0.001136303
0.000983715
0.001140833
0.001249313
0.000967026
0.001131058
0.000971556
0.001113176
0.001125574
0.000938177
0.001500368
0.001139641
0.001059055
0.001136780
0.001083851
0.001148701
0.001142979
0.001041174
0.001036167
0.000993252
0.000981569
0.001150370
0.001158953
0.001113653
0.000578403
0.001015663
0.001100302
0.001170158
0.001017094
0.001225471
0.001011610
0.001148224
0.001005650
0.001156330
0.001148462
0.000997782
0.001039505
0.001144171
0.001135826
0.001095057
0.001132011
0.001002550
0.001145601
0.001098394
0.001142979
0.001564741
0.001134157
0.000983238
0.001128912
0.001157999
0.001073599
0.001152754
0.001155615
0.001144886
0.001177073
0.001152277
0.000989199
0.001174927
0.001062155
0.001070023
0.001151323
0.001041889
0.001127005
0.001129627
0.001131773
0.001136541
0.001122713
0.001055956
0.001142740
0.001156092
0.001131058
0.001023054
0.001144171
0.001152992
0.001087666
0.001276255
0.001101971
0.001179457
0.001196146
0.001149893
0.001154900
0.001161814
0.001139641
0.001157284
0.001180649
