0.000451326
0.000439644
0.000479937
0.000468254
0.000478029
0.000430584
0.000493288
0.000460625
0.000674963
0.000486135
0.000463486
0.000467777
0.000452995
0.000513077
0.000490427
0.000452757
0.000467777
0.000474930
0.000465870
0.000484467
0.000455618
0.000448942
0.000461817
0.000504971
0.000469923
0.000452995
0.000479460
0.000455379
0.000435591
0.000461578
0.000485182
0.000469685
0.000491619
0.000468493
0.000517130
0.000473499
0.000499964
0.000474453
0.000481844
0.000472784
0.000476837
0.000473738
0.000474453
0.000471830
0.000506639
0.000474453
0.000474453
0.000465631
0.000474691
0.000478506
0.000492811
0.000490427
0.000484943
0.000493526
0.000473499
0.000464201
0.000490904
0.000477076
0.000498056
0.000473499
0.000466824
0.000492334
0.000490427
0.000495911
0.000382423
0.000491142
0.000460386
0.000493765
0.000449419
0.000459909
0.000425577
0.000491619
0.000429630
0.000463963
0.000470400
0.000468969
0.000485420
0.000461340
0.000460148
0.000359297
0.000467062
0.000483274
0.000463247
0.000481129
0.000453472
0.000481367
0.000459194
0.000471592
0.000495911
0.000483036
0.000466108
0.000471115
0.000484705
0.000468254
0.000500202
0.000489950
0.000458717
0.000496864
0.000484228
0.000466824
0.000463724
0.000459909
0.000486135
0.000452518
0.000471592
0.000458479
0.000459909
0.000452518
0.000507355
0.000469446
0.000482798
0.000476122
0.000458717
0.000477076
0.000458956
0.000486851
0.000460863
0.000473261
0.000465631
0.000487089
0.000463963
0.000463247
0.000470400
0.000464201
0.000466585
0.000463247
0.000479698
0.000470400
0.000489473
0.000461578
0.000502110
0.000470638
0.000461578
0.000476599
0.000462770
0.000467300
0.000461578
0.000464201
0.000465155
0.000473499
0.000471592
0.000459671
0.000459194
0.000482321
0.000451088
0.000479460
0.000456572
0.000463247
0.000424862
0.000489235
0.000510693
0.000489950
0.000472307
0.000464439
0.000473261
0.000464678
0.000467300
0.000474453
0.000463963
0.000481129
0.000453949
0.000496149
0.000462294
0.000477791
0.000471592
0.000484943
0.000456572
0.000474930
0.000460148
0.000482798
0.000478029
0.000468969
0.000479221
0.000482559
0.000477791
0.000462055
0.000468254
0.000478983
0.000466824
0.000454664
0.000483036
0.000461102
0.000486851
0.000480413
0.000484467
0.000486135
0.000467539
0.000497580
0.000464201
0.000483274
0.000486851
0.000488758
0.000479221
0.000462532
0.000484228
0.000456810
0.000472546
0.000463963
0.000458956
0.000465870
0.000466585
0.000458241
0.000459909
0.000461817
0.000466824
0.000464916
0.000460863
0.000491381
0.000456572
0.000459671
0.000474930
0.000458956
0.000478983
0.000459909
0.000483990
0.000457764
0.000496864
0.000455141
0.000483274
0.000472307
0.000455141
0.000456810
0.000480890
0.000462055
0.000461102
0.000464201
0.000463486
0.000406742
0.000459909
0.000484943
0.000461578
0.000478268
0.000457048
0.000426531
0.000458241
0.000476837
0.000456572
0.000483036
0.000489712
0.000493765
