0.000611305
0.000509739
0.000503063
0.000504494
0.000545263
0.000528574
0.000527620
0.000530720
0.000500202
0.000526667
0.000527620
0.000515461
0.000501156
0.000506878
0.000505209
0.000507593
0.000642776
0.000498295
0.000524759
0.000496387
0.000506163
0.000441551
0.000561237
0.000505686
0.000519753
0.000512600
0.000499010
0.000504255
0.000515223
0.000496626
0.000522137
0.000504732
0.000539780
0.000639915
0.000519276
0.000499725
0.000520706
0.000512123
0.000502825
0.000467062
0.000514269
0.000504255
0.000554800
0.000508785
0.000524521
0.000509024
0.000523806
0.000491858
0.000530005
0.000627756
0.000531435
0.000508785
0.000545740
0.000499964
0.000469446
0.000493765
0.000526667
0.000509262
0.000528812
0.000505447
0.000508547
0.000502825
0.000536680
0.000533819
0.000513077
0.000505686
0.000528574
0.000638247
0.000529051
0.000505209
0.000524282
0.000530005
0.000526190
0.000531435
0.000501633
0.000533581
0.000525951
0.000519991
0.000501633
0.000508785
0.000501871
0.000491619
0.000502110
0.000469208
0.000508308
0.000626802
0.000511169
0.000507355
0.000534058
0.000534534
0.000539064
0.000512838
0.000498295
0.000523090
0.000513554
0.000530720
0.000501633
0.000524759
0.000499010
0.000521183
0.000533342
0.000491142
0.000510931
0.000524044
0.000504732
0.000514269
0.000508785
0.000523090
0.000505209
0.000385284
0.000495911
0.000550747
0.000503778
0.000529289
0.000498056
0.000522614
0.000494480
0.000509977
0.000490665
0.000520706
0.000525236
0.000521183
0.000494957
0.000501394
0.000494242
0.000496626
0.000514269
0.000494003
0.000509024
0.000494242
0.000534534
0.000524521
0.000503302
0.000501871
0.000519276
0.000511408
0.000497580
0.000535727
0.000502825
0.000522375
0.000511408
0.000493288
0.000519514
0.000503063
0.000696182
0.000510693
0.000493765
0.000530243
0.000520945
0.000510216
0.000493765
0.000520468
0.000501871
0.000522137
0.000499964
0.000518322
0.000494480
0.000534773
0.000492573
0.000516176
0.000493765
0.000528812
0.000494480
0.000514507
0.000499487
0.000514507
0.000495911
0.000500202
0.000498772
0.000515461
0.000501156
0.000521183
0.000503063
0.000503540
0.000514030
0.000500917
0.000518322
0.000524282
0.000502586
0.000518322
0.000493050
0.000520706
0.000502110
0.000518084
0.000497341
0.000509262
0.000494957
0.000519037
0.000501871
0.000503063
0.000502348
0.000514746
0.000497341
0.000514507
0.000496626
0.000509739
0.000495434
0.000516891
0.000497341
0.000496387
0.000514984
0.000487089
0.000509501
0.000494957
0.000503540
0.000489235
0.000504017
0.000497580
0.000494242
0.000493288
0.000503540
0.000468254
0.000510693
0.000519276
0.000496149
0.000494957
0.000524759
0.000505686
0.000557184
0.000496149
0.000505209
0.000500679
0.000509977
0.000495672
0.000517845
0.000499249
0.000514507
0.000496626
0.000504255
0.000496149
0.000515223
0.000492573
0.000722647
0.000493050
0.000475883
0.000452042
0.000479460
0.000522137
0.000520706
0.000514984
