0.000413179
0.000449419
0.000482798
0.000452280
0.000479460
0.000437975
0.000463247
0.000442266
0.000476122
0.000433207
0.000480175
0.000475407
0.000454903
0.000463009
0.000467062
0.000453472
0.000466347
0.000476837
0.000490189
0.000456810
0.000461340
0.000462532
0.000475168
0.000456095
0.000459909
0.000462770
0.000445843
0.000489473
0.000487089
0.000461817
0.000457048
0.000478506
0.000483274
0.000458956
0.000481367
0.000458241
0.000471830
0.000463724
0.000484943
0.000480890
0.000469208
0.000463009
0.000484943
0.000462532
0.000485182
0.000460386
0.000480652
0.000452042
0.000476599
0.000487566
0.000470877
0.000418186
0.000463963
0.000477791
0.000464916
0.000466585
0.000460386
0.000480175
0.000459433
0.000510931
0.000440359
0.000463486
0.000484228
0.000456095
0.000467062
0.000463247
0.000483990
0.000463247
0.000485420
0.000318289
0.000482082
0.000482321
0.000470161
0.000460148
0.000467777
0.000473261
0.000463724
0.000463247
0.000458479
0.000473499
0.000469208
0.000450134
0.000472546
0.000481367
0.000466108
0.000477791
0.000458717
0.000478983
0.000463963
0.000464678
0.000489235
0.000451803
0.000478268
0.000461817
0.000479460
0.000457525
0.000478745
0.000459671
0.000475168
0.000456572
0.000480413
0.000456095
0.000487328
0.000458956
0.000472784
0.000394344
0.000475883
0.000470877
0.000492096
0.000467539
0.000483036
0.000456810
0.000499487
0.000473022
0.000481606
0.000458717
0.000487566
0.000466585
0.000485420
0.000487089
0.000488758
0.000467062
0.000464678
0.000506163
0.000459433
0.000482321
0.000449181
0.000483751
0.000456810
0.000479937
0.000417233
0.000487328
0.000465393
0.000474930
0.000459433
0.000491619
0.000396013
0.000488281
0.000463963
0.000489950
0.000463009
0.000478029
0.000487328
0.000463963
0.000467062
0.000485182
0.000458479
0.000466824
0.000474215
0.000461340
0.000464439
0.000436544
0.000481367
0.000458956
0.000501394
0.000461102
0.000489235
0.000458241
0.000460625
0.000458241
0.000468731
0.000456572
0.000466585
0.000485182
0.000489235
0.000488520
0.000467777
0.000479698
0.000467539
0.000497341
0.000467777
0.000478745
0.000463009
0.000479221
0.000489235
0.000491381
0.000454187
0.000484705
0.000474215
0.000465631
0.000455856
0.000468969
0.000484467
0.000457525
0.000462055
0.000494719
0.000450373
0.000473738
0.000451565
0.000449181
0.000486612
0.000460148
0.000473738
0.000478268
0.000476837
0.000485659
0.000480175
0.000463009
0.000452280
0.000483036
0.000458479
0.000462294
0.000483990
0.000459194
0.000484943
0.000452757
0.000464916
0.000460863
0.000488997
0.000315189
0.000451803
0.000465870
0.000481129
0.000447035
0.000463724
0.000461340
0.000457525
0.000461340
0.000468731
0.000466585
0.000482559
0.000469446
0.000479937
0.000407696
0.000465631
0.000468254
0.000472069
0.000478983
0.000456333
0.000470638
0.000465631
0.000481367
0.000471115
0.000477552
0.000440836
0.000469208
0.000446558
0.000651121
0.000468016
0.000471830
