0.012920618
0.006687880
0.006712914
0.005522490
0.005464315
0.006842613
0.006730795
0.005270004
0.006722689
0.005573750
0.006759405
0.006721258
0.013835430
0.006678343
0.005565166
0.013931751
0.005501509
0.006650925
0.006649494
0.005473137
0.004385948
0.006789684
0.005529881
0.005627394
0.006718636
0.005975485
0.006833315
0.005464077
0.006740808
0.004922152
0.005577564
0.005481958
0.006714106
0.005565166
0.006708384
0.005511045
0.006734848
0.005573511
0.005585432
0.006706238
0.006709099
0.005515575
0.006715059
0.006709099
0.026652336
0.005570173
0.006774902
0.005591393
0.006752253
0.005590677
0.006688595
0.019762754
0.019468069
0.005532980
0.005486727
0.005475760
0.017452002
0.006659985
0.006816626
0.005543947
0.014442205
0.005712748
0.006805897
0.005968094
0.014610529
0.006736279
0.014954805
0.006710052
0.006771564
0.005493164
0.005604744
0.005616903
0.006751537
0.005522728
0.006781816
0.019747734
0.005515337
0.006772041
0.005571842
0.005634069
0.005685806
0.005991220
0.005590200
0.006654263
0.006703854
0.006808996
0.005527735
0.005511284
0.005912542
0.005575657
0.004510641
0.014807701
0.006729841
0.006747246
0.005503654
0.005523205
0.006747246
0.014820099
0.005516291
0.006761789
0.005577087
0.005298376
0.005307674
0.005269527
0.005343199
0.005334854
0.005392790
0.014024973
0.005219936
0.005304337
0.014293671
0.005330801
0.005524397
0.005393505
0.005401611
0.014046669
0.005339622
0.005301476
0.005397081
0.005313873
0.005315542
0.005366564
0.005475044
0.014470816
0.005383015
0.005319595
0.005306244
0.005322695
0.005337954
0.005287647
0.005359650
0.005367994
0.005392075
0.014167786
0.005434752
0.005313396
0.005350351
0.005341053
0.014335155
0.014468431
0.005415678
0.005367517
0.005348206
0.005360842
0.005327940
0.005280256
0.005367279
0.005351543
0.005408525
0.005291700
0.005381107
0.005247116
0.005314589
0.005382538
0.005356312
0.006259918
0.005320072
0.005279303
0.005371571
0.005307674
0.005409718
0.005361319
0.005320072
0.005327463
0.006580353
0.005354643
0.005339622
0.005273581
0.005336046
0.005289316
0.005356312
0.005352974
0.005311489
0.005332708
0.005354881
0.005305052
0.005355835
0.005295038
0.005344629
0.005283356
0.005367994
0.005292892
0.005360365
0.005306244
0.005294561
0.005319357
0.005355835
0.005365372
0.005355358
0.005265236
0.014410734
0.005395889
0.005367994
0.005305767
0.005685329
0.005331755
0.014460802
0.005308390
0.005304098
0.005259514
0.005406618
0.005296230
0.005319357
0.005242109
0.005287409
0.005215168
0.005330563
0.005366802
0.005344868
0.005193949
0.005314112
0.005349398
0.005356789
0.005330563
0.005381823
0.005365372
0.005412340
0.005312443
0.005299091
0.005295515
0.005363464
0.005341768
0.005376577
0.005373240
0.005361080
0.005368710
0.005340099
0.005335808
0.005296707
0.005320787
0.005340338
0.005313635
0.005406141
0.005299807
0.005365849
0.005354166
0.005305052
0.005321026
0.005313873
0.005301476
