0.015403986
0.011335373
0.013847828
0.011421204
0.013587475
0.013810873
0.011354208
0.013667583
0.007747650
0.011341095
0.011322260
0.013630867
0.013777494
0.011832714
0.007368326
0.008673429
0.011307001
0.013731718
0.013957977
0.014048338
0.011355639
0.010627747
0.013714314
0.011257410
0.013928652
0.012088299
0.013618231
0.011303186
0.011307240
0.007401228
0.013739586
0.011250257
0.013780832
0.011262894
0.013846874
0.013922453
0.013652086
0.011302233
0.013754845
0.021569967
0.011306524
0.011421680
0.020939589
0.011335611
0.016407967
0.013775587
0.011298656
0.013857841
0.011377096
0.011296272
0.012089968
0.013581038
0.007312775
0.021485567
0.013932228
0.011311293
0.021708012
0.011301756
0.021602392
0.011331797
0.011274576
0.007594109
0.013783932
0.011954308
0.011260033
0.020771980
0.013816357
0.013734579
0.013825417
0.011523724
0.010628700
0.007348299
0.008707523
0.011335850
0.013914585
0.017319679
0.013552666
0.013790369
0.009042740
0.011289358
0.011180401
0.011279821
0.013725281
0.007405281
0.011372328
0.013514042
0.011280537
0.013826847
0.012129307
0.011228323
0.013553381
0.011271715
0.011237383
0.013604641
0.013569593
0.013929844
0.007263422
0.016016483
0.011104345
0.012583017
0.013611317
0.010609150
0.010442019
0.010579348
0.010482073
0.010559797
0.010487795
0.010509014
0.010607958
0.010630608
0.010450840
0.010580301
0.010523796
0.019591570
0.010689259
0.019665956
0.010458946
0.010502577
0.010637522
0.010546923
0.010643244
0.010523558
0.019822836
0.010502100
0.010470629
0.010685682
0.010456085
0.010494232
0.010594606
0.010578394
0.019602060
0.010526896
0.010573864
0.010668993
0.010475874
0.010478497
0.010612726
0.019669533
0.009770632
0.010664463
0.010458708
0.010528564
0.010689259
0.010655880
0.010571003
0.010641098
0.010665178
0.010629416
0.019523382
0.010575771
0.010457039
0.010524273
0.010483265
0.010593891
0.010560274
0.010472059
0.010568380
0.010595322
0.010631800
0.012253523
0.010441542
0.010590076
0.010674715
0.010664701
0.010498047
0.010662556
0.019604206
0.010710478
0.010642052
0.010634184
0.010454416
0.010617971
0.010623217
0.010597467
0.010647774
0.010672092
0.010658026
0.010624647
0.010629416
0.019191742
0.010784149
0.010581255
0.019340992
0.010318756
0.010649681
0.010604620
0.010489702
0.010399580
0.010572672
0.010693312
0.010597467
0.019842625
0.010625839
0.010726213
0.010678768
0.010535002
0.019540787
0.010410070
0.010665894
0.010564804
0.036210299
0.010486841
0.010551214
0.010526180
0.019407272
0.010623217
0.010555506
0.010532856
0.010579586
0.010637999
0.010581017
0.010545015
0.019694328
0.010449409
0.010529041
0.010466337
0.010489225
0.010485649
0.010443211
0.014432430
0.010484219
0.010665417
0.010406494
0.019862413
0.010485172
0.019538641
0.010643482
0.010399103
0.010637045
0.010461330
0.010599613
0.010628223
0.010470390
0.010695457
0.010626316
0.010544538
0.010529280
0.010628700
0.010574579
0.010588646
