0.083630085
0.000324249
0.000447989
0.000463247
0.000386715
0.000448704
0.000447750
0.000468254
0.000393391
0.000448942
0.000459194
0.000475883
0.000467300
0.000456095
0.000470400
0.000473976
0.000474215
0.000640631
0.000459671
0.000454903
0.000467062
0.000444174
0.000471592
0.000445843
0.000452995
0.000450373
0.000440836
0.000445843
0.000412226
0.000438452
0.000449181
0.000444651
0.000448465
0.000444651
0.000443935
0.000436544
0.000444412
0.000464916
0.000472307
0.000459671
0.000460863
0.000469685
0.000462532
0.000426292
0.000477076
0.000455379
0.000466585
0.000455856
0.000444174
0.000446320
0.000445843
0.000454426
0.000448704
0.000448704
0.000456333
0.000454903
0.000444889
0.000445843
0.000468254
0.000449181
0.000471354
0.000464678
0.000473976
0.000467300
0.000460386
0.000462770
0.000468969
0.000448227
0.000472307
0.000473261
0.000463486
0.000465393
0.000460863
0.000445127
0.000456572
0.000472307
0.000452042
0.000391245
0.000625134
0.000457525
0.000450850
0.000447512
0.000443935
0.000444651
0.000449896
0.000449181
0.000443697
0.000440598
0.000455618
0.000452042
0.000447273
0.000447512
0.000460625
0.000461340
0.000448227
0.000440121
0.000447512
0.000457525
0.000461817
0.000475168
0.000490189
0.000491142
0.000487328
0.000468493
0.000463963
0.000461340
0.000475645
0.000479698
0.000475407
0.000482798
0.000474930
0.000492811
0.000456572
0.000460863
0.000446320
0.000462532
0.000458241
0.000460625
0.000461340
0.000461578
0.000452995
0.000445366
0.000446558
0.000444412
0.000438452
0.000384569
0.000451803
0.000452280
0.000453711
0.000448227
0.000454426
0.000451803
0.000451326
0.000462294
0.000461102
0.000466585
0.000458717
0.000457287
0.000448227
0.000474930
0.000465393
0.000481129
0.000474453
0.000473738
0.000467300
0.000477552
0.000465870
0.000471115
0.000472784
0.000479937
0.000455379
0.000467777
0.000454664
0.000470400
0.000465155
0.000443697
0.000450611
0.000457764
0.000458479
0.000460863
0.000454664
0.000445366
0.000454426
0.000452042
0.000455618
0.000484228
0.000469208
0.000461340
0.000451088
0.000474930
0.000471592
0.000451326
0.000486612
0.000481129
0.000487804
0.000469923
0.000474215
0.000473738
0.000489712
0.000460863
0.000455618
0.000452518
0.000459433
0.000462532
0.000452995
0.000449896
0.000452280
0.000463009
0.000465631
0.000462294
0.000449896
0.000452280
0.000484467
0.000480652
0.000464678
0.000467539
0.000474930
0.000470877
0.000445127
0.000487804
0.000483990
0.000452995
0.000469446
0.000463009
0.000454426
0.000481367
0.000457048
0.000456095
0.000444174
0.000450134
0.000459433
0.000449896
0.000448942
0.000458241
0.000454426
0.000449657
0.000458002
0.000447512
0.000451088
0.000459671
0.000476360
0.000458241
0.000457287
0.000474453
0.000465870
0.000473022
0.000485420
0.000471354
0.000483751
0.000467062
0.000460625
0.000455618
0.000482082
0.000459194
0.000459433
0.000450134
0.000447989
0.000451565
0.000458956
0.000457287
