0.000742435
0.000609159
0.000551939
0.000597715
0.000737906
0.000622272
0.000577211
0.000591040
0.000744104
0.000605822
0.000589132
0.000607252
0.000576019
0.000586987
0.000613928
0.000585318
0.000720024
0.000609636
0.000586271
0.000585079
0.000572681
0.000594616
0.000614882
0.000602722
0.000581026
0.000612736
0.000770807
0.000603914
0.000618935
0.000574112
0.000599623
0.000591516
0.000767708
0.000581503
0.000583887
0.000604630
0.000576973
0.000757933
0.000597000
0.000607014
0.000624418
0.000587463
0.000581264
0.000750542
0.000613928
0.000648737
0.000596285
0.000597954
0.000557423
0.000751257
0.000587225
0.000628948
0.000580788
0.000604391
0.000586748
0.000732660
0.000613213
0.000589848
0.000605583
0.000758648
0.000608206
0.000604868
0.000603914
0.000642300
0.000590563
0.000611544
0.000760078
0.000590563
0.000594854
0.000411749
0.000760078
0.000588179
0.000631809
0.000593662
0.000609159
0.000580788
0.000764132
0.000589371
0.000594616
0.000612020
0.000587702
0.000631571
0.000741243
0.000581980
0.000591278
0.000591516
0.000742674
0.000593901
0.000614643
0.000628948
0.000571489
0.000610113
0.000612974
0.000754118
0.000592470
0.000605106
0.000589371
0.000604868
0.000614882
0.000625372
0.000587463
0.000599861
0.000576258
0.000596046
0.000600815
0.000609636
0.000605583
0.000601292
0.000604868
0.000582933
0.000580072
0.000597239
0.000577211
0.000581264
0.000585318
0.000575304
0.000593185
0.000577688
0.000599146
0.000584841
0.000602961
0.000576258
0.000601530
0.000582695
0.000593901
0.000578403
0.000595808
0.000571966
0.000546932
0.000606537
0.000585318
0.000603914
0.000582218
0.000603914
0.000580072
0.000622511
0.000642061
0.000594378
0.000580788
0.000601053
0.000583887
0.000580311
0.000584841
0.000604868
0.000579357
0.000579834
0.000620604
0.000599623
0.000578642
0.000608444
0.000592947
0.000591993
0.000606775
0.000607729
0.000616074
0.000596046
0.000580072
0.000592947
0.000581503
0.000601768
0.000600576
0.000596285
0.000584126
0.000635386
0.000589609
0.000584841
0.000595093
0.000577927
0.000596523
0.000589848
0.000550985
0.000595570
0.000584364
0.000610590
0.000525713
0.000596762
0.000604868
0.000597715
0.000590801
0.000596762
0.000603437
0.000554562
0.000577688
0.000600576
0.000580549
0.000576735
0.000596762
0.000574827
0.000593424
0.000595331
0.000612736
0.000604391
0.000582695
0.000604868
0.000599623
0.000611305
0.000577450
0.000597954
0.000580549
0.000600100
0.000601768
0.000604153
0.000576258
0.000601053
0.000600815
0.000579834
0.000590324
0.000576735
0.000596762
0.000601292
0.000605106
0.000577450
0.000594854
0.000600100
0.000581503
0.000583887
0.000579834
0.000586271
0.000601530
0.000580072
0.000602722
0.000602484
0.000594854
0.000594378
0.000596523
0.000588179
0.000595093
0.000592470
0.000604868
0.000602484
0.000583649
0.000577688
0.000570059
0.000588179
0.000575542
0.000583649
0.000579834
0.000578642
0.000577688
0.000607967
