0.013059139
0.001237631
0.003441095
0.002948284
0.003267527
0.003345251
0.003134012
0.012107611
0.003276348
0.002670288
0.001878262
0.002728939
0.011464834
0.003271103
0.002597809
0.011141300
0.011794567
0.001463413
0.002419710
0.003305912
0.001252413
0.002938986
0.003174305
0.002741337
0.001568317
0.001042128
0.011497974
0.001732826
0.003224850
0.002789021
0.001510620
0.011030912
0.001625538
0.002718210
0.003215075
0.011201382
0.003293514
0.002661467
0.003021002
0.003174543
0.002636671
0.005528450
0.001191616
0.003183603
0.001285791
0.001353741
0.003148556
0.002274275
0.002956152
0.002500296
0.001342773
0.001480579
0.001204014
0.001150131
0.003140926
0.002794266
0.003562450
0.002632380
0.003226519
0.003158092
0.002814770
0.002612114
0.001998425
0.002806664
0.002611637
0.003563166
0.003013372
0.001226902
0.002777338
0.001540422
0.001320124
0.001170158
0.001139402
0.011375189
0.001341105
0.003004551
0.003099918
0.003591061
0.003587008
0.002784491
0.003221989
0.003229618
0.002697945
0.001939774
0.003195047
0.005062580
0.003139973
0.002804518
0.002707481
0.003383160
0.003535509
0.003004313
0.003143311
0.003190517
0.002635002
0.012859583
0.003131866
0.003137350
0.002658129
0.002869368
0.002621412
0.002806664
0.003735065
0.002941132
0.012988806
0.002739191
0.001192808
0.011380672
0.002600193
0.001170874
0.002573729
0.002640009
0.011101007
0.002544641
0.002582788
0.002507448
0.002721786
0.002539158
0.002492428
0.002960920
0.011626482
0.002584219
0.002594233
0.002540350
0.002585649
0.002620220
0.002579927
0.002561092
0.002648592
0.002207279
0.002518415
0.002605200
0.001221657
0.002538204
0.002521038
0.002915859
0.001469374
0.002513647
0.001783848
0.002531290
0.002864599
0.001683712
0.002678871
0.002482891
0.002613544
0.002489090
0.011161327
0.002485991
0.002828598
0.001284361
0.012266874
0.002551794
0.002626896
0.002502441
0.012972355
0.002873659
0.002974272
0.002891541
0.002877951
0.011394501
0.001242638
0.001672983
0.002825737
0.002882957
0.012919188
0.012967110
0.002946854
0.002936363
0.003509998
0.001565218
0.002832174
0.002872705
0.002920151
0.002819061
0.002850533
0.002935648
0.002891064
0.002961874
0.002917051
0.002466440
0.002599955
0.002624989
0.001300335
0.002631664
0.002680779
0.001796007
0.002042532
0.002904177
0.002890348
0.002891541
0.013162613
0.002905607
0.002863884
0.002963066
0.002937555
0.012897491
0.002827168
0.002874136
0.002902508
0.002893925
0.002919912
0.002948999
0.012696028
0.002895117
0.002923489
0.002909899
0.002911329
0.002929926
0.002865791
0.003006935
0.002889156
0.001547813
0.002943993
0.002810717
0.002871037
0.002963066
0.002926111
0.002916098
0.002941370
0.002783298
0.002918005
0.002877712
0.002943039
0.002817869
0.002839565
0.012714863
0.003000736
0.002950907
0.002945185
0.002983570
0.002889633
0.002957582
0.002925873
0.002961636
0.002871990
0.002929926
0.002937555
0.002924681
0.002920389
0.002928019
