0.000291348
0.000379324
0.000298500
0.000306129
0.000304222
0.000311136
0.000267982
0.000297070
0.000324488
0.000264645
0.000282526
0.000284195
0.000298262
0.000272751
0.000300646
0.000296593
0.000301600
0.000299215
0.000229120
0.000277042
0.000295401
0.000301361
0.000329494
0.000302792
0.000302792
0.000261784
0.000298977
0.000300407
0.000291586
0.000295401
0.000299454
0.000297785
0.000309944
0.000299931
0.000300169
0.000319481
0.000297546
0.000302792
0.000297070
0.000300169
0.000229359
0.000270128
0.000305414
0.000326633
0.000299215
0.000326872
0.000457764
0.000300407
0.000295401
0.000296593
0.000375748
0.000298500
0.000301361
0.000299931
0.000309706
0.000254631
0.000271559
0.000280857
0.000266790
0.000219345
0.000327826
0.000302553
0.000270605
0.000435829
0.000306368
0.000270128
0.000306606
0.000262737
0.000277042
0.000270128
0.000309706
0.000323296
0.000270605
0.000287533
0.000300169
0.000265360
0.000303745
0.000298738
0.000307083
0.000236273
0.000292301
0.000267029
0.000299931
0.000322342
0.000270367
0.000265837
0.000281096
0.000302553
0.000296831
0.000277996
0.000304699
0.000295162
0.000292778
0.000295401
0.000231028
0.000306845
0.000297546
0.000304222
0.000269890
0.000264168
0.000306606
0.000300169
0.000274658
0.000323534
0.000294685
0.000262260
0.000296354
0.000294209
0.000321627
0.000301361
0.000280142
0.000271559
0.000265598
0.000335217
0.000277042
0.000301361
0.000261068
0.000399351
0.000299215
0.000298738
0.000311375
0.000297070
0.000290871
0.000303030
0.000297308
0.000337362
0.000383139
0.000300169
0.000299692
0.000265121
0.000265598
0.000308752
0.000262022
0.000296116
0.000301361
0.000306129
0.000300169
0.000298500
0.000255823
0.000300169
0.000320673
0.000296354
0.000297546
0.000291824
0.000432968
0.000302553
0.000283718
0.000299215
0.000310421
0.000299454
0.000299692
0.000241280
0.000228882
0.000210524
0.000260115
0.000258446
0.000263453
0.000280380
0.000295877
0.000324726
0.000267744
0.000274658
0.000305176
0.000300646
0.000268698
0.000295639
0.000293016
0.000305176
0.000324726
0.000231981
0.000194550
0.000260115
0.000289917
0.000271082
0.000235319
0.000222921
0.000259876
0.000299931
0.000231028
0.000452042
0.000302076
0.000298262
0.000298023
0.000267267
0.000311136
0.000233173
0.000279903
0.000277519
0.000288486
0.000303030
0.000268698
0.000304461
0.000270844
0.000302553
0.000301123
0.000326633
0.000301600
0.000297070
0.000303984
0.000274658
0.000293493
0.000260353
0.000294447
0.000330925
0.000263691
0.000294209
0.000270367
0.000300884
0.000308275
0.000307798
0.000271797
0.000329494
0.000241756
0.000277042
0.000269413
0.000302792
0.000324011
0.000304937
0.000267982
0.000293255
0.000297070
0.000319719
0.000230312
0.000271559
0.000307083
0.000301361
0.000222445
0.000249624
0.000271797
0.000261068
0.000243187
0.000295162
0.000270844
0.000281334
0.000296116
0.000261068
0.000302792
0.000228882
0.000305414
0.000276327
0.000273943
0.000300646
0.000261545
0.000323772
0.000275135
0.000275850
0.000293255
0.000259638
0.000303030
0.000280142
0.000266314
0.000303507
0.000230789
0.000303507
0.000311613
0.000258446
0.000260592
0.000322819
0.000273705
0.000273228
0.000230312
0.000298738
0.000296354
0.000304461
0.000294447
0.000276804
0.000261307
0.000298738
0.000333309
0.000226498
0.000299454
0.000332594
0.000234365
0.000205278
0.000332594
0.000304699
0.000301123
0.000262737
0.000299454
0.000312805
0.000298500
0.000298977
0.000198841
0.000301123
0.000299454
0.000306368
0.000231504
0.000327349
0.000300169
0.000298500
0.000299692
0.000307083
0.000300646
0.000292301
0.000298977
0.000327587
0.000308514
0.000297070
0.000322580
0.000295877
0.000296831
0.000297070
0.000295162
0.000303507
0.000235558
0.000296831
0.000274420
0.000295401
0.000298262
0.000270844
0.000287294
0.000258207
0.000266790
0.000297546
0.000320196
0.000228405
0.000264883
0.000287056
0.000293732
0.000328302
0.000267506
0.000268936
0.000291824
0.000306606
0.000322342
0.000270605
0.000267267
0.000287294
0.000293970
0.000298262
0.000236511
0.000270605
0.000310898
0.000327587
0.000300169
0.000236034
0.000272036
0.000301123
0.000271797
0.000300407
0.000299454
0.000306129
0.000318289
0.000265598
0.000195026
0.000302792
0.000328064
0.000297070
0.000296831
0.000299454
0.000322819
0.000307798
0.000273705
0.000211477
0.000325680
0.000246286
0.000300169
0.000281811
0.000298500
0.000299931
0.000303268
0.000266314
0.000262022
0.000298023
0.000295639
0.000303030
0.000293255
0.000303507
0.000263214
0.000302792
0.000301600
0.000301838
0.000296831
0.000300884
0.000320911
0.000276327
0.000266075
0.000285387
0.000307322
0.000200510
0.000290394
0.000310421
0.000325680
0.000301838
0.000300169
0.000299931
0.000302553
0.000298738
0.000234365
0.000304699
0.000292301
0.000300646
0.000237465
0.000213861
0.000266075
0.000271082
0.000263453
0.000296831
0.000296593
0.000263929
0.000327349
0.000309229
0.000302076
0.000331879
0.000308275
0.000313044
0.000397205
0.000289202
0.000325918
0.000296831
0.000301361
0.000301600
0.000300407
0.000261784
0.000302792
0.000386953
0.000261545
0.000225306
0.000265121
0.000428915
0.000231266
0.000283718
0.000298262
0.000300169
0.000233412
0.000300884
0.000296831
0.000317812
0.000290632
0.000253201
0.000286102
0.000308514
0.000266314
0.000336170
0.000323296
0.000289679
0.000267982
0.000335217
0.000284910
0.000266790
0.000296831
0.000424385
0.000283480
0.000301600
0.000266075
0.000264883
0.000301838
0.000301838
0.000296354
0.000266075
0.000236988
0.000300407
0.000265598
0.000272036
0.000294924
0.000220060
0.000325918
0.000278234
0.000246048
0.000295401
0.000320911
0.000505447
0.000237465
0.000228882
0.000260115
0.000263929
0.000227213
0.000270844
0.000383139
0.000259161
0.000300407
0.000229359
0.000291348
0.000298262
0.000250816
0.000229836
0.000235319
0.000305891
0.000299454
0.000261784
0.000264406
0.000305653
0.000269890
0.000319004
0.000274658
0.000234127
0.000313044
0.000285625
0.000290632
0.000263214
0.000296354
0.000261545
0.000299454
0.000301838
0.000264883
0.000416756
0.000298262
0.000267506
0.000217676
0.000387192
0.000302076
0.000292301
0.000267506
0.000295162
0.000298977
0.000302792
0.000300884
0.000310421
0.000304222
0.000307560
0.000255346
0.000265121
0.000322819
0.000321388
0.000278950
0.000306606
0.000259876
0.000295639
0.000293732
0.000302076
0.000304699
0.000304937
0.000264168
0.000306368
0.000299692
0.000260592
0.000404596
0.000302315
0.000296116
0.000260592
0.000410795
0.000259399
0.000260353
0.000318527
0.000298977
0.000198364
0.000314236
0.000303268
0.000264883
0.000322819
0.000256538
0.000281572
0.000297070
0.000299931
0.000297070
0.000298738
0.000296116
0.000292778
0.000388145
0.000296831
0.000297308
0.000260115
0.000386953
0.000300884
0.000302553
0.000263453
0.000302792
0.000264168
0.000299215
0.000293970
0.000311852
0.000388622
0.000319004
0.000306129
0.000301600
0.000273943
0.000324011
0.000320196
0.000298023
0.000259638
0.000229836
0.000294685
0.000298500
0.000299454
0.000259399
0.000231028
0.000293970
0.000293255
0.000297070
0.000438213
0.000294447
0.000301361
0.000221491
0.000308752
0.000260830
0.000299215
0.000324011
0.000304222
0.000304222
0.000319481
0.000285387
0.000277758
0.000408649
0.000316143
0.000284433
0.000321150
0.000296831
0.000338554
0.000262737
0.000273228
0.000416279
0.000296354
0.000296354
0.000303745
0.000301361
0.000295401
0.000263691
0.000301361
0.000258923
0.000295639
0.000293493
0.000262737
0.000255585
0.000311852
0.000304461
0.000249386
0.000306129
0.000277042
0.000322819
0.000325680
0.000309229
0.000297785
0.000259161
0.000291824
0.000264406
0.000297070
0.000305653
0.000295877
0.000296354
0.000302315
0.000298262
0.000296354
0.000300646
0.000296593
0.000304937
0.000296831
0.000303745
0.000260353
0.000297308
0.000229597
0.000286341
0.000291109
0.000240088
0.000251055
0.000325918
0.000326633
0.000277758
0.000320196
0.000297070
0.000262976
0.000305891
0.000257969
0.000211716
0.000300169
0.000302792
0.000279188
0.000295877
0.000267029
0.000296354
0.000260115
0.000295877
0.000371456
0.000298738
0.000299215
0.000298262
0.000300884
0.000302792
0.000308275
0.000316620
0.000284910
0.000309706
0.000323296
0.000328541
0.000307798
0.000292063
0.000297546
0.000296831
0.000298023
0.000227451
0.000296116
0.000265598
0.000267506
0.000425577
0.000298977
0.000298977
0.000291824
0.000293493
0.000261784
0.000299215
0.000260115
0.000266790
0.000238419
0.000310659
0.000272512
0.000308275
0.000271320
0.000272989
0.000272274
0.000293016
0.000288725
0.000248432
0.000260592
0.000303030
0.000260353
0.000302076
0.000260830
0.000266075
0.000263214
0.000301600
0.000264883
0.000295639
0.000301600
0.000304699
0.000234127
0.000300169
0.000300169
0.000267506
0.000517607
0.000319719
0.000317097
0.000283957
0.000276566
0.000212669
0.000285387
0.000322342
0.000320196
0.000280380
0.000230074
0.000262499
0.000297785
0.000303268
0.000190020
0.000266314
0.000298977
0.000272036
0.000187635
0.000301838
0.000296831
0.000295162
0.000228405
0.000294685
0.000261784
0.000277758
0.000297785
0.000373363
0.000306368
0.000260115
0.000297785
0.000315189
0.000249863
0.000267982
0.000310898
0.000303984
0.000221968
0.000323772
0.000318289
0.000278473
0.000283480
0.000272989
0.000273466
0.000324488
0.000330448
0.000274897
0.000324011
0.000262737
0.000302315
0.000302076
0.000297785
0.000297785
0.000300407
0.000262022
0.000302553
0.000298023
0.000305414
0.000299931
0.000184059
0.000297785
0.000260115
0.000232458
0.000263453
0.000302076
0.000304699
0.000301361
0.000223875
0.000263453
0.000296354
0.000296593
0.000301361
0.000265837
0.000297785
0.000296593
0.000302553
0.000262976
0.000296593
0.000323534
0.000307083
0.000267267
0.000294447
0.000302315
0.000267982
0.000290394
0.000272512
0.000274658
0.000267982
0.000261068
0.000267029
0.000303745
0.000295639
0.000298500
0.000298262
0.000374317
0.000304222
0.000260830
0.000296831
0.000297308
0.000219107
0.000299454
0.000293970
0.000268936
0.000303030
0.000322819
0.000310898
0.000277758
0.000330687
0.000303507
0.000303268
0.000291348
0.000288486
0.000319481
0.000314236
0.000231028
0.000492573
0.000297308
0.000298262
0.000303030
0.000266314
0.000374079
0.000299454
0.000261784
0.000228167
0.000301838
0.000299931
0.000269651
0.000296593
0.000268459
0.000385046
0.000297785
0.000319958
0.000260592
0.000398159
0.000324011
0.000303984
0.000268459
0.000324249
0.000286818
0.000337601
0.000265598
0.000227213
0.000266552
0.000302792
0.000300646
0.000225306
0.000298977
0.000300646
0.000302076
0.000305891
0.000234604
0.000387430
0.000295877
0.000260592
0.000266552
0.000259399
0.000300646
0.000261068
0.000263453
0.000284433
0.000268459
0.000307322
0.000273466
0.000299931
0.000287056
0.000328064
0.000328779
0.000304699
0.000292540
0.000261545
0.000262976
0.000262976
0.000267506
0.000266075
0.000256777
0.000262976
0.000415087
0.000302315
0.000217199
0.000266075
0.000300407
0.000231266
0.000297070
0.000292301
0.000260592
0.000228167
0.000262737
0.000315189
0.000304461
0.000262260
0.000296593
0.000287533
0.000320911
0.000294924
0.000233173
0.000299692
0.000226498
0.000262976
0.000261068
0.000293970
0.000263453
0.000264168
0.000312328
0.000267744
0.000260115
0.000303268
0.000225067
0.000455379
0.000282049
0.000293016
0.000312805
0.000311613
0.000279665
0.000326157
0.000225544
0.000272989
0.000295401
0.000328779
0.000257015
0.000265121
0.000265837
0.000267267
0.000299692
0.000266075
0.000296116
0.000234127
0.000260115
0.000298262
0.000298977
0.000302315
0.000294209
0.000299931
0.000299215
0.000303030
0.000300884
0.000305891
0.000298738
0.000264645
0.000303984
0.000276327
0.000329018
0.000307083
0.000270367
0.000291824
0.000328064
0.000273943
0.000300884
0.000267982
0.000297785
0.000299215
0.000293016
0.000300169
0.000296593
0.000298500
0.000267744
0.000274658
0.000294685
0.000539780
0.000293970
0.000316143
0.000299931
0.000300169
0.000262499
0.000296831
0.000213623
0.000281572
0.000305891
0.000314236
0.000305891
0.000288963
0.000325441
0.000283003
0.000301123
0.000262499
0.000273466
0.000300169
0.000267267
0.000266075
0.000232935
0.000293970
0.000261068
0.000292301
0.000263929
