0.000291824
0.000310183
0.000267267
0.000264168
0.000231743
0.000301838
0.000262499
0.000265598
0.000353098
0.000301600
0.000298738
0.000306606
0.000299454
0.000271559
0.000303984
0.000290871
0.000499725
0.000301600
0.000322104
0.000308752
0.000315428
0.000202656
0.000327110
0.000279903
0.000337601
0.000492573
0.000326395
0.000242949
0.000276804
0.000306129
0.000300646
0.000262022
0.000300646
0.000299931
0.000227690
0.000297308
0.000262737
0.000298977
0.000266552
0.000267029
0.000283957
0.000297308
0.000267506
0.000414133
0.000320673
0.000272512
0.000306845
0.000264645
0.000323057
0.000279903
0.000308275
0.000329733
0.000264645
0.000325680
0.000300884
0.000316620
0.000426531
0.000307560
0.000271559
0.000300169
0.000237226
0.000235319
0.000299215
0.000297308
0.000275135
0.000267029
0.000303030
0.000301361
0.000231743
0.000266314
0.000269175
0.000298023
0.000311136
0.000273228
0.000395060
0.000309229
0.000279427
0.000330687
0.000323296
0.000268221
0.000263453
0.000283003
0.000233650
0.000221014
0.000302792
0.000298977
0.000264645
0.000293255
0.000296116
0.000305176
0.000299931
0.000271082
0.000394821
0.000304461
0.000270128
0.000304937
0.000355244
0.000298977
0.000254869
0.000304222
0.000292540
0.000252724
0.000308752
0.000323534
0.000253439
0.000213861
0.000276089
0.000301600
0.000229836
0.000265360
0.000299454
0.000298262
0.000298262
0.000270367
0.000389576
0.000298500
0.000265360
0.000297308
0.000304937
0.000262260
0.000267506
0.000268221
0.000269413
0.000298023
0.000316620
0.000285864
0.000290632
0.000306845
0.000272989
0.000291348
0.000326633
0.000249624
0.000326872
0.000260353
0.000288486
0.000230789
0.000297308
0.000300407
0.000298023
0.000267744
0.000267029
0.000299692
0.000261784
0.000231743
0.000261784
0.000261545
0.000230074
0.000268459
0.000226259
0.000282049
0.000232458
0.000267744
0.000276804
0.000357151
0.000323057
0.000272989
0.000329971
0.000516653
0.000327349
0.000229597
0.000268698
0.000296831
0.000230074
0.000298738
0.000270128
0.000271320
0.000319004
0.000298738
0.000301361
0.000229359
0.000298738
0.000266790
0.000301361
0.000266790
0.000265360
0.000272989
0.000324011
0.000301361
0.000283480
0.000296354
0.000278473
0.000272751
0.000289679
0.000325680
0.000328779
0.000319481
0.000304699
0.000266314
0.000427485
0.000324488
0.000267029
0.000302553
0.000266552
0.000298500
0.000297070
0.000236511
0.000265121
0.000377655
0.000298023
0.000263929
0.000300884
0.000230312
0.000318050
0.000294447
0.000289440
0.000249624
0.000359774
0.000306368
0.000285625
0.000293255
0.000326395
0.000391960
0.000269890
0.000299215
0.000262499
0.000296831
0.000270367
0.000297308
0.000264406
0.000300407
0.000229597
0.000268221
0.000233173
0.000267506
0.000263214
0.000261784
0.000299931
0.000245571
0.000270367
0.000325441
0.000235558
0.000253916
0.000299931
0.000273705
0.000273943
0.000248432
0.000306845
0.000308275
0.000231504
0.000230074
0.000267029
0.000387907
0.000298500
0.000229836
0.000266314
0.000387430
0.000300646
0.000267506
0.000301361
0.000297308
0.000296593
0.000307322
0.000296354
0.000303745
0.000201225
0.000301838
0.000297308
0.000311136
0.000218153
0.000273228
0.000327349
0.000332832
0.000322342
0.000238180
0.000323534
0.000326633
0.000300169
0.000244856
0.000300169
0.000307798
0.000296831
0.000266552
0.000448942
0.000302315
0.000264883
0.000303745
0.000235319
0.000302315
0.000300646
0.000299454
0.000262499
0.000299931
0.000296354
0.000232697
0.000278473
0.000422716
0.000299215
0.000277996
0.000333786
0.000269651
0.000318289
0.000235319
0.000266075
0.000266790
0.000302315
0.000292778
0.000263214
0.000252008
0.000303984
0.000263453
0.000266790
0.000301361
0.000298500
0.000268936
0.000305653
0.000307560
0.000262499
0.000412941
0.000288725
0.000269890
0.000258684
0.000289917
0.000197887
0.000308752
0.000327110
0.000348568
0.000209093
0.000280142
0.000303268
0.000301123
0.000405550
0.000302315
0.000296116
0.000299931
0.000300407
0.000193834
0.000296354
0.000301123
0.000302315
0.000330210
0.000273466
0.000216484
0.000302076
0.000299692
0.000224113
0.000313759
0.000303984
0.000325918
0.000201941
0.000305891
0.000328302
0.000324249
0.000332355
0.000318050
0.000308514
0.000296593
0.000294685
0.000227928
0.000300407
0.000261784
0.000296593
0.000228643
0.000260592
0.000298738
0.000298262
0.000298977
0.000292301
0.000294447
0.000293732
0.000262737
0.000229120
0.000299215
0.000310421
0.000303984
0.000315905
0.000324011
0.000279188
0.000280380
0.000325680
0.000320911
0.000277281
0.000263691
0.000273705
0.000300169
0.000297785
0.000296593
0.000304461
0.000260115
0.000261545
0.000301361
0.000301361
0.000299931
0.000268936
0.000300884
0.000294924
0.000301123
0.000296116
0.000295639
0.000293493
0.000304699
0.000329733
0.000291348
0.000312328
0.000329733
0.000335932
0.000321388
0.000259638
0.000326157
0.000296116
0.000263453
0.000295877
0.000301361
0.000277996
0.000264645
0.000264645
0.000303984
0.000305176
0.000264883
0.000296593
0.000295877
0.000305414
0.000300169
0.000263453
0.000657797
0.000299215
0.000264168
0.000231028
0.000270367
0.000231028
0.000264406
0.000311852
0.000311375
0.000236750
0.000267029
0.000310898
0.000290871
0.000293970
0.000229597
0.000313997
0.000269175
0.000288725
0.000297546
0.000329733
0.000298262
0.000299215
0.000246286
0.000303030
0.000273228
0.000300646
0.000303745
0.000232220
0.000304222
0.000297785
0.000267506
0.000199556
0.000298977
0.000306606
0.000309706
0.000266075
0.000304461
0.000297308
0.000299454
0.000309706
0.000294209
0.000305891
0.000298262
0.000301123
0.000264645
0.000305176
0.000302792
0.000297070
0.000311375
0.000299692
0.000318527
0.000256538
0.000305653
0.000273228
0.000296354
0.000332594
0.000326872
0.000332832
0.000324965
0.000270367
0.000236988
0.000303745
0.000296116
0.000262260
0.000305176
0.000257015
0.000300169
0.000299931
0.000302792
0.000296354
0.000299215
0.000293493
0.000287771
0.000264406
0.000300884
0.000300169
0.000298023
0.000324726
0.000278711
0.000241995
0.000306129
0.000273228
0.000322342
0.000306845
0.000326633
0.000321388
0.000303745
0.000299215
0.000294209
0.000294209
0.000300884
0.000293970
0.000301838
0.000268221
0.000299454
0.000301600
0.000294685
0.000294447
0.000261068
0.000261307
0.000261068
0.000295401
0.000297070
0.000260353
0.000303030
0.000325680
0.000303984
0.000232935
0.000329733
0.000328064
0.000276327
0.000324488
0.000230551
0.000264168
0.000260592
0.000512838
0.000268698
0.000297546
0.000262260
0.000300884
0.000293970
0.000303745
0.000297070
0.000292540
0.000266552
0.000293732
0.000294685
0.000298738
0.000293970
0.000263691
0.000302792
0.000273228
0.000283957
0.000298977
0.000269413
0.000326157
0.000257015
0.000320673
0.000325203
0.000296593
0.000299454
0.000299454
0.000239372
0.000294685
0.000264883
0.000231266
0.000265837
0.000296593
0.000282526
0.000269890
0.000265837
0.000267267
0.000294924
0.000262976
0.000316858
0.000264645
0.000300407
0.000261307
0.000292063
0.000277519
0.000290394
0.000301838
0.000256777
0.000245333
0.000312805
0.000298262
0.000263214
0.000268459
0.000266314
0.000270367
0.000297070
0.000269175
0.000256777
0.000266790
0.000298977
0.000271797
0.000229120
0.000264168
0.000285864
0.000299215
0.000264168
0.000224829
0.000229836
0.000320196
0.000292063
0.000283003
0.000228882
0.000302792
0.000327110
0.000293970
0.000301838
0.000305176
0.000300884
0.000291824
0.000302792
0.000300169
0.000306129
0.000302315
0.000298738
0.000299215
0.000297785
0.000298262
0.000299454
0.000260115
0.000295877
0.000201702
0.000296593
0.000261784
0.000263214
0.000303984
0.000273943
0.000327826
0.000300884
0.000310183
0.000333071
0.000330448
0.000284195
0.000254869
0.000326157
0.000307083
0.000273228
0.000231981
0.000302553
0.000293970
0.000303030
0.000299454
0.000235796
0.000297546
0.000299215
0.000301123
0.000300646
0.000266552
0.000300646
0.000299215
0.000264406
0.000297785
0.000305414
0.000269651
0.000300407
0.000239849
0.000309467
0.000324726
0.000333786
0.000330448
0.000324965
0.000322104
0.000304461
0.000299692
0.000234127
0.000264406
0.000295401
0.000303984
0.000263453
0.000297070
0.000296593
0.000302792
0.000306606
0.000296116
0.000296354
0.000302076
0.000299931
0.000327349
0.000308037
0.000290632
0.000304222
0.000327587
0.000300646
0.000330448
0.000295401
0.000283718
0.000301361
0.000320911
0.000299215
0.000302553
0.000303268
0.000307083
0.000308275
0.000297308
0.000302792
0.000203848
0.000299215
0.000302315
0.000262737
0.000296593
0.000229597
0.000298262
0.000270605
0.000267506
0.000291348
0.000260592
0.000301123
0.000290155
0.000279903
0.000319481
0.000271320
0.000329256
0.000288248
0.000362158
0.000306368
0.000269175
0.000267267
0.000273943
0.000299692
0.000297070
0.000293016
0.000264645
0.000267267
0.000307083
0.000261784
0.000263929
0.000458241
0.000299692
0.000264645
0.000300169
0.000227690
0.000266075
0.000305414
0.000297785
0.000294685
0.000272989
0.000224113
0.000295162
0.000288725
0.000279903
0.000361443
0.000298977
0.000302553
0.000296593
0.000390530
0.000304937
0.000304222
0.000260353
0.000301123
0.000299931
0.000297785
0.000296831
0.000297308
0.000195503
0.000291824
0.000298023
0.000298500
0.000294685
0.000310659
0.000308037
0.000271320
0.000311852
0.000328064
0.000325203
0.000319958
0.000208378
0.000328302
0.000302792
0.000302553
0.000297546
0.000300407
0.000301600
0.000304222
0.000264645
0.000232935
0.000300407
0.000302315
0.000298738
0.000302076
0.000264645
0.000301123
0.000301838
0.000304222
0.000195742
0.000324249
0.000289440
0.000306606
0.000512600
0.000303984
0.000270367
0.000293970
0.000290394
0.000287056
0.000298023
0.000265360
0.000280857
0.000262976
0.000240803
0.000205278
0.000300884
0.000301123
0.000229836
0.000309944
0.000269175
0.000263453
0.000228882
0.000296354
0.000269651
0.000270367
0.000265837
0.000229359
0.000278950
0.000295639
0.000278234
0.000272274
0.000330925
0.000324726
0.000321150
0.000297546
0.000285864
0.000298738
0.000300407
0.000304222
0.000257492
0.000299215
0.000262499
0.000302553
0.000321150
0.000308275
0.000299931
0.000277519
0.000264406
0.000236750
0.000296593
0.000235558
0.000269175
0.000373125
0.000308990
0.000275612
0.000265837
0.000303268
0.000209570
0.000305414
0.000286579
0.000284910
0.000225544
0.000264406
0.000263453
0.000303030
0.000267744
0.000258923
0.000302553
0.000297785
0.000306368
0.000296831
0.000304222
0.000261307
0.000266075
0.000401020
0.000261545
0.000299931
0.000232935
0.000229359
0.000236273
0.000284195
0.000330687
0.000287056
0.000286818
0.000287294
0.000323534
0.000321865
0.000300884
0.000252247
0.000296116
0.000268459
0.000265360
0.000287294
0.000306606
0.000299215
0.000296116
0.000294209
0.000299692
0.000261545
0.000239134
0.000271797
0.000236273
0.000239849
0.000301123
0.000301600
0.000410795
0.000261784
0.000307322
0.000307322
0.000276089
0.000259638
0.000275612
0.000326395
0.000277519
0.000291109
0.000257254
0.000296354
0.000300884
0.000269651
0.000262022
0.000262260
0.000261784
0.000296116
0.000295639
0.000297785
0.000261545
0.000295162
0.000227928
0.000298977
0.000293493
0.000295639
0.000260830
0.000295401
0.000302792
0.000300407
0.000303745
0.000292778
0.000306606
0.000304461
0.000301123
0.000235081
0.000319004
0.000299454
0.000267029
0.000274420
0.000303030
0.000270367
0.000326633
0.000324249
0.000310183
0.000296831
0.000261545
0.000295162
0.000298262
0.000297308
0.000296354
0.000259876
0.000281096
0.000300884
0.000291586
0.000300884
0.000296831
0.000293255
0.000231743
0.000295162
0.000294209
0.000300884
0.000294447
0.000298738
0.000279665
0.000232697
0.000297546
0.000294685
0.000294685
0.000295401
0.000256538
0.000298023
0.000298262
0.000296354
0.000258446
0.000321388
0.000557899
0.000305891
0.000314236
0.000297070
0.000270367
0.000325203
0.000320435
0.000277758
0.000297546
0.000421524
0.000261545
0.000299454
0.000292301
0.000353575
0.000258207
0.000293493
0.000255108
0.000391006
0.000206709
0.000291348
0.000260592
0.000259399
0.000222445
0.000296831
0.000294685
0.000293255
0.000316620
0.000301361
0.000261784
0.000311375
0.000311852
0.000265360
0.000285625
0.000277281
0.000275373
0.000299454
0.000296354
