0.000302315
0.000282526
0.000308275
0.000309229
0.000233650
0.000312805
0.000302792
0.000335217
0.000290871
0.000308990
0.000314951
0.000212431
0.000303984
0.000306606
0.000262499
0.000313759
0.000302553
0.000304937
0.000328302
0.000305176
0.000277758
0.000234127
0.000304461
0.000317097
0.000305653
0.000303268
0.000231981
0.000305653
0.000305891
0.000339270
0.000303984
0.000302553
0.000277281
0.000305891
0.000302076
0.000278234
0.000304699
0.000304222
0.000331402
0.000319719
0.000305176
0.000303268
0.000305891
0.000304222
0.000301123
0.000305414
0.000313282
0.000298977
0.000226736
0.000250340
0.000238419
0.000283718
0.000271320
0.000302315
0.000330687
0.000303984
0.000283957
0.000271559
0.000305653
0.000296831
0.000269651
0.000275135
0.000319481
0.000300646
0.000305891
0.000271797
0.000293493
0.000305414
0.000309229
0.000278473
0.000309944
0.000389099
0.000337839
0.000348568
0.000312805
0.000308037
0.000302315
0.000286818
0.000304937
0.000307083
0.000238657
0.000300884
0.000306129
0.000321627
0.000281572
0.000259876
0.000327349
0.000271559
0.000282049
0.000273705
0.000305414
0.000303745
0.000303984
0.000271797
0.000307083
0.000307322
0.000309944
0.000256777
0.000300884
0.000319004
0.000305891
0.000309706
0.000241995
0.000303745
0.000328064
0.000303984
0.000237226
0.000307322
0.000299215
0.000306129
0.000304461
0.000315189
0.000304937
0.000277042
0.000300169
0.000271797
0.000302315
0.000307798
0.000302553
0.000266075
0.000246763
0.000305653
0.000299692
0.000329494
0.000233412
0.000312328
0.000329256
0.000303984
0.000311613
0.000303745
0.000274181
0.000292063
0.000271797
0.000269413
0.000276566
0.000270844
0.000275850
0.000303030
0.000309467
0.000306368
0.000275850
0.000270605
0.000293016
0.000299454
0.000277042
0.000268936
0.000305414
0.000316620
0.000304937
0.000303268
0.000282049
0.000313997
0.000335217
0.000272989
0.000269651
0.000300169
0.000300407
0.000271797
0.000276804
0.000268459
0.000327587
0.000269413
0.000266075
0.000278473
0.000306845
0.000301361
0.000303030
0.000305653
0.000315905
0.000304699
0.000309467
0.000305176
0.000312328
0.000316381
0.000307560
0.000300646
0.000306606
0.000273466
0.000317335
0.000304222
0.000304461
0.000339508
0.000303030
0.000312090
0.000303030
0.000309467
0.000259161
0.000303507
0.000303745
0.000311375
0.000272274
0.000284672
0.000306606
0.000306129
0.000310659
0.000305414
0.000226974
0.000315666
0.000302076
0.000270844
0.000220537
0.000302076
0.000312567
0.000315666
0.000299692
0.000204563
0.000303984
0.000304937
0.000277281
0.000452995
0.000305176
0.000286818
0.000270367
0.000271797
0.000311613
0.000329733
0.000300884
0.000270367
0.000303030
0.000262260
0.000299931
0.000243664
0.000312328
0.000233412
0.000268936
0.000233650
0.000269890
0.000233889
0.000308037
0.000261068
0.000306606
0.000224829
0.000302792
0.000236511
0.000278950
0.000186682
0.000268221
0.000267506
0.000332832
0.000263214
0.000382662
0.000307798
0.000302315
0.000297785
0.000273943
0.000301600
0.000303030
0.000330687
0.000306129
0.000205278
0.000273943
0.000267029
0.000283957
0.000203609
0.000304937
0.000317812
0.000304461
0.000303268
0.000211000
0.000303745
0.000304937
0.000280857
0.000318527
0.000301123
0.000332594
0.000313044
0.000313282
0.000265121
0.000305176
0.000303268
0.000278950
0.000239849
0.000299931
0.000266790
0.000318766
0.000300407
0.000307560
0.000308275
0.000301600
0.000271559
0.000361681
0.000330925
0.000307798
0.000333309
0.000404119
0.000303745
0.000330687
0.000302315
0.000307083
0.000329971
0.000305414
0.000326633
0.000308514
0.000207424
0.000309467
0.000300646
0.000305653
0.000335217
0.000235081
0.000303745
0.000330448
0.000301600
0.000303745
0.000301361
0.000267744
0.000295162
0.000299931
0.000283003
0.000330210
0.000310421
0.000321150
0.000336409
0.000307083
0.000303507
0.000278473
0.000304461
0.000319719
0.000302315
0.000302315
0.000338316
0.000302792
0.000363827
0.000317097
0.000331640
0.000271797
0.000244856
0.000302553
0.000325203
0.000272989
0.000263214
0.000300884
0.000251532
0.000277519
0.000208616
0.000282526
0.000224590
0.000269890
0.000288963
0.000265598
0.000222921
0.000333071
0.000216961
0.000278234
0.000217438
0.000276566
0.000209332
0.000235558
0.000221968
0.000307798
0.000273466
0.000264883
0.000276566
0.000309467
0.000311613
0.000282288
0.000268221
0.000310659
0.000207424
0.000286818
0.000273705
0.000275373
0.000308990
0.000251532
0.000312805
0.000326157
0.000318289
0.000308037
0.000326872
0.000312567
0.000342131
0.000239849
0.000314951
0.000307322
0.000298262
0.000292540
0.000334740
0.000273228
0.000294685
0.000311375
0.000308037
0.000304699
0.000281096
0.000233650
0.000309706
0.000279903
0.000278950
0.000224113
0.000309229
0.000318766
0.000313997
0.000249863
0.000278950
0.000321388
0.000336409
0.000559807
0.000285149
0.000340462
0.000322104
0.000249147
0.000315428
0.000343084
0.000338554
0.000293732
0.000270844
0.000270367
0.000310898
0.000307560
0.000318050
0.000312567
0.000272989
0.000233412
0.000311852
0.000243664
0.000501633
0.000285149
0.000315189
0.000280142
0.000306606
0.000315428
0.000307322
0.000305653
0.000301600
0.000336647
0.000244617
0.000291348
0.000336885
0.000350952
0.000327110
0.000341892
0.000337601
0.000309467
0.000478268
0.000273228
0.000278950
0.000245333
0.000319481
0.000299215
0.000313282
0.000281334
0.000311136
0.000313282
0.000308990
0.000310183
0.000243902
0.000316143
0.000310659
0.000337839
0.000243902
0.000274897
0.000339270
0.000272512
0.000277281
0.000303030
0.000339746
0.000340939
0.000311613
0.000271559
0.000309467
0.000308275
0.000313997
0.000270605
0.000278234
0.000315905
0.000306606
0.000277281
0.000297785
0.000327826
0.000264883
0.000279903
0.000277996
0.000317812
0.000313044
0.000216246
0.000322342
0.000477552
0.000274658
0.000318050
0.000313759
0.000339746
0.000334024
0.000267982
0.000334978
0.000298738
0.000298023
0.000305176
0.000314474
0.000270128
0.000307083
0.000313282
0.000315428
0.000269890
0.000311613
0.000451326
0.000274181
0.000309467
0.000244379
0.000314474
0.000306129
0.000308990
0.000336885
0.000322104
0.000308990
0.000333548
0.000320911
0.000283003
0.000340223
0.000344038
0.000290632
0.000305176
0.000308037
0.000247717
0.000272512
0.000281334
0.000277758
0.000309467
0.000317335
0.000305653
0.000246763
0.000272274
0.000239849
0.000312805
0.000240564
0.000225782
0.000314951
0.000309706
0.000266314
0.000335217
0.000319719
0.000281334
0.000329018
0.000285387
0.000277281
0.000348806
0.000337124
0.000308275
0.000436783
0.000309467
0.000308752
0.000283003
0.000281811
0.000239372
0.000246525
0.000281572
0.000276089
0.000276327
0.000312805
0.000314713
0.000313282
0.000314474
0.000312567
0.000308752
0.000316143
0.000298262
0.000327349
0.000328064
0.000315428
0.000303745
0.000241995
0.000316620
0.000337362
0.000309229
0.000300169
0.000426531
0.000305891
0.000266552
0.000255823
0.000501871
0.000308514
0.000236750
0.000311852
0.000237942
0.000312090
0.000311136
0.000308752
0.000285387
0.000221729
0.000335217
0.000310183
0.000309467
0.000289202
0.000320435
0.000316858
0.000312328
0.000280142
0.000287533
0.000319242
0.000322819
0.000292301
0.000656843
0.000312805
0.000320435
0.000314713
0.000306845
0.000226498
0.000347137
0.000317812
0.000317335
0.000218153
0.000339270
0.000332832
0.000265360
0.000270844
0.000308514
0.000312090
0.000313520
0.000278950
0.000223637
0.000314713
0.000308990
0.000313520
0.000309229
0.000315666
0.000310659
0.000314236
0.000271082
0.000311613
0.000305176
0.000307798
0.000284910
0.000308990
0.000308037
0.000311852
0.000307083
0.000307322
0.000311375
0.000313282
0.000272512
0.000278950
0.000310659
0.000309706
0.000242949
0.000276804
0.000283480
0.000325203
0.000289440
0.000335693
0.000324011
0.000317097
0.000280380
0.000334263
0.000337362
0.000328302
0.000282049
0.000306606
0.000313044
0.000419617
0.000316143
0.000311613
0.000312567
0.000303030
0.000650644
0.000317812
0.000307083
0.000310659
0.000235558
0.000314474
0.000301361
0.000277519
0.000312090
0.000303984
0.000311613
0.000319242
0.000287533
0.000672340
0.000322104
0.000316143
0.000304937
0.000309944
0.000334978
0.000338554
0.000302315
0.000266075
0.000506401
0.000307083
0.000304222
0.000307083
0.000491858
0.000310659
0.000309944
0.000310659
0.000279903
0.000312805
0.000305414
0.000306606
0.000308514
0.000458479
0.000210285
0.000307798
0.000268221
0.000222206
0.000317574
0.000340462
0.000233412
0.000294209
0.000298738
0.000341654
0.000333786
0.000286818
0.000287056
0.000301838
0.000218391
0.000313520
0.000300884
0.000263214
0.000211954
0.000314474
0.000329494
0.000260115
0.000313997
0.000317812
0.000234604
0.000235796
0.000313759
0.000310421
0.000229359
0.000274420
0.000179768
0.000325918
0.000264168
0.000232697
0.000216246
0.000310659
0.000333786
0.000337124
0.000269890
0.000338316
0.000338316
0.000276566
0.000228643
0.000279188
0.000293016
0.000316143
0.000239849
0.000308037
0.000309944
0.000280142
0.000318527
0.000312805
0.000306845
0.000270605
0.000315666
0.000312567
0.000313520
0.000307560
0.000335455
0.000319958
0.000245094
0.000335693
0.000319719
0.000312805
0.000305414
0.000328541
0.000329733
0.000333309
0.000232458
0.000298977
0.000306606
0.000301361
0.000317574
0.000306368
0.000307560
0.000311852
0.000304461
0.000237226
0.000286341
0.000318289
0.000285149
0.000310659
0.000273466
0.000309944
0.000233889
0.000279188
0.000278473
0.000317097
0.000286341
0.000252485
0.000314474
0.000252962
0.000522852
0.000338078
0.000301361
0.000327826
0.000305653
0.000270844
0.000278950
0.000277758
0.000277996
0.000301361
0.000310898
0.000285387
0.000279665
0.000311136
0.000280857
0.000279427
0.000279903
0.000245571
0.000311375
0.000185013
0.000312805
0.000286341
0.000303984
0.000242472
0.000288010
0.000303507
0.000319242
0.000217915
0.000276089
0.000339270
0.000272036
0.000303745
0.000269651
0.000217676
0.000238180
0.000319004
0.000286818
0.000281572
0.000273943
0.000278473
0.000304937
0.000313759
0.000250578
0.000313044
0.000280857
0.000235796
0.000240088
0.000285387
0.000311375
0.000308752
0.000279903
0.000299454
0.000235081
0.000302076
0.000292778
0.000251055
0.000538826
0.000325918
0.000277042
0.000310659
0.000300646
0.000312805
0.000277519
0.000307798
0.000278234
0.000509501
0.000281811
0.000322580
0.000212669
0.000271082
0.000205994
0.000270367
0.000244617
0.000310898
0.000315666
0.000316143
0.000274420
0.000248432
0.000474215
0.000318527
0.000205517
0.000217438
0.000287533
0.000288010
0.000336647
0.000297546
0.000293016
0.000303507
0.000317097
0.000319242
0.000282764
0.000313044
0.000282049
0.000317574
0.000275135
0.000286341
0.000313044
0.000307560
0.000313044
0.000246763
0.000309467
0.000304222
0.000286579
0.000266790
0.000312805
0.000322104
0.000338554
0.000318289
0.000345230
0.000323772
0.000318527
0.000338554
0.000298977
0.000329971
0.000337124
0.000300884
0.000271559
0.000279427
0.000223160
0.000316143
0.000318050
0.000281572
0.000315905
0.000277519
0.000277281
0.000305653
0.000279188
0.000470638
0.000607014
0.000317812
0.000241756
0.000311375
0.000283241
0.000281334
0.000302553
0.000308990
0.000313044
0.000304699
0.000265837
0.000283718
0.000345945
0.000331402
0.000269413
0.000304937
0.000298738
0.000311375
0.000282764
0.000227928
0.000321627
0.000312805
0.000218868
0.000279665
0.000279427
0.000305176
0.000310898
0.000318527
0.000280619
0.000279903
0.000309944
0.000305176
0.000207663
0.000333786
0.000318527
0.000284910
0.000304937
0.000286579
0.000291586
0.000345945
0.000307560
0.000207424
0.000311375
0.000294447
0.000281572
0.000330448
0.000244617
0.000319004
0.000235081
0.000310898
0.000278950
0.000314474
0.000307560
0.000313997
0.000283957
0.000311136
0.000314474
0.000309944
0.000281096
0.000256062
0.000313282
0.000333548
0.000252724
0.000303984
0.000335693
0.000312567
0.000250816
0.000310421
0.000305653
0.000318766
0.000342846
0.000269890
0.000283241
0.000330687
0.000270367
0.000314236
0.000282526
0.000332832
0.000282049
0.000324726
0.000289202
0.000220537
0.000312567
0.000310183
0.000281811
0.000278711
0.000318050
0.000309467
0.000276804
0.000229836
0.000237942
0.000282049
0.000329733
