0.000307322
0.000331163
0.000314951
0.000277996
0.000277996
0.000270605
0.000311375
0.000313520
0.000271797
0.000304222
0.000308037
0.000254631
0.000272512
0.000529528
0.000337839
0.000283241
0.000336409
0.000278711
0.000279665
0.000316858
0.000309706
0.000275373
0.000299931
0.000315666
0.000311375
0.000308037
0.000311852
0.000336409
0.000243187
0.000285625
0.000299215
0.000307322
0.000333071
0.000306368
0.000307798
0.000287533
0.000310659
0.000310898
0.000332355
0.000249624
0.000296831
0.000241280
0.000310421
0.000274897
0.000277519
0.000276566
0.000311375
0.000336409
0.000310183
0.000364065
0.000309229
0.000336647
0.000313759
0.000293493
0.000309706
0.000317097
0.000346422
0.000282288
0.000310898
0.000288248
0.000309706
0.000281572
0.000240326
0.000273466
0.000320673
0.000277758
0.000280380
0.000363350
0.000277042
0.000337362
0.000311136
0.000281811
0.000363827
0.000313759
0.000312805
0.000304461
0.000272512
0.000306845
0.000335455
0.000308514
0.000277996
0.000309229
0.000644922
0.000280619
0.000328541
0.000259876
0.000341654
0.000273943
0.000334024
0.000310183
0.000308037
0.000319004
0.000316381
0.000311375
0.000323772
0.000319004
0.000272751
0.000333548
0.000211716
0.000314951
0.000312090
0.000319719
0.000309706
0.000309944
0.000231743
0.000309467
0.000311613
0.000323296
0.000250578
0.000330448
0.000309944
0.000305653
0.000331402
0.000309467
0.000316143
0.000308037
0.000241756
0.000320911
0.000308752
0.000309229
0.000242472
0.000310898
0.000279427
0.000333071
0.000310659
0.000330687
0.000332832
0.000313282
0.000318289
0.000308752
0.000307322
0.000288725
0.000310183
0.000307083
0.000340223
0.000307322
0.000322104
0.000335932
0.000304937
0.000282288
0.000307083
0.000305653
0.000337362
0.000311852
0.000325918
0.000308275
0.000311852
0.000269651
0.000281096
0.000312090
0.000272274
0.000310183
0.000311852
0.000308514
0.000308037
0.000341415
0.000305414
0.000513554
0.000279427
0.000308037
0.000274420
0.000424862
0.000310421
0.000305653
0.000320911
0.000275612
0.000305176
0.000327826
0.000276566
0.000283957
0.000342846
0.000308990
0.000239849
0.000301361
0.000310659
0.000319958
0.000309944
0.000277519
0.000282288
0.000462055
0.000318050
0.000289679
0.000276327
0.000275373
0.000314951
0.000279665
0.000277281
0.000284195
0.000280380
0.000306606
0.000281334
0.000287294
0.000279665
0.000267982
0.000310183
0.000323772
0.000309706
0.000283957
0.000308752
0.000313044
0.000314951
0.000301361
0.000314474
0.000239372
0.000309944
0.000283003
0.000316858
0.000214338
0.000324726
0.000308514
0.000288486
0.000306845
0.000311613
0.000310183
0.000240326
0.000313282
0.000339508
0.000307083
0.000308752
0.000277042
0.000224829
0.000308514
0.000312090
0.000309706
0.000472069
0.000305653
0.000310421
0.000312090
0.000309706
0.000303984
0.000265598
0.000305891
0.000310421
0.000254631
0.000314713
0.000329733
0.000309944
0.000275373
0.000332117
0.000306845
0.000231266
0.000316858
0.000309467
0.000285864
0.000238657
0.000307798
0.000325441
0.000313044
0.000298500
0.000333548
0.000307798
0.000311852
0.000308275
0.000263929
0.000304699
0.000310421
0.000275135
0.000337124
0.000305414
0.000275612
0.000313759
0.000288963
0.000269890
0.000327826
0.000206232
0.000305176
0.000318527
0.000303984
0.000208616
0.000303507
0.000281334
0.000307322
0.000303984
0.000208378
0.000318766
0.000306845
0.000304937
0.000336170
0.000304937
0.000275373
0.000224590
0.000298977
0.000246525
0.000272989
0.000256538
0.000272512
0.000270605
0.000334024
0.000275612
0.000307322
0.000281096
0.000307083
0.000208616
0.000277758
0.000275850
0.000309229
0.000306606
0.000240326
0.000291586
0.000279427
0.000308037
0.000297546
0.000276089
0.000280142
0.000275850
0.000305414
0.000282049
0.000306845
0.000249863
0.000376225
0.000310898
0.000276804
0.000215530
0.000312328
0.000312328
0.000319481
0.000309706
0.000306129
0.000240803
0.000341177
0.000307322
0.000277042
0.000271559
0.000307798
0.000288725
0.000312090
0.000307322
0.000407219
0.000308514
0.000310659
0.000313759
0.000341415
0.000310421
0.000317574
0.000310183
0.000304937
0.000316620
0.000308037
0.000335217
0.000309706
0.000277281
0.000317812
0.000306129
0.000312567
0.000232697
0.000309944
0.000306368
0.000311136
0.000307322
0.000277758
0.000308514
0.000308037
0.000311852
0.000207424
0.000309706
0.000332355
0.000314474
0.000310659
0.000241280
0.000316143
0.000283718
0.000332355
0.000300646
0.000328541
0.000337839
0.000308275
0.000309229
0.000308990
0.000276327
0.000310659
0.000310183
0.000243425
0.000303030
0.000313997
0.000304461
0.000206709
0.000308037
0.000310183
0.000306606
0.000312567
0.000274897
0.000311136
0.000307083
0.000324965
0.000286579
0.000337124
0.000331402
0.000311613
0.000277281
0.000336885
0.000297070
0.000320435
0.000334740
0.000227451
0.000307560
0.000308275
0.000307560
0.000271082
0.000306845
0.000307560
0.000307798
0.000311375
0.000271320
0.000307798
0.000313520
0.000309944
0.000313044
0.000302315
0.000278711
0.000307798
0.000331163
0.000299454
0.000284910
0.000301600
0.000288248
0.000408649
0.000336170
0.000334740
0.000252962
0.000306129
0.000342846
0.000307083
0.000310659
0.000274420
0.000228167
0.000306845
0.000310898
0.000312805
0.000310421
0.000307322
0.000311852
0.000312328
0.000313044
0.000216007
0.000304222
0.000309944
0.000312328
0.000301361
0.000334024
0.000312328
0.000287533
0.000332832
0.000208139
0.000332594
0.000334978
0.000335693
0.000350714
0.000331402
0.000310421
0.000309706
0.000306129
0.000208855
0.000310421
0.000313997
0.000314236
0.000215292
0.000307798
0.000311613
0.000312567
0.000307798
0.000309944
0.000309467
0.000308514
0.000265360
0.000324965
0.000262976
0.000319481
0.000310421
0.000312567
0.000310421
0.000313044
0.000274658
0.000318289
0.000312090
0.000314474
0.000245094
0.000284195
0.000312567
0.000334024
0.000313759
0.000325680
0.000255108
0.000304222
0.000327826
0.000299931
0.000274658
0.000477552
0.000305414
0.000275612
0.000306606
0.000299692
0.000305176
0.000273705
0.000273705
0.000272512
0.000303507
0.000305653
0.000318050
0.000273705
0.000308752
0.000273228
0.000276327
0.000274897
0.000277042
0.000303268
0.000301361
0.000239134
0.000395060
0.000306845
0.000306368
0.000271082
0.000273705
0.000274420
0.000303507
0.000274420
0.000274181
0.000276089
0.000309706
0.000281334
0.000332832
0.000298500
0.000252247
0.000332355
0.000302315
0.000291824
0.000304461
0.000304699
0.000303507
0.000275135
0.000303984
0.000302792
0.000307560
0.000276566
0.000271082
0.000273705
0.000303745
0.000307560
0.000302315
0.000308514
0.000307798
0.000275850
0.000274181
0.000278234
0.000278711
0.000321627
0.000294209
0.000304699
0.000316620
0.000283957
0.000333309
0.000314713
0.000297308
0.000327349
0.000304699
0.000272512
0.000275612
0.000302553
0.000275373
0.000278473
0.000305176
0.000275612
0.000301838
0.000277758
0.000272989
0.000273228
0.000221014
0.000303507
0.000303268
0.000307322
0.000303030
0.000303745
0.000331640
0.000311613
0.000279903
0.000332832
0.000313759
0.000312805
0.000328779
0.000327110
0.000286341
0.000334024
0.000305414
0.000303984
0.000305653
0.000307083
0.000306606
0.000308037
0.000302076
0.000306606
0.000304222
0.000307798
0.000310659
0.000304699
0.000307083
0.000306845
0.000234842
0.000302792
0.000306129
0.000277996
0.000322819
0.000313520
0.000278950
0.000286341
0.000293255
0.000289679
0.000330687
0.000328064
0.000287771
0.000272274
0.000260353
0.000306845
0.000307560
0.000307322
0.000307083
0.000214815
0.000297308
0.000308037
0.000302792
0.000305176
0.000305891
0.000308275
0.000311136
0.000241041
0.000305653
0.000309229
0.000309229
0.000276327
0.000332594
0.000283480
0.000334740
0.000312328
0.000308514
0.000335932
0.000328302
0.000322104
0.000275135
0.000307083
0.000305891
0.000309706
0.000275612
0.000309706
0.000282288
0.000276089
0.000276566
0.000273466
0.000309229
0.000307083
0.000274420
0.000277996
0.000308514
0.000275612
0.000305653
0.000277281
0.000276327
0.000324965
0.000298500
0.000283718
0.000205517
0.000318766
0.000338793
0.000342131
0.000333309
0.000329018
0.000306845
0.000338793
0.000325918
0.000301838
0.000304461
0.000306606
0.000256538
0.000237226
0.000276089
0.000275135
0.000301838
0.000272274
0.000264406
0.000306606
0.000273228
0.000303507
0.000307560
0.000272274
0.000272989
0.000300646
0.000283003
0.000330448
0.000309229
0.000289917
0.000304461
0.000334501
0.000283718
0.000299931
0.000303030
0.000291109
0.000331640
0.000274658
0.000279903
0.000272989
0.000303507
0.000304461
0.000238895
0.000272274
0.000266314
0.000275850
0.000270605
0.000271320
0.000274658
0.000312328
0.000272751
0.000253916
0.000313997
0.000308990
0.000275850
0.000285387
0.000313044
0.000244379
0.000339508
0.000310659
0.000297785
0.000273943
0.000311136
0.000261307
0.000272751
0.000317335
0.000277996
0.000309229
0.000275612
0.000272512
0.000280857
0.000242710
0.000311375
0.000273705
0.000304937
0.000264645
0.000240088
0.000239849
0.000277996
0.000276327
0.000311136
0.000310183
0.000241995
0.000302792
0.000283241
0.000243187
0.000298023
0.000257730
0.000299931
0.000320435
0.000309944
0.000278473
0.000311852
0.000307083
0.000308990
0.000274181
0.000305414
0.000275373
0.000311852
0.000310421
0.000274181
0.000271559
0.000455856
0.000312328
0.000274658
0.000271559
0.000306129
0.000324726
0.000297785
0.000286818
0.000287771
0.000525475
0.000334978
0.000307322
0.000332117
0.000309944
0.000305653
0.000276804
0.000276089
0.000278950
0.000279665
0.000307798
0.000237465
0.000272036
0.000221491
0.000304461
0.000272274
0.000274181
0.000272751
0.000305653
0.000281096
0.000304222
0.000209808
0.000272751
0.000339031
0.000297785
0.000238657
0.000458717
0.000311375
0.000256300
0.000303268
0.000297546
0.000231743
0.000329971
0.000276089
0.000276566
0.000273705
0.000306606
0.000277996
0.000273228
0.000279903
0.000273228
0.000305414
0.000275850
0.000276327
0.000276804
0.000308514
0.000273943
0.000272989
0.000277281
0.000303745
0.000276566
0.000276566
0.000294924
0.000273943
0.000321388
0.000277519
0.000306129
0.000298738
0.000332355
0.000326872
0.000321627
0.000282764
0.000310183
0.000310659
0.000282764
0.000309706
0.000274658
0.000304699
0.000318050
0.000307322
0.000315905
0.000312090
0.000313520
0.000308990
0.000318527
0.000242710
0.000310659
0.000307322
0.000336647
0.000313044
0.000337124
0.000336647
0.000316620
0.000336170
0.000245094
0.000333309
0.000288010
0.000337601
0.000233650
0.000310183
0.000312328
0.000304699
0.000311613
0.000313520
0.000311613
0.000309706
0.000310659
0.000310898
0.000311852
0.000314713
0.000307083
0.000312328
0.000240564
0.000308037
0.000310421
0.000338793
0.000316620
0.000316143
0.000340462
0.000333071
0.000285625
0.000311852
0.000303268
0.000250101
0.000303507
0.000277996
0.000310421
0.000238657
0.000274420
0.000305176
0.000269890
0.000304937
0.000307560
0.000316858
0.000280142
0.000304699
0.000277519
0.000273943
0.000399828
0.000300646
0.000277281
0.000276566
0.000278950
0.000292301
0.000319481
0.000316858
0.000293732
0.000309229
0.000248909
0.000343084
0.000336885
0.000287771
0.000333786
0.000276089
0.000278711
0.000306606
0.000309706
0.000309229
0.000279188
0.000278950
0.000308275
0.000277996
0.000308752
0.000278711
0.000278234
0.000307083
0.000311136
0.000275850
0.000277758
0.000309706
0.000334501
0.000285864
0.000291586
0.000304461
0.000314713
0.000276089
0.000301838
0.000301361
0.000327349
0.000329494
0.000281096
0.000272751
0.000278711
0.000308752
0.000271559
0.000279188
0.000280380
0.000307798
0.000308990
0.000310183
0.000309467
0.000306368
0.000310421
0.000275373
0.000277758
0.000308990
0.000308275
0.000306845
0.000274181
0.000310421
0.000329256
0.000298500
0.000280619
0.000303745
0.000336409
0.000328064
0.000292540
0.000263691
0.000308514
0.000306606
0.000307322
0.000272036
0.000272989
0.000279903
0.000303745
0.000275612
0.000274181
0.000273943
0.000311375
0.000313044
0.000277996
0.000271559
0.000307322
0.000276327
0.000308275
0.000274658
0.000309706
0.000273228
0.000283241
0.000306606
0.000307798
0.000281096
0.000233650
0.000249147
0.000275612
0.000271082
0.000313997
0.000282288
0.000217915
0.000313520
0.000248909
