0.011405706
0.000940561
0.000963449
0.000855446
0.000914097
0.001021385
0.000648975
0.001023054
0.000889540
0.000813723
0.000654936
0.001031160
0.000976086
0.000877142
0.000978708
0.000994205
0.000817776
0.000914574
0.000858545
0.000998735
0.000907660
0.001014948
0.000821352
0.000814915
0.000952244
0.001007318
0.000798464
0.000797272
0.000872850
0.000948668
0.000841618
0.000953436
0.000968933
0.000725269
0.000972986
0.000818014
0.000872612
0.000963449
0.000918150
0.001012087
0.000966311
0.000847816
0.000995398
0.021738052
0.000859976
0.001006603
0.000856876
0.001017809
0.000961781
0.000966787
0.000857115
0.000970364
0.001002073
0.000877857
0.000784874
0.000869036
0.001013517
0.000828981
0.001044750
0.000864267
0.001020432
0.000606298
0.000873804
0.011465311
0.000883102
0.000795364
0.001007557
0.000922441
0.001001120
0.000832319
0.000870705
0.001066685
0.000896454
0.000946283
0.000834942
0.001009226
0.000825405
0.000950813
0.000864267
0.000978947
0.000910044
0.001017332
0.001012325
0.000855923
0.000870228
0.000849485
0.000895262
0.000965595
0.000852346
0.011427164
0.000778913
0.000873804
0.000957012
0.011347294
0.000962734
0.000971794
0.000959635
0.000733137
0.000977755
0.000808001
0.000929117
0.000646353
0.000903368
0.000859261
0.000816584
0.000631094
0.011231422
0.000800848
0.000808239
0.000817299
0.000785828
0.000828743
0.000815392
0.000770330
0.000785828
0.000787735
0.000740528
0.000775099
0.000811815
0.000786781
0.000837088
0.000758171
0.000772238
0.000824690
0.000802279
0.000808239
0.000785112
0.000764608
0.000777721
0.000780106
0.000787735
0.000803947
0.000760317
0.000800371
0.000762939
0.000779629
0.000815868
0.000780821
0.000823021
0.000802279
0.000768185
0.000781536
0.000881910
0.000786781
0.000749588
0.000766039
0.000772715
0.000869513
0.000776291
0.000756502
0.000757217
0.000879765
0.000835180
0.000826359
0.000810862
0.000787258
0.000829220
0.000870943
0.000802517
0.000811338
0.011262417
0.000779152
0.000828981
0.000799179
0.011288881
0.000810385
0.000866413
0.000791311
0.000803947
0.000771761
0.000806332
0.000771523
0.000790119
0.000767946
0.000815868
0.000730276
0.000868797
0.000854492
0.000792265
0.000778198
0.000832796
0.000773430
0.000753164
0.000880003
0.000982285
0.000854254
0.000803471
0.000823736
0.000815392
0.000798702
0.000786543
0.000834227
0.000815630
0.000776052
0.000797272
0.000787497
0.000890732
0.011648178
0.000792742
0.011651039
0.000826359
0.000785112
0.000828028
0.000820637
0.011639833
0.000842571
0.000786781
0.011812687
0.000865936
0.011609554
0.000826120
0.000794888
0.000813007
0.011762857
0.000846624
0.000816345
0.000784874
0.000841618
0.000807285
0.000812054
0.000788212
0.011675119
0.000601053
0.011705637
0.000899315
0.011668205
0.000615597
0.011688471
0.000809908
0.011686563
0.000823975
0.011643648
0.011692286
0.000821590
0.000787497
0.000818014
0.000823736
0.000779629
0.000793695
0.000814915
0.000710726
0.000822306
0.000818729
0.000804424
0.011339664
0.000856638
0.000786066
0.000784636
0.000794172
0.000847101
0.000801563
0.011710882
0.000801325
0.011555672
0.000913143
0.011605263
0.011733055
0.011773825
0.000827312
0.000789404
0.000790596
0.000774145
0.000794172
0.000820875
0.000812531
0.000813007
0.010881424
0.000814676
0.000776052
0.000779867
0.000804424
0.011727571
0.000848770
0.000776768
0.000804424
0.011713028
0.000836849
0.000783920
0.000797033
0.011627436
0.000825644
0.011693239
0.000778437
0.000772238
0.000828981
0.011570454
0.000793695
0.000780106
0.000835657
0.000777721
0.000775337
0.000781775
0.000765800
0.000813723
0.000808716
0.000762701
0.000611782
0.000810146
0.000792265
0.011432171
0.000811338
0.000602484
0.011709452
0.011631489
0.000829220
0.000591040
0.000834703
0.011634827
0.000748634
0.011667013
0.000835657
0.000869274
0.011760712
0.000684500
0.000613213
0.000828505
0.000825644
0.011599541
0.000796080
0.000856638
0.000785112
0.000786304
0.000797272
0.000771999
0.000809669
0.000839710
0.000832081
0.000852585
0.011696577
0.000813007
0.000819445
0.011566877
0.000801325
0.011669159
0.000809669
0.000857592
0.000784397
0.000783443
0.000794172
0.011737585
0.000648975
0.000685692
0.000808001
0.000831127
0.000785112
0.000694036
0.000832796
0.000826597
0.000810146
0.000885248
0.000840187
0.000839949
0.000840902
0.000834227
0.000783920
0.000875711
0.000832558
0.011645794
0.011716366
0.000889301
0.000808239
0.000824213
0.000776291
0.011633635
0.000854969
0.011706352
0.000817060
0.000806093
0.000814915
0.000786781
0.000811100
0.000792265
0.000762463
0.000797510
0.000776768
0.011406183
0.000820875
0.000821829
0.000769854
0.000798225
0.000776291
0.000832081
0.000894547
0.011673450
0.000882149
0.011389971
0.000838995
0.000785351
0.000795126
0.000946045
0.000871181
0.000750303
0.000791073
0.000784874
0.000795364
0.000762224
0.000806570
0.000772238
0.011792660
0.000793934
0.000797749
0.000771046
0.000774860
0.000762224
0.011444330
0.000801086
0.000787973
0.011376619
0.000869036
0.011647463
0.000802040
0.000823259
0.011694670
0.011652470
0.000778198
0.011636972
0.011391640
0.000789642
0.000801325
0.011580944
0.000861406
0.000780344
0.000765324
0.011384726
0.000766516
0.000788450
0.000838518
0.000789165
0.000808716
0.000820160
0.000882864
0.000777006
0.000766277
0.000775576
0.000817537
0.000772953
0.000794411
0.011621237
0.000818253
0.011764288
0.000793934
0.011645317
0.000771761
0.000789165
0.000768423
0.000710487
0.011621237
0.000799894
0.000806808
0.000765324
0.000777721
0.000811577
0.000793934
0.000843525
0.011405230
0.000787497
0.000790358
0.000782251
0.000808954
0.000806808
0.000821590
0.000786543
0.000790119
0.022665977
0.000855684
0.000837088
0.011653423
0.011678457
0.000795364
0.011664391
0.000812531
0.011676073
0.011788845
0.000772715
0.011347532
0.000738621
0.000771284
0.000793219
0.011406422
0.000790119
0.000795126
0.000814438
0.000802040
0.000754118
0.000782013
0.000792265
0.000783682
0.000881433
0.000889778
0.000790834
0.011507034
0.011666298
0.000831842
0.000792265
0.011515379
0.011611462
0.011249781
0.000787020
0.000804901
0.000818491
0.011655569
0.000803709
0.011382341
0.000802994
0.000805378
0.000810623
0.011420727
0.000765085
0.000775814
0.000814438
0.000826120
0.000869989
0.000744581
0.000821829
0.000814199
0.000852346
0.011639595
0.011514425
0.000792265
0.011628151
0.000786304
0.011768341
0.000884295
0.011610508
0.000772715
0.000810146
0.011541605
0.011694193
0.000801802
0.000882864
0.000802994
0.000818253
0.000806332
0.000779867
0.011475325
0.011294127
0.000802279
0.000763416
0.000803471
0.000800848
0.000771761
0.000797987
0.000778675
0.000873327
0.000808477
0.000811815
0.000783443
0.000816822
0.000884056
0.000877142
0.011496067
0.000801802
0.011654854
0.000808954
0.011617422
0.000808239
0.000785589
0.000795364
0.000775576
0.000782728
0.000839710
0.000847340
0.000737190
0.000822067
0.000775337
0.011631966
0.000837088
0.000814199
0.000777006
0.011687756
0.011677265
0.011708498
0.000789642
0.000864029
0.000788212
0.011641979
0.000809908
0.011603832
0.000807524
0.000754833
0.000808954
0.000794888
0.000786781
0.011375427
0.000740767
0.000783682
0.000773430
0.011221409
0.000832796
0.000830173
0.000804424
0.000822306
0.000797987
0.000816345
0.000827551
0.000810146
0.000811338
0.000762701
0.000786543
0.000722408
0.000895977
0.000817299
0.000873804
0.000813007
0.000815868
0.000830650
0.000819921
0.011655807
0.011356115
0.000900507
0.000784636
0.011654139
0.000853539
0.000781775
0.000795841
0.000756979
0.000763416
0.011432886
0.000802279
0.000761032
0.000772238
0.000753880
0.000790596
0.011294603
0.000757694
0.000746965
0.000599861
0.000854015
0.000746250
0.000850677
0.000824690
0.000827074
0.000802279
0.000807524
0.000853300
0.000807047
0.011401892
0.000804663
0.000877142
0.000814915
0.000811815
0.000816107
0.000783920
0.000810146
0.000828505
0.000836372
0.000778437
0.011603117
0.000877380
0.011706114
0.000782728
0.011635780
0.000803947
0.011649609
0.000780582
0.000841379
0.000807285
0.011300087
0.000799179
0.000778913
0.000751972
0.000818729
0.000771523
0.000783443
0.000759602
0.000834227
0.000806570
0.000853777
0.000807285
0.000828743
0.000838280
0.000783443
0.000778198
0.000810146
0.000836134
0.021712303
0.000864983
0.011671543
0.000677824
0.011749029
0.000852108
0.000791311
0.000810146
0.011579514
0.000816107
0.000819921
0.011408567
0.000825405
0.000772238
0.000788689
0.000799656
0.000819445
0.011335373
0.000817060
0.000800133
0.000787973
0.000806808
0.000806332
0.000794172
0.000792265
0.000820637
0.000801086
0.000790358
0.000773191
0.000807047
0.000839233
0.000782967
0.011646509
0.000763655
0.011622190
0.000804186
0.000896454
0.000779867
0.000763893
0.000838518
0.000810623
0.000782490
0.000798941
0.000753403
0.011831045
0.000787020
0.000757456
0.011423588
0.000897884
0.000809669
0.000826120
0.000778675
0.022142649
0.000825405
0.011618853
0.011531830
0.011755466
0.000817060
0.011696577
0.000793934
0.011535168
0.000845194
0.011665344
0.011681318
0.001158237
0.000859022
0.000799179
0.000789165
0.011373043
0.000778437
0.000811577
0.000821352
0.000899792
0.000855923
0.000813484
0.000773907
0.000794888
0.000816345
0.000827312
0.000880241
0.000822783
0.011533260
0.000821352
0.000823975
0.000867128
0.000787735
0.000800848
0.000826597
0.011648417
0.011734962
0.000822306
0.000806808
0.000806570
0.000818253
0.000796318
0.000825644
0.000804663
0.000825644
0.000766039
0.000807762
0.000820875
0.000881195
0.000828981
0.000830650
0.000812531
0.011790037
0.000777721
0.011655092
0.011759758
0.000869036
0.011620045
0.000784874
0.011623621
0.000777721
0.011622190
0.000814915
0.000769854
0.000809669
0.000792742
0.000809669
0.000807524
0.000801086
0.000786781
0.000810146
0.000817776
0.011323690
0.000891209
0.000818729
0.000796556
0.000783920
0.000824690
0.000763655
0.000799417
0.000838280
0.011657715
0.011695862
0.000812531
0.000808954
0.000788450
0.011579275
0.000834703
0.000871420
0.011743307
0.000833035
0.000805378
0.000796556
0.000797272
0.000772476
0.000803709
0.000773668
0.000816584
0.000823498
0.000883102
0.000785112
0.000790834
0.000835419
0.011739969
0.000833988
0.000766277
0.000867605
0.011787891
0.000859261
0.000780821
0.000853777
0.000819921
0.011665344
0.000600100
0.000622272
0.000681639
0.000822067
0.000815630
0.000592709
0.000739098
0.000820160
0.000787497
0.000767469
0.000860214
0.000791073
0.000820875
0.011722326
0.000791073
0.000785828
0.000816584
0.000793219
0.000790358
0.000778913
0.000788927
0.000815868
0.000797272
0.000796556
0.000820875
0.011694670
0.011608362
0.000784159
0.011563778
0.000795603
0.011623859
0.000770092
0.000776529
0.000763416
0.000803232
0.000801802
0.000787258
0.011317253
0.000829458
0.000781298
0.000808477
0.011342287
0.000858068
0.000883579
0.000802517
0.000789404
0.000760317
0.000816822
0.011629105
0.000786781
0.000784874
0.000771046
0.021901608
0.000890970
0.011619568
0.000778198
0.022385120
0.000806808
0.000768661
0.000770569
0.000795841
0.000812054
0.000757933
0.000778437
0.000790834
0.000791311
0.000810623
0.011393785
0.000896454
0.000813246
0.000801086
0.000827312
0.000819206
0.000828028
0.000821829
0.000823736
0.011629343
0.000734568
0.022080898
0.011647224
0.000773430
0.000762939
0.011645555
0.000823021
0.011791945
0.011709452
0.000807285
0.000867128
0.000754595
0.000773907
0.000776052
0.011405945
0.000820637
0.011340380
0.000734806
0.000783920
0.000801086
0.000786066
0.000789642
0.000779152
0.011725664
0.000782490
0.011658430
0.011709929
0.011706829
0.000881195
0.011736870
0.000770330
0.000694513
0.000867367
0.011691093
0.011614561
0.011538267
0.000806332
0.000835657
0.000812531
0.000806570
0.011365652
0.000818014
0.000779152
0.000781298
0.000789642
0.000602722
0.000803471
0.000822544
0.000817060
0.000586033
0.000810146
0.011637688
0.000892878
0.000681400
0.000826836
0.011802197
0.000814915
0.011828899
0.011323452
0.011616945
0.000784636
0.000788689
0.000812292
0.000758410
0.000770092
0.000760078
0.000790358
0.000785589
0.000786066
0.000781059
0.000821590
0.000804424
0.000812292
0.000804901
0.000816107
0.000812769
0.011070490
0.011670351
0.000782251
0.000810623
0.011644840
