0.011830568
0.001402617
0.001437187
0.011619806
0.001296759
0.001244545
0.001227140
0.001249313
0.001435757
0.001446962
0.001307726
0.001270533
0.012194872
0.001275778
0.001302958
0.001445293
0.001021624
0.011866331
0.001410961
0.001444578
0.001283169
0.001466274
0.001242876
0.001463413
0.012003422
0.001322985
0.001580477
0.001211405
0.001294851
0.001229763
0.001310825
0.001471996
0.001475573
0.001472473
0.001306057
0.011785507
0.001432657
0.001340628
0.001320362
0.012167215
0.001279116
0.001280785
0.001434565
0.001258373
0.001405001
0.001241207
0.001401663
0.001435280
0.001424551
0.001247644
0.001211882
0.001404285
0.001414776
0.001269817
0.001486540
0.001436472
0.001458883
0.001230240
0.001303434
0.001484632
0.001225233
0.001379251
0.001501083
0.001289606
0.001468182
0.001225233
0.001302719
0.001472473
0.001450777
0.001254797
0.001439095
0.001388073
0.001232147
0.001429081
0.001315832
0.001426697
0.012198925
0.001233816
0.001446247
0.011605978
0.001265049
0.001235723
0.001420736
0.001419783
0.001255274
0.001433849
0.001492977
0.012090683
0.001226902
0.001420736
0.001238823
0.001227856
0.001403093
0.001244068
0.001479387
0.001239538
0.001261473
0.001233101
0.001411915
0.011732340
0.001305103
0.001211405
0.001159430
0.001219749
0.001237869
0.001172781
0.001190662
0.001199245
0.012056112
0.001262188
0.012030602
0.001194477
0.001192570
0.001182079
0.001169205
0.001173258
0.001189232
0.001166344
0.001158476
0.001182318
0.011852503
0.001244545
0.001188040
0.001178026
0.001286030
0.001268625
0.001174212
0.001183748
0.001188755
0.011993170
0.001228333
0.001223087
0.001203060
0.011662722
0.001261234
0.001212597
0.001206636
0.001222372
0.011811495
0.001216412
0.001044750
0.001215458
0.011738777
0.001257896
0.001214266
0.001192331
0.001178741
0.001247168
0.001183510
0.001221180
0.001184702
0.011921167
0.001245260
0.001183271
0.001168251
0.001213551
0.001201630
0.001257181
0.001218796
0.001235008
0.012007236
0.001268625
0.001227140
0.001183748
0.011746883
0.001260281
0.001163244
0.001146078
0.001153708
0.001170874
0.011910439
0.001176357
0.001185179
0.011775732
0.001163244
0.001206398
0.001166344
0.001183271
0.001160383
0.001177311
0.001188755
0.011896133
0.011865854
0.001189947
0.001171589
0.001192570
0.011680126
0.001185179
0.001191854
0.001179695
0.001216888
0.001193047
0.001220942
0.001166344
0.001178026
0.001162767
0.001315594
0.001170635
0.011991501
0.001174688
0.001192808
0.001297474
0.001163721
0.001175165
0.011668921
0.001234531
0.011827469
0.001191616
0.001186371
0.001171112
0.001175165
0.001191139
0.001200914
0.011782408
0.001208067
0.001198292
0.001251459
0.001390696
0.001243830
0.012467861
0.011818647
0.001211643
0.001181364
0.001180887
0.001206160
0.001267910
0.001166821
0.001167297
0.001158714
0.001183748
0.001222849
0.001173496
0.001174212
0.001189470
0.001171827
0.001168966
0.001171827
0.001197577
0.001167297
0.001207113
0.001201868
0.001194954
0.001191139
0.012096405
0.011960745
0.001312733
0.001177073
0.001175404
0.001205921
0.001178741
0.001252890
0.001164675
0.001183748
0.011739969
0.001270771
0.012030363
0.001165628
0.011772156
0.001188755
0.001302004
0.001184225
0.000990391
0.000954390
0.001219749
0.001195669
0.001225710
0.001212120
0.001235962
0.001183748
0.001197815
0.001273870
0.001241684
0.001225710
0.001178026
0.001173019
0.011847019
0.001274109
0.001190424
0.001191616
0.011817932
0.001129150
0.001185894
0.001156807
0.001257658
0.001187325
0.011999846
0.001181126
0.001191616
0.001184464
0.001185179
0.001169682
0.001209021
0.011882782
0.011823654
0.001228333
0.001200914
0.001188040
0.011802435
0.001211643
0.001177311
0.001167536
0.001195669
0.011825085
0.001176357
0.011957169
0.001167536
0.001169443
0.001171589
0.001217127
0.001198530
0.001142025
0.001020432
0.000976562
0.001016140
0.000969648
0.001204014
0.001239538
0.001165628
0.011661053
0.001257420
0.001191378
0.001194000
0.001203299
0.001195431
0.001194477
0.001224041
0.001191139
0.001183033
0.001181364
0.001190424
0.001217604
0.001189947
0.001178026
0.001319885
0.001190186
0.001172304
0.001175404
0.001166105
0.001158237
0.001176357
0.001161098
0.001192331
0.001178503
0.001166821
0.001165628
0.011983156
0.001227379
0.001172066
0.001163483
0.011754274
0.001197577
0.001199722
0.001186132
0.001177549
0.001180172
0.012428999
0.001198530
0.001256704
0.001001835
0.001276255
0.001172543
0.001188040
0.001170397
0.001010656
0.001243830
0.001190901
0.001194715
0.001219273
0.001189470
0.001196384
0.001171112
0.001193523
0.001205206
0.001226425
0.001216888
0.001232386
0.012168884
0.012011290
0.001189232
0.001193285
0.011804342
0.011986017
0.001157999
0.001197100
0.001188993
0.001190901
0.001163721
0.001179457
0.001183987
0.001183987
0.001193523
0.001184702
0.001187801
0.001198292
0.001190186
0.001207829
0.001197100
0.012052774
0.001200438
0.001213551
0.001239300
0.001216650
0.001203299
0.001261950
0.001180649
0.001169920
0.001196623
0.001179934
0.001165867
0.001194000
0.001188517
0.001178265
0.001250029
0.001177073
0.011539936
0.001192570
0.001180887
0.001203775
0.001230717
0.001207352
0.001245737
0.001217604
0.001218557
0.011945963
0.001201868
0.001206160
0.001215935
0.001215696
0.001146555
0.001281500
0.001228094
0.001192331
0.001195431
0.001183033
0.001171112
0.001200199
0.011916161
0.001169205
0.001162767
0.001177073
0.001170635
0.001173258
0.001183271
0.001188040
0.011389494
0.001179934
0.001184702
0.001174927
0.001219034
0.001201391
0.001181602
0.001253843
0.001181841
0.001188278
0.001196623
0.001217604
0.001229048
0.001180172
0.001198053
0.001179457
0.011946201
0.001188517
0.001261711
0.001182079
0.001180410
0.001177311
0.001264572
0.001198292
0.012097836
0.001224518
0.001193762
0.001186132
0.001183271
0.001192093
0.001235008
0.001220226
0.001199722
0.011974096
0.001298428
0.011919975
0.001180649
0.011871338
0.001358747
0.001199484
0.001200199
0.001203299
0.012010574
0.001219034
0.012005806
0.001185656
0.011884689
0.001212835
0.001155615
0.001187086
0.001168013
0.001185179
0.012006998
0.001177549
0.001157045
0.012010098
0.001198292
0.001195908
0.001194477
0.001271725
0.001186609
0.001196384
0.001291752
0.001198292
0.001274586
0.001243114
0.001185179
0.001318455
0.001242399
0.011934519
0.001227140
0.001165867
0.000963926
0.001158714
0.001172543
0.001250505
0.001236200
0.001246214
0.001170874
0.001335382
0.001222849
0.001186848
0.001151323
0.001179218
0.001185417
0.001194000
0.001198292
0.001199007
0.001302242
0.011965990
0.001298189
0.001242399
0.001235247
0.001228094
0.001026392
0.001258850
0.001165628
0.001219511
0.001198292
0.001181126
0.001196146
0.001274109
0.001200199
0.001176596
0.001270533
0.001208544
0.001307487
0.000963688
0.001160145
0.001260519
0.001168966
0.001197338
0.001252651
0.001250505
0.001183510
0.001255274
0.001188278
0.001183510
0.001225948
0.001193762
0.001251698
0.001161337
0.001173019
0.001270771
0.001219988
0.001174927
0.001188993
0.012007475
0.001204491
0.001178503
0.001186609
0.001205921
0.001171350
0.001183748
0.001183510
0.001286507
0.001248837
0.001174450
0.001178026
0.001228809
0.001194715
0.012014389
0.001195431
0.001185417
0.001255512
0.001225471
0.001214266
0.011985302
0.001298904
0.001159191
0.001161814
0.001180887
0.001158237
0.001159668
0.001165152
0.001174450
0.012007713
0.001224756
0.001163006
0.001172543
0.001162052
0.001176834
0.001119137
0.001175642
0.001180887
0.011431217
0.001270056
0.011970282
0.001194954
0.011823893
0.001217842
0.001201868
0.001182318
0.001211166
0.001099348
0.001151323
0.001158953
0.001249790
0.012009382
0.001188517
0.001165390
0.001202583
0.001168489
0.001163006
0.001209497
0.001199484
0.001175880
0.011708021
0.001234770
0.011874437
0.001178503
0.001200438
0.001173496
0.001247883
0.001192331
0.001193523
0.001329660
0.001235962
0.001177073
0.001207829
0.001192570
0.012534142
0.012581587
0.001209974
0.001180172
0.011303902
0.001276731
0.001174212
0.000961542
0.001258373
0.001162767
0.001184225
0.001162767
0.001235485
0.001169443
0.001179218
0.001173735
0.001212597
0.011289597
0.001191378
0.001204014
0.001182795
0.001178980
0.001184225
0.001178741
0.001188278
0.001265287
0.011816025
0.001174688
0.001170158
0.001159430
0.001184225
0.001204014
0.001169205
0.001154423
0.001178503
0.001183271
0.001195908
0.001189709
0.011552572
0.022368670
0.001336098
0.001185179
0.001181364
0.001165390
0.011797190
0.001193047
0.001199961
0.001176834
0.011766195
0.001176119
0.001217842
0.001240730
0.001204252
0.011743784
0.001167059
0.011951208
0.001174212
0.011414766
0.001203537
0.001156092
0.001258850
0.001177549
0.001155615
0.001170158
0.001154423
0.001317263
0.001184464
0.001184225
0.001177788
0.001171112
0.011781216
0.001251221
0.001207829
0.001195908
0.001189709
0.011686802
0.001261473
0.001181841
0.001191139
0.011241674
0.001172304
0.001266718
0.001219988
0.001164436
0.001226664
0.001230240
0.001162052
0.001179934
0.001151323
0.001185417
0.001185894
0.001176119
0.001246452
0.001210451
0.001183987
0.001204252
0.001184702
0.011288404
0.001270533
0.001199961
0.001195669
0.001254559
0.001176357
0.001183987
0.001184464
0.001221418
0.011293411
0.001170158
0.001156569
0.001166821
0.001258135
0.001251221
0.001186132
0.001175880
0.001168966
0.011309147
0.001241684
0.001183748
0.012265682
0.001253843
0.000966549
0.001355648
0.001163960
0.001214504
0.012036800
0.001191139
0.012004137
0.001172304
0.012014627
0.001183033
0.001298904
0.001139164
0.001292944
0.001170158
0.001149416
0.001222372
0.011583805
0.001311064
0.001174450
0.001236200
0.011409044
0.001155615
0.001166582
0.001175404
0.001180649
0.011450291
0.001258373
0.001179695
0.012040138
0.022433519
0.001165152
0.001274347
0.001187801
0.001321077
0.001268864
0.001184225
0.001222134
0.001183748
0.000972509
0.001194954
0.001266718
0.001136065
0.001197338
0.001220226
0.001204252
0.001157045
0.001157761
0.001170397
0.001197338
0.001178026
0.000962496
0.001254559
0.001180172
0.001173496
0.001025200
0.001094818
0.001175404
0.001329660
0.001270533
0.000952959
0.011984348
0.001248837
0.011920452
0.001250744
0.011271000
0.001174450
0.001038313
0.001167536
0.001172304
0.001198292
0.001179934
0.001214504
0.001175404
0.001240730
0.001162291
0.001172066
0.001142263
0.001154661
0.001139164
0.001144886
0.001155376
0.000976086
0.001160145
0.001162767
0.001164675
0.001177788
0.001180410
0.001161098
0.001169443
0.001315117
0.001179934
0.001171350
0.001181126
0.001177788
0.001188993
0.001167059
0.001179934
0.001249552
0.001186609
0.001156092
0.001182079
0.001158714
0.012330770
0.001165867
0.001191616
0.001161575
0.001184940
0.001190424
0.001200438
0.001249313
0.001195192
0.001268864
0.000972033
0.001279354
0.001188517
0.001249313
0.001242161
0.001243114
0.001175880
0.001172543
0.001173258
0.000962257
0.001289129
0.001182795
0.001174450
0.001157045
0.001184225
0.011675835
0.001186371
0.001165867
0.001186609
0.001173019
0.001188517
0.001177788
0.001339912
0.001240253
0.012038946
0.001254797
0.001230001
0.001240969
0.011323214
0.001310825
0.001191854
0.001169920
0.001297235
0.001174688
0.001188517
0.001244068
0.000966549
0.021793604
0.001173735
0.001166821
0.001183271
0.011211634
0.001167297
0.001179695
0.001179457
0.001177549
0.001181364
0.001171827
0.001258612
0.001238823
0.011394024
0.001175404
0.001229763
0.001217365
0.001201868
0.001277208
0.001316786
0.001199245
0.001184225
0.001163483
0.001207352
0.001165628
0.001193762
0.011444330
0.001165152
0.001153708
0.001195908
0.001176834
0.011245728
0.001035929
0.001245737
0.001279593
0.001249075
0.001231909
0.001194477
0.001291513
0.001218796
0.001167059
0.001225233
0.001237631
0.001266003
0.011851311
0.001218557
0.001203537
0.001175642
0.011556387
0.001184464
0.001188517
0.000995398
0.000970602
0.001170635
0.000998259
0.001177788
0.011548758
0.001026630
0.001270294
0.001246452
0.001430035
0.001199722
0.000956535
0.001169682
0.001205444
0.001223087
0.001262665
0.001260519
0.001181841
0.001261950
0.001264095
0.001217604
0.001188517
0.001224756
0.001182318
0.001179457
0.011403799
0.001194239
0.001172066
0.001186132
0.001178980
0.001315832
0.001171350
0.001244307
0.001178741
