0.012967110
0.012270927
0.012397766
0.002405167
0.012232780
0.012275219
0.002755404
0.012458324
0.012042284
0.012336493
0.012285948
0.012347698
0.002398252
0.012176037
0.002444506
0.002143621
0.002186775
0.002089500
0.002135515
0.002184868
0.012233496
0.012252808
0.002376556
0.011995077
0.002087831
0.002422571
0.002415657
0.012611866
0.012207747
0.012440205
0.002149105
0.012210369
0.002440929
0.002380610
0.002196074
0.002382040
0.002173662
0.013846636
0.002397060
0.002421856
0.002410889
0.012233973
0.002435923
0.012161016
0.002436638
0.012534380
0.002199888
0.002205849
0.012149334
0.011878490
0.002391577
0.002449274
0.002393007
0.002190113
0.002189875
0.012435675
0.012828112
0.002198935
0.002400160
0.002167940
0.002178669
0.002123833
0.012569427
0.012273312
0.012042522
0.012083292
0.002161503
0.012417555
0.012561798
0.002188921
0.002165079
0.012428284
0.012643099
0.012659788
0.002167940
0.012414932
0.002380848
0.002172947
0.002206087
0.012435436
0.012437820
0.002187252
0.012356997
0.002397299
0.012320995
0.002200842
0.002424955
0.002202749
0.002416372
0.002400637
0.012213230
0.012310982
0.012491226
0.002178907
0.012372255
0.002376080
0.002122879
0.012600422
0.002198219
0.012424946
0.002395630
0.002019882
0.002059698
0.002063513
0.002062559
0.002051115
0.002121210
0.002104759
0.002123833
0.002095699
0.002144575
0.002092600
0.002090931
0.002083540
0.001907110
0.002079487
0.002080202
0.002066851
0.002060413
0.002081871
0.002077341
0.012046814
0.002040625
0.002060652
0.002066374
0.002081633
0.002042532
0.002067327
0.002092838
0.001951694
0.011951685
0.002064228
0.002031326
0.002048731
0.002081633
0.002096653
0.002082348
0.002084017
0.002111435
0.002123356
0.002093315
0.002073526
0.002062559
0.002076149
0.001995325
0.002059937
0.002036095
0.002063274
0.002048731
0.002039433
0.002066374
0.002051115
0.002060652
0.002068520
0.002033949
0.002071857
0.002078772
0.002079964
0.002068758
0.002083540
0.012188435
0.002069950
0.002112865
0.002095222
0.002088547
0.002111435
0.012369633
0.002078056
0.002084017
0.002056122
0.002073288
0.002055883
0.002099752
0.002059221
0.002075672
0.011834145
0.002046347
0.002066612
0.001969814
0.002023458
0.002088785
0.002046347
0.012215853
0.002035618
0.002068758
0.002075672
0.012067795
0.001955271
0.002060652
0.002077579
0.011983156
0.001960754
0.002088547
0.002115726
0.002085447
0.002085686
0.012119293
0.002056122
0.012215853
0.002070904
0.001904964
0.012204409
0.012243986
0.002043724
0.012213945
0.002092123
0.002075911
0.002056122
0.012102842
0.002056360
0.002038002
0.002036810
0.002057076
0.002092123
0.001887560
0.002083540
0.002093077
0.002096653
0.002082586
0.002100468
0.002101183
0.012190342
0.002063036
0.002025604
0.012116909
0.002082348
0.002059937
0.002075672
0.002046585
0.002102613
0.002063990
0.002053499
0.002051115
0.002082825
0.002064943
0.002043724
0.012481451
0.002083540
0.002056360
0.002096653
0.012346745
0.002091408
0.012166500
0.002073765
0.002084732
0.002086401
0.002078533
0.012198925
0.001874208
0.012557030
0.002081156
0.002111435
0.002061605
0.002086163
0.002077103
0.012232780
0.012214422
0.002088070
0.001952410
0.002047777
0.002015829
0.002065897
0.012453556
0.002056122
0.002055407
0.002046347
0.002118587
0.001941919
0.002079964
0.002070904
0.002100945
0.012404680
0.002112389
0.002121925
0.002091169
0.002069473
0.001987934
0.002076864
0.002110004
0.002145767
0.002071381
0.002096176
0.002112150
0.002052069
0.012676239
0.002072573
0.002072334
0.002005100
0.002063990
0.001940012
0.002042055
0.002071381
0.002069473
0.001956224
0.012199163
0.002076864
0.002093792
0.002077579
0.002080202
0.002077103
0.002095222
0.002097130
0.001925468
0.002045870
0.002058744
0.002072334
0.002049923
0.002050877
0.002037287
0.012193441
0.012196064
0.001983166
0.002060175
0.012205839
0.002068996
0.001943111
0.002052069
0.002042532
0.002048254
0.012174606
0.012159109
0.002056837
0.002095461
0.002086639
0.002074480
0.002099991
0.002106905
0.002120972
0.002051353
0.002079725
0.002096891
0.002027512
0.002032042
0.002065182
0.011757851
0.002049923
0.002061605
0.002025604
0.002065420
0.012212276
0.002040148
0.002077341
0.001903534
0.002042294
0.002041817
0.002090454
0.001927137
0.002079725
0.002096176
0.002096891
0.012196779
0.001946926
0.012186289
0.002076864
0.002084732
0.002109766
0.002091169
0.002056599
0.012081385
0.002059460
0.012471914
0.002059698
0.002062321
0.002071142
0.012501478
0.002084017
0.002046824
0.002091885
0.002066374
0.002079010
0.002015114
0.002055645
0.001904011
0.012347937
0.002087593
0.002105236
0.002094507
0.002116919
0.002099514
0.002083063
0.002099037
0.011951447
0.012212515
0.012166739
0.002052307
0.002064943
0.012011051
0.002054214
0.002064705
0.012106895
0.002059698
0.002058983
0.002055407
0.002110720
0.002041101
0.002051592
0.002051592
0.012190342
0.002066374
0.002063513
0.002038002
0.002075672
0.002056599
0.002071142
0.002064705
0.002092361
0.002094030
0.002116919
0.002063513
0.002069950
0.002076387
0.002075195
0.002064943
0.002049446
0.002095938
0.002096653
0.012207985
0.011843681
0.002073050
0.002056837
0.002047062
0.002055407
0.002058268
0.002064228
0.002070189
0.011908770
0.002074003
0.002070189
0.002047539
0.012121201
0.002034903
0.002142429
0.012121916
0.002067327
0.002049685
0.002103090
0.002064466
0.002016068
0.002036810
0.002024651
0.002029657
0.002068043
0.002009869
0.002002239
0.002089500
0.002070189
0.002119303
0.002085209
0.002127171
0.002139568
0.002089739
0.002071619
0.012231827
0.011893272
0.002072573
0.002075672
0.002080202
0.002056837
0.002112150
0.002105474
0.001909494
0.002104521
0.012156010
0.002069950
0.002063751
0.002087593
0.002063751
0.002067804
0.002081633
0.002063274
0.002042055
0.002046347
0.002058983
0.002036572
0.002048969
0.002048731
0.002040386
0.002050161
0.001921177
0.002062559
0.002094030
0.002062798
0.002087593
0.002043009
0.002041578
0.002085209
0.012187481
0.012174129
0.002068996
0.002068043
0.002071857
0.002036333
0.012230396
0.002037048
0.002105951
0.002101660
0.002087116
0.002017021
0.002079248
0.002065897
0.002049685
0.012194395
0.002020597
0.012217045
0.002104044
0.002093077
0.002085686
0.012098312
0.002115250
0.002085924
0.002113342
0.002091408
0.012191772
0.002054214
0.002064705
0.012433529
0.002050877
0.002071619
0.002073288
0.002055407
0.002059221
0.002066374
0.002041340
0.002065659
0.002035141
0.002079964
0.002048731
0.002069473
0.002066374
0.002076864
0.002056122
0.002085686
0.002129078
0.002087593
0.002096176
0.002070904
0.002112150
0.002066612
0.002083778
0.002064228
0.002072573
0.002076864
0.002040386
0.002081156
0.002068043
0.002058744
0.012458086
0.002090931
0.002064466
0.002060890
0.012432337
0.002055645
0.002056122
0.002059937
0.002063274
0.002036572
0.002045631
0.002059698
0.002077818
0.002090454
0.002122879
0.002090216
0.002104282
0.002080441
0.002063274
0.002046347
0.002083063
0.002095938
0.002025366
0.002082109
0.002059698
0.001957655
0.002059221
0.002065420
0.002035141
0.002084970
0.002091885
0.002042055
0.002053022
0.002072334
0.001930237
0.002048731
0.002022505
0.002092123
0.002117872
0.002080679
0.012205839
0.002079487
0.002101421
0.002100945
0.002078056
0.002103329
0.002088785
0.002037764
0.002064943
0.002098322
0.002088070
0.012180328
0.002051830
0.012191772
0.002072334
0.012203693
0.001962423
0.002074480
0.012192726
0.002067327
0.002068281
0.011857986
0.011956215
0.002109766
0.002068043
0.002104044
0.002135992
0.002098799
0.002153635
0.002166510
0.012218237
0.012216806
0.002063751
0.002072573
0.001921654
0.002062798
0.002031326
0.012173176
0.002074003
0.002091169
0.012130022
0.002071381
0.002082109
0.001991987
0.002039194
0.002055168
0.012135983
0.012233734
0.002057552
0.002072096
0.002055645
0.002163649
0.002055168
0.012085915
0.001900673
0.002094984
0.012307405
0.002125740
0.002102613
0.002105236
0.002092361
0.002100706
0.002094984
0.002058268
0.002063751
0.002039194
0.002061605
0.002032280
0.002065420
0.002074957
0.011865139
0.002025127
0.002047300
0.002063513
0.002049923
0.002080917
0.002032757
0.002088785
0.002074480
0.002095222
0.002099752
0.002115250
0.002086401
0.002081394
0.001965523
0.002102137
0.001923561
0.002050638
0.002057076
0.002046585
0.002085209
0.002091646
0.002046108
0.002069712
0.012203455
0.002063751
0.002074957
0.002065897
0.002071619
0.002091646
0.002061367
0.002072334
0.002044201
0.002064705
0.002060890
0.002037287
0.002104759
0.002053499
0.002076149
0.002074003
0.002114773
0.012301445
0.002082109
0.002084732
0.002096415
0.002045631
0.001907110
0.002073526
0.002080679
0.002053738
0.002079725
0.002059221
0.002063274
0.012128592
0.002050877
0.002003908
0.002035618
0.002065659
0.002045393
0.002058744
0.002051592
0.012128592
0.002121925
0.002095699
0.001920223
0.002075672
0.002096653
0.002097845
0.002078533
0.002103090
0.011769772
0.012169838
0.002060652
0.012568951
0.002097368
0.002052546
0.002081156
0.012218475
0.002104282
0.002065420
0.002049923
0.002084494
0.002039433
0.002062559
0.002074480
0.002049208
0.002002478
0.002062082
0.002104998
0.002101183
0.002069950
0.002065182
0.002099514
0.002107859
0.001932859
0.002075672
0.002091885
0.002054930
0.002050638
0.001977682
0.002065659
0.002052546
0.002045155
0.001989365
0.012194157
0.002046824
0.012226343
0.002051830
0.001942396
0.012194157
0.012216091
0.012117386
0.001949787
0.002039671
0.002042294
0.002120018
0.002081633
0.002092361
0.012046814
0.002028227
0.002121687
0.002148151
0.002157211
0.002151489
0.002096176
0.002177477
0.002168417
0.002089024
0.002054691
0.002075911
0.001950741
0.012219191
0.002056122
0.002073526
0.012459993
0.002073050
0.002051830
0.002087355
0.002061605
0.002071142
0.002028942
0.002098560
0.002076149
0.002097607
0.012130499
0.002114058
0.002088785
0.002089262
0.011892319
0.002100229
0.002084017
0.002077818
0.002041340
0.002030611
0.002068281
0.002085924
0.002053261
0.012209177
0.002053738
0.002064228
0.002050638
0.002024651
0.002064705
0.002072811
0.002063036
0.002045393
0.002051353
0.002062321
0.002059698
0.002068758
0.011875153
0.002063274
0.002108097
0.002107382
0.002093077
0.002126932
0.002081633
0.002088547
0.002053499
0.002078056
0.002071619
0.012188673
0.002048016
0.002082586
0.002066374
0.002039671
0.002071142
0.001995564
0.002047539
0.002072811
0.002089024
0.002052546
0.002050638
0.002042770
0.002073526
0.001998663
0.002079964
0.002089262
0.002084494
0.002099276
0.002097607
0.002085686
0.002066374
0.002085924
0.002043486
0.002059937
0.002063513
0.002078295
0.002068043
0.002083302
0.002056599
0.012229919
0.002057076
0.012431383
0.002080202
0.002081633
0.002066135
0.012210846
0.002059937
0.002063513
0.002069712
0.002065659
0.002110958
0.002097368
0.002094746
0.002084255
0.002094269
0.002091885
0.002100229
0.002101421
0.012507915
0.012172222
0.002072334
0.002053738
0.002094507
0.011942625
0.002061605
0.002063036
0.012181282
0.002071857
0.002063036
0.002059460
0.002096891
0.002075672
0.002055883
0.002064228
0.002040863
0.002043962
0.002081633
0.002041578
0.002072811
0.002079248
0.002078533
0.002047539
0.001911640
0.002084017
0.002098322
0.002061129
0.002059221
0.002039194
0.002073526
0.012206793
0.002074718
0.002082825
0.002104521
0.012224913
0.012231112
0.002071619
0.002072096
0.002067566
0.002058268
0.002076626
0.002060652
0.001945496
0.002044439
0.002085447
0.002072811
0.002078533
0.002048016
0.002063274
0.002096176
0.002069712
0.002066851
0.001995564
0.002056360
0.002045631
0.002026320
0.002036333
0.002034903
0.002045870
0.002067566
0.002068758
0.002002001
0.002003908
0.002089500
0.012205124
0.002081633
0.002057076
0.002104282
0.002109051
0.002098322
0.002088547
0.002062559
0.002072573
0.002087355
0.002065897
0.002060175
0.002089500
0.002113104
0.002094030
0.002084017
0.002076626
0.002056122
0.002086878
0.002081633
0.002083540
0.002077103
0.002104282
0.002099991
0.002031088
0.002058029
0.012116194
0.002027988
0.002029657
0.002060413
0.002041101
0.002059698
0.002072096
0.002071857
0.002054453
0.002077579
0.002020836
0.002081156
0.002058268
0.002059698
0.012626410
0.002059221
0.002050161
0.002053738
0.002104044
0.012242794
0.002037525
0.002062798
