0.000328779
0.000324965
0.000290871
0.000309229
0.000339508
0.000233889
0.000324488
0.000320673
0.000294685
0.000366926
0.000320673
0.000329494
0.000295162
0.000342369
0.000304937
0.000329494
0.000325441
0.000247717
0.000236988
0.000328302
0.000318766
0.000318050
0.000396490
0.000288725
0.000328302
0.000289917
0.000320435
0.000468493
0.000297546
0.000289440
0.000312805
0.000292540
0.000335455
0.000294447
0.000287056
0.000288248
0.000320911
0.000292063
0.000290871
0.000326395
0.000335693
0.000277996
0.000332117
0.000379801
0.000323534
0.000311375
0.000317574
0.000328302
0.000317574
0.000246048
0.000328541
0.000339508
0.000319719
0.000314236
0.000265121
0.000322104
0.000319719
0.000285864
0.000319004
0.000318527
0.000378847
0.000289440
0.000289917
0.000346422
0.000318050
0.000290394
0.000288010
0.000296593
0.000347853
0.000284672
0.000286102
0.000593185
0.000376225
0.000305414
0.000288248
0.000287294
0.000226259
0.000324249
0.000289679
0.000334024
0.000350952
0.000320435
0.000320196
0.000326395
0.000285864
0.000249624
0.000291109
0.000324011
0.000321865
0.000471115
0.000316858
0.000315189
0.000284433
0.000292301
0.000347376
0.000291824
0.000284910
0.000278234
0.000250340
0.000321865
0.000319481
0.000320435
0.000219584
0.000320196
0.000325441
0.000355244
0.000286579
0.000257730
0.000346661
0.000320673
0.000325203
0.000319004
0.000318050
0.000313759
0.000315189
0.000318050
0.000339508
0.000320435
0.000334501
0.000317335
0.000256777
0.000328541
0.000316858
0.000319958
0.000294447
0.000319481
0.000286818
0.000313520
0.000289917
0.000284910
0.000317097
0.000283480
0.000287294
0.000264168
0.000250578
0.000291824
0.000287771
0.000297785
0.000291586
0.000315428
0.000335217
0.000318766
0.000313044
0.000315905
0.000319481
0.000355005
0.000286341
0.000325918
0.000337124
0.000317097
0.000336409
0.000282288
0.000234365
0.000324726
0.000293016
0.000291586
0.000350952
0.000319004
0.000301361
0.000285149
0.000244617
0.000323534
0.000320673
0.000318527
0.000347614
0.000289440
0.000318766
0.000284672
0.000209093
0.000301361
0.000285864
0.000319242
0.000353336
0.000283241
0.000260115
0.000316381
0.000280857
0.000301838
0.000287533
0.000318527
0.000296116
0.000284672
0.000288248
0.000285625
0.000316143
0.000283480
0.000321627
0.000241280
0.000298738
0.000253439
0.000246525
0.000344276
0.000283480
0.000323534
0.000331879
0.000317097
0.000228405
0.000332355
0.000321627
0.000342846
0.000321388
0.000284433
0.000285387
0.000324488
0.000284195
0.000306606
0.000333548
0.000236750
0.000269651
0.000271797
0.000232458
0.000317574
0.000287056
0.000311613
0.000285864
0.000321150
0.000277996
0.000295877
0.000281572
0.000342369
0.000319242
0.000290632
0.000283957
0.000315905
0.000289679
0.000320673
0.000283957
0.000287056
0.000323772
0.000298500
0.000319481
0.000290155
0.000313044
0.000317335
0.000287771
0.000289202
0.000287533
0.000323772
0.000322104
0.000340939
0.000317097
0.000325441
0.000287533
0.000285387
0.000295639
0.000279427
0.000320196
0.000291348
0.000286341
0.000216484
0.000342846
0.000321627
0.000326395
0.000314713
0.000283718
0.000349522
0.000322819
0.000341177
0.000288486
0.000319004
0.000288486
0.000317097
0.000286579
0.000344038
0.000303030
0.000332594
0.000316143
0.000321150
0.000292540
0.000322580
0.000280142
0.000289679
0.000324726
0.000345230
0.000283241
0.000314951
0.000294924
0.000320673
0.000321150
0.000316620
0.000320196
0.000322580
0.000295401
0.000318050
0.000295162
0.000339985
0.000321388
0.000314474
0.000312328
0.000315428
0.000317335
0.000322342
0.000321627
0.000295401
0.000339031
0.000292540
0.000327110
0.000320435
0.000235319
0.000327826
0.000314951
0.000316381
0.000348091
0.000314474
0.000323296
0.000315189
0.000327587
0.000257254
0.000286341
0.000321865
0.000288963
0.000216961
0.000321627
0.000344276
0.000319719
0.000328541
0.000322580
0.000329494
0.000345945
0.000321150
0.000257015
0.000344276
0.000283241
0.000322104
0.000284433
0.000288486
0.000329971
0.000317574
0.000285387
0.000268936
0.000280380
0.000339746
0.000320435
0.000320911
0.000328302
0.000309944
0.000291109
0.000305176
0.000323296
0.000285149
0.000296831
0.000322819
0.000292063
0.000329494
0.000324011
0.000319719
0.000319481
0.000322104
0.000284910
0.000322104
0.000294924
0.000291586
0.000321150
0.000322580
0.000299931
0.000332594
0.000295639
0.000308275
0.000295162
0.000288725
0.000297308
0.000293493
0.000292301
0.000287771
0.000300407
0.000299215
0.000345707
0.000328064
0.000331402
0.000350714
0.000327110
0.000300646
0.000346422
0.000285625
0.000347614
0.000339031
0.000291348
0.000325441
0.000321150
0.000319242
0.000322104
0.000297785
0.000290632
0.000322819
0.000254393
0.000302076
0.000290394
0.000293493
0.000294685
0.000328302
0.000295877
0.000256300
0.000288486
0.000348806
0.000317574
0.000239372
0.000283480
0.000333071
0.000295401
0.000312328
0.000330448
0.000353813
0.000280619
0.000324726
0.000345707
0.000330448
0.000324249
0.000288248
0.000290394
0.000289202
0.000325918
0.000323772
0.000295877
0.000332355
0.000297785
0.000300407
0.000325680
0.000274181
0.000396729
0.000298500
0.000262260
0.000304937
0.000327110
0.000301361
0.000307798
0.000320196
0.000269890
0.000299215
0.000314951
0.000335693
0.000309706
0.000280142
0.000329256
0.000326157
0.000295162
0.000242472
0.000325918
0.000273466
0.000295162
0.000291348
0.000294209
0.000319719
0.000263929
0.000299215
0.000236273
0.000242233
0.000337124
0.000293732
0.000302076
0.000332117
0.000244141
0.000322580
0.000298977
0.000302315
0.000267506
0.000348091
0.000337601
0.000317574
0.000302553
0.000319481
0.000323772
0.000297308
0.000324488
0.000323057
0.000260115
0.000290155
0.000289440
0.000328302
0.000325203
0.000325918
0.000261545
0.000263691
0.000325680
0.000323534
0.000279427
0.000243664
0.000321150
0.000280380
0.000289679
0.000337839
0.000448465
0.000323534
0.000279665
0.000281811
0.000470638
0.000331402
0.000326395
0.000327349
0.000255346
0.000242233
0.000252962
0.000323772
0.000292540
0.000341177
0.000297070
0.000292063
0.000252247
0.000300646
0.000327826
0.000324965
0.000300646
0.000285864
0.000285387
0.000335217
0.000328541
0.000217199
0.000322580
0.000308037
0.000301600
0.000352621
0.000284910
0.000303030
0.000310659
0.000323772
0.000290871
0.000241518
0.000698328
0.000323772
0.000293493
0.000318289
0.000249863
0.000320435
0.000286341
0.000290632
0.000284672
0.000256538
0.000250816
0.000336647
0.000326395
0.000323057
0.000317574
0.000306368
0.000290155
0.000349283
0.000319004
0.000267506
0.000316858
0.000276089
0.000273228
0.000319481
0.000252962
0.000321388
0.000298262
0.000267506
0.000294209
0.000250340
0.000325203
0.000323534
0.000300884
0.000298738
0.000296593
0.000323534
0.000335217
0.000323534
0.000327826
0.000246525
0.000296593
0.000358820
0.000330925
0.000299931
0.000271082
0.000320673
0.000333309
0.000320196
0.000354052
0.000345945
0.000321865
0.000268936
0.000327110
0.000301838
0.000295877
0.000259876
0.000265360
0.000322580
0.000293970
0.000300646
0.000296354
0.000300407
0.000260353
0.000322104
0.000298023
0.000299215
0.000296831
0.000261545
0.000257969
0.000232220
0.000300407
0.000348568
0.000302553
0.000280142
0.000316381
0.000329256
0.000309706
0.000311375
0.000462770
0.000307322
0.000298738
0.000298500
0.000235319
0.000299931
0.000298977
0.000292063
0.000258923
0.000259638
0.000323772
0.000328064
0.000235558
0.000262737
0.000325441
0.000331163
0.000329018
0.000355005
0.000269651
0.000243187
0.000241041
0.000217676
0.000242710
0.000260830
0.000265598
0.000267267
0.000247478
0.000259638
0.000326395
0.000315428
0.000257969
0.000325441
0.000301123
0.000293016
0.000268221
0.000334740
0.000298023
0.000289202
0.000326395
0.000247955
0.000293970
0.000298977
0.000329018
0.000299215
0.000293970
0.000345469
0.000305653
0.000301600
0.000319004
0.000460386
0.000267744
0.000356913
0.000320673
0.000348568
0.000319242
0.000248671
0.000327349
0.000294447
0.000296116
0.000324011
0.000291109
0.000230789
0.000270605
0.000312567
0.000295162
0.000285864
0.000240564
0.000327349
0.000298262
0.000282049
0.000325680
0.000354290
0.000349998
0.000328541
0.000275373
0.000361443
0.000247002
0.000330210
0.000313520
0.000277519
0.000312090
0.000363350
0.000289440
0.000296831
0.000324011
0.000324726
0.000328064
0.000305891
0.000295401
0.000328541
0.000332594
0.000294447
0.000331402
0.000326633
0.000329971
0.000321627
0.000223637
0.000325441
0.000330448
0.000295162
0.000332594
0.000270844
0.000354052
0.000337601
0.000331163
0.000357151
0.000346422
0.000347853
0.000312567
0.000289202
0.000304461
0.000323296
0.000321388
0.000298262
0.000241518
0.000321627
0.000290871
0.000293970
0.000296593
0.000322342
0.000323534
0.000292301
0.000192642
0.000328064
0.000326872
0.000327349
0.000286818
0.000331402
0.000300884
0.000350714
0.000339031
0.000268459
0.000347614
0.000341177
0.000347614
0.000320435
0.000289679
0.000321388
0.000322104
0.000321627
0.000494003
0.000329971
0.000320196
0.000324249
0.000268459
0.000259638
0.000322342
0.000326157
0.000289440
0.000296354
0.000331640
0.000322104
0.000329733
0.000323772
0.000334978
0.000330210
0.000279903
0.000313997
0.000291348
0.000299931
0.000312805
0.000311375
0.000311375
0.000305653
0.000283957
0.000325203
0.000294685
0.000329971
0.000327587
0.000260830
0.000292540
0.000323057
0.000323772
0.000319242
0.000291586
0.000297070
0.000324488
0.000323296
0.000700951
0.000294924
0.000324488
0.000343800
0.000329971
0.000283241
0.000352859
0.000326633
0.000271320
0.000319004
0.000468731
0.000316620
0.000335932
0.000291586
0.000327110
0.000324488
0.000293732
0.000260592
0.000293255
0.000327110
0.000325441
0.000293493
0.000416040
0.000269175
0.000232458
0.000330925
0.000292778
0.000291348
0.000323296
0.000328779
0.000290394
0.000567198
0.000277996
0.000346661
0.000331879
0.000298262
0.000284195
0.000343323
0.000282526
0.000315428
0.000310183
0.000330448
0.000326157
0.000325680
0.000259638
0.000319719
0.000322819
0.000320196
0.000297546
0.000266075
0.000325680
0.000241041
0.000260592
0.000328779
0.000333548
0.000319481
0.000325203
0.000245333
0.000295877
0.000293493
0.000339985
0.000307798
0.000326872
0.000329494
0.000340223
0.000298023
0.000292540
0.000343084
0.000311852
0.000293493
0.000320435
0.000333786
0.000300884
0.000339746
0.000323296
0.000315666
0.000344038
0.000321865
0.000289917
0.000450134
0.000261307
0.000291109
0.000324011
0.000268459
0.000260353
0.000323296
0.000324965
0.000295877
0.000292778
0.000327110
0.000320911
0.000297070
0.000330687
0.000327587
0.000324011
0.000326872
0.000291109
0.000295401
0.000253677
0.000327826
0.000300169
0.000327826
0.000324726
0.000318766
0.000191212
0.000296593
0.000328302
0.000347137
0.000327587
0.000302553
0.000350237
0.000337124
0.000325203
0.000350714
0.000323057
0.000345945
0.000343084
0.000292301
0.000293016
0.000325680
0.000328541
0.000324249
0.000215530
0.000324488
0.000323296
0.000324249
0.000328302
0.000292063
0.000232458
0.000329256
0.000328541
0.000295877
0.000292778
0.000325203
0.000329256
0.000334978
0.000307798
0.000350475
0.000336170
0.000304699
0.000309944
0.000350475
0.000341892
0.000305653
0.000298262
0.000292063
0.000328541
0.000328302
0.000320435
0.000325441
0.000321627
0.000324488
0.000326395
0.000241756
0.000325918
0.000325441
0.000323534
0.000292063
0.000254154
0.000300646
0.000330687
0.000294924
0.000322342
0.000315189
0.000298738
0.000340700
0.000323534
0.000264883
0.000344515
0.000350714
0.000297785
0.000324488
0.000320196
0.000303745
0.000330448
0.000296831
0.000257492
0.000323534
0.000322819
0.000295162
0.000293732
0.000262260
0.000328064
0.000330210
0.000241280
0.000260353
0.000325203
0.000324726
0.000249624
0.000295877
0.000333786
0.000349283
0.000350237
0.000319481
0.000303507
0.000345945
0.000342369
0.000306606
0.000351667
0.000289202
0.000328064
0.000290632
0.000296593
0.000298977
0.000321150
0.000321388
0.000323534
0.000235796
0.000323296
0.000321627
0.000320673
0.000474691
0.000260353
0.000329018
0.000322580
0.000273466
0.000341177
0.000328541
0.000296593
0.000262022
0.000317574
0.000327826
0.000346184
0.000317812
0.000284195
0.000345945
0.000322104
