0.000241995
0.000299931
0.000328779
0.000302315
0.000262499
0.000281334
0.000302076
0.000276089
0.000320435
0.000207663
0.000263453
0.000262737
0.000233889
0.000192881
0.000313759
0.000264645
0.000299692
0.000266314
0.000276566
0.000262499
0.000266790
0.000304699
0.000302792
0.000296593
0.000325918
0.000306129
0.000283241
0.000262737
0.000303030
0.000329018
0.000302792
0.000263691
0.000309944
0.000304222
0.000313044
0.000223875
0.000299454
0.000308752
0.000306845
0.000266314
0.000320911
0.000301838
0.000302553
0.000298262
0.000225067
0.000329733
0.000302076
0.000294924
0.000328779
0.000298738
0.000300407
0.000300407
0.000265598
0.000263929
0.000292540
0.000292540
0.000301838
0.000274181
0.000265598
0.000260830
0.000279188
0.000300407
0.000268698
0.000223637
0.000263929
0.000298262
0.000245333
0.000246048
0.000266075
0.000297308
0.000262976
0.000270367
0.000333786
0.000311375
0.000232697
0.000266075
0.000302076
0.000316858
0.000302792
0.000267267
0.000317335
0.000263691
0.000297308
0.000331402
0.000308037
0.000234604
0.000327110
0.000264645
0.000332594
0.000263691
0.000269413
0.000322104
0.000264645
0.000297546
0.000221014
0.000262260
0.000303507
0.000276089
0.000207424
0.000254393
0.000307798
0.000298738
0.000301838
0.000231504
0.000294447
0.000262260
0.000228643
0.000215769
0.000299454
0.000276089
0.000302792
0.000301361
0.000270605
0.000264645
0.000305176
0.000330448
0.000297308
0.000312090
0.000316143
0.000274658
0.000305653
0.000303984
0.000268698
0.000301123
0.000267029
0.000269890
0.000269413
0.000229836
0.000270605
0.000327349
0.000492096
0.000296116
0.000297308
0.000296116
0.000304222
0.000308037
0.000230312
0.000265121
0.000251770
0.000298262
0.000308275
0.000263453
0.000294924
0.000283718
0.000300169
0.000294924
0.000294447
0.000324726
0.000480890
0.000260353
0.000255823
0.000262499
0.000228882
0.000277996
0.000299692
0.000299692
0.000273228
0.000202894
0.000262022
0.000268459
0.000295639
0.000255823
0.000324249
0.000301600
0.000297070
0.000263453
0.000261068
0.000326157
0.000301361
0.000303030
0.000322819
0.000296831
0.000295639
0.000307560
0.000259399
0.000299692
0.000311375
0.000302315
0.000295877
0.000295877
0.000285864
0.000259876
0.000200033
0.000314236
0.000300884
0.000300169
0.000286579
0.000231028
0.000294685
0.000273705
0.000301361
0.000267029
0.000311852
0.000301600
0.000270605
0.000299215
0.000262976
0.000328064
0.000301361
0.000298738
0.000327587
0.000309467
0.000270605
0.000264406
0.000264645
0.000305176
0.000263214
0.000296593
0.000306845
0.000262976
0.000283957
0.000285387
0.000298262
0.000265360
0.000301600
0.000221491
0.000317335
0.000261068
0.000298023
0.000334263
0.000262737
0.000266790
0.000299692
0.000202656
0.000317812
0.000301123
0.000302553
0.000271797
0.000271320
0.000305891
0.000267744
0.000275373
0.000244617
0.000206709
0.000233412
0.000325680
0.000264645
0.000266790
0.000296354
0.000298262
0.000299215
0.000269890
0.000300646
0.000323534
0.000232697
0.000533342
0.000287533
0.000265837
0.000262022
0.000279903
0.000229120
0.000311613
0.000327110
0.000295877
0.000206709
0.000272036
0.000297546
0.000237226
0.000283957
0.000298262
0.000301600
0.000298738
0.000300646
0.000221491
0.000262737
0.000304222
0.000274420
0.000267029
0.000261545
0.000317812
0.000260353
0.000238419
0.000296831
0.000297546
0.000269175
0.000296593
0.000205994
0.000309706
0.000302076
0.000293732
0.000303984
0.000225782
0.000296116
0.000260830
0.000229120
0.000197887
0.000231028
0.000299931
0.000322104
0.000301123
0.000291109
0.000271797
0.000263214
0.000244379
0.000324249
0.000299215
0.000299215
0.000319004
0.000243187
0.000265360
0.000299692
0.000256777
0.000240326
0.000292063
0.000325203
0.000228405
0.000261307
0.000274420
0.000299454
0.000229359
0.000289917
0.000274658
0.000268698
0.000299692
0.000265598
0.000268698
0.000234842
0.000298262
0.000247002
0.000265598
0.000227451
0.000323057
0.000301361
0.000259638
0.000256062
0.000260830
0.000319958
0.000264168
0.000300407
0.000365257
0.000297785
0.000227213
0.000306368
0.000266552
0.000230312
0.000295401
0.000242472
0.000293970
0.000314951
0.000260353
0.000287771
0.000295401
0.000301838
0.000224829
0.000298738
0.000282526
0.000270367
0.000296116
0.000262499
0.000296593
0.000260592
0.000266790
0.000323772
0.000295162
0.000276089
0.000265360
0.000298023
0.000270605
0.000260115
0.000285149
0.000164509
0.000281334
0.000298262
0.000283241
0.000248432
0.000321388
0.000332117
0.000288486
0.000262499
0.000238895
0.000296831
0.000263453
0.000262022
0.000265837
0.000264645
0.000296593
0.000228643
0.000259399
0.000265837
0.000292301
0.000299931
0.000258684
0.000264645
0.000260353
0.000231743
0.000258923
0.000286818
0.000287056
0.000316381
0.000288963
0.000288963
0.000237703
0.000283957
0.000319958
0.000210285
0.000262976
0.000229597
0.000229597
0.000260115
0.000277519
0.000272274
0.000228167
0.000260830
0.000263453
0.000298738
0.000261068
0.000259399
0.000259399
0.000258207
0.000260115
0.000189781
0.000262260
0.000227690
0.000264406
0.000262737
0.000283957
0.000264168
0.000326157
0.000289679
0.000213146
0.000306845
0.000298023
0.000299692
0.000277758
0.000200272
0.000265360
0.000261545
0.000258684
0.000262499
0.000297308
0.000262022
0.000297070
0.000227928
0.000259876
0.000226736
0.000299692
0.000226498
0.000259161
0.000284910
0.000320911
0.000251770
0.000296831
0.000289917
0.000320196
0.000243187
0.000275850
0.000313759
0.000211000
0.000260353
0.000270367
0.000230789
0.000303507
0.000262737
0.000263691
0.000292063
0.000261068
0.000231266
0.000296116
0.000261784
0.000260592
0.000299454
0.000260592
0.000266075
0.000259399
0.000308037
0.000250101
0.000273705
0.000270128
0.000276566
0.000287771
0.000324488
0.000261307
0.000264883
0.000228882
0.000296593
0.000229597
0.000263929
0.000294447
0.000264406
0.000229597
0.000231743
0.000262976
0.000265121
0.000266552
0.000320196
0.000295639
0.000293016
0.000261307
0.000262499
0.000286341
0.000302792
0.000246286
0.000264645
0.000206232
0.000328779
0.000294447
0.000259161
0.000318289
0.000251293
0.000326633
0.000229597
0.000295639
0.000204325
0.000298262
0.000268459
0.000262737
0.000262976
0.000298977
0.000234127
0.000301838
0.000238895
0.000225306
0.000295639
0.000296831
0.000251293
0.000297070
0.000267982
0.000266075
0.000291109
0.000273466
0.000231504
0.000275135
0.000237226
0.000284433
0.000284433
0.000242949
0.000234365
0.000261545
0.000269890
0.000211477
0.000283957
0.000266790
0.000264645
0.000297546
0.000264406
0.000295162
0.000265121
0.000268221
0.000298977
0.000264645
0.000229359
0.000288725
0.000274420
0.000256062
0.000249147
0.000283241
0.000269175
0.000301123
0.000276566
0.000262260
0.000259161
0.000301123
0.000229120
0.000267744
0.000266314
0.000257969
0.000258684
0.000263214
0.000265598
0.000267744
0.000257730
0.000298500
0.000266790
0.000229597
0.000298262
0.000262499
0.000323534
0.000304699
0.000272512
0.000226974
0.000257492
0.000229836
0.000288486
0.000254154
0.000333786
0.000295877
0.000298023
0.000300169
0.000266314
0.000232935
0.000266552
0.000267029
0.000298500
0.000299692
0.000300407
0.000233173
0.000301123
0.000261068
0.000265360
0.000234842
0.000219345
0.000293970
0.000274897
0.000266314
0.000270128
0.000297785
0.000261068
0.000237226
0.000270128
0.000262260
0.000241280
0.000262976
0.000226021
0.000273466
0.000290155
0.000255823
0.000273228
0.000301838
0.000327110
0.000256777
0.000299215
0.000231266
0.000266314
0.000301838
0.000233173
0.000293732
0.000266790
0.000302792
0.000263214
0.000296593
0.000244379
0.000229836
0.000294685
0.000258207
0.000270367
0.000229597
0.000261545
0.000293255
0.000265837
0.000295639
0.000291109
0.000295401
0.000265360
0.000266075
0.000230312
0.000293016
0.000297785
0.000264168
0.000268459
0.000261545
0.000271082
0.000284672
0.000292778
0.000272036
0.000274181
0.000294447
0.000321627
0.000322342
0.000300646
0.000265121
0.000238895
0.000293493
0.000356674
0.000298977
0.000231504
0.000259876
0.000226974
0.000297308
0.000264406
0.000265360
0.000264168
0.000474930
0.000297070
0.000262022
0.000231266
0.000352144
0.000321865
0.000289440
0.000266790
0.000288248
0.000293255
0.000292540
0.000293732
0.000280380
0.000238419
0.000296831
0.000254154
0.000266314
0.000298500
0.000260592
0.000240326
0.000231266
0.000269890
0.000259161
0.000291586
0.000300646
0.000252724
0.000265837
0.000227690
0.000266314
0.000268698
0.000273466
0.000309467
0.000279188
0.000264883
0.000206947
0.000267029
0.000331163
0.000257015
0.000278711
0.000380754
0.000298500
0.000229836
0.000262499
0.000205994
0.000260353
0.000259876
0.000292301
0.000257254
0.000260830
0.000240326
0.000225067
0.000264168
0.000265121
0.000296831
0.000262976
0.000259876
0.000335693
0.000322819
0.000295877
0.000289202
0.000288725
0.000342369
0.000273943
0.000296593
0.000254154
0.000403881
0.000295401
0.000301123
0.000232935
0.000265837
0.000269175
0.000300407
0.000228882
0.000264883
0.000295162
0.000281334
0.000297308
0.000297546
0.000304222
0.000201941
0.000294924
0.000203609
0.000300646
0.000307322
0.000297070
0.000262976
0.000303268
0.000266552
0.000322342
0.000325203
0.000272274
0.000264883
0.000301600
0.000296831
0.000296116
0.000298262
0.000264645
0.000295639
0.000303507
0.000297308
0.000230312
0.000270367
0.000211239
0.000305891
0.000266552
0.000296593
0.000214577
0.000302076
0.000318527
0.000265121
0.000301123
0.000324965
0.000306845
0.000280380
0.000290155
0.000233173
0.000280619
0.000300646
0.000250578
0.000298023
0.000298977
0.000296593
0.000263929
0.000297308
0.000302553
0.000297785
0.000297785
0.000297308
0.000297546
0.000302792
0.000295401
0.000268459
0.000225782
0.000261784
0.000264168
0.000227690
0.000268936
0.000267029
0.000301600
0.000269175
0.000293970
0.000317097
0.000313282
0.000325441
0.000298738
0.000295639
0.000295401
0.000262499
0.000261068
0.000298262
0.000297070
0.000295877
0.000297785
0.000257015
0.000258923
0.000267982
0.000258446
0.000267029
0.000295401
0.000294685
0.000309706
0.000262022
0.000226498
0.000320911
0.000287533
0.000271320
0.000226259
0.000284672
0.000320196
0.000320673
0.000296116
0.000293970
0.000294685
0.000257730
0.000261545
0.000258207
0.000296593
0.000297070
0.000261068
0.000261784
0.000240326
0.000262737
0.000292778
0.000300646
0.000298500
0.000294447
0.000294209
0.000310183
0.000297785
0.000262737
0.000314236
0.000267267
0.000321388
0.000324249
0.000287294
0.000327349
0.000312567
0.000247002
0.000293255
0.000285864
0.000295401
0.000297785
0.000300407
0.000263214
0.000228167
0.000210762
0.000258446
0.000293732
0.000302315
0.000266075
0.000262499
0.000293255
0.000265598
0.000265360
0.000236988
0.000286818
0.000231028
0.000272274
0.000324011
0.000272512
0.000269413
0.000226259
0.000316858
0.000320673
0.000226259
0.000299454
0.000298023
0.000260115
0.000263214
0.000255823
0.000258923
0.000261068
0.000295162
0.000264406
0.000298500
0.000264406
0.000263453
0.000263929
0.000296354
0.000300646
0.000267506
0.000225306
0.000284672
0.000273705
0.000292301
0.000277042
0.000269413
0.000237942
0.000291586
0.000297785
0.000298977
0.000299454
0.000295162
0.000226259
0.000258446
0.000268936
0.000230551
0.000299215
0.000258923
0.000291348
0.000257969
0.000263929
0.000297070
0.000227213
0.000233173
0.000230312
0.000274658
0.000247955
0.000271797
0.000280857
0.000319242
0.000320435
0.000242472
0.000320435
0.000293493
0.000291348
0.000257969
0.000261784
0.000214577
0.000299931
0.000236511
0.000263691
0.000626326
0.000294924
0.000259161
0.000294209
0.000259638
0.000258923
0.000296354
0.000260830
0.000226498
0.000224829
0.000301123
0.000265360
0.000237942
0.000267982
0.000324726
0.000293255
0.000278234
0.000323772
0.000269175
0.000297546
0.000237465
0.000265360
0.000262737
0.000299931
0.000268221
0.000266075
0.000296354
0.000265360
0.000292778
0.000230312
0.000265598
0.000440359
0.000296593
0.000257969
0.000300169
0.000316620
0.000276804
0.000316858
0.000275135
0.000273943
0.000260115
0.000324488
0.000279188
0.000257969
0.000320196
0.000317335
0.000235558
0.000264645
0.000303745
0.000292778
0.000267267
0.000264645
0.000265360
0.000293016
0.000229597
0.000265598
