0.000492573
0.000577450
0.000544548
0.000600815
0.000474215
0.000575781
0.000628233
0.000510454
0.000571966
0.000595570
0.000550985
0.000524044
0.000581980
0.000541449
0.000558138
0.000504255
0.000514746
0.000599384
0.000611544
0.000595570
0.000536919
0.000602245
0.000511408
0.000516891
0.000506639
0.000522137
0.000593185
0.000579357
0.000599623
0.000508070
0.000597477
0.000509739
0.000536203
0.000483990
0.000609159
0.000571489
0.000625372
0.000443935
0.000533819
0.000594854
0.000589371
0.000549316
0.000491142
0.000548124
0.000596523
0.000538588
0.000520706
0.000597715
0.000576496
0.000601768
0.000570536
0.000504971
0.000602245
0.000566721
0.000508785
0.000529766
0.010944366
0.000590324
0.000586271
0.000533581
0.011180878
0.000501394
0.000498772
0.000606537
0.000564337
0.000544310
0.000525713
0.000479221
0.000562191
0.000499964
0.000547647
0.000479698
0.000601530
0.000575781
0.000530243
0.000574589
0.000499725
0.000480175
0.000604391
0.000607729
0.000475645
0.000567198
0.000503778
0.000582457
0.000480413
0.000566959
0.000472546
0.000536919
0.000541687
0.000616074
0.000477791
0.000606537
0.000475645
0.000560760
0.000514746
0.000513792
0.000569582
0.000576973
0.000554562
0.000576258
0.010909796
0.000487804
0.000492811
0.000460625
0.000456095
0.000523329
0.000466824
0.000479698
0.000454903
0.011444807
0.000496387
0.000494003
0.000515699
0.000521183
0.000510454
0.000455141
0.000494480
0.000457287
0.000512123
0.000488281
0.000501633
0.000459194
0.011257648
0.000514030
0.000573397
0.000520945
0.000498056
0.000416040
0.000497341
0.000514746
0.000490189
0.000412464
0.000489235
0.000517845
0.000509024
0.000501394
0.000512362
0.000488758
0.000494480
0.000517845
0.000468969
0.000504732
0.000521421
0.000496149
0.000420094
0.000500679
0.000522852
0.000513792
0.000492811
0.000440121
0.000493526
0.000522852
0.000493526
0.000446320
0.000495911
0.000520229
0.000519037
0.000494957
0.000521660
0.000494719
0.000517845
0.000501156
0.000503778
0.000489235
0.000530243
0.000494242
0.000490904
0.000516891
0.000493526
0.000516653
0.000494480
0.000535011
0.000492573
0.000498533
0.000488520
0.000509977
0.011316061
0.000496387
0.000505447
0.000461102
0.000507355
0.000463724
0.000518799
0.000493050
0.000521183
0.000459433
0.000517130
0.000520706
0.000568628
0.000484705
0.000490904
0.000530243
0.000496864
0.000475168
0.000544786
0.000505686
0.000514746
0.000529528
0.011366129
0.000492334
0.000503302
0.000493050
0.000521660
0.000496864
0.000509739
0.000488520
0.000434160
0.000500441
0.000491619
0.000516176
0.000489950
0.000521183
0.000460863
0.000508785
0.000493288
0.000500202
0.000491381
0.000516176
0.000438929
0.000497341
0.000441074
0.000514984
0.000490189
0.000486612
0.000510931
0.000458002
0.000517368
0.000488281
0.000518084
0.000495672
0.000484943
0.000519514
0.000512838
0.000499249
0.000496626
0.000514269
0.000493526
0.000526428
0.000489950
0.000514030
0.000496626
0.000518084
0.000487089
0.000516891
0.000491381
0.000527143
0.000492096
0.000482798
0.000496387
0.000507593
0.000528336
0.000500917
0.000517368
0.000488758
0.000516891
0.000450850
0.000497103
0.000457525
0.000514269
0.000519753
0.011149883
0.000530481
0.000521898
0.000520229
0.000513315
0.011185646
0.000514746
0.000518560
0.000490904
0.011059999
0.000490904
0.000489473
0.000505209
0.000490189
0.011334658
0.000493050
0.000490189
0.000460863
0.011162758
0.000522614
0.000519037
0.000477314
0.000575542
0.000498533
0.000504255
0.000513315
0.000522137
0.011260748
0.000513077
0.000493288
0.000484228
0.000522852
0.000488520
0.000521898
0.000462532
0.000461578
0.000487566
0.000490665
0.000459433
0.000463247
0.000465870
0.000490427
0.000457287
0.000494242
0.000460386
0.010970592
0.000501633
0.000502825
0.000508308
0.000492334
0.000493526
0.000490904
0.000507593
0.000502348
0.000497341
0.000501156
0.000518799
0.000517368
0.000523806
0.000509739
0.000504732
0.000519514
0.000520706
0.000518322
0.000503063
0.000453949
0.000576019
0.000534058
0.000506639
0.000517607
0.000491381
0.000492096
0.000490189
0.000486612
0.000490189
0.000488043
0.000489712
0.000488520
0.000495195
0.000495911
0.000466585
0.000489950
0.000495911
0.000490904
0.000494719
0.000493526
0.000493050
0.000495195
0.000466824
0.000492811
0.000459671
0.000498772
0.000463247
0.000495911
0.000460386
0.000496864
0.000492573
0.000474691
0.000514746
0.000553131
0.000485182
0.000410557
0.000519991
0.000489473
0.000488997
0.000512600
0.000491858
0.000519991
0.000505447
0.000523806
0.000523567
0.000490665
0.000465393
0.000461102
0.000466108
0.000464916
0.000489950
0.000493288
0.000491619
0.000457525
0.000491858
0.000493050
0.000522137
0.000521421
0.000508547
0.000489950
0.000511646
0.000498295
0.000491858
0.000518799
0.000501394
0.000486374
0.000523329
0.000517845
0.000492573
0.000489712
0.000516891
0.000462055
0.000495911
0.000494480
0.000464916
0.000465155
0.000496149
0.000459194
0.000458717
0.000495672
0.000469923
0.000493050
0.000493288
0.000458717
0.000489235
0.000503540
0.000491858
0.000486851
0.000483274
0.000525236
0.000522375
0.000488281
0.000486135
0.000488281
0.000523090
0.000515699
0.000493288
0.011135340
0.000506163
0.000458479
0.000488043
0.000457764
0.000459671
0.000493526
0.000459909
0.000460148
0.000462532
0.000492334
0.000490427
0.000489950
0.000461340
0.000465870
0.000507116
0.000512600
0.000483990
0.000461578
0.000514984
0.000496626
0.000486135
0.000516415
0.000520945
0.000519991
0.000489950
0.000499725
0.000533104
0.000461578
0.000464916
0.000459433
0.000489712
0.000490665
0.000495672
0.000458717
0.000461102
0.000496387
0.000489473
0.000470400
0.000492096
0.000519991
0.000506639
0.000518560
0.000507116
0.000484943
0.000494719
0.000515699
0.000519276
0.000487089
0.000454187
0.000484705
0.000486851
0.000490189
0.000491381
0.000521660
0.000512362
0.000500202
0.000459194
0.011073112
0.000497341
0.000459194
0.000491142
0.000492334
0.000488997
0.000461102
0.000458479
0.000487089
0.000460625
0.000525951
0.000577927
0.000519753
0.010990858
0.000519514
0.000515699
0.000522375
0.000486612
0.011170149
0.000516891
0.000520945
0.000481844
0.000519037
0.000516415
0.000496149
0.000498056
0.000465155
0.000493288
0.000498056
0.000464916
0.000460863
0.000490189
0.000466824
0.000464678
0.000459671
0.000492573
0.000518084
0.000506163
0.000488281
0.011156321
0.000495434
0.000473261
0.000483274
0.000504732
0.000517130
0.000521660
0.000485420
0.000487566
0.000422716
0.000502348
0.000512838
0.000498056
0.000490189
0.000492573
0.000491619
0.000460148
0.000491381
0.010957479
0.000493288
0.000491381
0.000488758
0.011185169
0.000488281
0.000461578
0.000484228
0.000476122
0.000503063
0.000495672
0.000480652
0.000485659
0.000488281
0.000519514
0.000487328
0.000489950
0.011010408
0.000519514
0.000519753
0.000490427
0.000496864
0.000449181
0.000490189
0.000468731
0.000490427
0.000487328
0.000493288
0.000496626
0.000457287
0.000488758
0.011095524
0.000515223
0.000523806
0.000484228
0.010920286
0.000505209
0.000496626
0.000490189
0.000492811
0.000457287
0.000517368
0.000488043
0.000486612
0.011108875
0.000507116
0.000519037
0.000496387
0.000521183
0.000493050
0.000460625
0.000465155
0.000458717
0.000455379
0.000495195
0.000458956
0.000492573
0.000497103
0.000490665
0.000507593
0.000513792
0.000508070
0.000491619
0.000495911
0.000504732
0.000487328
0.000505924
0.000489950
0.000523090
0.000495672
0.000486851
0.000521183
0.000509024
0.000483513
0.000464916
0.000491381
0.000495911
0.000466824
0.000460863
0.000494719
0.000498295
0.000459671
0.000430346
0.000461102
0.000492096
0.000455618
0.000463009
0.000510931
0.000519276
0.000480175
0.000487328
0.000469208
0.000487804
0.000518322
0.000521660
0.000520229
0.000483513
0.000515699
0.000514030
0.000495911
0.000482559
0.000519276
0.000486612
0.000486135
0.000455379
0.000457764
0.000488520
0.000467539
0.000495911
0.000457764
0.000489473
0.000490427
0.000458956
0.000522375
0.000484705
0.000519753
0.000513554
0.000498533
0.000499010
0.000518084
0.000511885
0.000516415
0.000515223
0.000520945
0.000524521
0.000527620
0.000520706
0.000523567
0.000501633
0.000495434
0.000491381
0.000489473
0.000492334
0.000490665
0.000491142
0.000494719
0.000493288
0.000495195
0.000496626
0.000504255
0.000526667
0.000514984
0.000516891
0.000515461
0.000500917
0.000463724
0.000524282
0.000518799
0.000518084
0.000424147
0.000510693
0.000513792
0.000519991
0.000514269
0.000499964
0.000494003
0.000494719
0.000500917
0.000458479
0.000498056
0.000465631
0.000467539
0.000458717
0.000493526
0.000489473
0.000405312
0.000460148
0.000476360
0.000457764
0.000493526
0.000519037
0.000484467
0.000468493
0.000516415
0.000519514
0.000485182
0.000488758
0.000516176
0.000520229
0.000487804
0.011186838
0.000517368
0.000492334
0.000491619
0.000462770
0.000458479
0.000493288
0.000497103
0.000460863
0.000459909
0.000490665
0.000457048
0.000458241
0.000498056
0.000513792
0.000509501
0.000523567
0.000483751
0.000468493
0.000514507
0.000515223
0.000528574
0.000516653
0.000515699
0.000517845
0.000518799
0.000518322
0.000527859
0.000517845
0.000496387
0.000492334
0.000488997
0.000494957
0.000500202
0.000495911
0.000494242
0.000498772
0.000491142
0.000491858
0.000498056
0.000492811
0.000521898
0.000515223
0.000519753
0.000506401
0.000502825
0.000520468
0.000523090
0.000517845
0.000520468
0.011246443
0.000513077
0.000485897
0.000476360
0.000522852
0.000517368
0.000490665
0.000461340
0.000461578
0.000492811
0.000462770
0.000465631
0.000493050
0.000493288
0.000461340
0.000465155
0.000491381
0.010967255
0.000516891
0.000491858
0.000519753
0.010804653
0.000504494
0.000491381
0.000517368
0.000484705
0.000488281
0.000518799
0.000486612
0.000519514
0.000492573
0.000518084
0.000499964
0.000461102
0.000459194
0.000494003
0.000494957
0.000468731
0.000465155
0.011179924
0.000490665
0.000460625
0.000493288
0.000492811
0.000462055
0.000467062
0.000467539
0.000459671
0.011058807
0.000494957
0.000504971
0.000508785
0.000510216
0.000496626
0.000532627
0.000519753
0.000489235
0.011156797
0.000510693
0.000509501
0.000487804
0.011068583
0.000478983
0.000516653
0.000521421
0.000520706
0.000520945
0.000510454
0.000516891
0.000497818
0.000439644
0.000493526
0.000503063
0.000488281
0.011134148
0.000491619
0.000487804
0.000458002
0.000458717
0.000462770
0.000500679
0.000457764
0.000462055
0.000493050
0.000496149
0.000460863
0.000510693
0.000462532
0.000462055
0.000489712
0.000462532
0.000464678
0.000456810
0.000488520
0.000518799
0.000484228
0.000474691
0.000514030
0.000525236
0.000520945
0.000520229
0.000501156
0.000522137
0.000520945
0.000482559
0.000495195
0.000512362
0.000472307
0.000521421
0.000455618
0.000480652
0.000493050
0.000463247
0.000458717
0.000458241
0.000495195
0.000490904
0.000458956
0.000468731
0.000494480
0.000490904
0.000470877
0.000479221
0.011079788
0.000501871
0.000492573
0.000516653
0.000522137
0.000520229
0.000524998
0.000516891
0.000521421
0.011229515
0.000508547
0.000463247
0.000460148
0.000490427
0.000463486
0.000488043
0.000492334
0.000517607
0.011126757
0.000494480
0.000487804
0.000492573
0.011275530
0.000500202
0.000497103
0.000511169
0.000506401
0.000465155
0.000504255
0.000497818
0.000515938
0.000522137
0.000518084
0.000521660
0.000516653
0.000495672
0.000521660
0.000507355
0.000514984
0.000491381
0.000527382
0.000517845
0.000465870
0.000494242
0.000494957
0.000490904
0.000504732
0.000492811
0.000462055
0.000491381
0.000457048
0.000458002
0.000498295
0.000508308
0.000460148
0.000499487
0.000497580
0.000485659
0.000494480
0.000462294
0.000489950
0.000485659
0.000513554
0.000518799
0.000487566
0.000513792
0.000495672
0.000487089
0.000462532
0.000457764
0.000503540
0.000492334
0.000491858
0.000490904
0.000462055
0.000494003
0.000463724
0.000491619
0.000461817
0.000461817
0.000486851
0.000487089
0.000490189
0.000478268
0.000521660
0.000515699
0.000520706
0.000480413
0.000486851
0.000518084
0.000518084
0.000512123
0.000485897
0.000492334
0.000497103
0.000493526
0.000494480
0.000462532
0.000495911
0.000462532
0.000481129
0.000460863
0.000490665
0.000490904
0.000454903
0.000466585
0.000490665
0.000521183
