0.000397444
0.000292301
0.000231743
0.000292301
0.000354052
0.000289440
0.000321865
0.000294685
0.000291109
0.000292778
0.000295639
0.000366926
0.000258923
0.000267267
0.000292778
0.000295877
0.000371218
0.000294209
0.000319004
0.000291824
0.000377893
0.000292540
0.000293016
0.000308037
0.000295162
0.000292540
0.000292540
0.000296831
0.000356674
0.000280619
0.000292063
0.000308990
0.000289202
0.000326633
0.000346899
0.000296831
0.000319242
0.000294685
0.000337601
0.000349760
0.000291586
0.000310183
0.000274181
0.000298262
0.000323057
0.000297546
0.000294924
0.000319004
0.000294447
0.000263214
0.000354290
0.000303507
0.000285387
0.000290871
0.000293016
0.000310659
0.000261545
0.000376701
0.000282526
0.000293970
0.000319719
0.000292540
0.000361204
0.000261307
0.000305176
0.000305891
0.000293970
0.000357151
0.000294924
0.000297308
0.000331640
0.000295162
0.000295401
0.000319958
0.000295162
0.000297785
0.000290871
0.000311375
0.000294685
0.000255108
0.000299215
0.000352383
0.000293970
0.000268936
0.000295639
0.000268221
0.000383854
0.000294685
0.000242949
0.000318527
0.000307083
0.000336409
0.000269651
0.000352144
0.000324011
0.000297070
0.000299454
0.000319719
0.000295162
0.000294209
0.000294209
0.000246525
0.000327110
0.000289440
0.000295877
0.000319719
0.000291824
0.000319481
0.000295877
0.000291109
0.000316143
0.000293016
0.000323534
0.000290632
0.000293970
0.000315189
0.000294209
0.000261545
0.000290632
0.000242949
0.000296354
0.000294447
0.000290632
0.000244856
0.000316381
0.000289917
0.000292063
0.000288725
0.000270128
0.000262737
0.000256538
0.000288248
0.000272036
0.000292063
0.000288725
0.000320673
0.000226259
0.000261545
0.000316858
0.000309706
0.000292301
0.000267267
0.000300169
0.000294447
0.000309944
0.000290394
0.000295162
0.000309706
0.000291586
0.000262976
0.000318527
0.000249863
0.000255823
0.000321388
0.000293970
0.000294685
0.000321627
0.000294685
0.000319958
0.000314951
0.000296593
0.000297308
0.000304222
0.000250340
0.000294209
0.000318527
0.000292063
0.000293016
0.000271320
0.000291586
0.000297070
0.000291824
0.000247478
0.000297070
0.000292540
0.000296354
0.000319481
0.000306368
0.000296831
0.000274897
0.000294924
0.000251055
0.000298023
0.000288963
0.000257015
0.000236988
0.000259399
0.000320911
0.000290871
0.000294685
0.000299692
0.000298977
0.000251055
0.000315428
0.000288010
0.000262737
0.000290155
0.000310183
0.000292778
0.000290394
0.000300884
0.000291109
0.000270367
0.000291348
0.000291586
0.000318289
0.000260592
0.000315428
0.000292540
0.000292778
0.000266790
0.000293255
0.000292063
0.000315905
0.000293732
0.000296831
0.000290155
0.000297308
0.000319242
0.000259876
0.000298738
0.000291824
0.000296116
0.000318527
0.000302553
0.000293016
0.000300169
0.000292063
0.000320673
0.000293493
0.000290155
0.000301838
0.000302553
0.000263214
0.000247240
0.000306129
0.000290155
0.000294924
0.000288248
0.000265121
0.000290871
0.000292778
0.000309467
0.000291586
0.000243902
0.000288963
0.000260353
0.000314713
0.000288963
0.000290632
0.000320196
0.000291586
0.000292063
0.000318527
0.000292301
0.000293732
0.000316858
0.000294924
0.000304937
0.000297070
0.000293255
0.000317335
0.000291586
0.000291109
0.000313044
0.000293970
0.000245333
0.000266075
0.000290632
0.000292301
0.000271797
0.000293970
0.000292063
0.000292301
0.000294209
0.000323296
0.000300884
0.000309706
0.000317097
0.000292540
0.000272512
0.000296593
0.000293016
0.000254393
0.000317812
0.000260353
0.000256062
0.000246525
0.000319004
0.000323296
0.000275850
0.000293255
0.000321388
0.000296116
0.000290155
0.000320911
0.000280380
0.000319719
0.000292778
0.000292063
0.000321150
0.000298500
0.000316858
0.000304461
0.000293732
0.000317574
0.000292540
0.000296593
0.000318527
0.000293732
0.000299454
0.000296831
0.000292778
0.000268221
0.000292301
0.000293255
0.000313520
0.000288725
0.000295639
0.000321388
0.000217199
0.000290155
0.000319242
0.000296116
0.000320196
0.000293016
0.000270605
0.000296831
0.000289917
0.000291586
0.000320435
0.000263691
0.000294447
0.000323772
0.000292778
0.000292301
0.000258684
0.000296354
0.000296116
0.000295162
0.000288963
0.000288486
0.000290871
0.000293255
0.000270367
0.000268698
0.000301123
0.000284672
0.000317812
0.000320673
0.000291824
0.000296354
0.000290155
0.000240326
0.000289679
0.000296354
0.000292301
0.000308752
0.000292301
0.000288963
0.000289440
0.000238657
0.000237465
0.000287294
0.000296354
0.000289202
0.000259876
0.000286341
0.000288486
0.000297308
0.000294685
0.000277519
0.000297070
0.000301600
0.000261307
0.000259638
0.000315428
0.000315189
0.000291586
0.000257492
0.000289917
0.000286579
0.000292301
0.000302076
0.000293016
0.000293732
0.000285387
0.000289679
0.000241041
0.000290394
0.000310898
0.000292063
0.000297070
0.000292301
0.000290632
0.000288963
0.000310183
0.000254869
0.000290155
0.000294447
0.000285149
0.000305653
0.000294447
0.000313997
0.000317574
0.000317812
0.000296593
0.000322342
0.000305176
0.000300646
0.000288725
0.000291109
0.000290155
0.000292540
0.000291586
0.000258446
0.000293732
0.000292063
0.000287771
0.000289440
0.000283003
0.000248194
0.000259161
0.000292301
0.000293493
0.000290632
0.000315189
0.000308275
0.000324488
0.000295877
0.000268936
0.000325680
0.000321627
0.000321627
0.000319958
0.000312328
0.000303268
0.000296831
0.000294209
0.000296354
0.000293016
0.000289202
0.000289440
0.000292540
0.000289202
0.000261545
0.000290871
0.000293732
0.000298262
0.000295639
0.000264168
0.000298500
0.000302315
0.000316620
0.000304461
0.000323057
0.000317812
0.000313520
0.000319958
0.000318766
0.000308275
0.000317335
0.000292540
0.000319242
0.000293255
0.000291824
0.000282288
0.000289679
0.000292778
0.000295401
0.000290871
0.000294209
0.000290871
0.000294447
0.000295877
0.000264406
0.000292778
0.000292063
0.000311613
0.000293493
0.000257730
0.000322104
0.000324011
0.000270605
0.000289202
0.000258923
0.000317574
0.000287056
0.000284195
0.000314236
0.000309944
0.000289440
0.000287533
0.000240326
0.000289202
0.000291109
0.000308514
0.000237226
0.000290155
0.000289679
0.000290871
0.000289917
0.000291824
0.000292301
0.000295162
0.000321627
0.000288486
0.000291348
0.000316858
0.000320435
0.000288248
0.000279903
0.000312805
0.000305414
0.000290394
0.000313759
0.000321388
0.000291586
0.000293732
0.000286579
0.000306368
0.000286341
0.000292778
0.000307798
0.000291586
0.000295162
0.000275850
0.000289202
0.000288963
0.000292540
0.000290155
0.000289679
0.000293255
0.000290394
0.000297070
0.000315666
0.000324011
0.000289440
0.000307322
0.000297070
0.000269651
0.000326395
0.000311613
0.000321865
0.000319719
0.000295162
0.000319481
0.000293016
0.000289917
0.000293016
0.000314951
0.000254154
0.000286818
0.000297308
0.000292778
0.000290155
0.000308275
0.000293732
0.000293016
0.000290394
0.000211000
0.000305176
0.000262737
0.000317812
0.000319481
0.000319004
0.000240088
0.000308990
0.000317097
0.000292540
0.000249863
0.000298262
0.000299215
0.000286579
0.000286341
0.000293255
0.000221968
0.000289202
0.000291824
0.000296831
0.000270605
0.000293732
0.000289679
0.000291348
0.000293493
0.000286341
0.000235081
0.000289679
0.000289202
0.000260115
0.000241518
0.000286818
0.000295162
0.000266075
0.000257969
0.000315666
0.000296116
0.000311375
0.000292540
0.000319004
0.000269890
0.000237465
0.000242710
0.000293016
0.000289202
0.000290632
0.000238657
0.000290871
0.000290155
0.000293255
0.000278711
0.000288963
0.000293493
0.000290632
0.000288010
0.000257015
0.000278711
0.000288963
0.000317097
0.000316858
0.000213146
0.000316143
0.000301838
0.000299931
0.000289202
0.000286102
0.000311852
0.000285864
0.000307083
0.000293970
0.000288248
0.000286341
0.000287294
0.000289917
0.000289440
0.000289679
0.000298023
0.000288248
0.000287771
0.000289440
0.000304222
0.000290394
0.000314474
0.000295877
0.000286102
0.000322819
0.000294209
0.000315428
0.000319719
0.000302076
0.000316381
0.000293970
0.000291109
0.000315905
0.000288486
0.000290155
0.000287771
0.000290871
0.000292301
0.000292540
0.000289440
0.000291348
0.000294447
0.000291824
0.000290632
0.000292540
0.000289679
0.000292301
0.000292778
0.000314713
0.000287294
0.000295639
0.000316381
0.000282526
0.000282049
0.000316143
0.000314474
0.000275850
0.000283003
0.000316381
0.000281334
0.000268936
0.000260353
0.000240564
0.000261545
0.000287771
0.000297546
0.000288963
0.000262976
0.000292540
0.000256538
0.000302553
0.000257254
0.000237465
0.000238657
0.000291586
0.000303984
0.000246763
0.000294209
0.000315428
0.000302792
0.000316381
0.000312090
0.000312567
0.000299692
0.000319719
0.000329971
0.000328064
0.000291586
0.000309944
0.000324965
0.000274658
0.000283957
0.000298738
0.000293493
0.000272989
0.000320673
0.000289440
0.000294924
0.000254393
0.000304461
0.000292301
0.000294209
0.000293493
0.000252724
0.000279903
0.000251293
0.000293255
0.000321627
0.000315905
0.000316381
0.000279188
0.000309229
0.000285625
0.000293016
0.000327349
0.000288963
0.000256300
0.000295639
0.000296354
0.000243187
0.000293255
0.000240326
0.000272512
0.000294924
0.000292063
0.000310898
0.000293016
0.000293255
0.000275373
0.000296116
0.000292301
0.000292301
0.000292778
0.000292540
0.000272989
0.000296593
0.000302553
0.000297070
0.000257254
0.000226736
0.000302553
0.000298023
0.000302553
0.000289917
0.000303984
0.000309706
0.000263929
0.000298023
0.000264168
0.000316620
0.000321865
0.000292540
0.000313520
0.000288725
0.000292063
0.000246763
0.000290871
0.000293493
0.000289679
0.000309944
0.000292301
0.000293970
0.000289917
0.000290632
0.000274897
0.000274897
0.000285864
0.000290394
0.000289440
0.000289917
0.000290394
0.000288725
0.000294209
0.000241280
0.000292063
0.000286102
0.000286102
0.000291348
0.000289917
0.000292301
0.000289917
0.000319242
0.000281811
0.000270128
0.000314236
0.000313282
0.000281096
0.000318050
0.000316858
0.000336647
0.000319958
0.000310421
0.000319004
0.000296116
0.000287294
0.000288725
0.000290871
0.000290632
0.000294209
0.000287294
0.000287533
0.000289202
0.000290871
0.000257015
0.000288248
0.000307322
0.000288248
0.000290632
0.000317574
0.000288963
0.000291824
0.000307560
0.000310421
0.000295401
0.000310659
0.000295877
0.000316381
0.000326395
0.000317812
0.000313997
0.000293493
0.000262260
0.000289917
0.000292063
0.000289440
0.000286102
0.000286102
0.000288486
0.000290155
0.000287056
0.000286579
0.000287771
0.000288248
0.000289917
0.000292063
0.000288248
0.000283957
0.000288010
0.000287533
0.000337601
0.000315189
0.000290871
0.000257254
0.000283957
0.000313759
0.000334263
0.000317574
0.000319242
0.000312090
0.000292063
0.000298023
0.000296831
0.000293732
0.000287771
0.000290871
0.000289679
0.000289440
0.000288725
0.000289202
0.000292063
0.000288486
0.000293970
0.000291586
0.000291824
0.000296354
0.000297785
0.000292778
0.000294924
0.000321627
0.000242949
0.000300169
0.000320435
0.000315428
0.000317812
0.000319004
0.000318527
0.000270367
0.000293970
0.000290871
0.000294685
0.000289202
0.000287294
0.000265598
0.000288010
0.000287771
0.000286341
0.000287294
0.000287294
0.000291824
0.000288725
0.000238419
0.000314236
0.000296354
0.000263453
0.000316858
0.000298977
0.000314951
0.000312805
0.000266790
0.000317574
0.000337124
0.000290155
0.000317335
0.000291586
0.000294924
0.000289440
0.000290394
0.000300884
0.000290394
0.000287771
0.000293732
0.000288725
0.000290155
0.000288248
0.000296831
0.000291586
0.000291824
0.000293493
0.000261068
0.000302792
0.000294209
0.000294924
0.000314236
0.000320196
0.000317574
0.000265360
0.000310659
0.000312328
0.000317574
0.000316381
0.000302076
0.000244379
0.000288248
0.000233889
0.000288248
0.000275850
0.000287056
0.000288010
0.000287771
0.000244856
0.000289202
0.000290632
0.000285864
0.000252724
0.000291348
0.000249863
0.000309706
0.000292063
0.000288010
0.000307322
0.000313520
0.000311375
0.000310183
0.000296831
0.000310898
0.000266790
0.000304461
0.000234842
0.000249863
0.000226736
0.000235796
0.000288010
0.000212431
0.000275612
0.000247240
0.000215769
0.000219584
0.000246286
0.000248909
0.000267744
0.000275373
0.000246286
0.000218391
0.000221729
0.000221491
0.000332117
0.000325203
0.000212193
