0.015224218
0.005166292
0.005234241
0.004368305
0.004305840
0.005275011
0.005175114
0.014136791
0.005579472
0.005145311
0.004568577
0.013221264
0.005150318
0.004346609
0.005209208
0.004290342
0.004192829
0.005134106
0.004126072
0.012924433
0.004493713
0.004310608
0.005116224
0.004226446
0.005198717
0.004307032
0.014174700
0.013037205
0.005180597
0.004395723
0.004426003
0.005123138
0.004028320
0.005266905
0.004199028
0.003944159
0.005150318
0.004462957
0.005262852
0.005124092
0.004198313
0.004268408
0.005247116
0.004291534
0.005173445
0.004303217
0.013294458
0.004348516
0.005234957
0.013787746
0.004168987
0.005186796
0.005110264
0.004203796
0.004229069
0.005201578
0.005118608
0.004349947
0.005125284
0.014153481
0.004207373
0.004385948
0.005103827
0.004292488
0.004491806
0.005157709
0.014101744
0.004512787
0.005205154
0.005172253
0.012953043
0.004327297
0.005205393
0.005322218
0.005262375
0.004325867
0.004212618
0.005235434
0.004268646
0.005358934
0.004275322
0.005138159
0.005268574
0.014091492
0.004150629
0.004173756
0.005252838
0.004247427
0.005117655
0.005151033
0.004221201
0.004240751
0.004343033
0.004185438
0.005177975
0.013817549
0.004354477
0.005119085
0.014246225
0.004302263
0.004169464
0.003977060
0.004007339
0.003944159
0.004038334
0.012726545
0.004010677
0.003974676
0.003979921
0.003977776
0.003976822
0.004021645
0.003988266
0.004032373
0.003952265
0.003944874
0.004018545
0.003990173
0.003980875
0.003968477
0.003993511
0.003947020
0.003968000
0.003948212
0.003990412
0.004100561
0.004018784
0.003968477
0.003929377
0.004158497
0.003998756
0.012800217
0.003957987
0.004077673
0.004097700
0.004023314
0.004041433
0.004030228
0.004239082
0.004136801
0.004098892
0.004055977
0.004074812
0.004162073
0.004082203
0.004035473
0.004144907
0.004103661
0.004008770
0.004022598
0.003976822
0.003978729
0.003973246
0.003956318
0.003916025
0.003931522
0.003981352
0.003926992
0.003932714
0.003948689
0.003980160
0.003949165
0.004048347
0.003971338
0.004128695
0.004050493
0.003980160
0.003972292
0.004017591
0.003974199
0.003961086
0.003973246
0.004027367
0.004005194
0.003966331
0.004052877
0.004026175
0.003979921
0.003977299
0.003975868
0.004059553
0.004009008
0.003987789
0.004049778
0.003963709
0.003955841
0.004084110
0.004063129
0.012816191
0.004004240
0.004017830
0.004060507
0.003952742
0.004007816
0.003984928
0.004037619
0.004039526
0.004018784
0.003968000
0.003978252
0.004000664
0.003978252
0.003987312
0.003984690
0.003959417
0.004030943
0.003987074
0.004138708
0.003914118
0.003921032
0.003980398
0.003967047
0.004031897
0.003959179
0.003983498
0.003976345
0.004067659
0.003976822
0.003972530
0.004004717
0.003997087
0.003975868
0.003977537
0.003971815
0.003991365
0.003974199
0.003986597
0.003968716
0.003946543
0.003963947
0.004032135
0.003985167
0.003919601
0.003931522
0.004000425
0.004065752
0.003985882
0.003971815
0.004008770
0.003991842
0.004162788
0.004018784
0.003996849
0.004040718
0.004057884
0.004013300
0.004139185
0.004012346
0.003975868
0.004025221
0.004019260
0.003947735
0.003940821
0.003953695
0.003964424
0.003928423
0.003982067
0.003947735
0.003921032
0.003934383
0.003972054
0.003972054
0.003978729
0.003993511
0.003986120
0.004047632
0.004014969
0.003976345
0.004018068
0.004027605
0.004049301
0.003973246
0.003962040
0.004049540
0.004046440
0.004011154
0.004064083
0.004186153
0.003958702
0.012865782
0.003980637
0.003998756
0.004245043
0.003943920
0.004106283
0.003957510
0.004077435
0.003957510
0.004057884
0.004029512
0.004007816
0.004029751
0.004100084
0.003982782
0.004034281
0.004045963
0.003998280
0.004008055
0.004093170
0.003976345
0.012854099
0.004117250
0.003966331
0.003945351
0.004063129
0.004009008
0.004072905
0.004002094
0.004054308
0.004002333
0.004003286
0.003992319
0.004061222
0.004143000
0.004098177
0.012844563
0.004086733
0.003971577
0.004020929
0.003964901
0.004045248
0.003976583
0.004024982
0.003986359
0.004037619
0.003993511
0.003986835
0.004117966
0.003952265
0.012645245
0.004168749
0.004020214
0.003998518
0.003939390
0.003996849
0.004143476
0.004079819
0.003987074
0.004021883
0.004047155
0.003986835
0.004038334
0.004005194
0.003986120
0.004151583
0.004055738
0.004056692
0.004112005
0.004105330
0.003978729
0.003998041
0.004025221
0.004113197
0.003958941
0.004033327
0.003989220
0.004140854
0.003965616
0.003927469
0.003934860
0.004006863
0.003984690
0.003984690
0.003960133
0.004062653
0.003967285
0.004003286
0.004020452
0.003969669
0.003998995
0.004005671
0.004006386
0.003977060
0.003968954
0.004204988
0.004018307
0.003992558
0.004105568
0.004190445
0.003967047
0.003978968
0.003986835
0.004055500
0.004059792
0.003958464
0.004045248
0.003992081
0.003929853
0.004034758
0.004005432
0.004118443
0.003976583
0.004019737
0.004072189
0.004013300
0.004044533
0.004014730
0.004007578
0.004041433
0.004022837
0.003991365
0.003984213
0.003957272
0.003956556
0.003959656
0.012839794
0.003980637
0.003995419
0.003997564
0.003954887
0.003978014
0.003965139
0.003960848
0.003931046
0.004053354
0.004135609
0.004047871
0.003973007
0.004010677
0.004133463
0.004050493
0.003974915
0.003992796
0.003991604
0.004200220
0.003962994
0.003995180
0.004029036
0.004016399
0.003992558
0.004029512
0.003967285
0.004045248
0.003987551
0.003969669
0.004022598
0.004065275
0.004075050
0.004002333
0.003965139
0.004053116
0.003978729
0.004130125
0.004023552
0.004045486
0.004027128
0.004105330
0.004083157
0.004146099
0.004072905
0.004086494
0.004058123
0.004082680
0.004014730
0.003999233
0.004007339
0.003993511
0.003937960
0.004019260
0.003971815
0.004028320
0.003960371
0.004029512
0.003995657
0.004121304
0.004040480
0.004041672
0.004045963
0.004122496
0.004016638
0.004048824
0.004005194
0.004072666
0.003949881
0.004042149
0.004143000
0.004181623
0.004042864
0.012791872
0.004202127
0.004049778
0.003987551
0.004036427
0.004069090
0.004331350
0.003991127
0.004112244
0.003964663
0.003938913
0.003990889
0.004063129
0.004051447
0.004031897
0.004097223
0.004042387
0.003956079
0.004035711
0.004131556
0.004004002
0.003990173
0.004069805
0.003915310
0.003984928
0.003980160
0.003958225
0.004104137
0.004037857
0.003974438
0.004020452
0.003979206
0.004044771
0.003956556
0.003999710
0.003939152
0.004018068
0.004049063
0.003986835
0.003954887
0.004010916
0.003986120
0.004045963
0.012784719
0.004006624
0.003938437
0.004025936
0.003962517
0.004011154
0.003962517
0.004075766
0.003989458
0.003967047
0.003968477
0.003954411
0.004045963
0.003978014
0.003956079
0.004157066
0.004002810
0.004044533
0.003978491
0.004029751
0.003939152
0.003928185
0.004074574
0.004012346
0.003978014
0.004052877
0.004066944
0.004061460
0.003979445
0.004118443
0.004001617
0.004038095
0.004024744
0.003966808
0.004151583
0.003983259
0.003932714
0.003931284
0.004137754
0.003955603
0.003961325
0.003951788
0.003964424
0.003973246
0.003948927
0.003993750
0.003981829
0.003987789
0.003993273
0.004024029
0.003972054
0.004006386
0.003958702
0.003974915
0.003963709
0.004090309
0.004040480
0.004001856
0.004073143
0.004010439
0.003965378
0.003964901
0.012849092
0.004053831
0.004048109
0.004003525
0.004062414
0.004136562
0.003945589
0.003986120
0.004024982
0.003998280
0.003966570
0.004036665
0.003996611
0.003959656
0.003961563
0.004020452
0.003958225
0.004014969
0.004025221
0.003948450
0.003956079
0.003981590
0.003957987
0.012815237
0.003988504
0.003942013
0.004010201
0.003932476
0.003944635
0.003927946
0.003947258
0.003984213
0.004121780
0.004047871
0.003974676
0.003985405
0.004079580
0.003984690
0.004016161
0.003955841
0.003959656
0.003984451
0.003968716
0.004036903
0.003983259
0.003952742
0.003989220
0.003973246
0.003958941
0.003951073
0.003882408
0.004060030
0.003957510
0.003943920
0.003953457
0.003970146
0.004072428
0.003987312
0.003982782
0.003989458
0.003970861
0.004086494
0.004005432
0.004104614
0.003973722
0.004055500
0.004007816
0.004108429
0.004058838
0.004011869
0.004020691
0.004018068
0.004016161
0.003987551
0.003979206
0.003987551
0.004206657
0.004063368
0.004035473
0.003915787
0.003933668
0.004125834
0.003936768
0.003950596
0.012864828
0.003971577
0.003975630
0.003995419
0.003977060
0.004018068
0.003999710
0.004003048
0.003935814
0.004069805
0.004202843
0.004029751
0.003983736
0.004014969
0.004001856
0.003952742
0.003966331
0.003997803
0.004090548
0.004024029
0.003956079
0.004130602
0.004087925
0.003904819
0.003974199
0.004026175
0.004008770
0.003956318
0.004034519
0.004048586
0.004320145
0.004250765
0.003975868
0.003959894
0.003963470
0.004053831
0.003949881
0.004044056
0.003968716
0.003931999
0.003966331
0.004059553
0.004014254
0.004036427
0.003991604
0.004002333
0.003941298
0.003991127
0.003961563
0.004006386
0.004048109
0.004040003
0.003998995
0.004107714
0.004008055
0.004005671
0.003976345
0.003957033
0.003976583
0.003991842
0.003993034
0.004017115
0.003977060
0.012815952
0.003971100
0.003987789
0.003946304
0.004125357
0.004027128
0.003953218
0.003956318
0.004227638
0.003938198
0.004073143
0.003948450
0.003939629
0.003940821
0.004003286
0.004036665
0.004012346
0.004110813
0.004037619
0.004066706
0.004058838
0.003958702
0.004063368
0.003963232
0.003995657
0.004050970
0.004008055
0.003949881
0.004044533
0.003960848
0.004008770
0.003984928
0.003940582
0.003962994
0.003989935
0.004190445
0.003969193
0.003955364
0.004046679
0.004013062
0.004017353
0.004014492
0.004010916
0.004008770
0.004008055
0.003986359
0.003926754
0.004003286
0.004203558
0.004077196
0.003971338
0.004221201
0.004045725
0.003946304
0.003962517
0.004009008
0.004037380
0.004233360
0.004020929
0.004071712
0.003977060
0.003980398
0.004010677
0.004073381
0.004065514
0.004011393
0.004045725
0.004042625
0.004040718
0.004024267
0.004058361
0.003973246
0.004005194
0.004058838
0.004007816
0.004014730
0.012755632
0.003999233
0.003970861
0.004029036
0.003936052
0.004004717
0.003964424
0.003964424
0.003947973
0.003950596
0.003960133
0.004086733
0.004052639
0.003980398
0.004022121
0.004084826
0.003991604
0.003995895
0.004082441
0.004045010
0.004051447
0.004046917
0.004033327
0.004023552
0.004004955
0.004090548
0.004074335
0.012795210
0.003933907
0.003962278
0.004054546
0.004172325
0.003945351
0.004013777
0.003952265
0.004052877
0.003960133
0.003961563
0.004037380
0.003963232
0.004088879
0.004009485
0.003988743
0.004044056
0.004063129
0.004039288
0.004030228
0.004078865
0.003982306
0.004036427
0.004055500
0.004131317
0.003957748
0.004008055
0.003955841
0.004105091
0.003991604
0.003931999
0.003928661
0.003984690
0.004152298
0.004063368
0.004078150
0.004078865
0.004084826
0.004055977
0.003995419
0.004040718
0.003999233
0.004067183
0.004017591
0.003986359
0.003970385
0.004383564
0.004029989
0.004011154
0.004034042
0.004231930
0.003948450
0.004007339
0.004010201
0.004000664
0.004261494
0.003967047
0.004089117
0.003936529
0.003978491
0.003997803
0.004077673
0.004083633
0.004037619
0.004042864
0.004057646
0.003958702
0.004050732
0.004020691
0.004027128
0.003982306
0.004096031
0.003980875
0.004050016
0.003986120
0.003988266
0.004125595
0.004011393
0.003950834
0.004045963
0.003984213
0.004014254
0.003974676
0.003997803
0.003967524
0.004112244
0.004081011
0.003962994
0.004010916
0.004108906
0.003932714
0.004009962
0.003988266
0.004016399
0.003989697
0.003988504
0.004004240
0.004034281
0.004110813
0.003999949
0.004004717
0.012851000
0.003951073
0.003958225
0.004058599
0.003978729
0.003951788
0.003973484
0.004111528
0.004072189
0.003950834
0.003980637
0.004006386
0.003969431
0.004011631
0.004012108
0.003923655
0.004104853
0.004037142
0.004030466
0.003954172
0.004128218
0.003997803
0.004075050
0.004036665
0.003959894
0.004027128
0.004042864
0.003982782
0.003969431
0.004041433
0.003955841
0.003952503
0.004004955
0.003975153
0.003968954
0.003981590
0.004079819
0.003952503
0.004028082
0.004058838
0.004001379
0.003962755
0.004077911
0.004003286
0.003997564
0.003991127
0.004092932
0.004042387
0.003980398
0.004058361
0.004009008
0.012628317
0.003984928
0.004037857
0.004060268
0.004189253
0.004081488
0.004067898
0.003992319
0.003941774
0.004151106
0.004050732
0.004109383
0.003990412
0.004063606
