0.012576342
0.001989365
0.002534151
0.012475252
0.012129307
0.012630701
0.012354851
0.011945724
0.012412071
0.012465000
0.002229452
0.012227774
0.002559423
0.012290716
0.002218485
0.012109756
0.012174368
0.012271881
0.011826992
0.012412786
0.012271881
0.012424231
0.002496958
0.002335310
0.011980772
0.012269020
0.002122641
0.011917830
0.012078762
0.012223721
0.012541294
0.012327671
0.012354374
0.012110710
0.012441874
0.002196550
0.012127876
0.012466192
0.012349844
0.012236595
0.012557268
0.012376547
0.002457857
0.012226582
0.012560844
0.002406120
0.011929035
0.012219429
0.012283802
0.012424946
0.012344837
0.002094507
0.002456427
0.002470016
0.002476692
0.012644768
0.002223492
0.012578487
0.012400866
0.012240887
0.002179384
0.012049198
0.002378702
0.002363920
0.002182245
0.012294292
0.002182245
0.012439966
0.012226343
0.002448797
0.002351761
0.002510071
0.002317190
0.002516747
0.002147436
0.002274513
0.002292871
0.002458572
0.002474070
0.002474070
0.002193213
0.002456665
0.002186775
0.002487421
0.002245903
0.012400389
0.011886358
0.002440691
0.002552509
0.002232790
0.002247095
0.012003183
0.002462387
0.012503624
0.002468824
0.002238035
0.002491951
0.012347698
0.002279997
0.002513647
0.011991739
0.011999846
0.002120733
0.002191067
0.002142191
0.002163172
0.002108097
0.002158642
0.011887550
0.012041092
0.002122641
0.002141476
0.011694908
0.002209663
0.012049913
0.002191067
0.002147436
0.002073050
0.012100220
0.002193213
0.002179623
0.003418922
0.002126455
0.002203226
0.002207994
0.002181053
0.012121916
0.012084246
0.011822939
0.011898279
0.002189398
0.011884689
0.012102127
0.011878490
0.011915207
0.012092352
0.001969814
0.012130260
0.011912346
0.012090206
0.002549171
0.002355814
0.002268076
0.002460718
0.002285957
0.002383471
0.002214193
0.002323866
0.002308130
0.002310991
0.002306461
0.002327681
0.002327919
0.002307653
0.002321482
0.002291679
0.002436638
0.002270699
0.002449512
0.002269506
0.002281904
0.002231121
0.002301693
0.002260923
0.002298117
0.002213717
0.002439260
0.002234697
0.002214193
0.002438545
0.002220154
0.002433062
0.011786938
0.002074718
0.002066612
0.002084732
0.002077341
0.002097845
0.001921892
0.002095222
0.002141476
0.012006760
0.001921177
0.002056837
0.002049685
0.002086401
0.002064228
0.002043247
0.002070665
0.002054214
0.002064466
0.002072334
0.002106667
0.002051115
0.012023926
0.002094507
0.002017736
0.012027740
0.002090454
0.002107382
0.001932621
0.012036324
0.002097607
0.002118587
0.002016068
0.012070179
0.002134085
0.002079248
0.002059460
0.002058983
0.002068281
0.012060642
0.012003183
0.012271643
0.012043238
0.002082109
0.002109766
0.002015829
0.002082109
0.002078772
0.002086878
0.002094984
0.002050877
0.002122641
0.002097368
0.002079248
0.002086639
0.002082109
0.012025833
0.012084246
0.002100945
0.002114296
0.012029886
0.012031794
0.002093554
0.011823416
0.011969566
0.012050867
0.002114534
0.002080679
0.002172470
0.002110481
0.002134323
0.001951694
0.002106905
0.002089739
0.002055407
0.002064466
0.002065659
0.002092838
0.002115488
0.002115011
0.002131224
0.002143145
0.002123594
0.002115250
0.002106428
0.002132893
0.012048483
0.002085209
0.002099037
0.002104282
0.002107382
0.002098083
0.002089500
0.002152443
0.002101183
0.002106190
0.002120018
0.011944532
0.002124548
0.011906385
0.002054214
0.002151012
0.002113581
0.002117634
0.002101898
0.011918783
0.002154112
0.002132416
0.002102375
0.002151251
0.002076626
0.002090931
0.002083063
0.002112389
0.002102613
0.002116203
0.002067327
0.002095938
0.002133131
0.002078772
0.012568712
0.002108335
0.002064943
0.002114773
0.002143860
0.012152433
0.002045631
0.002103329
0.002068758
0.001959324
0.002122402
0.002166271
0.002139091
0.002150536
0.012003183
0.002158165
0.002129793
0.012031317
0.002150774
0.002082825
0.002125740
0.002105474
0.002098322
0.002118111
0.002090454
0.002186298
0.002126932
0.011942625
0.002093315
0.002080917
0.002067804
0.011814833
0.002114058
0.002175331
0.002101421
0.011864901
0.002105951
0.002118111
0.002116203
0.002130032
0.012381554
0.002104998
0.002110481
0.002102852
0.002075434
0.002086163
0.002102613
0.012070417
0.002087116
0.012526989
0.002132177
0.002109289
0.012013197
0.012085676
0.002070665
0.002090931
0.002112865
0.002146721
0.002091885
0.002110004
0.012086630
0.002140760
0.002132416
0.012073755
0.011994839
0.002122402
0.002136469
0.002079010
0.002075195
0.002102137
0.002061367
0.002102137
0.012006998
0.002070189
0.002148390
0.002077818
0.002066851
0.002107382
0.002063274
0.003501892
0.002059460
0.002007246
0.012233257
0.002089262
0.002091169
0.012005806
0.002092600
0.002048492
0.002078533
0.002133846
0.002128601
0.002075672
0.012036562
0.002097845
0.012040377
0.002088547
0.003416061
0.012041330
0.002068758
0.002074957
0.002050877
0.002048254
0.012056351
0.002071142
0.002049446
0.002055407
0.002063036
0.002068281
0.001897097
0.002090693
0.012044907
0.012031794
0.002145290
0.002081871
0.002084732
0.002086639
0.002042294
0.002065182
0.002044439
0.012006760
0.002018929
0.012216806
0.012698889
0.012187719
0.002055883
0.002172232
0.002122879
0.012152195
0.002070427
0.012261868
0.002018929
0.002588987
0.002149582
0.002138138
0.002142668
0.012060404
0.002205372
0.002151966
0.002128601
0.002110958
0.011432886
0.011673689
0.002135754
0.002143145
0.002090693
0.002127647
0.002120495
0.002152443
0.012109995
0.002435684
0.002098560
0.002103329
0.002146244
0.002112865
0.002086639
0.002090454
0.002082586
0.002087116
0.011954069
0.002110004
0.002086401
0.002070904
0.002113581
0.002140284
0.012085438
0.002101421
0.001962185
0.002133131
0.002081156
0.002061129
0.002056599
0.002120733
0.012164116
0.002073288
0.002074718
0.002129316
0.002123594
0.002075434
0.002131462
0.011892080
0.002149105
0.002108097
0.012179613
0.002205849
0.002108574
0.002111435
0.002128124
0.012206793
0.002119303
0.002175331
0.002115726
0.002152681
0.002131462
0.002179861
0.002124071
0.002234697
0.002145529
0.001987934
0.002117634
0.002273083
0.002079248
0.002207041
0.002117395
0.002172947
0.002100945
0.002132654
0.002274990
0.002182007
0.002233028
0.002067804
0.002243042
0.002166033
0.012063265
0.002230406
0.002201557
0.002228737
0.002163649
0.002536535
0.002396345
0.002480268
0.002504110
0.002530575
0.002397776
0.002503157
0.002506971
0.002518654
0.002484083
0.002481699
0.002504587
0.002406120
0.002201557
0.002084017
0.002140760
0.002201557
0.002210379
0.002226353
0.002202034
0.002189875
0.002146482
0.002128124
0.002128839
0.012133598
0.002208710
0.012101889
0.002148867
0.011831999
0.002198696
0.012082338
0.002252102
0.002174616
0.012095213
0.012127161
0.012086630
0.002121687
0.012029886
0.012110233
0.012098312
0.001975536
0.002034903
0.002315283
0.002204180
0.011940241
0.002054453
0.002324581
0.012122869
0.011964321
0.002202511
0.002036572
0.002052069
0.012011290
0.001987696
0.011866570
0.003492832
0.002014399
0.011924267
0.012072325
0.011687279
0.011844635
0.001922846
0.001900196
0.011639357
0.011698723
0.011977434
0.011970520
0.001911402
0.011788607
0.002106905
0.011919022
0.011900663
0.001914024
0.003026247
0.011894464
0.011930227
0.012146950
0.002033949
0.011859894
0.011862278
0.002111912
0.001956463
0.002122402
0.002103090
0.011637926
0.002068520
0.002091169
0.002049923
0.011728525
0.002110958
0.002143145
0.002115011
0.002122402
0.002103567
0.002145767
0.002096653
0.002068758
0.002103329
0.002229691
0.002095222
0.002080441
0.002104998
0.012202263
0.001910925
0.002086401
0.002071142
0.002109051
0.002081156
0.002121449
0.012070417
0.012063265
0.002132893
0.002916813
0.012045145
0.002120256
0.002138376
0.002928972
0.002100229
0.002125978
0.002147436
0.002105474
0.012182951
0.002109766
0.002060413
0.002100706
0.002847195
0.002074242
0.002055645
0.012052059
0.011782408
0.002085209
0.002088308
0.002134085
0.002096415
0.002910376
0.002061367
0.002082586
0.002126694
0.002930403
0.002085209
0.002109528
0.002099037
0.002098560
0.001898289
0.002117157
0.002128124
0.001905203
0.002117872
0.002099752
0.002064943
0.002098560
0.011761904
0.011947155
0.002050161
0.012159348
0.012057304
0.002055168
0.002100945
0.002071142
0.002084970
0.002159119
0.002120495
0.002112150
0.002135992
0.002480268
0.002114296
0.002130508
0.002100945
0.011801243
0.002121210
0.002120733
0.002053022
0.002078295
0.001933575
0.002050877
0.002070665
0.002112627
0.001946688
0.012139320
0.002081394
0.002096891
0.002092600
0.002061605
0.002062798
0.011794567
0.002052784
0.011732101
0.011875629
0.002094507
0.011794329
0.002086639
0.002110004
0.002110481
0.002098083
0.002107620
0.011575699
0.002085209
0.002072573
0.002090693
0.002045870
0.002052784
0.002068520
0.002096653
0.002053261
0.011681557
0.002066851
0.002061129
0.002076149
0.002039433
0.002097845
0.002064466
0.002080917
0.002092123
0.002145529
0.002041817
0.002090931
0.002430201
0.002102852
0.002139807
0.002130985
0.002096653
0.002023935
0.002084732
0.002126455
0.002076387
0.002096415
0.012060165
0.011953354
0.002081871
0.002092123
0.002070665
0.002066374
0.012066126
0.001922369
0.002058268
0.002062082
0.002092838
0.002095938
0.002109051
0.002109289
0.002096653
0.002110243
0.001936436
0.011997461
0.002124071
0.002054453
0.002094984
0.002073050
0.002125502
0.002120495
0.002107859
0.002062082
0.011977196
0.002119064
0.002092838
0.011586666
0.002105474
0.002046585
0.002096653
0.002081633
0.001957178
0.002130270
0.011994839
0.002104759
0.001962423
0.002096891
0.011997938
0.002104759
0.002109051
0.002133131
0.002123117
0.012079477
0.002085686
0.011729717
0.002091885
0.011965036
0.011994600
0.002231836
0.002085924
0.012022018
0.012065172
0.002071619
0.001955509
0.002083778
0.002126932
0.001925468
0.002087593
0.002059698
0.002097845
0.002086163
0.002100706
0.011940956
0.002133608
0.011887312
0.002076864
0.001990318
0.002179623
0.012070417
0.002099037
0.002097607
0.002144814
0.002069950
0.012103319
0.002121449
0.002105713
0.012076855
0.002079964
0.002089739
0.002089024
0.012142658
0.002090216
0.002089024
0.011943817
0.002070189
0.002461433
0.012044907
0.002143860
0.002097845
0.002083540
0.002114058
0.002115250
0.002122641
0.002078772
0.002095461
0.012001514
0.011709452
0.002077818
0.012057781
0.012019157
0.002123356
0.011858702
0.002101421
0.002076626
0.002084970
0.002099991
0.012073040
0.002077341
0.002068996
0.002100229
0.012045622
0.002110481
0.002097130
0.002111673
0.002124548
0.002107382
0.002108574
0.011991978
0.002127409
0.002088308
0.002096891
0.002120256
0.011957645
0.002104998
0.002100945
0.002085447
0.012061119
0.002104759
0.002065897
0.002078295
0.002117634
0.002082586
0.002076864
0.002153635
0.002077818
0.002050161
0.002130032
0.002118587
0.012009621
0.002108812
0.011988401
0.011926889
0.011971712
0.002089024
0.002086639
0.002059221
0.002100468
0.012025356
0.012048244
0.012059212
0.002101183
0.002097130
0.002072573
0.012055159
0.002112150
0.012060404
0.012012005
0.011730433
0.002071619
0.002073765
0.002079010
0.002071857
0.002146721
0.002110720
0.002155542
0.012102604
0.002109766
0.002085447
0.002159834
0.002197981
0.002212524
0.002222538
0.002178907
0.012268543
0.012226105
0.002118349
0.011873484
0.002207041
0.002180338
0.002167225
0.002183914
0.002162218
0.012093544
0.002177238
0.012101889
0.002172470
0.012072563
0.002166748
0.001979828
0.002206326
0.002173185
0.002132177
0.012156487
0.002051830
0.002152205
0.002145290
0.002161026
0.002066374
0.002135515
0.002170324
0.002144337
0.002118349
0.002064228
0.012039185
0.002203465
0.002193689
0.002205610
0.012041330
0.002173424
0.002143383
0.012019873
0.012045622
0.012072802
0.012063265
0.002149582
0.002102613
0.002202034
0.002144098
0.002172947
0.002158403
0.012039900
0.002090931
0.002221823
0.002187014
0.002061605
0.012114286
0.002210855
0.001958847
0.002179623
0.002026081
0.011893511
0.002211332
0.011609554
0.002047539
0.002019405
0.012062550
0.002135277
0.001910448
0.011992455
0.011865377
0.002049685
0.011869907
0.001990080
0.012046814
0.011952400
0.011831999
0.011840820
0.012051582
0.011893272
0.001879930
0.002164364
0.001875877
0.002159595
0.011791945
0.011840105
0.002193451
0.011811018
0.002177954
0.001895905
0.002071381
0.011848688
