0.000373840
0.000314474
0.000341415
0.000316620
0.000234127
0.000342607
0.000314236
0.000332117
0.000317574
0.000316143
0.000326633
0.000311852
0.000357866
0.000313282
0.000316381
0.000335455
0.000313997
0.000287533
0.000324488
0.000344753
0.000315428
0.000315666
0.000312328
0.000335217
0.000275135
0.000307798
0.000338793
0.000308037
0.000339746
0.000347137
0.000314474
0.000293016
0.000313997
0.000320673
0.000319958
0.000316620
0.000314474
0.000288725
0.000318050
0.000337124
0.000318050
0.000313044
0.000340223
0.000356436
0.000280380
0.000317335
0.000314951
0.000318766
0.000340700
0.000309944
0.000256300
0.000277042
0.000314236
0.000342846
0.000315428
0.000321150
0.000309706
0.000310659
0.000290871
0.000252008
0.000313759
0.000314236
0.000334263
0.000309467
0.000338554
0.000339746
0.000311375
0.000315905
0.000306368
0.000312567
0.000317335
0.000288010
0.000310898
0.000273705
0.000311375
0.000378132
0.000314951
0.000238180
0.000315905
0.000312805
0.000317574
0.000239372
0.000310659
0.000299215
0.000312567
0.000312805
0.000324011
0.000315189
0.000317812
0.000311375
0.000236511
0.000317097
0.000315905
0.000316381
0.000327587
0.000316858
0.000340700
0.000313997
0.000312567
0.000270367
0.000319719
0.000274658
0.000316620
0.000311375
0.000312805
0.000341415
0.000313759
0.000335217
0.000308752
0.000308275
0.000300407
0.000310183
0.000311136
0.000300884
0.000316143
0.000335932
0.000312805
0.000314236
0.000246286
0.000312328
0.000308275
0.000320435
0.000334263
0.000312090
0.000314474
0.000313759
0.000318527
0.000309467
0.000315905
0.000350475
0.000312567
0.000279188
0.000321865
0.000312090
0.000302553
0.000313044
0.000312805
0.000335217
0.000314236
0.000283003
0.000233173
0.000284195
0.000321388
0.000310183
0.000236511
0.000305653
0.000314713
0.000309229
0.000280380
0.000315189
0.000313044
0.000350952
0.000313044
0.000235081
0.000344992
0.000294209
0.000340939
0.000315666
0.000313520
0.000302553
0.000315905
0.000311613
0.000312090
0.000312328
0.000312805
0.000317574
0.000314713
0.000335932
0.000316381
0.000284672
0.000328302
0.000316143
0.000314713
0.000319958
0.000333786
0.000313044
0.000314951
0.000309706
0.000332594
0.000308752
0.000230074
0.000312328
0.000282764
0.000327349
0.000238657
0.000309944
0.000319719
0.000312328
0.000310183
0.000328541
0.000312090
0.000289917
0.000310898
0.000217199
0.000279427
0.000277996
0.000279665
0.000231504
0.000316381
0.000312567
0.000341654
0.000312805
0.000335932
0.000314951
0.000310183
0.000302076
0.000241518
0.000309944
0.000313759
0.000311852
0.000283241
0.000247955
0.000309944
0.000247717
0.000309706
0.000284910
0.000336885
0.000279903
0.000277042
0.000287294
0.000310421
0.000283957
0.000297546
0.000281096
0.000289679
0.000330448
0.000304461
0.000281096
0.000275612
0.000329494
0.000278711
0.000276089
0.000316143
0.000318527
0.000310183
0.000338793
0.000310898
0.000245094
0.000314951
0.000312328
0.000288725
0.000310659
0.000248432
0.000333309
0.000281572
0.000309706
0.000281572
0.000311613
0.000304937
0.000285387
0.000246286
0.000323057
0.000317097
0.000287533
0.000312805
0.000211477
0.000288248
0.000315428
0.000317097
0.000342846
0.000313759
0.000330925
0.000314951
0.000240326
0.000313759
0.000274181
0.000279903
0.000275135
0.000272274
0.000316143
0.000234127
0.000303507
0.000216722
0.000277996
0.000339270
0.000318527
0.000238895
0.000321627
0.000337124
0.000313282
0.000308037
0.000319719
0.000335217
0.000316381
0.000277281
0.000336647
0.000277281
0.000274420
0.000306606
0.000281096
0.000324488
0.000237942
0.000241280
0.000314236
0.000309467
0.000384569
0.000318766
0.000283241
0.000277281
0.000274420
0.000308275
0.000311852
0.000316858
0.000313282
0.000275373
0.000286341
0.000314474
0.000332832
0.000284672
0.000308990
0.000339031
0.000309944
0.000313759
0.000409126
0.000234127
0.000312090
0.000243664
0.000278950
0.000317097
0.000226498
0.000317812
0.000312090
0.000345707
0.000197649
0.000202656
0.000340939
0.000335217
0.000308514
0.000319242
0.000252724
0.000459433
0.000315905
0.000274897
0.000236034
0.000207663
0.000192642
0.000215530
0.000264168
0.000234365
0.000214815
0.000322104
0.000329494
0.000314713
0.000294924
0.000310421
0.000313759
0.000319958
0.000313044
0.000220299
0.000313520
0.000309706
0.000314236
0.000309706
0.000315428
0.000317812
0.000314474
0.000334501
0.000319242
0.000284910
0.000332117
0.000302076
0.000287056
0.000234127
0.000347137
0.000290632
0.000335693
0.000315428
0.000311136
0.000311852
0.000317097
0.000312328
0.000315905
0.000317574
0.000312090
0.000310421
0.000313997
0.000312805
0.000318527
0.000318050
0.000316858
0.000313044
0.000314236
0.000248909
0.000254393
0.000222683
0.000197411
0.000236750
0.000212908
0.000216246
0.000365257
0.000238895
0.000217676
0.000337362
0.000322819
0.000234127
0.000251532
0.000216484
0.000197887
0.000225544
0.000224829
0.000192642
0.000261068
0.000215769
0.000216246
0.000193119
0.000203609
0.000263453
0.000317574
0.000224352
0.000299454
0.000202656
0.000201941
0.000228882
0.000172138
0.000290632
0.000234127
0.000317812
0.000306606
0.000252008
0.000281572
0.000314713
0.000285149
0.000256062
0.000262022
0.000247717
0.000244617
0.000213146
0.000203848
0.000227928
0.000205994
0.000280857
0.000241518
0.000244141
0.000245571
0.000239849
0.000173807
0.000204563
0.000238895
0.000204086
0.000203133
0.000267267
0.000216246
0.000260592
0.000238895
0.000291109
0.000229597
0.000259876
0.000202179
0.000278711
0.000326395
0.000197887
0.000250578
0.000243902
0.000278950
0.000223637
0.000234842
0.000207424
0.000226736
0.000187635
0.000242949
0.000306845
0.000261307
0.000213861
0.000233889
0.000247717
0.000230789
0.000243902
0.000247240
0.000234127
0.000304461
0.000269890
0.000191212
0.000292778
0.000247002
0.000226259
0.000281334
0.000277996
0.000225782
0.000275135
0.000246763
0.000180721
0.000225782
0.000213861
0.000316381
0.000311375
0.000309229
0.000217199
0.000244141
0.000203133
0.000237942
0.000365019
0.000300407
0.000298738
0.000212669
0.000211239
0.000318766
0.000212431
0.000320673
0.000266552
0.000253916
0.000240326
0.000273466
0.000266552
0.000244379
0.000312090
0.000226974
0.000341654
0.000249624
0.000234365
0.000235081
0.000280380
0.000230074
0.000308990
0.000309467
0.000312567
0.000315666
0.000313520
0.000307083
0.000247002
0.000328064
0.000281334
0.000249147
0.000270844
0.000247955
0.000340223
0.000271320
0.000330687
0.000240088
0.000334978
0.000307083
0.000314951
0.000314236
0.000311613
0.000248671
0.000312328
0.000245571
0.000243902
0.000312567
0.000318050
0.000244617
0.000275850
0.000310183
0.000312805
0.000244379
0.000327826
0.000328064
0.000241756
0.000280142
0.000319242
0.000257730
0.000250816
0.000335217
0.000298262
0.000284433
0.000311613
0.000309944
0.000313044
0.000308275
0.000316620
0.000307798
0.000314951
0.000312328
0.000277042
0.000305176
0.000312567
0.000314474
0.000228882
0.000252724
0.000313759
0.000317097
0.000313759
0.000319958
0.000276089
0.000321388
0.000280619
0.000306129
0.000320196
0.000285149
0.000343084
0.000235558
0.000338316
0.000312805
0.000314474
0.000312090
0.000311613
0.000313520
0.000313759
0.000313997
0.000315428
0.000251532
0.000325918
0.000255823
0.000311136
0.000310898
0.000304699
0.000315189
0.000311136
0.000311613
0.000216007
0.000331640
0.000320196
0.000271320
0.000372648
0.000317812
0.000340939
0.000265121
0.000273466
0.000263214
0.000304699
0.000310183
0.000239134
0.000240088
0.000313520
0.000308514
0.000240326
0.000317335
0.000312090
0.000308275
0.000315189
0.000312805
0.000313997
0.000315428
0.000271320
0.000308514
0.000305176
0.000311613
0.000320435
0.000309229
0.000263929
0.000270605
0.000317812
0.000275850
0.000333548
0.000258684
0.000333548
0.000304937
0.000315428
0.000307322
0.000279427
0.000250816
0.000312567
0.000242472
0.000246525
0.000524998
0.000310421
0.000304937
0.000316620
0.000239134
0.000306845
0.000276566
0.000312090
0.000239611
0.000221491
0.000183582
0.000293970
0.000157356
0.000156879
0.000309467
0.000247717
0.000245810
0.000246048
0.000208855
0.000278711
0.000179291
0.000212669
0.000278950
0.000254393
0.000313044
0.000259876
0.000234604
0.000309944
0.000253677
0.000277281
0.000225782
0.000268936
0.000265837
0.000264645
0.000245571
0.000251293
0.000264406
0.000235319
0.000274420
0.000243902
0.000249147
0.000236988
0.000257254
0.000255346
0.000251055
0.000279188
0.000268698
0.000292301
0.000280380
0.000254869
0.000323534
0.000251532
0.000337839
0.000322580
0.000296593
0.000320673
0.000285864
0.000282288
0.000311613
0.000310421
0.000220537
0.000309467
0.000310183
0.000239372
0.000308514
0.000211477
0.000305414
0.000313044
0.000312090
0.000259399
0.000313997
0.000274181
0.000314236
0.000310659
0.000234127
0.000303507
0.000247002
0.000316858
0.000319481
0.000323057
0.000313759
0.000309706
0.000277758
0.000310659
0.000317574
0.000318050
0.000234365
0.000337124
0.000295162
0.000343084
0.000326157
0.000319004
0.000342369
0.000345945
0.000338554
0.000260592
0.000343084
0.000326395
0.000282526
0.000233889
0.000313044
0.000315428
0.000318050
0.000312090
0.000318766
0.000315905
0.000319958
0.000313997
0.000315189
0.000314236
0.000315666
0.000316143
0.000316143
0.000237465
0.000322104
0.000211000
0.000328541
0.000200510
0.000209570
0.000221968
0.000299692
0.000243425
0.000247478
0.000264406
0.000236988
0.000294685
0.000291586
0.000207901
0.000227451
0.000210524
0.000178337
0.000263929
0.000234604
0.000207186
0.000252962
0.000301600
0.000222683
0.000229597
0.000315666
0.000178337
0.000229836
0.000309467
0.000231266
0.000293732
0.000195026
0.000219584
0.000238180
0.000212431
0.000217915
0.000277281
0.000204325
0.000205517
0.000198364
0.000180960
0.000181437
0.000242710
0.000226259
0.000184059
0.000256777
0.000209332
0.000198603
0.000227690
0.000269651
0.000280380
0.000207901
0.000231266
0.000206470
0.000267267
0.000297308
0.000209808
0.000239372
0.000329256
0.000288248
0.000338793
0.000263691
0.000243902
0.000310659
0.000313997
0.000267744
0.000240564
0.000208139
0.000203848
0.000231743
0.000174284
0.000200033
0.000239372
0.000217199
0.000236034
0.000205040
0.000179529
0.000245094
0.000228882
0.000247478
0.000217915
0.000227690
0.000203848
0.000245333
0.000257492
0.000203848
0.000226259
0.000205517
0.000309467
0.000213146
0.000291824
0.000252724
0.000291824
0.000238180
0.000266075
0.000300646
0.000439167
0.000193834
0.000292063
0.000237703
0.000203371
0.000302315
0.000216246
0.000213623
0.000309229
0.000218391
0.000315428
0.000307083
0.000212193
0.000204325
0.000231028
0.000226498
0.000199080
0.000223398
0.000328064
0.000240326
0.000206470
0.000236750
0.000273943
0.000317097
0.000211477
0.000255585
0.000262737
0.000178814
0.000193596
0.000193834
0.000182390
0.000180244
0.000210762
0.000259161
0.000176191
0.000202656
0.000183821
0.000222683
0.000229120
0.000181913
0.000411510
0.000212193
0.000194073
0.000178814
0.000207186
0.000216007
0.000218391
0.000215054
0.000207901
0.000206947
0.000183344
0.000179529
0.000184059
0.000156403
0.000182152
0.000185490
0.000189304
0.000187635
0.000164986
0.000200510
0.000192642
0.000195265
0.000195265
0.000193596
0.000195503
0.000191450
0.000192165
0.000192165
0.000192881
0.000214338
0.000218868
0.000187874
0.000214815
0.000214577
0.000219584
0.000195026
0.000190258
0.000192881
0.000192642
0.000189543
0.000194550
0.000191689
0.000192881
0.000192165
0.000191450
0.000193119
0.000192165
0.000190973
0.000198126
0.000372410
0.000192165
0.000191927
0.000197172
0.000276327
0.000191689
0.000192881
0.000216484
0.000351667
0.000305414
0.000264883
0.000310898
0.000257730
0.000344515
0.000263929
0.000310183
0.000311852
0.000336170
0.000231266
0.000307560
0.000305176
0.000312567
0.000235081
0.000306845
0.000242710
0.000261545
0.000285864
0.000235319
0.000233173
0.000237703
0.000243187
0.000319242
0.000220537
0.000281572
0.000298977
0.000199318
0.000276089
0.000279188
0.000221014
0.000234842
0.000236034
0.000233650
0.000239849
0.000252724
0.000205040
0.000209332
0.000269413
0.000236273
0.000214338
0.000275135
0.000210762
0.000205040
0.000258923
0.000252724
0.000252485
0.000258446
0.000249386
0.000256538
