0.018321276
0.005287647
0.005192757
0.004231930
0.014144421
0.004568338
0.004385471
0.012906075
0.013865232
0.013235331
0.004768133
0.014245272
0.004169941
0.005130768
0.004778385
0.014157057
0.004479885
0.004098892
0.005258083
0.004332066
0.004505396
0.014032125
0.014068604
0.004388809
0.004512548
0.004150152
0.014251232
0.005407095
0.005110741
0.004311562
0.004670858
0.004278660
0.005277634
0.014135838
0.004399061
0.013949871
0.004463434
0.004363537
0.004425526
0.005225658
0.005302191
0.004426718
0.005231380
0.004336834
0.005324364
0.004404306
0.014234543
0.005613565
0.004404545
0.004578114
0.012969732
0.005269527
0.013097048
0.005259991
0.005321264
0.005034208
0.005307674
0.005222321
0.012932539
0.005367279
0.004475355
0.005275011
0.005269766
0.005313396
0.004411221
0.005332470
0.004395723
0.004389524
0.005408049
0.004401445
0.004383087
0.004426241
0.005383730
0.005825043
0.004462004
0.004576445
0.005511045
0.005474091
0.012987137
0.005363941
0.005517006
0.004746914
0.004511356
0.005389929
0.005483150
0.004535437
0.005266428
0.005416870
0.004582405
0.014271736
0.004626513
0.004566669
0.005361557
0.014135599
0.013146877
0.005379200
0.005311728
0.004652739
0.004660606
0.005275249
0.004460096
0.004108667
0.004173517
0.004055262
0.004105330
0.004147530
0.004252195
0.004312992
0.004056454
0.004137993
0.004060507
0.004193544
0.004148006
0.004035234
0.004021406
0.004065752
0.004056215
0.004360437
0.004081011
0.004113674
0.004118681
0.004026890
0.003991842
0.004070997
0.004026175
0.004140854
0.004110813
0.003970861
0.004042149
0.004036188
0.003970146
0.004042387
0.003982782
0.004088879
0.004079580
0.004008770
0.004039288
0.004205942
0.004013538
0.004074574
0.004082203
0.004077911
0.004055023
0.004085302
0.004041195
0.004078388
0.004090786
0.004108906
0.004057169
0.004095554
0.004141569
0.004052162
0.004131079
0.004037619
0.004119158
0.004142523
0.012818336
0.012973309
0.004011631
0.004199505
0.004112005
0.004198551
0.003994942
0.004186153
0.004077673
0.004068613
0.004070282
0.004040241
0.004163027
0.004019260
0.004013300
0.004111052
0.004060984
0.004036665
0.004043579
0.004064322
0.004100323
0.004074574
0.004100561
0.004015446
0.004051208
0.004264355
0.004056454
0.004108429
0.004004955
0.004133463
0.004014015
0.004002571
0.004053831
0.004004717
0.004095554
0.004148006
0.004008055
0.004133940
0.004086494
0.004050732
0.004138470
0.012823820
0.004082203
0.004137993
0.004076719
0.004083872
0.004052639
0.004228115
0.003987551
0.003996134
0.004052162
0.003993750
0.004087210
0.004016638
0.004032612
0.004026890
0.004086256
0.004026651
0.004012585
0.004019976
0.004033566
0.004095316
0.004072905
0.004014730
0.004012108
0.004076958
0.004066706
0.004048586
0.004044771
0.004016638
0.004066229
0.004124641
0.004055977
0.004065037
0.003990650
0.004014730
0.004060507
0.004087925
0.004036903
0.004026413
0.003978729
0.004101038
0.004495382
0.004003286
0.004098177
0.003990889
0.004146338
0.004038095
0.004014730
0.004051208
0.004088163
0.004012346
0.004050016
0.004101515
0.004009485
0.004183292
0.003998041
0.004061222
0.004137993
0.004059076
0.004047155
0.004022837
0.004075050
0.004001856
0.003961086
0.004057169
0.003944159
0.003988981
0.003999949
0.003966570
0.003988981
0.004028797
0.004160643
0.004148960
0.004152775
0.004124165
0.004270792
0.004164696
0.004096031
0.004141808
0.004041672
0.004153967
0.004119873
0.004144192
0.004033566
0.012752533
0.004071951
0.004104137
0.004047871
0.004059076
0.004075289
0.003999472
0.004016876
0.004068613
0.003989458
0.004037380
0.004131794
0.004119158
0.004046202
0.004041672
0.004084110
0.004050493
0.004086733
0.004087210
0.004121780
0.004099131
0.004105330
0.004120350
0.004063129
0.012742043
0.003988266
0.004026413
0.003986835
0.004099846
0.004058599
0.004155159
0.004151583
0.004103422
0.004041672
0.003986120
0.004034281
0.004049301
0.004030943
0.004017115
0.004026890
0.004142523
0.004085302
0.004070282
0.004054308
0.004060507
0.004018784
0.004122496
0.004082680
0.004062176
0.004089117
0.012668610
0.004023075
0.004089594
0.004018545
0.004014492
0.003976583
0.004002810
0.004083157
0.004156828
0.003980398
0.003988981
0.004114628
0.004138708
0.004068375
0.004027843
0.003998518
0.004099607
0.004069567
0.004046202
0.004062891
0.004007101
0.004094124
0.004020452
0.004070282
0.003997803
0.004030704
0.004012823
0.004003286
0.004081249
0.004057169
0.004036188
0.004074335
0.004043102
0.004016399
0.004041672
0.004011631
0.004077435
0.004005671
0.004075050
0.004110813
0.004023552
0.004073620
0.004182816
0.004058599
0.004042625
0.004051685
0.004099131
0.004057407
0.012887478
0.004078150
0.012842178
0.004131317
0.004140615
0.004075050
0.004101753
0.004053831
0.004109383
0.003965616
0.004002333
0.004159689
0.004067183
0.004003048
0.004189491
0.004125834
0.004059076
0.003992558
0.004068375
0.004090548
0.004017591
0.004144669
0.004129887
0.004033804
0.004098892
0.004038334
0.004105330
0.004021883
0.004038811
0.004082918
0.004035473
0.004103422
0.004035234
0.003982782
0.004025459
0.004079342
0.004039526
0.004249811
0.004104853
0.004085779
0.004136086
0.004124403
0.004108429
0.004132271
0.004332066
0.004024506
0.004335880
0.004057169
0.004280567
0.004233599
0.004435778
0.004274368
0.004270315
0.004098892
0.004180193
0.004276514
0.004205704
0.012873173
0.004281521
0.004108667
0.004268885
0.004340649
0.004281759
0.004219294
0.004241705
0.004321337
0.012934923
0.012955427
0.004134893
0.004281998
0.004180193
0.004315615
0.004203320
0.004304886
0.004306078
0.004184723
0.004197836
0.004096508
0.004170656
0.004128695
0.004100084
0.004155636
0.013990164
0.004127264
0.004140139
0.004103184
0.013013840
0.004176140
0.004157305
0.004166365
0.004210711
0.004163504
0.004288197
0.004153728
0.004328966
0.004218102
0.004185915
0.004162550
0.004187346
0.004182339
0.004184246
0.004107952
0.004261017
0.012685537
0.004121065
0.012820721
0.004176140
0.004150629
0.004216194
0.004304886
0.004136324
0.004077435
0.005294323
0.004081488
0.004175901
0.004243851
0.004425764
0.004154682
0.012935877
0.004207373
0.004232883
0.004109621
0.004273415
0.004232883
0.004176617
0.005235910
0.004240513
0.004301310
0.004248381
0.004168272
0.004430771
0.004194975
0.004263878
0.004424572
0.004217386
0.004157305
0.004327536
0.004155636
0.004191160
0.004184961
0.004196882
0.004087925
0.004387379
0.004083395
0.004188776
0.004181147
0.004207134
0.004204988
0.004091740
0.004077196
0.004110098
0.004126787
0.004009962
0.004115820
0.004125595
0.004045248
0.004156113
0.004099846
0.004032373
0.004063368
0.004139662
0.004101992
0.004044771
0.004245758
0.012746572
0.004086971
0.004095316
0.004068136
0.004011154
0.004136324
0.004106283
0.004039526
0.004051208
0.004047632
0.004053831
0.004103661
0.004079103
0.004003286
0.004075289
0.004066944
0.004133463
0.004166126
0.004111052
0.004171848
0.004000425
0.004048824
0.004023075
0.013048410
0.004113674
0.004138708
0.004172087
0.004034758
0.004189730
0.004112482
0.004248142
0.004146814
0.004153490
0.004021645
0.004087925
0.004229307
0.004082441
0.012951136
0.004060030
0.012775183
0.004124880
0.012923241
0.004103184
0.012830496
0.004227638
0.012873173
0.004309654
0.003973722
0.004197598
0.004121304
0.012977839
0.012888193
0.004146814
0.004090786
0.004070044
0.004109859
0.004104137
0.004144907
0.004103661
0.004061460
0.004154444
0.004060268
0.004125118
0.004038572
0.004149437
0.004147530
0.004040956
0.004055500
0.004082918
0.004208088
0.004118443
0.004024029
0.004084110
0.004143953
0.004189968
0.004060984
0.004069567
0.004064083
0.004201412
0.004081249
0.004041672
0.003985167
0.004079819
0.004230022
0.004086018
0.004078150
0.004045963
0.004201412
0.004158735
0.004043102
0.004052877
0.004034042
0.004092216
0.004176855
0.004069090
0.004045248
0.004180193
0.003982306
0.004121065
0.004077435
0.004129410
0.004037619
0.004014730
0.004067183
0.004050732
0.004011869
0.004012346
0.004060268
0.004011154
0.004075527
0.004084349
0.003988504
0.004076958
0.004011154
0.004135609
0.012860298
0.004079103
0.003973961
0.004137039
0.004174471
0.004016161
0.003948450
0.004031181
0.003954172
0.004034758
0.003968954
0.004027605
0.003987551
0.004058123
0.004035234
0.004117966
0.004061460
0.004078388
0.004060984
0.003984690
0.004058123
0.006297827
0.004051685
0.004046440
0.003988028
0.006209373
0.004015923
0.004004955
0.004077196
0.004062176
0.004134893
0.004069090
0.004054785
0.004019976
0.003999233
0.004117727
0.004053593
0.004029274
0.004118681
0.004033089
0.004099846
0.012829304
0.012742281
0.004050493
0.004039049
0.004055262
0.004038811
0.012835503
0.004101992
0.003991842
0.004051924
0.004104853
0.003956556
0.004018307
0.003980637
0.004470348
0.004022121
0.004014730
0.003954172
0.004106045
0.004100323
0.004028082
0.003987312
0.004065275
0.004070997
0.004041910
0.004009008
0.004009962
0.004016161
0.004148483
0.003999949
0.004001141
0.003978729
0.012865543
0.004029989
0.003973961
0.003986359
0.003966093
0.003977299
0.004039288
0.003998756
0.004069328
0.003937006
0.003998756
0.004336834
0.004092932
0.004001856
0.004054546
0.004009485
0.004120350
0.004112244
0.004008055
0.003969669
0.004148006
0.004671574
0.004036903
0.004069328
0.004070759
0.004088640
0.004088402
0.003974915
0.003984213
0.003990889
0.003992319
0.003954411
0.004039288
0.003985405
0.004000902
0.004002571
0.003990889
0.003996611
0.004125118
0.004009962
0.004034042
0.004023552
0.004069805
0.004196405
0.004038095
0.004064560
0.004103661
0.004015446
0.004047394
0.004047155
0.004062414
0.004106522
0.004014969
0.004003286
0.003970861
0.012701511
0.004078865
0.004057407
0.004103661
0.003969908
0.004032850
0.003939867
0.003988981
0.004144907
0.006066084
0.004009724
0.012790680
0.003952026
0.004130125
0.012851477
0.004055262
0.003979683
0.012846470
0.004059792
0.004107237
0.004070520
0.004231691
0.003997087
0.004043102
0.003986835
0.003997326
0.004012585
0.003983498
0.004054546
0.004079580
0.003995419
0.004005671
0.004148960
0.004054546
0.004036903
0.004062414
0.004128218
0.004083395
0.004091740
0.004031420
0.004018784
0.004104376
0.004067659
0.004099846
0.004046679
0.004294634
0.004147530
0.004112720
0.005284786
0.004399061
0.004031181
0.004029989
0.004296064
0.004205465
0.004140854
0.004094362
0.004244566
0.004257202
0.004266024
0.004353762
0.004303455
0.004228115
0.004271746
0.004255772
0.004177809
0.004290581
0.004240990
0.004168749
0.004153013
0.012912035
0.004137278
0.004266977
0.004228354
0.012946844
0.004243374
0.004141808
0.004144669
0.004195452
0.004557371
0.004122019
0.004111767
0.004178762
0.004184484
0.004207611
0.004154921
0.004133224
0.004109859
0.004099369
0.004098892
0.004191399
0.004087925
0.004071236
0.004133701
0.004077673
0.004076004
0.012855053
0.004159451
0.012919188
0.004080534
0.004107952
0.004025221
0.004093409
0.004138470
0.004231215
0.004155159
0.004062414
0.004192114
0.004355907
0.004178762
0.004262209
0.004138470
0.004244566
0.004268646
0.004203558
0.005251408
0.004143238
0.004137516
0.004217148
0.004189491
0.004258871
0.004242897
0.004248857
0.004290342
0.004248381
0.004605532
0.004289865
0.004420042
0.004218340
0.004135847
0.004300594
0.004225254
0.004675150
0.004850149
0.004563808
0.004213333
0.004223347
0.004247427
0.004783869
0.013045788
0.004122257
0.004219532
0.004890203
0.004802465
0.004275799
0.004058838
0.004528046
0.004451275
0.005484581
0.004448175
0.004336596
0.006150484
0.013262033
0.004232168
0.004486322
0.013793945
0.004824877
0.004140377
0.004612684
0.004475117
0.004384995
0.005030632
0.004646778
0.004593372
0.005573511
0.004740953
0.004302263
0.004092693
0.004221916
0.004100800
0.005330324
0.004053831
0.004007816
0.004060745
0.004166365
0.003958225
0.004047394
0.004050970
0.013081312
0.003978729
0.004144907
0.004115343
0.004183531
0.004173040
0.004167557
0.004127502
0.004686356
0.004399061
0.004639149
0.014030218
0.004597902
0.004270554
0.013236046
0.012857437
0.004457951
0.004436970
0.004129887
0.004107714
0.004627943
0.014402628
0.004147053
0.004955053
0.004435301
0.004215956
0.004132509
0.004129410
0.004371881
0.006279945
0.005703926
0.004127741
0.004505157
0.004466057
0.005100965
0.014045715
