0.000243902
0.000244379
0.000271559
0.000277996
0.000322342
0.000236034
0.000424623
0.000270128
0.000276327
0.000263929
0.000272036
0.000276804
0.000267744
0.000294209
0.000234842
0.000260592
0.000288248
0.000305653
0.000270605
0.000302792
0.000337362
0.000334978
0.000339031
0.000265360
0.000268936
0.000357628
0.000269651
0.000289917
0.000332355
0.000339270
0.000323057
0.000382423
0.000340939
0.000235558
0.000329256
0.000352383
0.000329256
0.000331879
0.000337839
0.000333548
0.000334740
0.000326633
0.000327110
0.000393391
0.000328302
0.000327110
0.000278473
0.000332355
0.000301361
0.000329733
0.000327349
0.000334263
0.000360727
0.000310898
0.000259638
0.000240803
0.000331640
0.000329971
0.000282764
0.000333309
0.000403404
0.000340700
0.000331402
0.000365973
0.000266314
0.000329733
0.000359774
0.000332832
0.000299215
0.000344038
0.000329494
0.000358343
0.000374794
0.000263929
0.000237942
0.000246525
0.000219822
0.000281334
0.000282764
0.000278234
0.000307798
0.000276089
0.000235081
0.000237942
0.000248909
0.000226498
0.000233173
0.000245571
0.000276089
0.000282288
0.000201941
0.000237703
0.000221014
0.000173569
0.000214577
0.000259638
0.000251770
0.000329256
0.000392437
0.000350952
0.000264168
0.000319481
0.000245810
0.000320435
0.000226259
0.000293493
0.000290155
0.000209570
0.000215054
0.000204802
0.000355721
0.000257730
0.000190496
0.000255823
0.000290632
0.000221729
0.000203371
0.000231981
0.000197172
0.000328064
0.000217676
0.000241995
0.000244141
0.000311136
0.000225782
0.000322580
0.000194311
0.000195980
0.000366926
0.000195980
0.000194550
0.000282288
0.000328064
0.000250340
0.000233173
0.000269175
0.000256300
0.000224352
0.000289917
0.000218153
0.000274658
0.000354767
0.000326395
0.000258684
0.000323772
0.000327349
0.000342846
0.000195742
0.000227213
0.000280857
0.000313997
0.000324965
0.000271082
0.000360250
0.000334978
0.000339985
0.000271559
0.000223875
0.000334263
0.000240326
0.000222206
0.000324011
0.000248432
0.000338078
0.000213623
0.000276327
0.000274897
0.000274420
0.000246048
0.000325441
0.000480652
0.000243425
0.000314474
0.000266075
0.000275612
0.000328064
0.000244856
0.000253201
0.000215530
0.000240088
0.000226498
0.000308990
0.000284195
0.000256777
0.000268936
0.000245094
0.000309706
0.000317812
0.000312328
0.000310659
0.000335693
0.000334024
0.000336885
0.000267267
0.000267744
0.000323534
0.000295639
0.000332832
0.000261545
0.000331879
0.000296593
0.000337601
0.000331402
0.000364304
0.000291348
0.000222206
0.000343800
0.000335455
0.000337839
0.000222921
0.000298262
0.000332594
0.000335217
0.000329256
0.000361204
0.000332117
0.000334024
0.000332832
0.000264645
0.000330925
0.000331402
0.000365257
0.000231028
0.000259399
0.000278473
0.000335217
0.000334501
0.000359058
0.000340223
0.000316381
0.000331163
0.000329733
0.000361443
0.000331879
0.000267506
0.000351429
0.000435352
0.000336885
0.000334263
0.000400543
0.000300646
0.000273228
0.000285625
0.000236988
0.000287533
0.000459433
0.000314951
0.000338316
0.000302792
0.000316143
0.000243664
0.000246048
0.000266075
0.000314236
0.000255108
0.000268936
0.000272989
0.000272274
0.000277996
0.000269413
0.000293493
0.000225067
0.000255346
0.000236511
0.000268936
0.000266314
0.000303030
0.000318766
0.000223160
0.000255585
0.000281096
0.000253439
0.000230074
0.000212908
0.000301600
0.000322580
0.000237226
0.000246048
0.000286102
0.000252724
0.000254154
0.000346899
0.000241756
0.000246286
0.000247717
0.000266075
0.000324011
0.000329018
0.000271559
0.000326633
0.000327587
0.000353098
0.000320196
0.000314474
0.000334740
0.000329018
0.000255108
0.000291109
0.000330448
0.000324249
0.000319004
0.000329971
0.000313997
0.000331640
0.000322819
0.000387192
0.000316858
0.000257492
0.000269651
0.000279665
0.000263453
0.000208139
0.000235319
0.000221729
0.000312567
0.000257254
0.000242472
0.000271559
0.000311375
0.000245571
0.000293255
0.000338316
0.000335455
0.000219107
0.000215054
0.000252962
0.000226021
0.000202179
0.000267029
0.000347853
0.000336170
0.000340462
0.000198364
0.000199556
0.000278473
0.000283241
0.000335693
0.000301361
0.000422001
0.000341892
0.000329256
0.000353813
0.000329733
0.000332832
0.000369549
0.000327349
0.000335693
0.000298977
0.000331163
0.000326157
0.000297070
0.000260115
0.000217676
0.000257492
0.000303984
0.000243187
0.000290155
0.000252008
0.000331163
0.000343561
0.000303268
0.000333071
0.000335693
0.000236511
0.000353813
0.000337362
0.000322819
0.000362873
0.000334024
0.000257492
0.000289440
0.000273943
0.000333786
0.000396729
0.000251532
0.000237703
0.000267506
0.000247955
0.000269175
0.000223875
0.000309706
0.000230551
0.000273943
0.000265837
0.000345945
0.000333071
0.000334263
0.000353813
0.000326633
0.000327826
0.000303984
0.000330448
0.000300407
0.000338078
0.000321627
0.000250101
0.000370026
0.000326157
0.000337362
0.000331163
0.000329018
0.000336409
0.000333786
0.000327587
0.000330925
0.000258923
0.000336885
0.000241041
0.000263453
0.000329733
0.000331402
0.000357628
0.000334978
0.000343800
0.000347137
0.000312328
0.000235558
0.000324965
0.000325680
0.000326872
0.000324965
0.000306606
0.000331402
0.000206947
0.000327110
0.000327349
0.000323534
0.000335693
0.000328779
0.000340462
0.000252485
0.000299215
0.000351429
0.000258446
0.000299931
0.000354290
0.000262737
0.000338793
0.000351667
0.000326872
0.000341177
0.000329018
0.000324249
0.000325441
0.000269890
0.000260115
0.000278950
0.000199795
0.000263453
0.000275135
0.000238419
0.000258923
0.000278950
0.000274181
0.000275612
0.000282526
0.000275373
0.000263453
0.000300169
0.000273943
0.000342846
0.000325441
0.000363827
0.000355005
0.000344753
0.000361681
0.000335217
0.000335693
0.000326157
0.000333071
0.000337362
0.000235796
0.000332355
0.000333309
0.000327587
0.000329018
0.000333309
0.000321150
0.000332594
0.000331879
0.000318527
0.000332117
0.000355482
0.000350475
0.000343561
0.000327587
0.000269890
0.000332117
0.000330925
0.000349045
0.000358582
0.000336647
0.000299692
0.000275850
0.000345230
0.000334024
0.000334501
0.000332594
0.000332594
0.000333786
0.000328302
0.000332355
0.000334501
0.000330687
0.000293255
0.000328541
0.000292301
0.000331640
0.000333309
0.000331640
0.000337124
0.000332117
0.000311613
0.000335693
0.000239611
0.000255823
0.000284910
0.000279427
0.000268936
0.000268459
0.000272274
0.000293732
0.000283718
0.000244856
0.000267267
0.000414610
0.000293016
0.000288248
0.000236273
0.000308275
0.000360489
0.000329494
0.000333786
0.000328064
0.000333548
0.000314713
0.000328779
0.000284433
0.000328779
0.000328302
0.000235081
0.000328541
0.000327587
0.000326872
0.000329971
0.000332355
0.000333071
0.000345469
0.000334263
0.000330687
0.000330210
0.000328302
0.000333309
0.000287056
0.000332117
0.000334978
0.000292778
0.000284910
0.000330210
0.000360966
0.000335217
0.000305414
0.000283241
0.000283480
0.000278473
0.000278473
0.000356913
0.000259399
0.000359535
0.000330448
0.000248432
0.000298977
0.000271082
0.000249386
0.000308275
0.000255108
0.000239611
0.000278234
0.000260830
0.000251532
0.000254631
0.000254869
0.000279188
0.000253201
0.000232697
0.000250340
0.000241995
0.000288963
0.000259638
0.000292301
0.000262976
0.000312805
0.000297070
0.000317097
0.000266790
0.000287771
0.000280619
0.000254869
0.000293493
0.000267982
0.000295877
0.000268698
0.000277281
0.000259161
0.000262737
0.000265360
0.000237226
0.000264883
0.000265360
0.000268936
0.000261784
0.000232697
0.000407457
0.000282288
0.000267267
0.000241280
0.000267029
0.000234365
0.000308275
0.000294447
0.000302076
0.000292778
0.000281572
0.000239372
0.000237942
0.000267506
0.000236034
0.000204325
0.000321388
0.000213623
0.000235081
0.000266790
0.000266314
0.000264406
0.000265121
0.000274420
0.000326872
0.000272036
0.000239611
0.000272274
0.000268698
0.000247955
0.000241995
0.000240803
0.000334024
0.000245571
0.000365496
0.000360250
0.000207663
0.000220060
0.000327110
0.000328779
0.000293970
0.000337839
0.000322104
0.000335693
0.000333548
0.000332117
0.000333071
0.000335217
0.000256777
0.000338554
0.000328541
0.000332832
0.000336647
0.000322580
0.000332355
0.000358582
0.000338793
0.000302076
0.000359297
0.000339270
0.000334978
0.000358582
0.000364780
0.000355005
0.000334740
0.000334263
0.000334263
0.000334024
0.000328064
0.000333786
0.000322819
0.000335455
0.000330448
0.000329971
0.000336885
0.000336170
0.000330687
0.000329733
0.000330925
0.000333548
0.000334501
0.000333786
0.000361204
0.000338078
0.000305414
0.000356913
0.000341177
0.000334263
0.000359535
0.000293732
0.000334263
0.000364065
0.000285387
0.000227928
0.000355005
0.000366211
0.000187397
0.000296354
0.000203371
0.000196934
0.000259876
0.000227928
0.000329256
0.000229120
0.000286341
0.000207186
0.000241756
0.000200987
0.000255108
0.000279427
0.000229597
0.000195026
0.000275373
0.000230312
0.000206709
0.000275850
0.000231266
0.000282764
0.000212669
0.000204563
0.000285625
0.000272512
0.000265360
0.000285149
0.000257254
0.000223398
0.000259876
0.000273228
0.000254154
0.000267744
0.000271320
0.000270605
0.000261307
0.000236988
0.000274181
0.000260830
0.000272274
0.000225306
0.000251293
0.000348091
0.000241041
0.000317097
0.000256062
0.000326157
0.000405073
0.000284672
0.000297785
0.000517845
0.000280619
0.000237226
0.000240564
0.000233173
0.000272512
0.000229597
0.000235081
0.000234604
0.000271320
0.000270844
0.000271559
0.000236273
0.000233173
0.000267506
0.000243187
0.000233173
0.000216722
0.000295401
0.000245571
0.000244141
0.000260592
0.000202894
0.000201464
0.000281096
0.000368834
0.000314951
0.000348806
0.000264645
0.000265837
0.000268459
0.000202894
0.000189543
0.000257730
0.000198603
0.000251293
0.000248194
0.000190735
0.000304937
0.000256777
0.000195026
0.000269890
0.000309229
0.000194311
0.000257730
0.000519753
0.000276566
0.000236750
0.000212669
0.000200272
0.000296116
0.000257730
0.000321865
0.000269175
0.000419855
0.000226021
0.000409126
0.000227213
0.000194311
0.000273705
0.000227690
0.000502825
0.000273705
0.000308752
0.000224352
0.000200748
0.000225306
0.000272751
0.000279427
0.000200987
0.000347614
0.000310898
0.000359297
0.000200033
0.000240564
0.000271559
0.000349522
0.000312328
0.000224829
0.000268221
0.000236988
0.000241756
0.000301361
0.000330210
0.000334501
0.000335932
0.000334263
0.000335693
0.000342846
0.000331879
0.000330210
0.000316381
0.000336647
0.000291109
0.000327826
0.000223637
0.000338316
0.000344992
0.000321150
0.000305653
0.000352144
0.000350475
0.000351429
0.000366211
0.000364065
0.000267506
0.000273705
0.000333071
0.000334978
0.000334740
0.000329494
0.000240564
0.000237703
0.000317335
0.000341892
0.000335455
0.000330687
0.000319719
0.000247002
0.000332594
0.000298023
0.000250578
0.000327349
0.000331640
0.000266075
0.000314713
0.000357389
0.000361443
0.000353336
0.000246525
0.000273705
0.000362873
0.000298500
0.000349760
0.000318766
0.000329733
0.000358820
0.000327826
0.000261307
0.000330448
0.000328064
0.000324488
0.000216961
0.000329971
0.000328302
0.000331402
0.000330925
0.000230789
0.000326872
0.000326395
0.000319481
0.000338793
0.000337124
0.000313282
0.000274658
0.000332355
0.000346899
0.000304699
0.000362873
0.000356436
0.000360727
0.000311375
0.000307798
0.000329971
0.000326872
0.000329971
0.000323772
0.000331163
0.000328541
0.000333548
0.000330687
0.000312328
0.000335693
0.000318289
0.000332117
0.000338793
0.000331879
0.000243664
0.000357389
0.000340223
0.000309944
0.000351906
0.000358343
0.000305653
0.000356913
0.000354290
0.000351191
0.000362635
0.000329971
0.000331402
0.000333548
0.000258446
0.000334501
0.000334740
0.000331402
0.000340223
0.000282764
0.000329733
0.000333309
0.000333786
0.000332117
0.000331163
0.000334978
0.000337362
0.000339985
0.000287294
0.000331640
0.000314713
0.000355721
0.000337839
0.000302792
0.000305414
0.000366449
0.000350475
0.000332832
0.000332832
0.000253916
0.000337601
0.000330210
0.000330687
0.000326157
0.000254393
0.000328779
0.000336885
0.000330210
0.000332594
0.000293732
0.000310659
0.000332594
0.000313520
0.000333309
0.000296116
0.000245094
0.000261307
0.000280857
0.000299215
0.000287294
0.000426054
0.000305653
0.000293493
