0.000280142
0.000295639
0.000275135
0.000311613
0.000331402
0.000301838
0.000309229
0.000334978
0.000306845
0.000272512
0.000271082
0.000318289
0.000309944
0.000304699
0.000308037
0.000295162
0.000310421
0.000306368
0.000331402
0.000261068
0.000225782
0.000318050
0.000240803
0.000227213
0.000210047
0.000360012
0.000205994
0.000217915
0.000242710
0.000266790
0.000269651
0.000231266
0.000293493
0.000282764
0.000235558
0.000250578
0.000237465
0.000211954
0.000218153
0.000232935
0.000234127
0.000252008
0.000297070
0.000203609
0.000293732
0.000208616
0.000253677
0.000251770
0.000244379
0.000285625
0.000246525
0.000298023
0.000241995
0.000253677
0.000236988
0.000236988
0.000228882
0.000312805
0.000244617
0.000244141
0.000188112
0.000223875
0.000179768
0.000216246
0.000236988
0.000303745
0.000311852
0.000325680
0.000301123
0.000212908
0.000244379
0.000209093
0.000329733
0.000220299
0.000273943
0.000364304
0.000213146
0.000281811
0.000261784
0.000197887
0.000199080
0.000253916
0.000202179
0.000195980
0.000216722
0.000341415
0.000215292
0.000283480
0.000186205
0.000188589
0.000321627
0.000175953
0.000241518
0.000232935
0.000302315
0.000262976
0.000198126
0.000250340
0.000265360
0.000313282
0.000317097
0.000200272
0.000178576
0.000180006
0.000179291
0.000212908
0.000200748
0.000195503
0.000185013
0.000198841
0.000180483
0.000362635
0.000220537
0.000242710
0.000307560
0.000302553
0.000204802
0.000261545
0.000221014
0.000309467
0.000248194
0.000303030
0.000403881
0.000171185
0.000280380
0.000203133
0.000186920
0.000205040
0.000217676
0.000276566
0.000308990
0.000300646
0.000297308
0.000270367
0.000203609
0.000231981
0.000260830
0.000214338
0.000301600
0.000307798
0.000265360
0.000174761
0.000248194
0.000199318
0.000223160
0.000304699
0.000253916
0.000238657
0.000220299
0.000174046
0.000202656
0.000213861
0.000218391
0.000251770
0.000195026
0.000211716
0.000186443
0.000173092
0.000208616
0.000205755
0.000177383
0.000226736
0.000209332
0.000227928
0.000226974
0.000248194
0.000220537
0.000237942
0.000257492
0.000239849
0.000253916
0.000234365
0.000272989
0.000168800
0.000198841
0.000205755
0.000232458
0.000237465
0.000189543
0.000239611
0.000209570
0.000229120
0.000213861
0.000177145
0.000230074
0.000155687
0.000213623
0.000335455
0.000210762
0.000272989
0.000235796
0.000251055
0.000257254
0.000263214
0.000238895
0.000233650
0.000198126
0.000274658
0.000185966
0.000249386
0.000319481
0.000213623
0.000266314
0.000308275
0.000314713
0.000324488
0.000248194
0.000281334
0.000203371
0.000306368
0.000196218
0.000241995
0.000236034
0.000233650
0.000264168
0.000232935
0.000203609
0.000213385
0.000249863
0.000202179
0.000249863
0.000240803
0.000233650
0.000262976
0.000326395
0.000236034
0.000210285
0.000206947
0.000249624
0.000202894
0.000236273
0.000329256
0.000230551
0.000220537
0.000224829
0.000310183
0.000231266
0.000228882
0.000287056
0.000229120
0.000225306
0.000233650
0.000334024
0.000332832
0.000224590
0.000364780
0.000308275
0.000224113
0.000232697
0.000207901
0.000199795
0.000204086
0.000203609
0.000203133
0.000266314
0.000302076
0.000300646
0.000240326
0.000228405
0.000277281
0.000226259
0.000172377
0.000301838
0.000203609
0.000252485
0.000235796
0.000221252
0.000248432
0.000218153
0.000198126
0.000213385
0.000218630
0.000219345
0.000287056
0.000178814
0.000211716
0.000224590
0.000260115
0.000207424
0.000248671
0.000159502
0.000238180
0.000303745
0.000206470
0.000254393
0.000217199
0.000211239
0.000293493
0.000295639
0.000141621
0.000169754
0.000255346
0.000144005
0.000169754
0.000164986
0.000205755
0.000173569
0.000138044
0.000181675
0.000304699
0.000227451
0.000208139
0.000204563
0.000168562
0.000181198
0.000182390
0.000181437
0.000173092
0.000193596
0.000187159
0.000288010
0.000276327
0.000183582
0.000252724
0.000215769
0.000167608
0.000298023
0.000254631
0.000207186
0.000214100
0.000203848
0.000285625
0.000236988
0.000206947
0.000223398
0.000266552
0.000306606
0.000275373
0.000330448
0.000314236
0.000187874
0.000312090
0.000281572
0.000289202
0.000333309
0.000267506
0.000233650
0.000219822
0.000213623
0.000233173
0.000231266
0.000232220
0.000232935
0.000249386
0.000216722
0.000236273
0.000232935
0.000248909
0.000261068
0.000199080
0.000214815
0.000232458
0.000233173
0.000158787
0.000234127
0.000211000
0.000220537
0.000215530
0.000207424
0.000297070
0.000226498
0.000243187
0.000300407
0.000210047
0.000250101
0.000266314
0.000211239
0.000215530
0.000214815
0.000232935
0.000290155
0.000212431
0.000256300
0.000246048
0.000283957
0.000207186
0.000216961
0.000262499
0.000267267
0.000210047
0.000333071
0.000221014
0.000222445
0.000325918
0.000243187
0.000159740
0.000234604
0.000240326
0.000210524
0.000224113
0.000257254
0.000337839
0.000224352
0.000245094
0.000353813
0.000231504
0.000302792
0.000204802
0.000263929
0.000293970
0.000292063
0.000273705
0.000305653
0.000264168
0.000213623
0.000205994
0.000230074
0.000236511
0.000246286
0.000195980
0.000270844
0.000270844
0.000174284
0.000175953
0.000304461
0.000229359
0.000190973
0.000229359
0.000220299
0.000235558
0.000279188
0.000253439
0.000221014
0.000207186
0.000192165
0.000183105
0.000259161
0.000210047
0.000206947
0.000201941
0.000219345
0.000193834
0.000210047
0.000237465
0.000237942
0.000252008
0.000193119
0.000301123
0.000331163
0.000283241
0.000307798
0.000335932
0.000305891
0.000305653
0.000319958
0.000225544
0.000294685
0.000313997
0.000283241
0.000273705
0.000195742
0.000216484
0.000313282
0.000307560
0.000306129
0.000332117
0.000305891
0.000313044
0.000281334
0.000308514
0.000308514
0.000334740
0.000228167
0.000303268
0.000280380
0.000311136
0.000240803
0.000254393
0.000298262
0.000305891
0.000291348
0.000215530
0.000212431
0.000218391
0.000237465
0.000248671
0.000235558
0.000335217
0.000268936
0.000251770
0.000499964
0.000211000
0.000251055
0.000292063
0.000231266
0.000184298
0.000205278
0.000240564
0.000331163
0.000199080
0.000249386
0.000214577
0.000300884
0.000242472
0.000205994
0.000257730
0.000265121
0.000260115
0.000219345
0.000267744
0.000295401
0.000292301
0.000287771
0.000294685
0.000289679
0.000391722
0.000303984
0.000335932
0.000305891
0.000262737
0.000318050
0.000306606
0.000268459
0.000319242
0.000306368
0.000226021
0.000216961
0.000258684
0.000253201
0.000269651
0.000295401
0.000198364
0.000597000
0.000274420
0.000288010
0.000257015
0.000255346
0.000196934
0.000213385
0.000212193
0.000214815
0.000211954
0.000213146
0.000276327
0.000271797
0.000213861
0.000221729
0.000241041
0.000266790
0.000277758
0.000210047
0.000225306
0.000212193
0.000212193
0.000212669
0.000214100
0.000210762
0.000248671
0.000211954
0.000213623
0.000247955
0.000215530
0.000244617
0.000251770
0.000212431
0.000212193
0.000181198
0.000251055
0.000212193
0.000248432
0.000211954
0.000238657
0.000255346
0.000273466
0.000235796
0.000236988
0.000275850
0.000213623
0.000215530
0.000212431
0.000217438
0.000247955
0.000213623
0.000209570
0.000216246
0.000312090
0.000310898
0.000272989
0.000265360
0.000282764
0.000237226
0.000241041
0.000309229
0.000309467
0.000305414
0.000328541
0.000311852
0.000329018
0.000243664
0.000286818
0.000278950
0.000268698
0.000306368
0.000279188
0.000245094
0.000243664
0.000234127
0.000251055
0.000248432
0.000251055
0.000219345
0.000255108
0.000238419
0.000248432
0.000233889
0.000218153
0.000248909
0.000251532
0.000257254
0.000250578
0.000252247
0.000251770
0.000252485
0.000275135
0.000248909
0.000265837
0.000257015
0.000280619
0.000277042
0.000277758
0.000254869
0.000277519
0.000269413
0.000249863
0.000250816
0.000250578
0.000246763
0.000251770
0.000254154
0.000248909
0.000224352
0.000250816
0.000251293
0.000247717
0.000224829
0.000214100
0.000249624
0.000250101
0.000254154
0.000248671
0.000278950
0.000274897
0.000282288
0.000222921
0.000244617
0.000274181
0.000272751
0.000275612
0.000216722
0.000251055
0.000253677
0.000255108
0.000252485
0.000218153
0.000249624
0.000216961
0.000249147
0.000218153
0.000250578
0.000217915
0.000216007
0.000252724
0.000246048
0.000248432
0.000221729
0.000253677
0.000241041
0.000248909
0.000268459
0.000256300
0.000220776
0.000265837
0.000278234
0.000282049
0.000252962
0.000273466
0.000249863
0.000249863
0.000251770
0.000234604
0.000252485
0.000250578
0.000250340
0.000218868
0.000249386
0.000247478
0.000245333
0.000253439
0.000254154
0.000250578
0.000218868
0.000249147
0.000252008
0.000248671
0.000271082
0.000239134
0.000257969
0.000224352
0.000174522
0.000251770
0.000241995
0.000213146
0.000229359
0.000225782
0.000261307
0.000206232
0.000203848
0.000206947
0.000205040
0.000200987
0.000200748
0.000232220
0.000244141
0.000215769
0.000253439
0.000203133
0.000208855
0.000215054
0.000205040
0.000208378
0.000209093
0.000211477
0.000200272
0.000272512
0.000250101
0.000244856
0.000221014
0.000233412
0.000230789
0.000260830
0.000244856
0.000244379
0.000243425
0.000250101
0.000244379
0.000251532
0.000250101
0.000247240
0.000206232
0.000234604
0.000205517
0.000217438
0.000209808
0.000225782
0.000211239
0.000213385
0.000251770
0.000242949
0.000266790
0.000256777
0.000199318
0.000268936
0.000236988
0.000198841
0.000203848
0.000241041
0.000224590
0.000220537
0.000224590
0.000253916
0.000234365
0.000230312
0.000224352
0.000168324
0.000213861
0.000177860
0.000209332
0.000279665
0.000208616
0.000200510
0.000178814
0.000187159
0.000185013
0.000201225
0.000180006
0.000274658
0.000300646
0.000164270
0.000292063
0.000243425
0.000228405
0.000263453
0.000260353
0.000206709
0.000252724
0.000230074
0.000211239
0.000333786
0.000258446
0.000300407
0.000204325
0.000217915
0.000207663
0.000253916
0.000238180
0.000202656
0.000211954
0.000237703
0.000232935
0.000233889
0.000295877
0.000296116
0.000241280
0.000229836
0.000213623
0.000262260
0.000226259
0.000220060
0.000258684
0.000228882
0.000257730
0.000267267
0.000303984
0.000220060
0.000204802
0.000238180
0.000224829
0.000247717
0.000276566
0.000272036
0.000233412
0.000289917
0.000247717
0.000204802
0.000200033
0.000222921
0.000228882
0.000192642
0.000245094
0.000216961
0.000201464
0.000265598
0.000247240
0.000243664
0.000269413
0.000250816
0.000317812
0.000275612
0.000406742
0.000212908
0.000208855
0.000337839
0.000200987
0.000270367
0.000289917
0.000220299
0.000311613
0.000235081
0.000201464
0.000175714
0.000213385
0.000207186
0.000206470
0.000229120
0.000223160
0.000195265
0.000256062
0.000305891
0.000274420
0.000334263
0.000212431
0.000237226
0.000228643
0.000286102
0.000385284
0.000242949
0.000259161
0.000311852
0.000197172
0.000216007
0.000207186
0.000292063
0.000192404
0.000207663
0.000208855
0.000202656
0.000260830
0.000267267
0.000316858
0.000266552
0.000268221
0.000264883
0.000294685
0.000314474
0.000198603
0.000271082
0.000240564
0.000311375
0.000328541
0.000277519
0.000324965
0.000331402
0.000300646
0.000259399
0.000262022
0.000297785
0.000287294
0.000235081
0.000304222
0.000298500
0.000305414
0.000234127
0.000304461
0.000301361
0.000302076
0.000237226
0.000302792
0.000327587
0.000310659
0.000311375
0.000312090
0.000261307
0.000305414
0.000333071
0.000310898
0.000271320
0.000301361
0.000306368
0.000302553
0.000302315
0.000282288
0.000302076
0.000299692
0.000303984
0.000265598
0.000267982
0.000306129
0.000298023
0.000304461
0.000301600
0.000301361
0.000265598
0.000296831
0.000247002
0.000223398
0.000237465
0.000219584
0.000228405
0.000236750
0.000217676
0.000291348
0.000256777
0.000317335
0.000205755
0.000192165
0.000211239
0.000238419
0.000270367
0.000285387
0.000332117
0.000231504
0.000202179
0.000321150
0.000197887
0.000218391
0.000213385
0.000212431
0.000241041
0.000226974
0.000208855
0.000200987
0.000308037
0.000214100
0.000244141
0.000234604
0.000308990
0.000205517
0.000450850
0.000207186
0.000315189
0.000262260
0.000309467
0.000208139
0.000229836
0.000293016
0.000308752
0.000235558
0.000241756
0.000310898
0.000302553
0.000307798
0.000233173
0.000234842
0.000238419
0.000305891
0.000311613
0.000329256
0.000324249
0.000234127
0.000255346
0.000251055
0.000333548
0.000326633
0.000254154
0.000301600
0.000301838
0.000231504
0.000334263
0.000297308
