0.011468172
0.000937700
0.010991573
0.000799656
0.000974894
0.000680208
0.000771284
0.000850677
0.000929832
0.000720263
0.000861168
0.000746012
0.000782967
0.000808239
0.010878325
0.000981569
0.001075983
0.000756502
0.000730991
0.000827074
0.000986814
0.000839949
0.000857115
0.000963926
0.000823498
0.000919342
0.000814199
0.000778675
0.000841856
0.000935316
0.010964632
0.000883818
0.000742435
0.001162767
0.000768900
0.000608683
0.000675678
0.000731707
0.000768185
0.001001358
0.000808716
0.000873327
0.000883579
0.000905991
0.000746727
0.000899553
0.000992298
0.001015663
0.000905514
0.011473417
0.000913382
0.000710011
0.000781059
0.000659466
0.000950813
0.000888348
0.000815868
0.000887871
0.000670910
0.010913134
0.011023283
0.011134148
0.001004219
0.000705242
0.011064053
0.000995159
0.000944376
0.011509657
0.011424303
0.000880003
0.001003265
0.000969172
0.000874519
0.000860691
0.011381149
0.000892878
0.000933886
0.010856390
0.000998974
0.000989437
0.000838995
0.000990868
0.000842333
0.011569262
0.000984907
0.000868320
0.001020908
0.000981092
0.000892401
0.000854969
0.000855207
0.000999451
0.000908375
0.001031160
0.001016855
0.000970602
0.000887156
0.001004934
0.011450052
0.000883818
0.000914335
0.000842810
0.000853777
0.000838518
0.000841618
0.000823021
0.000872850
0.011283875
0.000859976
0.000876665
0.000766039
0.011162043
0.000841379
0.000925064
0.000937223
0.000682831
0.000796556
0.000809908
0.000751495
0.000884771
0.000875473
0.000805378
0.000821829
0.000834465
0.000870228
0.000882387
0.000839233
0.000828028
0.000760317
0.000878096
0.000816345
0.000827789
0.000872612
0.000754595
0.000821829
0.000830889
0.000890732
0.000815392
0.011137724
0.000854015
0.000733137
0.000830650
0.000644207
0.011366844
0.000878572
0.000833750
0.000801802
0.000910997
0.000885725
0.000819206
0.011312485
0.000825405
0.000731230
0.000860929
0.000739098
0.011523724
0.000826120
0.000807524
0.000670195
0.000831366
0.000708342
0.000827551
0.000821829
0.000873089
0.000687599
0.000885010
0.000623941
0.000718832
0.000781536
0.000946283
0.001266479
0.001341105
0.000624657
0.000769854
0.000650644
0.000724554
0.000815153
0.000804424
0.000767708
0.000692129
0.011029243
0.000651598
0.000682116
0.000697613
0.000680208
0.000614882
0.010962486
0.000816822
0.011133432
0.011027575
0.000736713
0.000697136
0.000654459
0.000597239
0.000664949
0.000758886
0.000836134
0.000889540
0.000832319
0.000784636
0.000822067
0.000998735
0.000589132
0.000840425
0.000856161
0.000814676
0.000802279
0.000823975
0.000888824
0.000887632
0.000894070
0.000839949
0.011342764
0.010869503
0.000627756
0.000617504
0.010909557
0.000640154
0.011090040
0.011236668
0.000674248
0.000628471
0.000621557
0.000598669
0.000603676
0.000662327
0.000605822
0.010835409
0.000672102
0.010908365
0.000773430
0.000701427
0.000670671
0.000886440
0.010993481
0.000838757
0.000663280
0.000831842
0.000887871
0.000734091
0.000760794
0.000912666
0.000889301
0.000867128
0.000899315
0.000822067
0.011053324
0.000655890
0.000888109
0.000873327
0.000869751
0.000803232
0.000931978
0.000833511
0.011079788
0.000862122
0.000821114
0.011211634
0.011351585
0.000936270
0.000837564
0.000802994
0.000824690
0.000885248
0.000881672
0.000874519
0.000906467
0.000896215
0.000878572
0.011238575
0.000844479
0.000812292
0.000844955
0.000863552
0.000818491
0.000822067
0.000868797
0.000828266
0.000894785
0.000834465
0.000821590
0.000899553
0.010971546
0.000890255
0.000836611
0.000882864
0.000828743
0.000995874
0.000880718
0.000884056
0.000927925
0.011042118
0.000930071
0.000835180
0.000880241
0.000940084
0.000827312
0.000817776
0.000888348
0.000803471
0.010890245
0.000832081
0.010964394
0.000820875
0.000689030
0.000888109
0.000885963
0.000822067
0.000863791
0.000820637
0.000907660
0.000680923
0.000676870
0.000827074
0.000815153
0.000844955
0.000859261
0.000751257
0.000852346
0.000886202
0.000917912
0.000883818
0.000894547
0.000849247
0.000908136
0.000973940
0.000921011
0.000910282
0.000959396
0.000901222
0.000948906
0.011436224
0.000845671
0.000957251
0.000915051
0.000818729
0.000921011
0.000933409
0.000876904
0.000965357
0.000823021
0.000774384
0.000913143
0.000908852
0.000867128
0.000925303
0.001310587
0.000934839
0.000808477
0.011122942
0.000866413
0.000733137
0.000750542
0.000715733
0.011188507
0.000662327
0.000770330
0.000766516
0.000818014
0.000616312
0.000688791
0.000820160
0.000716448
0.000645161
0.000796795
0.000796556
0.000774860
0.000790119
0.000806570
0.000800133
0.011009693
0.000636101
0.000905514
0.000840902
0.000773907
0.000775337
0.000824928
0.000836611
0.010954142
0.000825882
0.011117458
0.000824213
0.011006594
0.000621796
0.000773668
0.000814199
0.000818014
0.000811100
0.000877142
0.000697136
0.000848293
0.000873566
0.000815630
0.000834942
0.000827551
0.000813246
0.000818491
0.000806570
0.000895500
0.000834703
0.000824928
0.000804901
0.011038780
0.000813723
0.000840187
0.000832081
0.000832319
0.000813484
0.000878096
0.000834703
0.000828505
0.010816574
0.000874996
0.000807524
0.000733852
0.000851154
0.000824451
0.000803232
0.000810623
0.000820637
0.000820160
0.000807285
0.000801086
0.000797033
0.000829935
0.000872850
0.000836611
0.000835180
0.000844002
0.000880480
0.000822783
0.000818491
0.011182070
0.000839710
0.000889540
0.000813246
0.000880241
0.011201143
0.000779152
0.000840425
0.000804901
0.000752687
0.000794172
0.000800133
0.000813484
0.000818968
0.000848532
0.000782728
0.000838280
0.000833511
0.000805378
0.000883102
0.000874043
0.000831366
0.000809908
0.000921726
0.000789881
0.000816107
0.000818729
0.000836849
0.000814438
0.000836611
0.011437178
0.000819921
0.000830412
0.000856161
0.000874043
0.000800371
0.000835180
0.000689507
0.000739574
0.000913858
0.000787973
0.000799656
0.000679970
0.000815868
0.000852823
0.000840425
0.000795603
0.000843048
0.000796318
0.000700951
0.000844717
0.000693083
0.000876427
0.000875711
0.000658274
0.000817299
0.000823736
0.011574745
0.000803232
0.000802040
0.000823975
0.000818729
0.000816822
0.000876188
0.000817537
0.000826836
0.000880480
0.000829935
0.010902405
0.000808477
0.000880718
0.000799417
0.001128674
0.000812769
0.000796795
0.000788689
0.000811100
0.000686169
0.000797510
0.000808239
0.000816107
0.000651121
0.001276255
0.000852823
0.000800133
0.000672579
0.000804424
0.000794172
0.000889301
0.000857592
0.000830173
0.000804186
0.000804663
0.000824928
0.000889063
0.000849485
0.000793457
0.000654936
0.000807524
0.000837088
0.000727177
0.000803232
0.000826836
0.001724482
0.000811815
0.000821590
0.000806570
0.000807285
0.000840425
0.000831127
0.000823021
0.000719786
0.010848522
0.000910521
0.000870943
0.000876904
0.000816822
0.000880718
0.000878572
0.000807047
0.000796795
0.000879049
0.000829220
0.011235952
0.000992060
0.000666857
0.000804186
0.000787497
0.000785589
0.000763178
0.000804663
0.000823975
0.000792503
0.001470566
0.011326313
0.000813246
0.000877142
0.000784159
0.000801802
0.000817299
0.011275768
0.000800848
0.000821829
0.000804901
0.000814438
0.000788212
0.000794411
0.000861645
0.000775337
0.000864267
0.000795603
0.000820398
0.000814676
0.000852823
0.000808477
0.000826836
0.000839949
0.000793457
0.000847101
0.000809669
0.000759840
0.000859499
0.000832319
0.000826597
0.011353493
0.000854015
0.000697136
0.000862837
0.000825405
0.000854492
0.000703573
0.000869036
0.000790834
0.000866175
0.000731230
0.000823498
0.000772715
0.000809431
0.000823021
0.000606537
0.000807762
0.000794649
0.000840187
0.000814199
0.000797272
0.010987997
0.000818968
0.000819921
0.000799894
0.000639200
0.000823975
0.000826836
0.000882626
0.000807762
0.000869513
0.000648022
0.011217356
0.000889301
0.000823975
0.011292458
0.000831366
0.000810862
0.000825167
0.000869989
0.000810862
0.000612497
0.000824451
0.000816822
0.000919104
0.000627518
0.000818253
0.000841618
0.010956526
0.000824928
0.000638247
0.000822544
0.000828981
0.001053333
0.000828266
0.000605106
0.000828981
0.000832558
0.000819921
0.000616312
0.000830889
0.001041651
0.000872850
0.000652313
0.000852585
0.000833988
0.000821829
0.000863075
0.011522293
0.000885010
0.000884771
0.000932455
0.000830650
0.000885248
0.000842094
0.000895977
0.000797987
0.000669956
0.000876904
0.000939846
0.000811338
0.000801325
0.000793219
0.000878334
0.000849009
0.000864506
0.000586748
0.000662565
0.000632048
0.010988951
0.000873804
0.000864267
0.000808239
0.000838757
0.000820875
0.000818491
0.000798464
0.000859261
0.000851393
0.000790834
0.000815630
0.000818968
0.000968456
0.000841856
0.000882149
0.000822067
0.000778913
0.000848770
0.000853062
0.000842094
0.000799179
0.000817776
0.000846624
0.000850677
0.000798225
0.001027584
0.000657320
0.000753164
0.011444569
0.000580311
0.000792265
0.010789156
0.000649929
0.000821829
0.000566006
0.000831366
0.000810146
0.000585794
0.000816822
0.000864029
0.000824451
0.000900984
0.000785828
0.000842810
0.000878096
0.000876904
0.000887632
0.000826359
0.000614166
0.000885725
0.000766993
0.000908613
0.000897169
0.000601292
0.000859022
0.000603914
0.000645399
0.000749588
0.000602722
0.000984192
0.000764847
0.010764837
0.011044025
0.000665903
0.000905514
0.000904799
0.000668526
0.000875950
0.000771999
0.010989189
0.000635386
0.000798941
0.000904799
0.000886917
0.000782728
0.000810146
0.000764847
0.000809669
0.000938654
0.000833988
0.000778437
0.000830650
0.000915051
0.000744343
0.000852585
0.000648975
0.000832081
0.000737667
0.000828028
0.000794649
0.000686407
0.000757933
0.000730991
0.000743151
0.000872850
0.000680447
0.000874519
0.010691404
0.011130333
0.000597000
0.000613928
0.000793457
0.010886669
0.010885239
0.000767231
0.000828505
0.011246443
0.000827551
0.011336803
0.000825882
0.000835419
0.000841379
0.000828505
0.000807524
0.000830173
0.000813961
0.000834465
0.000816584
0.010983706
0.000590086
0.000822783
0.000824451
0.000624657
0.000827312
0.011100292
0.000813007
0.000710487
0.011203289
0.000881910
0.000813246
0.000740290
0.000800610
0.011413574
0.000835657
0.000679731
0.000891685
0.000818014
0.000825644
0.000782728
0.000603199
0.000847340
0.011223078
0.000832796
0.000818968
0.000756979
0.000843525
0.000811338
0.000808239
0.011211634
0.000839233
0.011062384
0.000843525
0.000744581
0.000760794
0.000833273
0.000764608
0.000764847
0.000832319
0.000864029
0.000825882
0.000831366
0.000835419
0.000827789
0.011088371
0.000742435
0.000597000
0.000780344
0.000635386
0.000830412
0.001275539
0.000755787
0.000803947
0.000762939
0.000602722
0.000761747
0.000585794
0.000579119
0.010981321
0.000591755
0.011069536
0.000937939
0.000828981
0.010990143
0.000755787
0.000709534
0.000962734
0.000821829
0.000847340
0.000863552
0.000699997
0.000801563
0.000809431
0.000817060
0.000806808
0.000883341
0.000783205
0.011361837
0.000865221
0.000824928
0.000823498
0.011189222
0.011286020
0.000669003
0.011406183
0.011214972
0.001128435
0.000941277
0.000694036
0.000886202
0.000830412
0.000888109
0.001151323
0.000942945
0.000754356
0.000855446
0.000854254
0.000682354
0.000860453
0.000860453
0.000841856
0.000839710
0.000845671
0.000722647
0.000822544
0.000834227
0.000884533
0.000840664
0.000772953
0.000844955
0.000810623
0.000881195
0.010852337
0.000808716
0.000807047
0.000813484
0.000830173
0.000682116
0.000835896
0.000815630
0.000628471
0.000821352
0.000940800
0.000870943
0.000895023
0.000876188
0.000853539
0.000856876
0.000851154
0.000803471
0.000874043
0.000848770
0.000847578
0.000674009
0.000669479
0.000670195
0.000854015
0.000846863
0.000854254
0.000875711
0.000876904
0.000863314
0.000868082
0.000860929
0.000883102
0.000859737
0.000888348
0.000854015
0.000878334
0.000859737
0.000857115
0.000867128
0.000675678
0.000763416
0.000895262
0.000633001
0.000809669
0.000825405
0.000884771
0.000802279
0.000855207
0.011336088
0.000805855
0.000801802
0.000852346
0.000846148
0.000833511
0.000885248
0.000884295
0.000653982
0.000829935
0.000824690
0.000841379
0.000902176
0.010938168
0.000920773
0.000946999
0.000834942
0.000829697
0.011261463
0.000820160
0.000836134
0.000843048
0.011190176
0.011029959
0.000942945
0.011017799
0.011230469
0.000809431
0.011029720
0.000834942
0.000818014
0.000816822
0.000818253
