0.000519276
0.000336885
0.000442743
0.000367641
0.000386000
0.000473499
0.000406027
0.000363111
0.000336170
0.000366449
0.000368118
0.000459909
0.000368118
0.000332832
0.000411749
0.000309229
0.000325441
0.000408888
0.000402212
0.000321150
0.000323057
0.000304461
0.000344038
0.000403166
0.000336170
0.000318766
0.000475407
0.000341654
0.000352859
0.000326872
0.000598907
0.000379562
0.000317574
0.000347853
0.000806093
0.000337124
0.000349522
0.000300169
0.000476837
0.000382900
0.000402451
0.000375986
0.000283003
0.000372648
0.000354767
0.000350714
0.000304461
0.000316620
0.000362158
0.000297546
0.000419617
0.000355721
0.000859976
0.000276804
0.000320911
0.000399113
0.000434637
0.000273466
0.000395536
0.000358582
0.000362873
0.000492811
0.000300646
0.000378609
0.000303984
0.000764847
0.000374079
0.000339985
0.000361443
0.000390768
0.000365734
0.000451803
0.000365019
0.000381708
0.000386715
0.000370264
0.000437737
0.000353813
0.000387907
0.000435591
0.000362158
0.000361919
0.000365019
0.000440598
0.000474930
0.000342369
0.000302315
0.000447750
0.000317335
0.000313282
0.000296593
0.000303984
0.000340939
0.000292063
0.000305891
0.000340700
0.000318050
0.000294685
0.000323057
0.000288010
0.000347376
0.000286102
0.000303030
0.000324726
0.000335455
0.000343323
0.000900984
0.000316143
0.000559092
0.000352621
0.000272989
0.000319958
0.000311136
0.000305414
0.000340462
0.000347853
0.000358105
0.000396729
0.000355721
0.000366688
0.000356674
0.000355005
0.000383615
0.000361204
0.000365257
0.000358820
0.000357151
0.000364780
0.000356674
0.000361443
0.000353336
0.000478268
0.000363111
0.000363588
0.000388384
0.000362396
0.000360012
0.000368834
0.000361681
0.000358343
0.000361443
0.000389338
0.000365496
0.000398636
0.000370979
0.000355244
0.000385523
0.000360727
0.000384808
0.000356913
0.000262737
0.000333786
0.000361204
0.000356674
0.000375032
0.000274420
0.000397444
0.000358820
0.000355482
0.000335693
0.000366449
0.000355721
0.000385284
0.000358582
0.000356913
0.000380039
0.000360966
0.000378132
0.000358582
0.000355959
0.000357389
0.000364780
0.000359058
0.000365734
0.000357389
0.000345469
0.000359297
0.000332117
0.000321388
0.000336170
0.000336647
0.000277758
0.000362396
0.000268936
0.000266790
0.000321865
0.000285149
0.000335455
0.000333071
0.000354528
0.000319242
0.000293732
0.000294685
0.000297546
0.000310898
0.000376463
0.000302315
0.000343084
0.000747919
0.000378609
0.000313282
0.000557184
0.000341415
0.000372171
0.000275612
0.000329018
0.000307798
0.000258684
0.000298023
0.000337362
0.000288010
0.000278234
0.000421286
0.000394583
0.000371456
0.000317812
0.000271797
0.000351429
0.000373840
0.000379801
0.000379801
0.000382185
0.000350714
0.000360489
0.000379562
0.000337362
0.000384808
0.000355244
0.000360250
0.000354528
0.000352621
0.000281334
0.000257969
0.000322342
0.000283957
0.000340223
0.000273228
0.000356436
0.000359297
0.000328302
0.000422478
0.000373602
0.000287771
0.000271082
0.000309706
0.000367403
0.000300884
0.000283480
0.000355244
0.000679493
0.000589848
0.000270128
0.000360012
0.000635862
0.000354528
0.000329494
0.000268698
0.000310421
0.000292063
0.000331879
0.000299454
0.000301600
0.000268936
0.000256062
0.000271559
0.000344515
0.000304699
0.000304461
0.000340939
0.000262499
0.000426531
0.000302315
0.000297070
0.000324965
0.000324965
0.000295401
0.000509977
0.000296354
0.000380754
0.000458241
0.000258684
0.000374079
0.000347376
0.000265598
0.000456572
0.000321150
0.000282764
0.000274181
0.000285387
0.000254631
0.000329733
0.000375509
0.000310183
0.000340700
0.000463724
0.000288010
0.000343800
0.000271082
0.000294924
0.000365973
0.000300407
0.000313044
0.000383615
0.000291586
0.000330925
0.000349760
0.000335932
0.000329018
0.000272989
0.000330925
0.000386953
0.000288963
0.000372648
0.000275373
0.000327587
0.000308990
0.000298262
0.000303268
0.000305891
0.000348330
0.000266790
0.000294685
0.000275373
0.000352383
0.000378847
0.000267982
0.000357628
0.000346661
0.000319481
0.000369549
0.000360489
0.000286818
0.000366211
0.000474453
0.000354290
0.000318527
0.000409365
0.000368834
0.000311136
0.000350952
0.000311375
0.000293493
0.000314474
0.000292778
0.000389099
0.000298023
0.000329256
0.000273466
0.000306845
0.000272751
0.000275612
0.000371933
0.000366688
0.000720739
0.000348568
0.000296354
0.000297070
0.000263214
0.000256777
0.000291109
0.000312328
0.000316620
0.000284910
0.000301361
0.000297546
0.000279903
0.000261784
0.000260830
0.000314474
0.000288248
0.000302076
0.000266075
0.000300169
0.000249147
0.000457048
0.000326872
0.000294685
0.000278711
0.000302792
0.000276327
0.000340223
0.000304699
0.000343561
0.000356436
0.000361204
0.000343084
0.000338078
0.000497818
0.000338316
0.000340939
0.000343323
0.000341415
0.000343800
0.000340939
0.000339508
0.000339746
0.000337124
0.000340700
0.000342607
0.000365973
0.000346422
0.000340939
0.000365734
0.000362873
0.000368357
0.000367165
0.000365973
0.000361919
0.000257492
0.000364780
0.000329733
0.000333786
0.000268698
0.000270128
0.000273228
0.000363827
0.000270128
0.000328779
0.000352621
0.000346184
0.000352383
0.000361204
0.000353813
0.000359535
0.000357151
0.000355482
0.000382423
0.000351906
0.000381708
0.000369310
0.000354290
0.000375032
0.000376940
0.000380039
0.000372648
0.000382662
0.000383854
0.000382423
0.000371933
0.000357628
0.000356674
0.000304222
0.000322342
0.000358582
0.000321865
0.000325680
0.000295877
0.000300884
0.000326872
0.000287056
0.000297546
0.000259161
0.000278234
0.000384092
0.000314951
0.000281334
0.000386000
0.000373602
0.000267267
0.000282764
0.000278950
0.000396013
0.000395536
0.000335932
0.000386715
0.000401735
0.000349045
0.000362396
0.000537872
0.000364304
0.000350475
0.000355482
0.000359058
0.000311613
0.000338554
0.000368118
0.000389576
0.000329494
0.000351429
0.000321865
0.000273466
0.000246048
0.000329971
0.000325680
0.000325918
0.000247002
0.000382900
0.000265598
0.000267982
0.000353336
0.000375271
0.000378609
0.000271797
0.000309229
0.000244856
0.000361919
0.000278950
0.000283480
0.000272512
0.000364304
0.000367880
0.000268459
0.000276804
0.000272751
0.000275850
0.000283718
0.000330210
0.000385523
0.000273228
0.000538588
0.000244617
0.000397444
0.000376225
0.000281572
0.000278950
0.000349045
0.000411987
0.000470400
0.000360489
0.000286818
0.000334263
0.000282526
0.000254869
0.000307322
0.000312805
0.000270844
0.000254869
0.000271320
0.000247240
0.000249386
0.000306606
0.000358343
0.000248671
0.000410080
0.000253677
0.000367880
0.000279427
0.000253916
0.000263453
0.000345230
0.000270605
0.000282764
0.000303745
0.000276804
0.000365257
0.000367403
0.000384808
0.000361681
0.000299454
0.000361919
0.000368834
0.000362635
0.000361919
0.000356913
0.000361443
0.000359774
0.000357866
0.000353336
0.000339985
0.000362873
0.000385523
0.000375748
0.000362158
0.000325203
0.000368118
0.000363827
0.000380754
0.000330687
0.000384808
0.000317335
0.000330925
0.000361443
0.000413418
0.000362873
0.000448704
0.000306368
0.000379562
0.000356197
0.000307560
0.000297070
0.000297546
0.000300646
0.000298977
0.000300169
0.000408411
0.000277996
0.000285625
0.000389099
0.000254393
0.000291109
0.000246286
0.000259876
0.000272036
0.000269175
0.000268459
0.000319481
0.000270367
0.000319958
0.000321627
0.000331879
0.000301838
0.000345707
0.000293255
0.000279427
0.000339270
0.000404835
0.000343800
0.000297308
0.000298262
0.000293970
0.000335217
0.000373840
0.000300646
0.000356913
0.000267982
0.000274897
0.000361443
0.000243187
0.000280380
0.000376225
0.000311375
0.000241995
0.000337839
0.000231266
0.000326395
0.000387430
0.000255823
0.000356436
0.000410080
0.000336409
0.000335455
0.000340223
0.000292301
0.000333309
0.000329733
0.000310659
0.000312090
0.000371933
0.000374317
0.000547647
0.000307322
0.000326633
0.000286102
0.000319004
0.000327110
0.000381708
0.000380993
0.000382662
0.000377655
0.000339985
0.000375032
0.000390053
0.000359774
0.000355244
0.000365734
0.000355721
0.000352859
0.000352859
0.000353813
0.000359774
0.000294685
0.000354528
0.000356197
0.000356197
0.000304461
0.000359535
0.000353575
0.000358105
0.000380993
0.000375271
0.000298500
0.000381947
0.000384331
0.000382662
0.000361919
0.000377893
0.000379324
0.000380754
0.000321627
0.000352621
0.000357628
0.000322342
0.000324488
0.000297308
0.000390768
0.000299215
0.000353813
0.000288725
0.000313520
0.000341415
0.000303030
0.000325441
0.000360966
0.000358582
0.000327349
0.000353813
0.000369549
0.000361681
0.000353098
0.000347376
0.000375748
0.000378370
0.000389576
0.000357628
0.000402689
0.000342846
0.000317574
0.000341415
0.000348806
0.000332117
0.000362396
0.000331640
0.000335932
0.000322104
0.000332117
0.000310898
0.000347376
0.000305891
0.000336647
0.000327349
0.000331402
0.000332832
0.000296354
0.000329018
0.000281096
0.000302076
0.000342607
0.000376701
0.000307322
0.000319242
0.000341892
0.000302792
0.000362158
0.000355005
0.000323296
0.000340700
0.000309229
0.000289679
0.000353813
0.000329733
0.000272274
0.000251532
0.000299931
0.000244141
0.000280857
0.000269651
0.000274897
0.000266790
0.000278711
0.000251293
0.000267982
0.000250101
0.000297785
0.000326157
0.000326395
0.000323057
0.000328779
0.000319004
0.000325441
0.000295877
0.000327110
0.000344515
0.000302076
0.000313044
0.000310898
0.000313520
0.000305653
0.000308275
0.000303745
0.000308514
0.000303745
0.000303984
0.000304461
0.000280142
0.000297785
0.000298738
0.000303030
0.000300169
0.000328064
0.000323534
0.000325441
0.000320673
0.000338793
0.000326633
0.000323296
0.000310659
0.000328064
0.000297546
0.000306129
0.000297785
0.000301123
0.000300407
0.000299454
0.000307083
0.000302076
0.000304222
0.000305414
0.000309467
0.000305414
0.000301361
0.000302076
0.000306368
0.000305176
0.000305653
0.000310421
0.000328302
0.000328064
0.000327110
0.000323772
0.000327349
0.000326872
0.000329733
0.000321865
0.000327349
0.000303268
0.000304222
0.000303268
0.000303984
0.000313044
0.000252724
0.000247717
0.000257969
0.000298262
0.000299931
0.000298738
0.000294209
0.000293493
0.000294209
0.000262499
0.000272274
0.000272751
0.000225544
0.000296831
0.000301361
0.000247955
0.000270605
0.000254393
0.000257969
0.000321388
0.000235558
0.000396252
0.000325680
0.000404119
0.000279427
0.000365257
0.000308990
0.000272751
0.000323772
0.000294209
0.000394106
0.000293016
0.000309944
0.000291109
0.000351667
0.000284195
0.000270128
0.000364065
0.000405312
0.000269651
0.000263929
0.000322580
0.000364542
0.000280380
0.000298977
0.000249863
0.000275850
0.000296116
0.000330687
0.000299215
0.000284433
0.000351906
0.000363588
0.000270844
0.000330210
0.000430107
0.000329018
0.000301123
0.000534773
0.000317097
0.000316858
0.000349045
0.000375509
0.000507355
0.000470161
0.000361919
0.000496626
0.000530720
0.000332832
0.000414371
0.000316620
0.000414848
0.000345469
0.000400782
0.000364780
0.000374317
0.000305891
0.000310898
0.000410318
0.000367403
0.000356436
0.000330925
0.000354767
0.000357389
0.000358343
0.000356913
0.000356436
0.000355244
0.000325203
0.000364304
0.000356913
0.000386238
0.000251770
0.000336409
0.000339985
0.000322342
0.000338554
0.000315189
0.000300646
0.000311375
0.000320911
0.000287294
0.000330448
0.000307798
0.000293970
0.000327349
0.000262499
0.000249147
0.000355721
0.000305414
0.000360489
0.000354528
0.000361443
0.000360727
0.000357866
0.000354052
0.000358343
0.000365496
0.000380278
0.000389814
0.000357389
0.000382423
0.000648737
0.000378132
0.000376940
0.000387430
0.000372410
0.000358343
0.000356197
0.000359535
0.000296831
0.000308275
0.000283241
0.000288725
0.000360012
0.000278473
0.000321627
0.000270605
0.000337124
0.000350237
0.000270367
0.000321388
0.000334978
0.000349283
0.000292778
0.000312567
0.000272274
0.000419140
0.000321627
0.000338078
0.000380039
0.000319481
0.000291348
0.000406504
0.000368834
0.000299931
0.000302792
0.000287533
0.000265598
0.000293255
0.000273466
0.000268936
0.000391960
0.000274897
0.000309706
0.000335217
0.000276327
0.000276804
0.000272274
0.000267506
0.000273228
0.000235796
0.000399351
0.000338554
0.000415802
0.000364542
0.000354528
0.000311375
0.000362158
0.000313520
