1607001565.249713898
1607001565.349828243
1607001565.449950218
1607001565.550051928
1607001565.650155783
1607001565.750268221
1607001565.850391388
1607001565.950489521
1607001566.050594568
1607001566.150706530
1607001566.250830889
1607001566.350983858
1607001566.451082230
1607001566.551203012
1607001566.651300192
1607001566.751411438
1607001566.851543188
1607001566.951652765
1607001567.051752567
1607001567.151861668
1607001567.251981974
1607001567.352080107
1607001567.452178717
1607001567.552282095
1607001567.652385712
1607001567.752527475
1607001567.852647543
1607001567.952747345
1607001568.052848339
1607001568.152970552
1607001568.253093719
1607001568.353201628
1607001568.453315973
1607001568.553446770
1607001568.653548241
1607001568.753664732
1607001568.853787422
1607001568.953885317
1607001569.053981781
1607001569.154087305
1607001569.254209757
1607001569.354321003
1607001569.454417229
1607001569.554514170
1607001569.654611111
1607001569.754764557
1607001569.854890585
1607001569.954999208
1607001570.055101156
1607001570.155207396
1607001570.255327225
1607001570.355432987
1607001570.455533743
1607001570.555644512
1607001570.655761957
1607001570.755880833
1607001570.856002092
1607001570.956101656
1607001571.056200504
1607001571.156312943
1607001571.256434441
1607001571.356534243
1607001571.456630230
1607001571.556725502
1607001571.656825781
1607001571.756938696
1607001571.857060909
1607001571.957166672
1607001572.057299614
1607001572.157411098
1607001572.257536650
1607001572.357644081
1607001572.457743406
1607001572.557838678
1607001572.657934427
1607001572.758041620
1607001572.858166456
1607001572.958254576
1607001573.058353424
1607001573.158504009
1607001573.258628607
1607001573.358727455
1607001573.458833456
1607001573.558936119
1607001573.659037352
1607001573.759150743
1607001573.859269142
1607001573.959367990
1607001574.059468985
1607001574.159581423
1607001574.259703159
1607001574.359802246
1607001574.459911823
1607001574.560013056
1607001574.660112619
1607001574.760224342
1607001574.860344410
1607001574.960441589
1607001575.060538054
1607001575.160645485
1607001575.260783911
1607001575.360899925
1607001575.461000919
1607001575.561096668
1607001575.661191463
1607001575.761297703
1607001575.861422062
1607001575.961529255
1607001576.061626911
1607001576.161731482
1607001576.261850834
1607001576.361951828
1607001576.462051868
1607001576.562157631
1607001576.662256002
1607001576.762363672
1607001576.862485647
1607001576.962584019
1607001577.062686443
1607001577.162796736
1607001577.262917995
1607001577.363013744
1607001577.463108063
1607001577.563203335
1607001577.663301945
1607001577.763415098
1607001577.863536119
1607001577.963634491
1607001578.063730001
1607001578.163839102
1607001578.263984203
1607001578.364089966
1607001578.464186907
1607001578.564281702
1607001578.664375544
1607001578.764481306
1607001578.864603043
1607001578.964732409
1607001579.064827442
1607001579.164934397
1607001579.265054941
1607001579.365149975
1607001579.465244532
1607001579.565342426
1607001579.665440559
1607001579.765551567
1607001579.865668058
1607001579.965766191
1607001580.065867901
1607001580.166008472
1607001580.266131639
1607001580.366231441
1607001580.466345310
1607001580.566472054
1607001580.666571379
1607001580.766690016
1607001580.866811991
1607001580.966911316
1607001581.067013264
1607001581.167119741
1607001581.267243385
1607001581.367349863
1607001581.467447042
1607001581.567541599
1607001581.667637348
1607001581.767742634
1607001581.867866993
1607001581.967973471
1607001582.068069458
1607001582.168174744
1607001582.268292189
1607001582.368387461
1607001582.468498945
1607001582.568645954
1607001582.668765545
1607001582.768871784
1607001582.868980169
1607001582.969094753
1607001583.069242954
1607001583.169393063
1607001583.269539833
1607001583.369686842
1607001583.469831467
1607001583.569981575
1607001583.670157909
1607001583.770271540
1607001583.870416880
1607001583.970562935
1607001584.070706129
1607001584.170877457
1607001584.271019697
1607001584.371162415
1607001584.471306562
1607001584.571452141
1607001584.671622038
1607001584.771766901
1607001584.872068167
1607001584.972211361
1607001585.072378874
1607001585.172510147
1607001585.272612333
1607001585.372710466
1607001585.472811222
1607001585.572913408
1607001585.673031569
1607001585.773158550
1607001585.873269558
1607001585.973409653
1607001586.073554754
1607001586.173708439
1607001586.273851395
1607001586.373999834
1607001586.474144936
1607001586.574271679
1607001586.674411058
1607001586.774547815
1607001586.874686956
1607001586.974823713
1607001587.074965477
1607001587.175109148
1607001587.275248766
1607001587.375371933
1607001587.475468874
1607001587.575564146
1607001587.675673723
1607001587.775812864
1607001587.875959873
1607001587.976095438
1607001588.076212168
1607001588.176322937
1607001588.276424408
1607001588.376569748
1607001588.476710796
1607001588.576854706
1607001588.676982880
1607001588.777086020
1607001588.877193928
1607001588.977289438
1607001589.077382803
1607001589.177489758
1607001589.277612925
1607001589.377707481
1607001589.477802277
1607001589.577929497
1607001589.678052425
1607001589.778153419
1607001589.878253222
1607001589.978344679
1607001590.078439951
1607001590.178543806
1607001590.278660059
1607001590.378758192
1607001590.478859425
1607001590.578963280
1607001590.679078579
1607001590.779250383
1607001590.879343748
1607001590.979440451
1607001591.079541683
1607001591.179649591
1607001591.279765606
1607001591.379861593
1607001591.479954720
1607001591.580062866
1607001591.680201530
1607001591.780297041
1607001591.880396843
1607001591.980501413
1607001592.080596924
1607001592.180864811
1607001592.280989170
1607001592.381084442
1607001592.481191158
1607001592.581325769
1607001592.681444883
1607001592.781542778
1607001592.881643772
1607001592.981737375
1607001593.081840754
1607001593.181944847
1607001593.282062292
1607001593.382162809
1607001593.482252598
1607001593.582357407
1607001593.682476997
1607001593.782594919
1607001593.882686138
1607001593.982782364
1607001594.082884312
1607001594.182988405
1607001594.283102274
1607001594.383196831
1607001594.483289719
1607001594.583396435
1607001594.683517456
1607001594.783611774
1607001594.883710623
1607001594.983816385
1607001595.083930254
1607001595.184037209
1607001595.284160137
1607001595.384416580
1607001595.484508514
1607001595.584758043
1607001595.685024738
1607001595.785122633
1607001595.885221958
1607001595.985314846
1607001596.085408449
1607001596.185511589
1607001596.285627127
1607001596.385727406
1607001596.485830069
1607001596.585937500
1607001596.686086416
1607001596.786183596
1607001596.886258125
1607001596.986359596
1607001597.086462498
1607001597.186567783
1607001597.286689281
1607001597.386790991
1607001597.486885548
1607001597.586996555
1607001597.687122583
1607001597.787219048
1607001597.887343884
1607001597.987454653
1607001598.087551594
1607001598.187659025
1607001598.287782907
1607001598.387878656
1607001598.487971544
1607001598.588079214
1607001598.688194752
1607001598.788295031
1607001598.888399601
1607001598.988496780
1607001599.088591814
1607001599.188696623
1607001599.288813591
1607001599.388914347
1607001599.489017487
1607001599.589123964
1607001599.689242601
1607001599.789352894
1607001599.889448404
1607001599.989550352
1607001600.089670420
1607001600.189797401
1607001600.289917707
1607001600.390026331
1607001600.490126610
1607001600.590234518
1607001600.690366268
1607001600.790467262
1607001600.890562773
1607001600.990657330
1607001601.090752125
1607001601.190860510
1607001601.290985346
1607001601.391084671
1607001601.491179705
1607001601.591283798
1607001601.691403627
1607001601.791503906
1607001601.891604424
1607001601.991700888
1607001602.091795683
1607001602.191901922
1607001602.292018890
1607001602.392142296
1607001602.492248535
1607001602.592353582
1607001602.692472458
1607001602.792573214
1607001602.892668724
1607001602.992766857
1607001603.092868090
1607001603.192997694
1607001603.293115616
1607001603.393212795
1607001603.493307352
1607001603.593415499
1607001603.693541288
1607001603.793641090
1607001603.893736839
1607001603.993839979
1607001604.093948364
1607001604.194059372
1607001604.294185400
1607001604.394255400
1607001604.494354486
1607001604.594460964
1607001604.694580317
1607001604.794684172
1607001604.894788742
1607001604.994885921
1607001605.094980478
1607001605.195086241
1607001605.295203686
1607001605.395304680
1607001605.495429993
1607001605.595535278
1607001605.695652723
1607001605.795752048
1607001605.895846605
1607001605.995944500
1607001606.096048832
1607001606.196153879
1607001606.296269655
1607001606.396363974
1607001606.496456385
1607001606.596564770
1607001606.696695805
1607001606.796792030
1607001606.896886587
1607001606.996980906
1607001607.097080708
1607001607.197199345
1607001607.297325850
1607001607.397444010
1607001607.497538805
1607001607.597642660
1607001607.697758913
1607001607.797860622
1607001607.897963047
1607001607.998056889
1607001608.098151207
1607001608.198257685
1607001608.298371792
1607001608.398471832
1607001608.498575926
1607001608.598697424
1607001608.698836327
1607001608.798962355
1607001608.899062872
1607001608.999161720
1607001609.099265099
1607001609.199396372
1607001609.299511909
1607001609.399695873
1607001609.499788761
1607001609.599895954
1607001609.700022936
1607001609.800121784
1607001609.900216579
1607001610.000318050
1607001610.100428820
1607001610.200539112
1607001610.300664425
1607001610.400802851
1607001610.500944614
1607001610.601084471
1607001610.701203823
1607001610.801304817
1607001610.901408434
1607001611.001502514
1607001611.101595640
1607001611.201699018
1607001611.301815271
1607001611.401915789
1607001611.502017736
1607001611.602146626
1607001611.702259064
1607001611.802359104
1607001611.902453184
1607001612.002550840
1607001612.102653503
1607001612.202759981
1607001612.302907467
1607001612.403002024
1607001612.503095865
1607001612.603204012
1607001612.703331232
1607001612.803429365
1607001612.903524637
1607001613.003618479
1607001613.103718042
1607001613.203836918
1607001613.303963900
1607001613.404064655
1607001613.504164934
1607001613.604269505
1607001613.704387188
1607001613.804646730
1607001613.904748678
1607001614.004843712
1607001614.104943275
1607001614.205049276
1607001614.305168629
1607001614.405269384
1607001614.505373716
1607001614.605479479
1607001614.705595732
1607001614.805694342
1607001614.905797958
1607001615.005899906
1607001615.106003523
1607001615.206109524
1607001615.306227446
1607001615.406328678
1607001615.506423235
1607001615.606531858
1607001615.706657648
1607001615.806756020
1607001615.906851530
1607001616.006946087
1607001616.107046843
1607001616.207219601
1607001616.307349920
1607001616.407445908
1607001616.507541656
1607001616.607647896
1607001616.707768202
1607001616.807870150
1607001616.907974482
1607001617.008071184
1607001617.108169556
1607001617.208274364
1607001617.308391571
1607001617.408492804
1607001617.508596420
1607001617.608701229
1607001617.708821535
1607001617.808946848
1607001617.909043074
1607001618.009142160
1607001618.109246016
1607001618.209352970
1607001618.309470177
1607001618.409564972
1607001618.509660482
1607001618.609769821
1607001618.709894657
1607001618.809998512
1607001618.910100698
1607001619.010201693
1607001619.110268116
1607001619.210395575
1607001619.310526371
1607001619.410624266
1607001619.510719538
1607001619.610824823
1607001619.710975170
1607001619.811084986
1607001619.911184072
1607001620.011281252
1607001620.111380577
1607001620.211485624
1607001620.311615705
1607001620.411724806
1607001620.511883020
1607001620.611986399
1607001620.712102413
1607001620.812200308
1607001620.912308693
1607001621.012408972
1607001621.112580776
1607001621.212684631
1607001621.312801361
1607001621.412899017
1607001621.513010025
1607001621.613122940
1607001621.713241100
1607001621.813337803
1607001621.913432598
1607001622.013527155
1607001622.113625288
1607001622.213740587
1607001622.313865900
1607001622.413961649
1607001622.514056683
1607001622.614162445
1607001622.714284420
1607001622.814390182
1607001622.914492369
1607001623.014587164
1607001623.114727736
1607001623.214833736
1607001623.314975977
1607001623.415081263
1607001623.515198946
1607001623.615344048
1607001623.715488195
1607001623.815635681
1607001623.915818453
1607001624.015990257
1607001624.116136312
1607001624.216281176
1607001624.316418409
1607001624.416534424
1607001624.516636133
1607001624.616750002
1607001624.716870546
1607001624.816968203
1607001624.917078733
1607001625.017178297
1607001625.117277861
1607001625.217395067
1607001625.317523718
1607001625.417623281
1607001625.517719030
1607001625.617824793
1607001625.717948914
1607001625.818060160
1607001625.918161631
1607001626.018267632
1607001626.118395090
1607001626.218503952
1607001626.318628311
1607001626.418734550
1607001626.518850565
1607001626.618992805
1607001626.719218731
1607001626.819318771
1607001626.919419050
1607001627.019522905
1607001627.119619846
1607001627.219749689
1607001627.319869995
1607001627.419967890
1607001627.520066977
1607001627.620186090
1607001627.720319271
1607001627.820567131
1607001627.920669556
1607001628.020776272
1607001628.120885849
1607001628.220998764
1607001628.321138382
1607001628.421248913
1607001628.521343231
1607001628.621453285
1607001628.721591473
1607001628.821709633
1607001628.921809912
1607001629.021914244
1607001629.122010469
1607001629.222115755
1607001629.322232962
1607001629.422339678
1607001629.522448778
1607001629.622567654
1607001629.722688675
1607001629.822788239
1607001629.922889233
1607001630.022994757
1607001630.123222113
1607001630.223490477
1607001630.323603630
1607001630.423698425
1607001630.523808718
1607001630.623951912
1607001630.724072695
1607001630.824166775
1607001630.924260139
1607001631.024353743
1607001631.124452829
1607001631.224567413
1607001631.324718952
1607001631.424815178
1607001631.524907827
1607001631.625009298
1607001631.725131035
1607001631.825238705
1607001631.925338030
1607001632.025445938
1607001632.125571012
1607001632.225748777
1607001632.326038361
1607001632.426147699
1607001632.526249886
1607001632.626358986
1607001632.726486921
1607001632.826586485
1607001632.926699638
1607001633.026807785
1607001633.126903534
1607001633.227009296
1607001633.327128887
1607001633.427224159
1607001633.527328730
1607001633.627472878
1607001633.727595806
1607001633.827694654
1607001633.927790403
1607001634.027885437
1607001634.127982855
1607001634.228095531
1607001634.328222990
1607001634.428334236
1607001634.528432608
1607001634.628551245
1607001634.728673935
1607001634.828780651
1607001634.928880215
1607001635.028976202
1607001635.129078150
1607001635.229182243
1607001635.329304695
1607001635.429425240
1607001635.529523373
1607001635.629627466
1607001635.729745388
1607001635.829845190
1607001635.929944277
1607001636.030047417
1607001636.130150557
1607001636.230271339
1607001636.330435276
1607001636.430594206
1607001636.531016111
1607001636.631161928
1607001636.731307507
1607001636.831457853
1607001636.931590319
1607001637.031712532
1607001637.131879568
1607001637.232024431
1607001637.332167625
1607001637.432311773
1607001637.532459259
1607001637.632610083
1607001637.732754230
1607001637.832899570
1607001637.933067799
1607001638.033210993
1607001638.133349657
1607001638.233492136
1607001638.333657980
1607001638.433801413
1607001638.533945560
1607001638.634087563
1607001638.734215021
1607001638.834333181
1607001638.934500694
1607001639.034644604
1607001639.134787321
1607001639.235009193
1607001639.335314512
1607001639.435455084
1607001639.535596371
1607001639.635740519
1607001639.735885143
1607001639.836025953
1607001639.936283827
1607001640.036544085
1607001640.136653185
1607001640.236782551
1607001640.336902618
1607001640.437098026
1607001640.537386894
1607001640.637513638
1607001640.737663507
1607001640.837805271
1607001640.937948465
1607001641.038088799
1607001641.138210297
1607001641.238315344
1607001641.338421106
1607001641.438529015
1607001641.538653612
1607001641.638776541
1607001641.738916636
1607001641.839047194
1607001641.939158916
1607001642.039279461
1607001642.139421940
1607001642.239587545
1607001642.339739323
1607001642.439863443
1607001642.539961100
1607001642.640082121
1607001642.740243196
1607001642.840386629
1607001642.940525770
1607001643.040654182
1607001643.140758753
1607001643.240875959
1607001643.341035843
1607001643.441313267
1607001643.541436434
1607001643.641577959
1607001643.741743326
1607001643.841881752
1607001643.942018986
1607001644.042160273
1607001644.142282486
1607001644.242453098
1607001644.342587233
1607001644.442709446
1607001644.542803288
1607001644.642907858
1607001644.743044138
1607001644.843162775
1607001644.943301678
1607001645.043440819
1607001645.143565416
1607001645.243669033
1607001645.343775749
1607001645.443876982
1607001645.543992519
1607001645.644132137
1607001645.744272947
1607001645.844441414
1607001645.944583416
1607001646.044721127
1607001646.145015955
1607001646.245307922
1607001646.345453978
1607001646.445617437
1607001646.545744181
1607001646.645841599
1607001646.745934010
1607001646.846038103
1607001646.946163654
1607001647.046268463
1607001647.146407366
1607001647.246693134
1607001647.346790075
1607001647.446896315
1607001647.547021151
1607001647.647137880
1607001647.747277260
1607001647.847416162
1607001647.947554827
1607001648.047693253
1607001648.147819996
1607001648.247962713
1607001648.348103285
1607001648.448245287
1607001648.548387527
1607001648.648521185
1607001648.748668671
1607001648.848808765
1607001648.948952436
1607001649.049091339
1607001649.149228096
1607001649.249385357
1607001649.349506855
1607001649.449610233
1607001649.549733639
1607001649.649785042
1607001649.749787569
1607001649.849788666
1607001649.949786425
1607001650.049785376
1607001650.149788141
1607001650.249787092
1607001650.349783182
1607001650.449775219
1607001650.549770832
1607001650.649772167
1607001650.749798298
1607001650.849796534
1607001650.949787855
1607001651.049785614
1607001651.149782181
1607001651.249786139
1607001651.349780560
1607001651.449774981
1607001651.549786329
1607001651.649786234
1607001651.749783754
1607001651.849778175
1607001651.949792862
1607001652.049786329
1607001652.149775028
1607001652.249771595
1607001652.349771261
1607001652.449776411
1607001652.549776316
1607001652.649778366
1607001652.749771595
1607001652.849770784
1607001652.949780464
1607001653.049781322
1607001653.149774075
1607001653.249770880
1607001653.349771500
1607001653.449774981
1607001653.549775839
1607001653.649775505
1607001653.749773502
1607001653.849771976
1607001653.949776649
1607001654.049787998
1607001654.149883032
1607001654.249777079
1607001654.349772692
1607001654.449771404
1607001654.549784899
1607001654.649776936
1607001654.749785185
1607001654.849786758
1607001654.949775219
1607001655.049772263
1607001655.149772882
1607001655.249772787
1607001655.349771976
1607001655.449777842
1607001655.549772978
1607001655.649771214
1607001655.749771595
1607001655.849777699
1607001655.949772596
1607001656.049789190
1607001656.149807692
1607001656.249773026
1607001656.349771738
1607001656.449771166
1607001656.549771547
1607001656.649770975
1607001656.749789715
1607001656.849785805
1607001656.949784517
1607001657.049786329
1607001657.149791002
1607001657.249784231
1607001657.349808931
1607001657.449785233
1607001657.549783230
1607001657.649787426
1607001657.749783754
1607001657.849786043
1607001657.949786186
1607001658.049787283
1607001658.149788380
1607001658.249786615
1607001658.349789143
1607001658.449787378
1607001658.549787283
1607001658.649785519
1607001658.749804497
1607001658.849802256
1607001658.949784279
1607001659.049783230
1607001659.149776220
1607001659.249788523
1607001659.349804640
1607001659.449788809
1607001659.549787998
1607001659.649925947
1607001659.749804258
1607001659.849791527
1607001659.949779272
1607001660.049786568
1607001660.149786472
1607001660.249788761
1607001660.349785566
1607001660.449795485
1607001660.549797535
1607001660.649791479
1607001660.749784708
1607001660.849790812
1607001660.949788094
1607001661.049784422
1607001661.149780750
1607001661.249783993
1607001661.349798918
1607001661.449785471
1607001661.549820423
1607001661.649788380
1607001661.749786854
1607001661.849790096
1607001661.949792385
1607001662.049787283
1607001662.149785280
1607001662.249788284
1607001662.349786282
1607001662.449787140
1607001662.549787045
1607001662.649787664
1607001662.749777555
1607001662.849771500
1607001662.949770689
1607001663.049776554
1607001663.149786711
1607001663.249788046
1607001663.349786997
1607001663.449785948
1607001663.549777746
1607001663.649772406
1607001663.749770880
1607001663.849774837
1607001663.949773073
1607001664.049787283
1607001664.149784803
1607001664.249789238
1607001664.349773884
1607001664.449786186
1607001664.549779892
1607001664.649772882
1607001664.749783278
1607001664.849775791
1607001664.949773788
1607001665.049774170
1607001665.149782181
1607001665.249780655
