1607001775.253942966
1607001775.354067564
1607001775.454205036
1607001775.554313183
1607001775.654422283
1607001775.754575491
1607001775.854677916
1607001775.954794884
1607001776.054927588
1607001776.155036926
1607001776.255139828
1607001776.355251789
1607001776.455378056
1607001776.555488825
1607001776.655613184
1607001776.755735159
1607001776.855842113
1607001776.956008196
1607001777.056136847
1607001777.156251431
1607001777.256363630
1607001777.356476545
1607001777.456629515
1607001777.556734085
1607001777.656836987
1607001777.756997585
1607001777.857113600
1607001777.957227945
1607001778.057354450
1607001778.157460690
1607001778.257561922
1607001778.357677698
1607001778.457811594
1607001778.557920218
1607001778.658073187
1607001778.758176565
1607001778.858255625
1607001778.958372831
1607001779.058509827
1607001779.158618689
1607001779.258721352
1607001779.358835459
1607001779.458967209
1607001779.559078693
1607001779.659250259
1607001779.759392977
1607001779.859501839
1607001779.959618330
1607001780.059759855
1607001780.159894466
1607001780.260014296
1607001780.360131741
1607001780.460310221
1607001780.560419321
1607001780.660532475
1607001780.760642529
1607001780.860783815
1607001780.960901976
1607001781.061032057
1607001781.161138058
1607001781.261240959
1607001781.361412048
1607001781.461547375
1607001781.561655045
1607001781.661758900
1607001781.761864185
1607001781.861931324
1607001781.962076426
1607001782.062216759
1607001782.162331581
1607001782.262435198
1607001782.362548828
1607001782.462677717
1607001782.562869072
1607001782.662985325
1607001782.763093710
1607001782.863197803
1607001782.963311911
1607001783.063445091
1607001783.163583040
1607001783.263698578
1607001783.363815546
1607001783.463993311
1607001783.564100027
1607001783.664201736
1607001783.764311790
1607001783.864428282
1607001783.964546204
1607001784.064677000
1607001784.164785385
1607001784.264888048
1607001784.365005493
1607001784.465139389
1607001784.565297842
1607001784.665402651
1607001784.765505552
1607001784.865613937
1607001784.965888977
1607001785.066026211
1607001785.166135788
1607001785.266243219
1607001785.366364479
1607001785.466490269
1607001785.566597939
1607001785.666707754
1607001785.766812086
1607001785.866913557
1607001785.967024088
1607001786.067148685
1607001786.167258263
1607001786.267371178
1607001786.367485285
1607001786.467611313
1607001786.567722559
1607001786.667835712
1607001786.767944813
1607001786.868056536
1607001786.968170643
1607001787.068297148
1607001787.168401003
1607001787.268501759
1607001787.368618250
1607001787.468819618
1607001787.569086075
1607001787.669186592
1607001787.769287348
1607001787.869388580
1607001787.969504833
1607001788.069639444
1607001788.169768333
1607001788.269869804
1607001788.369981289
1607001788.470104933
1607001788.570215225
1607001788.670346498
1607001788.770463228
1607001788.870580435
1607001788.970698357
1607001789.070825338
1607001789.170933723
1607001789.271051407
1607001789.371165514
1607001789.471289635
1607001789.571394444
1607001789.671497345
1607001789.771605968
1607001789.871731520
1607001789.971846342
1607001790.071974754
1607001790.172080040
1607001790.272181273
1607001790.372298241
1607001790.472447157
1607001790.572585821
1607001790.672692537
1607001790.772793770
1607001790.872895002
1607001790.973011255
1607001791.073145151
1607001791.173250437
1607001791.273359060
1607001791.373471022
1607001791.473597527
1607001791.573706150
1607001791.673815250
1607001791.773931503
1607001791.874049664
1607001791.974165678
1607001792.074260473
1607001792.174373388
1607001792.274492502
1607001792.374611855
1607001792.474740267
1607001792.574853897
1607001792.674977064
1607001792.775087357
1607001792.875201225
1607001792.975323915
1607001793.075450659
1607001793.175554037
1607001793.275655508
1607001793.375773430
1607001793.475906849
1607001793.576009274
1607001793.676110268
1607001793.776211739
1607001793.876314402
1607001793.976430893
1607001794.076564550
1607001794.176670313
1607001794.276771545
1607001794.376883984
1607001794.477009296
1607001794.577121973
1607001794.677237034
1607001794.777343035
1607001794.877451420
1607001794.977576971
1607001795.077704430
1607001795.177814960
1607001795.277926445
1607001795.378040552
1607001795.478168249
1607001795.578256369
1607001795.678357363
1607001795.778464317
1607001795.878596306
1607001795.978710413
1607001796.078836679
1607001796.178940535
1607001796.279042244
1607001796.379157782
1607001796.479290009
1607001796.579395056
1607001796.679496288
1607001796.779597282
1607001796.879700184
1607001796.979816198
1607001797.079949379
1607001797.180055857
1607001797.280156851
1607001797.380270004
1607001797.480396986
1607001797.580505371
1607001797.680618763
1607001797.780722857
1607001797.880829573
1607001797.980952740
1607001798.081212521
1607001798.181323528
1607001798.281435966
1607001798.381551027
1607001798.481678724
1607001798.581793070
1607001798.681915998
1607001798.782043695
1607001798.882159710
1607001798.982269526
1607001799.082396507
1607001799.182499409
1607001799.282600164
1607001799.382717133
1607001799.482850313
1607001799.582955599
1607001799.683178902
1607001799.783288002
1607001799.883388758
1607001799.983505011
1607001800.083638191
1607001800.183745861
1607001800.283848286
1607001800.383961201
1607001800.484147072
1607001800.584418774
1607001800.684531927
1607001800.784636497
1607001800.884743929
1607001800.984892130
1607001801.085021257
1607001801.185132504
1607001801.285244942
1607001801.385358095
1607001801.485485792
1607001801.585588694
1607001801.685691833
1607001801.785799265
1607001801.885912180
1607001801.986026287
1607001802.086169004
1607001802.186257839
1607001802.286358356
1607001802.386473417
1607001802.486608744
1607001802.586743832
1607001802.686854124
1607001802.786921263
1607001802.887027025
1607001802.987145662
1607001803.087278366
1607001803.187383652
1607001803.287485600
1607001803.387604475
1607001803.487735987
1607001803.587851048
1607001803.687957764
1607001803.788060665
1607001803.888163090
1607001803.988279819
1607001804.088418007
1607001804.188536167
1607001804.288643599
1607001804.388756752
1607001804.488908291
1607001804.589022398
1607001804.689147711
1607001804.789262772
1607001804.889369249
1607001804.989483118
1607001805.089610815
1607001805.189714670
1607001805.289820433
1607001805.389941454
1607001805.490069389
1607001805.590174198
1607001805.690280199
1607001805.790386438
1607001805.890491962
1607001805.990610600
1607001806.090738297
1607001806.190843105
1607001806.290948629
1607001806.391068697
1607001806.491199970
1607001806.591316223
1607001806.691423655
1607001806.791526794
1607001806.891657591
1607001806.991935492
1607001807.092071056
1607001807.192184925
1607001807.292289495
1607001807.392401934
1607001807.492528915
1607001807.592643023
1607001807.692753553
1607001807.792864323
1607001807.892969131
1607001807.993082285
1607001808.093208313
1607001808.193312883
1607001808.293418646
1607001808.393538952
1607001808.493675709
1607001808.593787670
1607001808.693888903
1607001808.793989897
1607001808.894094229
1607001808.994215250
1607001809.094359159
1607001809.194463253
1607001809.294563532
1607001809.394737244
1607001809.494866133
1607001809.594978333
1607001809.695082903
1607001809.795185328
1607001809.895286560
1607001809.995403290
1607001810.095543623
1607001810.195715189
1607001810.295990944
1607001810.396103382
1607001810.496229887
1607001810.596345186
1607001810.696492910
1607001810.796608925
1607001810.896715403
1607001810.996827126
1607001811.096951962
1607001811.197056532
1607001811.297175646
1607001811.397295713
1607001811.497422457
1607001811.597525120
1607001811.697626352
1607001811.797726631
1607001811.897855043
1607001811.997972488
1607001812.098098993
1607001812.198205709
1607001812.298317909
1607001812.398429394
1607001812.498717070
1607001812.598831177
1607001812.698933601
1607001812.799040794
1607001812.899146795
1607001812.999282122
1607001813.099419594
1607001813.199535370
1607001813.299719572
1607001813.400028467
1607001813.500154972
1607001813.600260496
1607001813.700367928
1607001813.800482273
1607001813.900599003
1607001814.000719547
1607001814.100839138
1607001814.200943232
1607001814.301060200
1607001814.401204586
1607001814.501341343
1607001814.601448298
1607001814.701550961
1607001814.801652908
1607001814.901770830
1607001815.001904726
1607001815.102022409
1607001815.202128887
1607001815.302244425
1607001815.402364016
1607001815.502484798
1607001815.602596045
1607001815.702699423
1607001815.802858114
1607001815.902964830
1607001816.003089666
1607001816.103223801
1607001816.203350544
1607001816.303486347
1607001816.403604746
1607001816.503720522
1607001816.603991270
1607001816.704114199
1607001816.804228306
1607001816.904340506
1607001817.004466057
1607001817.104580879
1607001817.204682827
1607001817.304797649
1607001817.404929399
1607001817.505044222
1607001817.605148554
1607001817.705249548
1607001817.805351734
1607001817.905466318
1607001818.005595684
1607001818.105709314
1607001818.205811501
1607001818.305932045
1607001818.406051159
1607001818.506166935
1607001818.606257915
1607001818.706362724
1607001818.806464434
1607001818.906576157
1607001819.006699085
1607001819.106818914
1607001819.206969261
1607001819.307083607
1607001819.407206774
1607001819.507316589
1607001819.607418299
1607001819.707548618
1607001819.807660341
1607001819.907774925
1607001820.007899523
1607001820.108011484
1607001820.208113909
1607001820.308251619
1607001820.408384562
1607001820.508494854
1607001820.608595848
1607001820.708696365
1607001820.808796883
1607001820.908939123
1607001821.009073496
1607001821.109182119
1607001821.209284306
1607001821.309394360
1607001821.409517050
1607001821.509629011
1607001821.609739304
1607001821.709843159
1607001821.809944391
1607001821.910055876
1607001822.010177851
1607001822.110294580
1607001822.210422039
1607001822.310536146
1607001822.410659313
1607001822.510767698
1607001822.610878706
1607001822.711000919
1607001822.811123133
1607001822.911238432
1607001823.011363029
1607001823.111469507
1607001823.211570978
1607001823.311690807
1607001823.411825895
1607001823.511935234
1607001823.612169504
1607001823.712432384
1607001823.812533855
1607001823.912657499
1607001824.012792349
1607001824.112901926
1607001824.213003397
1607001824.313124895
1607001824.413249493
1607001824.513360977
1607001824.613475561
1607001824.713580847
1607001824.813682318
1607001824.913819790
1607001825.013947964
1607001825.114060879
1607001825.214179754
1607001825.314269543
1607001825.414396048
1607001825.514505386
1607001825.614606857
1607001825.714714289
1607001825.814827919
1607001825.914943695
1607001826.015070677
1607001826.115177155
1607001826.215278149
1607001826.315392017
1607001826.415538549
1607001826.515675306
1607001826.615781546
1607001826.715893745
1607001826.815994978
1607001826.916111946
1607001827.016246796
1607001827.116354465
1607001827.216455460
1607001827.316565990
1607001827.416690826
1607001827.516819000
1607001827.617089510
1607001827.717192173
1607001827.817292452
1607001827.917404652
1607001828.017529011
1607001828.117646933
1607001828.217774868
1607001828.317891598
1607001828.418016195
1607001828.518125534
1607001828.618235588
1607001828.718345165
1607001828.818457365
1607001828.918571949
1607001829.018697500
1607001829.118803501
1607001829.218908548
1607001829.319023371
1607001829.419155121
1607001829.519261837
1607001829.619362593
1607001829.719463348
1607001829.819564581
1607001829.919681311
1607001830.019816637
1607001830.119930267
1607001830.220033169
1607001830.320145130
1607001830.420271397
1607001830.520383835
1607001830.620499372
1607001830.720609665
1607001830.820710659
1607001830.920825958
1607001831.020955563
1607001831.121072292
1607001831.221199989
1607001831.321338415
1607001831.421470881
1607001831.521685123
1607001831.621947050
1607001831.722059727
1607001831.822169065
1607001831.922270536
1607001832.022400856
1607001832.122507095
1607001832.222610235
1607001832.322751045
1607001832.422881603
1607001832.522985935
1607001832.623087168
1607001832.723188400
1607001832.823288679
1607001832.923427820
1607001833.023559093
1607001833.123703957
1607001833.223964691
1607001833.324073792
1607001833.424196720
1607001833.524305582
1607001833.624415398
1607001833.724517107
1607001833.824615955
1607001833.924726009
1607001834.024849176
1607001834.124957323
1607001834.225075483
1607001834.325204372
1607001834.425474644
1607001834.525747061
1607001834.625862360
1607001834.725967646
1607001834.826075792
1607001834.926189184
1607001835.026728392
1607001835.126830339
1607001835.226985216
1607001835.327097178
1607001835.427227497
1607001835.527331591
1607001835.627429485
1607001835.727527857
1607001835.827625990
1607001835.927757978
1607001836.027887821
1607001836.127992630
1607001836.228091717
1607001836.328202009
1607001836.428325415
1607001836.528438807
1607001836.628550768
1607001836.728653669
1607001836.828823566
1607001836.929093599
1607001837.029215097
1607001837.129323483
1607001837.229437828
1607001837.329562426
1607001837.429686308
1607001837.529790401
1607001837.629891157
1607001837.729994535
1607001837.830103159
1607001837.930216789
1607001838.030345440
1607001838.130447149
1607001838.230545044
1607001838.330672503
1607001838.430955648
1607001838.531057835
1607001838.631155491
1607001838.731253386
1607001838.831351519
1607001838.931464911
1607001839.031595230
1607001839.131700277
1607001839.231797695
1607001839.331915140
1607001839.432036638
1607001839.532143116
1607001839.632274628
1607001839.732375383
1607001839.832472801
1607001839.932588577
1607001840.032720089
1607001840.132851601
1607001840.232967138
1607001840.333086729
1607001840.433222294
1607001840.533333063
1607001840.633450747
1607001840.733557224
1607001840.833666325
1607001840.933778763
1607001841.033907652
1607001841.134009361
1607001841.234107494
1607001841.334221125
1607001841.434354782
1607001841.534458876
1607001841.634557724
1607001841.734671116
1607001841.834769726
1607001841.934885502
1607001842.035019875
1607001842.135124445
1607001842.235222816
1607001842.335345745
1607001842.435469627
1607001842.535577059
1607001842.635685682
1607001842.735787630
1607001842.835886478
1607001842.935994625
1607001843.036114931
1607001843.136220694
1607001843.236329079
1607001843.336446047
1607001843.436576366
1607001843.536680460
1607001843.636778831
1607001843.736990690
1607001843.837259293
1607001843.937386513
1607001844.037510395
1607001844.137612343
1607001844.237709761
1607001844.337822914
1607001844.437966824
1607001844.538100004
1607001844.638204813
1607001844.738255739
1607001844.838354826
1607001844.938467979
1607001845.038597584
1607001845.138701439
1607001845.238817453
1607001845.338925838
1607001845.439046383
1607001845.539154053
1607001845.639260769
1607001845.739362240
1607001845.839460611
1607001845.939570189
1607001846.039693117
1607001846.139799833
1607001846.239908218
1607001846.340023756
1607001846.440152168
1607001846.540255785
1607001846.640356064
1607001846.740459919
1607001846.840570450
1607001846.940681934
1607001847.040803432
1607001847.140903234
1607001847.241000652
1607001847.341114044
1607001847.441243410
1607001847.541347027
1607001847.641452789
1607001847.741552114
1607001847.841650248
1607001847.941762209
1607001848.041890144
1607001848.141992331
1607001848.242090225
1607001848.342210293
1607001848.442338467
1607001848.542444944
1607001848.642565966
1607001848.742693424
1607001848.842814684
1607001848.942928553
1607001849.043209791
1607001849.143316984
1607001849.243425131
1607001849.343562126
1607001849.443691492
1607001849.543808699
1607001849.643909931
1607001849.744014263
1607001849.844125509
1607001849.944257975
1607001850.044383526
1607001850.144490242
1607001850.244587898
1607001850.344700813
1607001850.444829226
1607001850.544949055
1607001850.645081282
1607001850.745197773
1607001850.845297098
1607001850.945410728
1607001851.045539618
1607001851.145641565
1607001851.245739937
1607001851.345848322
1607001851.445969820
1607001851.546076298
1607001851.646200418
1607001851.746256828
1607001851.846354723
1607001851.946463823
1607001852.046586037
1607001852.146692276
1607001852.246802092
1607001852.346917152
1607001852.447047710
1607001852.547165155
1607001852.647267342
1607001852.747370243
1607001852.847477436
1607001852.947588682
1607001853.047710896
1607001853.147812843
1607001853.247911692
1607001853.348025084
1607001853.448153734
1607001853.548255205
1607001853.648351908
1607001853.748450279
1607001853.848547697
1607001853.948659182
1607001854.048795462
1607001854.148906469
1607001854.249018431
1607001854.349127054
1607001854.449248314
1607001854.549354315
1607001854.649461031
1607001854.749561787
1607001854.849685907
1607001854.949793339
1607001855.049914360
1607001855.150018454
1607001855.250125647
1607001855.350235939
1607001855.450394154
1607001855.550512314
1607001855.650612831
1607001855.750716448
1607001855.850825787
1607001855.950936556
1607001856.051085949
1607001856.151205063
1607001856.251305819
1607001856.351418018
1607001856.451547861
1607001856.551669121
1607001856.651768446
1607001856.751868010
1607001856.851966381
1607001856.952079773
1607001857.052209616
1607001857.152311802
1607001857.252427101
1607001857.352536440
1607001857.452657223
1607001857.552762985
1607001857.652872324
1607001857.752994299
1607001857.853167057
1607001857.953311682
1607001858.053440571
1607001858.153558016
1607001858.253710508
1607001858.353897810
1607001858.454009533
1607001858.554020643
1607001858.654017925
1607001858.754014015
1607001858.854002714
1607001858.954016447
1607001859.054013729
1607001859.154015779
1607001859.254013538
1607001859.354015827
1607001859.454016685
1607001859.554017544
1607001859.654017210
1607001859.754016399
1607001859.854012012
1607001859.954016924
1607001860.054013014
1607001860.154044867
1607001860.254034519
1607001860.354020596
1607001860.454019070
1607001860.554017067
1607001860.654017925
1607001860.754017115
1607001860.854015827
1607001860.954004049
1607001861.054017067
1607001861.154000759
1607001861.254018068
1607001861.354015112
1607001861.454008818
1607001861.554019451
1607001861.654174328
1607001861.754018068
1607001861.854016304
1607001861.954011679
1607001862.054000616
1607001862.154012918
1607001862.254010439
1607001862.354081631
1607001862.454014301
1607001862.554003716
1607001862.653999329
1607001862.754001141
1607001862.854003191
1607001862.954002380
1607001863.054000139
1607001863.153998613
1607001863.254009962
1607001863.354015589
1607001863.454017639
1607001863.554017305
1607001863.654017448
1607001863.754014730
1607001863.854001284
1607001863.954008341
1607001864.054020166
1607001864.154015064
1607001864.254006624
1607001864.354000330
1607001864.454015255
1607001864.554018497
1607001864.654016018
1607001864.754013777
1607001864.854017973
1607001864.954015493
1607001865.054000616
1607001865.154011726
1607001865.254006386
1607001865.354018211
1607001865.454014778
1607001865.554024935
1607001865.653999329
1607001865.753999233
1607001865.853998184
1607001865.954017401
1607001866.054018974
1607001866.154017210
1607001866.254010916
1607001866.354010344
1607001866.454015493
1607001866.554008245
1607001866.654021502
1607001866.754019976
1607001866.854015827
1607001866.954026461
1607001867.054019690
1607001867.154017925
1607001867.254017591
1607001867.354013920
1607001867.454012394
1607001867.554018974
1607001867.654020309
1607001867.754011154
1607001867.854017973
1607001867.954016924
1607001868.054023027
1607001868.154017210
1607001868.254037619
1607001868.354034901
1607001868.454058409
1607001868.554013968
1607001868.654001713
1607001868.754013062
1607001868.854017258
1607001868.954016447
1607001869.054015636
1607001869.154013395
1607001869.254002094
1607001869.353999853
1607001869.454017878
1607001869.554019451
1607001869.654013872
1607001869.754015207
1607001869.854016781
1607001869.954015493
1607001870.054016829
1607001870.154012918
1607001870.254020452
1607001870.354016542
1607001870.454014778
1607001870.554013729
1607001870.654015303
1607001870.754014015
1607001870.854013205
1607001870.954041004
1607001871.054021358
1607001871.154013157
1607001871.254004002
1607001871.354015112
1607001871.454007864
1607001871.554017067
1607001871.654014587
1607001871.754015923
1607001871.854016304
1607001871.954016209
1607001872.054013014
1607001872.154014349
1607001872.254010201
1607001872.354002953
1607001872.454012632
1607001872.554016352
1607001872.654014587
1607001872.754008770
1607001872.854000092
1607001872.953998327
1607001873.053997993
1607001873.153998137
1607001873.254000425
1607001873.353999376
1607001873.453998089
1607001873.554004908
1607001873.654005051
1607001873.753998995
1607001873.854000807
1607001873.953999043
1607001874.053998470
1607001874.153997898
1607001874.253998756
1607001874.354015350
1607001874.454032660
1607001874.554015875
1607001874.654000282
1607001874.754005671
1607001874.853998423
1607001874.953997850
1607001875.054014921
1607001875.154030323
1607001875.254018068
