1607001670.251849174
1607001670.352015018
1607001670.452166557
1607001670.552292347
1607001670.652401447
1607001670.752516985
1607001670.852624178
1607001670.952721596
1607001671.052846432
1607001671.152963638
1607001671.253062010
1607001671.353163719
1607001671.453283787
1607001671.553406000
1607001671.653507710
1607001671.753654242
1607001671.853751421
1607001671.953856707
1607001672.053968430
1607001672.154088974
1607001672.254193068
1607001672.354254484
1607001672.454360485
1607001672.554493666
1607001672.654618979
1607001672.754717350
1607001672.854814053
1607001672.954909325
1607001673.055015326
1607001673.155142784
1607001673.255265951
1607001673.355416298
1607001673.455634832
1607001673.555782318
1607001673.655928373
1607001673.756075859
1607001673.856257439
1607001673.956420422
1607001674.056582451
1607001674.156731606
1607001674.257012367
1607001674.357474566
1607001674.457621574
1607001674.557774544
1607001674.657919168
1607001674.758071899
1607001674.858227253
1607001674.958379269
1607001675.058524847
1607001675.158671618
1607001675.258822918
1607001675.359017372
1607001675.459166050
1607001675.559340715
1607001675.659472942
1607001675.759588003
1607001675.859728336
1607001675.959862709
1607001676.059990406
1607001676.160108089
1607001676.260221243
1607001676.360365391
1607001676.460513830
1607001676.560751200
1607001676.660906076
1607001676.761057615
1607001676.861190796
1607001676.961346626
1607001677.061483860
1607001677.161591530
1607001677.261710644
1607001677.361836672
1607001677.461977243
1607001677.562114000
1607001677.662242889
1607001677.762390852
1607001677.862539768
1607001677.962688923
1607001678.062835217
1607001678.162980318
1607001678.263126373
1607001678.363273382
1607001678.463426828
1607001678.563588619
1607001678.663738251
1607001678.763886690
1607001678.864076138
1607001678.964224815
1607001679.064398527
1607001679.164548397
1607001679.264696121
1607001679.364821196
1607001679.464938402
1607001679.565110445
1607001679.665263414
1607001679.765424490
1607001679.865571737
1607001679.965749979
1607001680.065896988
1607001680.166041851
1607001680.266180515
1607001680.366255760
1607001680.466357946
1607001680.566458225
1607001680.666577101
1607001680.766726494
1607001680.866872787
1607001680.967018366
1607001681.067148209
1607001681.167266130
1607001681.267413139
1607001681.367542505
1607001681.467662096
1607001681.567811012
1607001681.667957783
1607001681.768108130
1607001681.868251801
1607001681.968400240
1607001682.068580627
1607001682.168729067
1607001682.268876314
1607001682.369026661
1607001682.469201803
1607001682.569358110
1607001682.669495583
1607001682.769628048
1607001682.869775295
1607001682.969921827
1607001683.070065975
1607001683.170193911
1607001683.270257235
1607001683.370356083
1607001683.470467329
1607001683.570607424
1607001683.670753717
1607001683.770890236
1607001683.870996475
1607001683.971109629
1607001684.071242571
1607001684.171390057
1607001684.271541595
1607001684.371685982
1607001684.471830368
1607001684.571977377
1607001684.672153473
1607001684.772307158
1607001684.872446537
1607001684.972583055
1607001685.072695971
1607001685.172814846
1607001685.272927761
1607001685.373034000
1607001685.473161936
1607001685.573303699
1607001685.673434734
1607001685.773542881
1607001685.873668194
1607001685.973795891
1607001686.073897362
1607001686.174000025
1607001686.274106503
1607001686.374201536
1607001686.474264145
1607001686.574387789
1607001686.674496889
1607001686.774605274
1607001686.874713182
1607001686.974830151
1607001687.074926853
1607001687.175020695
1607001687.275117874
1607001687.375221491
1607001687.475326538
1607001687.575452328
1607001687.675597429
1607001687.775691986
1607001687.875800610
1607001687.975922823
1607001688.076019764
1607001688.176133871
1607001688.276229382
1607001688.376326084
1607001688.476437807
1607001688.576568127
1607001688.676666021
1607001688.776768923
1607001688.876914740
1607001688.977035999
1607001689.077134848
1607001689.177238226
1607001689.277333736
1607001689.377427340
1607001689.477532625
1607001689.577651739
1607001689.677754164
1607001689.777859211
1607001689.877969265
1607001689.978113174
1607001690.078263760
1607001690.178407907
1607001690.278550148
1607001690.378688335
1607001690.478822470
1607001690.578963995
1607001690.679109812
1607001690.779257059
1607001690.879408360
1607001690.979552746
1607001691.079731703
1607001691.180027723
1607001691.280169010
1607001691.380310059
1607001691.480462074
1607001691.580606222
1607001691.680760145
1607001691.780873060
1607001691.881007433
1607001691.981130362
1607001692.081249952
1607001692.181380987
1607001692.281524181
1607001692.381655931
1607001692.481778383
1607001692.581889868
1607001692.682017803
1607001692.782122612
1607001692.882228613
1607001692.982329607
1607001693.082424641
1607001693.182530165
1607001693.282652617
1607001693.382762909
1607001693.482871771
1607001693.582978964
1607001693.683100939
1607001693.783201933
1607001693.883298159
1607001693.983396292
1607001694.083497763
1607001694.183602810
1607001694.283733845
1607001694.383830070
1607001694.483924389
1607001694.584033966
1607001694.684177876
1607001694.784324408
1607001694.884471893
1607001694.984603167
1607001695.084701777
1607001695.184814453
1607001695.284955740
1607001695.385087729
1607001695.485239506
1607001695.585382223
1607001695.685520649
1607001695.785658836
1607001695.885803699
1607001695.985972404
1607001696.086115837
1607001696.186274529
1607001696.286530733
1607001696.386831284
1607001696.486978054
1607001696.587128878
1607001696.687284470
1607001696.787457705
1607001696.887603760
1607001696.987732649
1607001697.087907076
1607001697.188003302
1607001697.288110971
1607001697.388249397
1607001697.488393545
1607001697.588534594
1607001697.688658476
1607001697.788784504
1607001697.888912678
1607001697.989052057
1607001698.089193106
1607001698.189325571
1607001698.289425373
1607001698.389533997
1607001698.489660740
1607001698.589768887
1607001698.689888239
1607001698.789992809
1607001698.890102386
1607001698.990208626
1607001699.090336084
1607001699.190448523
1607001699.290556908
1607001699.390662670
1607001699.490782738
1607001699.590882063
1607001699.690975904
1607001699.791072845
1607001699.891175747
1607001699.991283178
1607001700.091477633
1607001700.191734314
1607001700.291827917
1607001700.391942501
1607001700.492082119
1607001700.592209101
1607001700.692334175
1607001700.792429447
1607001700.892566442
1607001700.992680311
1607001701.092811823
1607001701.192912817
1607001701.293018103
1607001701.393123150
1607001701.493242264
1607001701.593344450
1607001701.693449497
1607001701.793547392
1607001701.893643141
1607001701.993755579
1607001702.093907118
1607001702.194050312
1607001702.294192553
1607001702.394326210
1607001702.494434357
1607001702.594539165
1607001702.694670200
1607001702.794814110
1607001702.894960165
1607001702.995113850
1607001703.095263004
1607001703.195418596
1607001703.295567036
1607001703.395697832
1607001703.495814800
1607001703.595958471
1607001703.696105003
1607001703.796253920
1607001703.896405220
1607001703.996551514
1607001704.096695900
1607001704.196825266
1607001704.296943426
1607001704.397105694
1607001704.497255802
1607001704.597405910
1607001704.697549820
1607001704.797701359
1607001704.897856474
1607001704.998003244
1607001705.098154545
1607001705.198275805
1607001705.298424006
1607001705.398568630
1607001705.498725891
1607001705.598876953
1607001705.699029446
1607001705.799173355
1607001705.899309874
1607001705.999449730
1607001706.099593878
1607001706.199736357
1607001706.299873829
1607001706.400000334
1607001706.500143290
1607001706.600291967
1607001706.700442791
1607001706.800609112
1607001706.900755167
1607001707.000900984
1607001707.101083279
1607001707.201390028
1607001707.301564693
1607001707.401713371
1607001707.501861095
1607001707.601995707
1607001707.702119589
1607001707.802261591
1607001707.902534008
1607001708.002664566
1607001708.102787733
1607001708.202932835
1607001708.303064108
1607001708.403172016
1607001708.503296375
1607001708.603431225
1607001708.703559637
1607001708.803657293
1607001708.903753042
1607001709.003849268
1607001709.103956461
1607001709.204085588
1607001709.304200411
1607001709.404300213
1607001709.504406691
1607001709.604538918
1607001709.704680920
1607001709.804814339
1607001709.904936314
1607001710.005068064
1607001710.105185509
1607001710.205330849
1607001710.305474997
1607001710.405609608
1607001710.505741835
1607001710.605888367
1607001710.706020117
1607001710.806132317
1607001710.906258106
1607001711.006377459
1607001711.106556177
1607001711.206673384
1607001711.306806803
1607001711.406926632
1607001711.507073402
1607001711.607330561
1607001711.707479477
1607001711.807633877
1607001711.907780647
1607001712.007928610
1607001712.108074188
1607001712.208213091
1607001712.308378220
1607001712.408501625
1607001712.508645058
1607001712.608783484
1607001712.708909035
1607001712.809008598
1607001712.909111500
1607001713.009236336
1607001713.109384537
1607001713.209522724
1607001713.309632301
1607001713.409747124
1607001713.509887695
1607001713.609990835
1607001713.710094452
1607001713.810194016
1607001713.910254717
1607001714.010361910
1607001714.110486984
1607001714.210600853
1607001714.310710669
1607001714.410827875
1607001714.510972738
1607001714.611111164
1607001714.711253881
1607001714.811353683
1607001714.911467552
1607001715.011612892
1607001715.111741781
1607001715.211849213
1607001715.311957598
1607001715.412066221
1607001715.512201309
1607001715.612341881
1607001715.712468386
1607001715.812571526
1607001715.912681341
1607001716.012785435
1607001716.112909317
1607001716.213050604
1607001716.313190699
1607001716.413337231
1607001716.513455153
1607001716.613587856
1607001716.713708401
1607001716.813817978
1607001716.913922787
1607001717.014026642
1607001717.114137173
1607001717.214266300
1607001717.314387798
1607001717.414517641
1607001717.514808178
1607001717.614914656
1607001717.715044498
1607001717.815190792
1607001717.915324688
1607001718.015432119
1607001718.115562201
1607001718.215688944
1607001718.315873146
1607001718.416137218
1607001718.516231537
1607001718.616325140
1607001718.716428518
1607001718.816555738
1607001718.916679144
1607001719.016782284
1607001719.116915703
1607001719.217044353
1607001719.317146301
1607001719.417241335
1607001719.517338753
1607001719.617439032
1607001719.717544079
1607001719.817686796
1607001719.917784214
1607001720.017897367
1607001720.118045568
1607001720.218168974
1607001720.318265915
1607001720.418386221
1607001720.518527508
1607001720.618671179
1607001720.718811750
1607001720.818979740
1607001720.919120789
1607001721.019262314
1607001721.119404316
1607001721.219543695
1607001721.319705725
1607001721.419829130
1607001721.519927740
1607001721.620022297
1607001721.720130682
1607001721.820271730
1607001721.920415163
1607001722.020560741
1607001722.120711088
1607001722.220862389
1607001722.321009636
1607001722.421155214
1607001722.521301508
1607001722.621446848
1607001722.721594095
1607001722.821755409
1607001722.921899319
1607001723.022040844
1607001723.122181654
1607001723.222332716
1607001723.322461843
1607001723.422572374
1607001723.522676229
1607001723.622792244
1607001723.722937822
1607001723.823081017
1607001723.923251629
1607001724.023399353
1607001724.123548269
1607001724.223695517
1607001724.323837757
1607001724.424003363
1607001724.524148941
1607001724.624294519
1607001724.724440575
1607001724.824610233
1607001724.924750328
1607001725.024900913
1607001725.125060081
1607001725.225206852
1607001725.325353146
1607001725.425499439
1607001725.525647879
1607001725.625791073
1607001725.725918293
1607001725.826032877
1607001725.926135778
1607001726.026252985
1607001726.126395702
1607001726.226537466
1607001726.326677799
1607001726.426811934
1607001726.526941776
1607001726.627084970
1607001726.727228642
1607001726.827373266
1607001726.927500248
1607001727.027605534
1607001727.127737284
1607001727.227886915
1607001727.328026533
1607001727.428191423
1607001727.528320312
1607001727.628443003
1607001727.728585958
1607001727.828832388
1607001727.929108620
1607001728.029224157
1607001728.129342556
1607001728.229490995
1607001728.329665899
1607001728.429812193
1607001728.529958010
1607001728.630102396
1607001728.730248690
1607001728.830386639
1607001728.930502892
1607001729.030606270
1607001729.130717039
1607001729.230859280
1607001729.331012249
1607001729.431180716
1607001729.531283379
1607001729.631395102
1607001729.731542587
1607001729.831687212
1607001729.931830883
1607001730.031975746
1607001730.132119179
1607001730.232268095
1607001730.332415581
1607001730.432532549
1607001730.532641411
1607001730.632768154
1607001730.732915163
1607001730.833065033
1607001730.933226109
1607001731.033370018
1607001731.133513451
1607001731.233658314
1607001731.333791018
1607001731.433904886
1607001731.534006834
1607001731.634158611
1607001731.734275341
1607001731.834422112
1607001731.934576511
1607001732.034721136
1607001732.134865284
1607001732.235009909
1607001732.335154772
1607001732.435290813
1607001732.535409689
1607001732.635552168
1607001732.735698700
1607001732.835847378
1607001732.935998917
1607001733.036153793
1607001733.136309624
1607001733.236464024
1607001733.336611032
1607001733.436750174
1607001733.536881447
1607001733.637007952
1607001733.737121820
1607001733.837248087
1607001733.937549353
1607001734.037698746
1607001734.137839079
1607001734.237950802
1607001734.338075399
1607001734.438232183
1607001734.538341761
1607001734.638447523
1607001734.738545895
1607001734.838643074
1607001734.938746929
1607001735.038868427
1607001735.138983488
1607001735.239092588
1607001735.339199543
1607001735.439318895
1607001735.539415121
1607001735.639509678
1607001735.739608288
1607001735.839711666
1607001735.939820051
1607001736.039937496
1607001736.140037060
1607001736.240131855
1607001736.340244055
1607001736.440375328
1607001736.540475368
1607001736.640571356
1607001736.740666389
1607001736.840761662
1607001736.940869570
1607001737.040997982
1607001737.141102791
1607001737.241198778
1607001737.341317415
1607001737.441448689
1607001737.541709423
1607001737.641814232
1607001737.741926670
1607001737.842049837
1607001737.942208052
1607001738.042397022
1607001738.142549515
1607001738.242705107
1607001738.342847824
1607001738.442995787
1607001738.543105602
1607001738.643228769
1607001738.743342638
1607001738.843487024
1607001738.943641186
1607001739.043815136
1607001739.143964052
1607001739.244109869
1607001739.344252825
1607001739.444398165
1607001739.544570208
1607001739.644716501
1607001739.744863987
1607001739.845009565
1607001739.945173979
1607001740.045333624
1607001740.145499945
1607001740.245652437
1607001740.345805883
1607001740.445958376
1607001740.546113968
1607001740.646262169
1607001740.746393204
1607001740.846518278
1607001740.946660280
1607001741.046804428
1607001741.147108793
1607001741.247255802
1607001741.347399473
1607001741.447542429
1607001741.547685146
1607001741.647825241
1607001741.747959614
1607001741.848092556
1607001741.948233843
1607001742.048372030
1607001742.148512125
1607001742.248636723
1607001742.348803759
1607001742.449078321
1607001742.549223423
1607001742.649366379
1607001742.749538183
1607001742.849679947
1607001742.949804544
1607001743.049907923
1607001743.150011778
1607001743.250161648
1607001743.350273609
1607001743.450423956
1607001743.550572872
1607001743.650731802
1607001743.750874996
1607001743.851012230
1607001743.951153994
1607001744.051295519
1607001744.151444197
1607001744.251600504
1607001744.351747751
1607001744.451901674
1607001744.551923752
1607001744.651947737
1607001744.751920938
1607001744.851922989
1607001744.951919317
1607001745.051923513
1607001745.151920080
1607001745.251924276
1607001745.351921320
1607001745.451910019
1607001745.551907063
1607001745.651907444
1607001745.751920938
1607001745.851948977
1607001745.951925993
1607001746.051919699
1607001746.151921034
1607001746.251910448
1607001746.351907253
1607001746.451922178
1607001746.551920891
1607001746.651917696
1607001746.751920223
1607001746.851922035
1607001746.951925278
1607001747.051922560
1607001747.151922703
1607001747.251923084
1607001747.351921558
1607001747.451921463
1607001747.551929712
1607001747.651928663
1607001747.751922607
1607001747.851922989
1607001747.951910734
1607001748.051914215
1607001748.151907682
1607001748.251906395
1607001748.351985693
1607001748.451920986
1607001748.551948071
1607001748.651929379
1607001748.751912594
1607001748.851907253
1607001748.951906681
1607001749.051918507
1607001749.151925087
1607001749.251916647
1607001749.351924419
1607001749.451922178
1607001749.551929235
1607001749.651922464
1607001749.751923084
1607001749.851912737
1607001749.951922655
1607001750.051929235
1607001750.151922703
1607001750.251923323
1607001750.351914644
1607001750.451922417
1607001750.551922321
1607001750.651923895
1607001750.751924038
1607001750.851908922
1607001750.951905966
1607001751.051924706
1607001751.151922941
1607001751.251949787
1607001751.351922274
1607001751.451922417
1607001751.551920891
1607001751.651922703
1607001751.751922369
1607001751.851923704
1607001751.951921225
1607001752.051908970
1607001752.151925087
1607001752.251921177
1607001752.351923227
1607001752.451919317
1607001752.551927567
1607001752.651965618
1607001752.751924038
1607001752.851914883
1607001752.951907873
1607001753.051908493
1607001753.152056456
1607001753.251907587
1607001753.351931095
1607001753.451929569
1607001753.551922560
1607001753.651926756
1607001753.751920938
1607001753.851953983
1607001753.951956987
1607001754.051923275
1607001754.151923418
1607001754.251924276
1607001754.351909161
1607001754.451906204
1607001754.551906109
1607001754.651915312
1607001754.751921892
1607001754.851928234
1607001754.951909065
1607001755.051907063
1607001755.151922464
1607001755.251908064
1607001755.351917744
1607001755.451914310
1607001755.551908255
1607001755.652064800
1607001755.751916885
1607001755.851912022
1607001755.951917887
1607001756.051907539
1607001756.151917219
1607001756.251906872
1607001756.351909399
1607001756.451907158
1607001756.551919937
1607001756.651925325
1607001756.751916170
1607001756.851907969
1607001756.951906443
1607001757.051905870
1607001757.151920319
1607001757.251907587
1607001757.351926565
1607001757.451914787
1607001757.551916838
1607001757.651913404
1607001757.751914740
1607001757.851914167
1607001757.951921463
1607001758.051922560
1607001758.151909590
1607001758.251906872
1607001758.351922512
1607001758.451912642
1607001758.551918507
1607001758.651907921
1607001758.751913548
1607001758.851947546
1607001758.951916933
1607001759.051910639
1607001759.151912451
1607001759.251907587
1607001759.351944208
1607001759.451908350
1607001759.551906586
1607001759.651905298
1607001759.751911640
1607001759.851907969
1607001759.951916695
1607001760.051907539
1607001760.151906967
1607001760.251905680
1607001760.351921558
1607001760.451919794
1607001760.551908255
1607001760.651906490
1607001760.751906395
1607001760.851905584
1607001760.951920509
1607001761.051913977
1607001761.151906729
1607001761.251906157
1607001761.351916552
1607001761.451915503
1607001761.551912785
1607001761.651907444
1607001761.751905918
1607001761.851906300
1607001761.951916218
1607001762.051922798
1607001762.151911497
1607001762.251906157
1607001762.351915121
1607001762.451906919
1607001762.551921606
1607001762.651907444
1607001762.751912355
1607001762.851908684
1607001762.951916456
1607001763.051908731
1607001763.151907682
1607001763.251906157
1607001763.351921797
1607001763.451906919
1607001763.551905632
1607001763.651905060
1607001763.751907349
1607001763.851906061
1607001763.951920986
1607001764.051908016
1607001764.151906252
1607001764.251905203
1607001764.351914883
1607001764.451907635
1607001764.551918507
1607001764.651906729
1607001764.751921177
1607001764.851906538
1607001764.951915503
1607001765.051906586
1607001765.151911736
1607001765.251907110
1607001765.351915121
1607001765.451906919
1607001765.551906109
1607001765.651905298
1607001765.751912594
1607001765.851907492
1607001765.951915979
1607001766.051907301
1607001766.151906252
1607001766.251906395
1607001766.351919651
1607001766.451908112
1607001766.551906109
1607001766.651905775
1607001766.751907587
1607001766.851905346
1607001766.951920033
1607001767.051908255
1607001767.151905775
1607001767.251905918
1607001767.351916313
1607001767.451925039
1607001767.551909685
1607001767.651912689
1607001767.751907825
1607001767.851907253
1607001767.951915503
1607001768.051907301
1607001768.151911736
1607001768.251907110
1607001768.351915836
1607001768.451908112
1607001768.551915646
1607001768.651910067
1607001768.751913548
1607001768.851906538
1607001768.951915503
1607001769.051907301
1607001769.151905298
1607001769.251906157
1607001769.351921320
1607001769.451909065
1607001769.551907539
1607001769.651906967
1607001769.751906872
1607001769.851905346
1607001769.951920509
1607001770.051908731
1607001770.151918888
1607001770.251906157
