1607001045.348748684
1607001045.448744059
1607001045.548742294
1607001045.648749828
1607001045.748751879
1607001045.848780155
1607001045.948767185
1607001046.048750401
1607001046.148738861
1607001046.248744011
1607001046.348744154
1607001046.448752403
1607001046.548767328
1607001046.648759604
1607001046.748757839
1607001046.848754168
1607001046.948753119
1607001047.048757553
1607001047.148767948
1607001047.248768091
1607001047.348752260
1607001047.448758841
1607001047.548752546
1607001047.648752689
1607001047.748752356
1607001047.848760128
1607001047.948754072
1607001048.048752308
1607001048.148742676
1607001048.248738766
1607001048.348737240
1607001048.448741674
1607001048.548777342
1607001048.648751259
1607001048.748750925
1607001048.848749638
1607001048.948751688
1607001049.048745871
1607001049.148738861
1607001049.248737812
1607001049.348739862
1607001049.448741436
1607001049.548738241
1607001049.648737669
1607001049.748738050
1607001049.848738194
1607001049.948740959
1607001050.048738480
1607001050.148738384
1607001050.248738050
1607001050.348737478
1607001050.448737860
1607001050.548741579
1607001050.648738623
1607001050.748738289
1607001050.848737717
1607001050.948737383
1607001051.048738241
1607001051.148739815
1607001051.248739481
1607001051.348737955
1607001051.448738337
1607001051.548738480
1607001051.648737431
1607001051.748740196
1607001051.848738432
1607001051.948737860
1607001052.048737764
1607001052.148737907
1607001052.248737574
1607001052.348738909
1607001052.448737621
1607001052.548739672
1607001052.648738146
1607001052.748737574
1607001052.848737717
1607001052.948739052
1607001053.048738003
1607001053.148737669
1607001053.248737812
1607001053.348737717
1607001053.448737860
1607001053.548739672
1607001053.648754835
1607001053.748740673
1607001053.848750114
1607001053.948737860
1607001054.048738003
1607001054.148739338
1607001054.248738289
1607001054.348737717
1607001054.448737860
1607001054.548751831
1607001054.648738861
1607001054.748739958
1607001054.848738194
1607001054.948737383
1607001055.048737288
1607001055.148737669
1607001055.248737812
1607001055.348738909
1607001055.448737860
1607001055.548741817
1607001055.648738384
1607001055.748737812
1607001055.848737478
1607001055.948737621
1607001056.048738003
1607001056.148737907
1607001056.248737812
1607001056.348737478
1607001056.448737383
1607001056.548738003
1607001056.648737907
1607001056.748737812
1607001056.848737955
1607001056.948737860
1607001057.048737764
1607001057.148737669
1607001057.248737574
1607001057.348737478
1607001057.448737383
1607001057.548737764
1607001057.648737669
1607001057.748737335
1607001057.848737717
1607001057.948737621
1607001058.048737526
1607001058.148737907
1607001058.248738050
1607001058.348737478
1607001058.448751450
1607001058.548739910
1607001058.648736238
1607001058.748738050
1607001058.848737955
1607001058.948737621
1607001059.048737764
1607001059.148737669
1607001059.248737574
1607001059.348737478
1607001059.448737621
1607001059.548737764
1607001059.648737669
1607001059.748737812
1607001059.848737717
1607001059.948737621
1607001060.048742533
1607001060.148738623
1607001060.248737574
1607001060.348737717
1607001060.448737621
1607001060.548769712
1607001060.648737431
1607001060.748737097
1607001060.848737478
1607001060.948737144
1607001061.048737764
1607001061.148737669
1607001061.248737574
1607001061.348737240
1607001061.448736906
1607001061.548737049
1607001061.648739338
1607001061.748737574
1607001061.848740101
1607001061.948737860
1607001062.048737526
1607001062.148737192
1607001062.248737574
1607001062.348737478
1607001062.448737383
1607001062.548737288
1607001062.648737907
1607001062.748737574
1607001062.848737717
1607001062.948737621
1607001063.048737526
1607001063.148737431
1607001063.248737335
1607001063.348737717
1607001063.448737383
1607001063.548737764
1607001063.648737907
1607001063.748737574
1607001063.848737478
1607001063.948737621
1607001064.048737526
1607001064.148737669
1607001064.248737574
1607001064.348737717
1607001064.448737860
1607001064.548737526
1607001064.648739338
1607001064.748737574
1607001064.848737717
1607001064.948737383
1607001065.048738480
1607001065.148892403
1607001065.248737812
1607001065.348737240
1607001065.448737383
1607001065.548737526
1607001065.648737669
1607001065.748737574
1607001065.848737717
1607001065.948737860
1607001066.048737764
1607001066.148737669
1607001066.248737335
1607001066.348737478
1607001066.448737383
1607001066.548771620
1607001066.648737907
1607001066.748737812
1607001066.848737955
1607001066.948737144
1607001067.048737526
1607001067.148737431
1607001067.248737812
1607001067.348737240
1607001067.448737383
1607001067.548737764
1607001067.648738384
1607001067.748737574
1607001067.848737478
1607001067.948737383
1607001068.048738241
1607001068.148738146
1607001068.248737335
1607001068.348737478
1607001068.448737860
1607001068.548737526
1607001068.648737431
1607001068.748737335
1607001068.848764181
1607001068.948736906
1607001069.048737526
1607001069.148737669
1607001069.248737574
1607001069.348737478
1607001069.448737383
1607001069.548737526
1607001069.648737431
1607001069.748739243
1607001069.848737478
1607001069.948737860
1607001070.048737764
1607001070.148737669
1607001070.248737574
1607001070.348737717
1607001070.448753357
1607001070.548751831
1607001070.648742437
1607001070.748737812
1607001070.848738194
1607001070.948737621
1607001071.048737764
1607001071.148738146
1607001071.248737335
1607001071.348737717
1607001071.448737621
1607001071.548737526
1607001071.648737907
1607001071.748737574
1607001071.848737717
1607001071.948737383
1607001072.048738241
1607001072.148737669
1607001072.248737335
1607001072.348738194
1607001072.448737621
1607001072.548742533
1607001072.648737907
1607001072.748737335
1607001072.848737717
1607001072.948737621
1607001073.048737526
1607001073.148738146
1607001073.248737812
1607001073.348737478
1607001073.448737621
1607001073.548737526
1607001073.648737431
1607001073.748739719
1607001073.848737955
1607001073.948737383
1607001074.048737764
1607001074.148737431
1607001074.248737574
1607001074.348737478
1607001074.448737383
1607001074.548737526
1607001074.648737669
1607001074.748737574
1607001074.848737717
1607001074.948737621
1607001075.048737526
1607001075.148737431
1607001075.248737335
1607001075.348737478
1607001075.448737383
1607001075.548737288
1607001075.648737907
1607001075.748737574
1607001075.848737478
1607001075.948737621
1607001076.048737526
1607001076.148737431
1607001076.248737812
1607001076.348737478
1607001076.448737621
1607001076.548737288
1607001076.648737431
1607001076.748737335
1607001076.848739624
1607001076.948737621
1607001077.048737526
1607001077.148737192
1607001077.248737812
1607001077.348737717
1607001077.448737383
1607001077.548737288
1607001077.648737431
1607001077.748737574
1607001077.848737717
1607001077.948737621
1607001078.048737764
1607001078.148736954
1607001078.248736858
1607001078.348737478
1607001078.448737621
1607001078.548741341
1607001078.648737669
1607001078.748737574
1607001078.848737955
1607001078.948737144
1607001079.048799038
1607001079.148738384
1607001079.248737574
1607001079.348737478
1607001079.448737621
1607001079.548737526
1607001079.648737669
1607001079.748739004
1607001079.848738194
1607001079.948737860
1607001080.048738003
1607001080.148737907
1607001080.248738050
1607001080.348737717
1607001080.448738337
1607001080.548738003
1607001080.648750067
1607001080.748739243
1607001080.848738432
1607001080.948738098
1607001081.048738241
1607001081.148738146
1607001081.248738050
1607001081.348737955
1607001081.448737383
1607001081.548737049
1607001081.648737192
1607001081.748737812
1607001081.848737717
1607001081.948737621
1607001082.048738003
1607001082.148737669
1607001082.248780966
1607001082.348737955
1607001082.448751926
1607001082.548738718
1607001082.648737669
1607001082.748737574
1607001082.848740578
1607001082.948737860
1607001083.048738241
1607001083.148737669
1607001083.248737335
1607001083.348737717
1607001083.448737383
1607001083.548737526
1607001083.648738146
1607001083.748737574
1607001083.848737717
1607001083.948737383
1607001084.048737288
1607001084.148737431
1607001084.248737574
1607001084.348738432
1607001084.448737860
1607001084.548743010
1607001084.648737907
1607001084.748737574
1607001084.848737717
1607001084.948737383
1607001085.048737288
1607001085.148736715
1607001085.248738050
1607001085.348737240
1607001085.448737144
1607001085.548737049
1607001085.648736954
1607001085.748737335
1607001085.848741055
1607001085.948738098
1607001086.048737764
1607001086.148737192
1607001086.248737812
1607001086.348737240
1607001086.448736906
1607001086.548737526
1607001086.648737192
1607001086.748737574
1607001086.848737240
1607001086.948737621
1607001087.048737288
1607001087.148737431
1607001087.248737335
1607001087.348737240
1607001087.448737144
1607001087.548737526
1607001087.648738384
1607001087.748737097
1607001087.848737240
1607001087.948737144
1607001088.048737288
1607001088.148737192
1607001088.248737812
1607001088.348737240
1607001088.448737383
1607001088.548737526
1607001088.648737431
1607001088.748737097
1607001088.848739624
1607001088.948739052
1607001089.048738003
1607001089.148737431
1607001089.248737812
1607001089.348737717
1607001089.448737144
1607001089.548737288
1607001089.648737431
1607001089.748737335
1607001089.848737478
1607001089.948737860
1607001090.048737526
1607001090.148737669
1607001090.248737574
1607001090.348737717
1607001090.448737621
1607001090.548761606
1607001090.648737907
1607001090.748737574
1607001090.848737955
1607001090.948737860
1607001091.048737526
1607001091.148737669
1607001091.248737574
1607001091.348737478
1607001091.448737144
1607001091.548753500
1607001091.648755789
1607001091.748754263
1607001091.848754168
1607001091.948751211
1607001092.048847914
1607001092.148753405
1607001092.248757362
1607001092.348754406
1607001092.448752642
1607001092.548744440
1607001092.648738623
1607001092.748750925
1607001092.848755598
1607001092.948753119
1607001093.048753262
1607001093.148752928
1607001093.248764753
1607001093.348747730
1607001093.448753357
1607001093.548741341
1607001093.648750305
1607001093.748742580
1607001093.848755360
1607001093.948755980
1607001094.048757076
1607001094.148753405
1607001094.248751879
1607001094.348755598
1607001094.448756695
1607001094.548761606
1607001094.648752689
1607001094.748755932
1607001094.848753929
1607001094.948744535
1607001095.048738956
1607001095.148737907
1607001095.248753548
1607001095.348752975
1607001095.448750496
1607001095.548738956
1607001095.648737431
1607001095.748737097
1607001095.848777771
1607001095.948752403
1607001096.048752546
1607001096.148752213
1607001096.248754978
1607001096.348753214
1607001096.448751211
1607001096.548746824
1607001096.648751736
1607001096.748751402
1607001096.848751307
1607001096.948737860
1607001097.048737288
1607001097.148751497
1607001097.248753786
1607001097.348747969
1607001097.448737621
1607001097.548749924
1607001097.648740530
1607001097.748753548
1607001097.848756075
1607001097.948753834
1607001098.048753023
1607001098.148751736
1607001098.248755217
1607001098.348753691
1607001098.448779345
1607001098.548770428
1607001098.648756981
1607001098.748753548
1607001098.848752022
1607001098.948751688
1607001099.048752785
1607001099.148751020
1607001099.248754263
1607001099.348750353
1607001099.448752165
1607001099.548750877
1607001099.648752213
1607001099.748742342
1607001099.848742247
1607001099.948742628
1607001100.048740625
1607001100.148741961
1607001100.248739958
1607001100.348739624
1607001100.448741198
1607001100.548740625
1607001100.648746014
1607001100.748742342
1607001100.848743439
1607001100.948748589
1607001101.048743486
1607001101.148760080
1607001101.248740673
1607001101.348742008
1607001101.448745012
1607001101.548752069
1607001101.648754358
1607001101.748752117
1607001101.848757505
1607001101.948751688
1607001102.048744917
1607001102.148849726
1607001102.248743534
1607001102.348741531
1607001102.448754549
1607001102.548753977
1607001102.648753881
1607001102.748752117
1607001102.848752499
1607001102.948750019
1607001103.048742533
1607001103.148741245
1607001103.248741388
1607001103.348745823
1607001103.448751450
1607001103.548749924
1607001103.648751259
1607001103.748745203
1607001103.848777771
1607001103.948756218
1607001104.048752069
1607001104.148752689
1607001104.248746634
1607001104.348749161
1607001104.448748827
1607001104.548741579
1607001104.648752213
1607001104.748755217
1607001104.848753452
1607001104.948751926
1607001105.048739195
1607001105.148737907
1607001105.248738050
1607001105.348739386
1607001105.448738098
1607001105.548737526
1607001105.648737431
1607001105.748740435
1607001105.848737955
1607001105.948739767
1607001106.048738003
1607001106.148737907
1607001106.248738050
1607001106.348737717
1607001106.448778391
1607001106.548743725
1607001106.648738146
1607001106.748737097
1607001106.848737478
1607001106.948738098
1607001107.048740387
1607001107.148739576
1607001107.248737574
1607001107.348737717
1607001107.448737144
1607001107.548737764
1607001107.648737669
1607001107.748743534
1607001107.848739147
1607001107.948737860
1607001108.048738003
1607001108.148737669
1607001108.248784781
1607001108.348738194
1607001108.448737621
1607001108.548742533
1607001108.648738861
1607001108.748737574
1607001108.848737955
1607001108.948738813
1607001109.048738003
1607001109.148740292
1607001109.248737574
1607001109.348737717
1607001109.448736906
1607001109.548738480
1607001109.648737431
1607001109.748737812
1607001109.848737955
1607001109.948737860
1607001110.048739672
1607001110.148740292
1607001110.248738289
1607001110.348737240
1607001110.448737144
1607001110.548737288
1607001110.648737192
1607001110.748738527
1607001110.848737717
1607001110.948737860
1607001111.048738003
1607001111.148737431
1607001111.248737335
1607001111.348738432
1607001111.448738337
1607001111.548752069
1607001111.648740053
1607001111.748737812
1607001111.848738432
1607001111.948738575
1607001112.048737526
1607001112.148737431
1607001112.248737812
1607001112.348737478
1607001112.448736906
1607001112.548738241
1607001112.648738146
1607001112.748738050
1607001112.848737240
1607001112.948736668
1607001113.048737764
1607001113.148750067
1607001113.248737812
1607001113.348737478
1607001113.448737860
1607001113.548737526
1607001113.648737669
1607001113.748740673
1607001113.848737478
1607001113.948737144
1607001114.048737526
1607001114.148737669
1607001114.248738289
1607001114.348737717
1607001114.448739529
1607001114.548741102
1607001114.648737907
1607001114.748744488
1607001114.848737240
1607001114.948738813
1607001115.048738241
1607001115.148737431
1607001115.248737097
1607001115.348737478
1607001115.448737383
1607001115.548738480
1607001115.648737431
1607001115.748738289
1607001115.848737478
1607001115.948737383
1607001116.048737764
1607001116.148739576
1607001116.248737812
1607001116.348737240
1607001116.448737621
1607001116.548738003
1607001116.648738146
1607001116.748737812
1607001116.848737240
1607001116.948739529
1607001117.048737526
1607001117.148737431
1607001117.248737574
1607001117.348737001
1607001117.448738575
1607001117.548736572
1607001117.648737192
1607001117.748737812
1607001117.848737717
1607001117.948737621
1607001118.048737764
1607001118.148737431
1607001118.248738289
1607001118.348737955
1607001118.448749065
1607001118.548744202
1607001118.648738623
1607001118.748737812
1607001118.848737717
1607001118.948738098
1607001119.048737764
1607001119.148864985
1607001119.248738289
1607001119.348738432
1607001119.448737383
1607001119.548737764
1607001119.648737669
1607001119.748739004
1607001119.848738194
1607001119.948737621
1607001120.048743010
1607001120.148738623
1607001120.248737812
1607001120.348737955
1607001120.448737383
1607001120.548741102
1607001120.648737907
1607001120.748737812
1607001120.848737955
1607001120.948737144
1607001121.048737049
1607001121.148737431
1607001121.248736858
1607001121.348737478
1607001121.448737621
1607001121.548737764
1607001121.648737431
1607001121.748737812
1607001121.848737240
1607001121.948737144
1607001122.048737049
1607001122.148739338
1607001122.248737812
1607001122.348737717
1607001122.448737621
1607001122.548737049
1607001122.648737431
1607001122.748737812
1607001122.848737478
1607001122.948737860
1607001123.048737764
1607001123.148738146
1607001123.248737574
1607001123.348737955
1607001123.448737860
1607001123.548738241
1607001123.648736715
1607001123.748737812
1607001123.848737717
1607001123.948738337
1607001124.048737764
1607001124.148737669
1607001124.248737812
1607001124.348737717
1607001124.448737860
1607001124.548737764
1607001124.648737431
1607001124.748737335
1607001124.848737717
1607001124.948737383
1607001125.048738003
1607001125.148737669
1607001125.248739243
1607001125.348737717
1607001125.448738098
1607001125.548738003
1607001125.648737192
1607001125.748738050
1607001125.848737955
1607001125.948737860
1607001126.048738003
1607001126.148751497
1607001126.248739243
1607001126.348737717
1607001126.448737860
1607001126.548742056
1607001126.648737907
1607001126.748738050
1607001126.848737717
1607001126.948737621
1607001127.048738003
1607001127.148737907
1607001127.248737812
1607001127.348737717
1607001127.448737621
1607001127.548735857
1607001127.648777008
1607001127.748763800
1607001127.848747492
1607001127.948740482
1607001128.048738241
1607001128.148737907
1607001128.248737335
1607001128.348740578
1607001128.448740005
1607001128.548752785
1607001128.648738861
1607001128.748738766
1607001128.848737955
1607001128.948737383
1607001129.048737764
1607001129.148737669
1607001129.248737812
1607001129.348737717
1607001129.448737621
1607001129.548737764
1607001129.648737907
1607001129.748737812
1607001129.848737955
1607001129.948738098
1607001130.048738003
1607001130.148737669
1607001130.248738766
1607001130.348737955
1607001130.448751688
1607001130.548738480
1607001130.648737669
1607001130.748738050
1607001130.848737955
1607001130.948737860
1607001131.048737764
1607001131.148738146
1607001131.248739481
1607001131.348737240
1607001131.448739290
1607001131.548737764
1607001131.648737431
1607001131.748738050
1607001131.848737001
1607001131.948737860
1607001132.048736811
1607001132.148737431
1607001132.248737335
1607001132.348737478
1607001132.448737383
1607001132.548777580
1607001132.648737431
1607001132.748738050
1607001132.848736763
1607001132.948737144
1607001133.048737049
1607001133.148737192
1607001133.248737335
1607001133.348786592
1607001133.448737144
1607001133.548738003
1607001133.648737907
1607001133.748738050
1607001133.848737240
1607001133.948736906
1607001134.048737526
1607001134.148737431
1607001134.248737097
1607001134.348740578
1607001134.448736906
1607001134.548737764
1607001134.648737192
1607001134.748737812
1607001134.848737478
1607001134.948737383
1607001135.048737049
1607001135.148738384
1607001135.248737574
1607001135.348737001
1607001135.448737383
1607001135.548737764
1607001135.648737431
1607001135.748737812
1607001135.848737478
1607001135.948738098
1607001136.048737049
1607001136.148737431
1607001136.248737335
1607001136.348737478
1607001136.448737383
1607001136.548737288
1607001136.648737431
1607001136.748737812
1607001136.848736525
1607001136.948735476
1607001137.048754454
1607001137.148758411
1607001137.248752832
1607001137.348832130
1607001137.448751926
1607001137.548753262
1607001137.648751259
1607001137.748739481
1607001137.848737478
1607001137.948776484
1607001138.048759937
1607001138.148753166
1607001138.248751402
1607001138.348751545
1607001138.448740005
1607001138.548750639
1607001138.648739576
1607001138.748738289
1607001138.848738432
1607001138.948863268
1607001139.048738003
1607001139.148737431
1607001139.248737812
1607001139.348737717
1607001139.448737621
1607001139.548738003
1607001139.648738146
1607001139.748737812
1607001139.848738194
1607001139.948739052
1607001140.048738241
1607001140.148738384
1607001140.248738050
1607001140.348738670
1607001140.448740482
1607001140.548737526
1607001140.648739100
1607001140.748737335
1607001140.848738194
1607001140.948738098
1607001141.048737764
1607001141.148737669
1607001141.248738289
1607001141.348737478
1607001141.448737860
1607001141.548738003
1607001141.648737431
1607001141.748738050
1607001141.848737955
1607001141.948738575
1607001142.048737526
1607001142.148737669
1607001142.248738050
1607001142.348737955
1607001142.448737860
1607001142.548739195
1607001142.648737669
1607001142.748738289
1607001142.848737717
1607001142.948737621
1607001143.048737764
1607001143.148737907
1607001143.248737812
1607001143.348748207
1607001143.448738575
1607001143.548738241
1607001143.648737907
1607001143.748737574
1607001143.848738194
1607001143.948737621
1607001144.048737764
1607001144.148737431
1607001144.248737574
1607001144.348738432
1607001144.448737621
1607001144.548741341
1607001144.648737907
1607001144.748737812
1607001144.848737717
1607001144.948779821
1607001145.048736811
1607001145.148738146
1607001145.248737574
