1607002515.280504942
1607002515.386490345
1607002515.489964724
1607002515.593461037
1607002515.697001219
1607002515.799528837
1607002515.903046846
1607002516.005501032
1607002516.109024048
1607002516.211584568
1607002516.315037727
1607002516.417753220
1607002516.521341801
1607002516.624819994
1607002516.726933002
1607002516.828983307
1607002516.931571245
1607002517.034798861
1607002517.137413025
1607002517.240927696
1607002517.344501972
1607002517.447345018
1607002517.550805330
1607002517.653105021
1607002517.756627798
1607002517.860172272
1607002517.962651491
1607002518.064759016
1607002518.168261051
1607002518.271547079
1607002518.374377728
1607002518.477223158
1607002518.578978300
1607002518.679038525
1607002518.778980732
1607002518.878793240
1607002518.978975296
1607002519.078882933
1607002519.178974628
1607002519.279012680
1607002519.378982782
1607002519.478777885
1607002519.578908443
1607002519.679019451
1607002519.778973341
1607002519.879152536
1607002519.978988647
1607002520.078757286
1607002520.178987503
1607002520.279051542
1607002520.378986359
1607002520.478811264
1607002520.578986406
1607002520.678865671
1607002520.779013872
1607002520.879048586
1607002520.979008675
1607002521.078820944
1607002521.179001570
1607002521.279052019
1607002521.378998995
1607002521.479015112
1607002521.578952074
1607002521.678788424
1607002521.778951168
1607002521.879014730
1607002521.978857517
1607002522.079012871
1607002522.178982496
1607002522.278778553
1607002522.378983974
1607002522.479041576
1607002522.578964949
1607002522.679041147
1607002522.778981447
1607002522.878781796
1607002522.978993654
1607002523.079310179
1607002523.179019690
1607002523.279068232
1607002523.379009962
1607002523.478793621
1607002523.578927040
1607002523.678899527
1607002523.779081106
1607002523.879107237
1607002523.978957176
1607002524.078866005
1607002524.179429531
1607002524.278952122
1607002524.379240513
1607002524.478837252
1607002524.578945398
1607002524.678779364
1607002524.778954268
1607002524.879017115
1607002524.978983879
1607002525.078878403
1607002525.178989172
1607002525.278800249
1607002525.378974915
1607002525.479202747
1607002525.578963041
1607002525.679022312
1607002525.779007912
1607002525.878780842
1607002525.978979349
1607002526.079227686
1607002526.178928137
1607002526.279066801
1607002526.379004717
1607002526.478813887
1607002526.578976631
1607002526.679038286
1607002526.779012203
1607002526.879048109
1607002526.979049206
1607002527.078840971
1607002527.179038286
1607002527.279034853
1607002527.378984213
1607002527.479029894
1607002527.578927517
1607002527.678794146
1607002527.778982639
1607002527.879034519
1607002527.978961945
1607002528.079018831
1607002528.178866625
1607002528.278788567
1607002528.379022360
1607002528.479058981
1607002528.579006433
1607002528.679063797
1607002528.779007912
1607002528.878825665
1607002528.979003668
1607002529.079015255
1607002529.179008245
1607002529.279036045
1607002529.378986120
1607002529.478793859
1607002529.578963041
1607002529.678999901
1607002529.778974533
1607002529.879174471
1607002529.978972435
1607002530.078854084
1607002530.178778648
1607002530.279027939
1607002530.378980875
1607002530.478989840
1607002530.578812122
1607002530.678951025
1607002530.778942585
1607002530.879039764
1607002530.978713512
1607002531.079253435
1607002531.178944349
1607002531.278982639
1607002531.378994226
1607002531.479049683
1607002531.578879595
1607002531.679013491
1607002531.778954506
1607002531.878899336
1607002531.978938580
1607002532.078813314
1607002532.178954601
1607002532.279009342
1607002532.378871202
1607002532.479185581
1607002532.578951120
1607002532.678787231
1607002532.778913498
1607002532.879012585
1607002532.978919029
1607002533.078849316
1607002533.178949594
1607002533.278759956
1607002533.378751755
1607002533.479025602
1607002533.578794241
1607002533.678787470
1607002533.778965712
1607002533.879029036
1607002533.978985071
1607002534.079046965
1607002534.179072857
1607002534.278953791
1607002534.378771782
1607002534.478801250
1607002534.578977585
1607002534.678976774
1607002534.778970480
1607002534.878831148
1607002534.978885889
1607002535.078796387
1607002535.178753138
1607002535.279016018
1607002535.379211664
1607002535.478885651
1607002535.578754187
1607002535.678855896
1607002535.778972626
1607002535.878950119
1607002535.978750944
1607002536.078981161
1607002536.178994417
1607002536.279058456
1607002536.378744841
1607002536.479019165
1607002536.578741074
1607002536.679007769
1607002536.778988361
1607002536.879103422
1607002536.978883982
1607002537.078842163
1607002537.178881884
1607002537.279005289
1607002537.378961325
1607002537.479109764
1607002537.578732967
1607002537.678788662
1607002537.778963327
1607002537.878990412
1607002537.978970766
1607002538.079137087
1607002538.178741693
1607002538.279020309
1607002538.378981352
1607002538.479019880
1607002538.578778505
1607002538.678762436
1607002538.778877497
1607002538.879215002
1607002538.978999376
1607002539.079027653
1607002539.178897381
1607002539.278773069
1607002539.378985882
1607002539.478889465
1607002539.578941345
1607002539.678955078
1607002539.778969526
1607002539.878772974
1607002539.978775501
1607002540.078787565
1607002540.178963423
1607002540.278896093
1607002540.378963470
1607002540.478810072
1607002540.578747988
1607002540.678781986
1607002540.778747320
1607002540.878888845
1607002540.978944302
1607002541.078990936
1607002541.178968430
1607002541.278772593
1607002541.379002094
1607002541.478786469
1607002541.578855753
1607002541.678946495
1607002541.778993607
1607002541.878777742
1607002541.979006767
1607002542.079038143
1607002542.179005146
1607002542.279144049
1607002542.378993273
1607002542.478792667
1607002542.578814030
1607002542.679015875
1607002542.778959990
1607002542.878807306
1607002542.978750467
1607002543.079262018
1607002543.178871870
1607002543.278820038
1607002543.378858805
1607002543.478775740
1607002543.578918934
1607002543.679021835
1607002543.778967381
1607002543.878823757
1607002543.978755713
1607002544.078828812
1607002544.178995371
1607002544.279042244
1607002544.378996611
1607002544.478777885
1607002544.578737259
1607002544.679023981
1607002544.779006481
1607002544.879022837
1607002544.979002476
1607002545.078793049
1607002545.178971767
1607002545.279705763
1607002545.378877878
1607002545.478774548
1607002545.579054117
1607002545.678790808
1607002545.778721333
1607002545.879182100
1607002545.978729248
1607002546.079004288
1607002546.178941250
1607002546.278891563
1607002546.378968000
1607002546.479351997
1607002546.578873873
1607002546.679041624
1607002546.778792143
1607002546.879497290
1607002546.978910685
1607002547.078825951
1607002547.178995609
1607002547.279045582
1607002547.379004478
1607002547.479039431
1607002547.578955173
1607002547.678800821
1607002547.778954983
1607002547.879055023
1607002547.978971958
1607002548.078768730
1607002548.178990602
1607002548.278778076
1607002548.378975630
1607002548.478857040
1607002548.578816891
1607002548.678932428
1607002548.778959990
1607002548.878811359
1607002548.978757858
1607002549.078995228
1607002549.178970337
1607002549.279030323
1607002549.378846169
1607002549.478778362
1607002549.578972578
1607002549.679448605
1607002549.779464483
1607002549.879029036
1607002549.978992224
1607002550.078805923
1607002550.179005623
1607002550.279040098
1607002550.378973722
1607002550.479023695
1607002550.578958750
1607002550.678768635
1607002550.778971910
1607002550.879005432
1607002550.978961706
1607002551.078959942
1607002551.178963423
1607002551.278796673
1607002551.378951550
1607002551.479007244
1607002551.578920841
1607002551.679013968
1607002551.778965473
1607002551.878782034
1607002551.979310989
1607002552.079028130
1607002552.178987026
1607002552.278916597
1607002552.378924608
1607002552.478790045
1607002552.578960419
1607002552.679042101
1607002552.779115200
1607002552.879057646
1607002552.978984356
1607002553.078748941
1607002553.178965092
1607002553.279017210
1607002553.378983498
1607002553.479021072
1607002553.578953505
1607002553.678797007
1607002553.778967619
1607002553.879411221
1607002553.978969336
1607002554.079014778
1607002554.178954363
1607002554.278859615
1607002554.378964424
1607002554.478973150
1607002554.578951120
1607002554.679017305
1607002554.778959274
1607002554.878791571
1607002554.978970289
1607002555.079022408
1607002555.178969622
1607002555.279017925
1607002555.378859520
1607002555.478794575
1607002555.578906536
1607002555.679039240
1607002555.778958321
1607002555.879034281
1607002555.978963137
1607002556.078785658
1607002556.178962708
1607002556.278969288
1607002556.378968954
1607002556.479008913
1607002556.578918695
1607002556.678764820
1607002556.778944016
1607002556.878846645
1607002556.978946686
1607002557.078998566
1607002557.178956509
1607002557.278745890
1607002557.378968239
1607002557.479015827
1607002557.578915119
1607002557.679006815
1607002557.779005289
1607002557.878779173
1607002557.978952169
1607002558.079015970
1607002558.178961754
1607002558.279006243
1607002558.378857136
1607002558.478786230
1607002558.578949451
1607002558.679019928
1607002558.778959513
1607002558.879006624
1607002558.978959799
1607002559.078778744
1607002559.178966999
1607002559.279043436
1607002559.378987074
1607002559.479027271
1607002559.578900337
1607002559.678789377
1607002559.779001713
1607002559.879297256
1607002559.978995800
1607002560.078838587
1607002560.179001331
1607002560.278810740
1607002560.378985882
1607002560.479029179
1607002560.578941107
1607002560.679012299
1607002560.778951406
1607002560.878781796
1607002560.978964090
1607002561.078942537
1607002561.178957462
1607002561.278996229
1607002561.378956079
1607002561.478773594
1607002561.578954458
1607002561.679015398
1607002561.778968573
1607002561.878999949
1607002561.978950977
1607002562.078783512
1607002562.178996086
1607002562.279046297
1607002562.379007816
1607002562.479045868
1607002562.578973293
1607002562.678807735
1607002562.778993368
1607002562.879042149
1607002562.978964090
1607002563.079363823
1607002563.178980112
1607002563.278792620
1607002563.378969431
1607002563.479000568
1607002563.578904152
1607002563.679014921
1607002563.778958321
1607002563.878778696
1607002563.978950739
1607002564.079016685
1607002564.178959846
1607002564.279010773
1607002564.378960848
1607002564.478764534
1607002564.578953743
1607002564.679049253
1607002564.779004812
1607002564.879084826
1607002564.979041100
1607002565.078814268
1607002565.179044485
1607002565.279028416
1607002565.379003525
1607002565.479054928
1607002565.578978062
1607002565.678799391
1607002565.778970957
1607002565.879018068
1607002565.978961229
1607002566.079003572
1607002566.178968668
1607002566.278782129
1607002566.378972292
1607002566.479021549
1607002566.578804255
1607002566.679011345
1607002566.778944731
1607002566.878786564
1607002566.978962183
1607002567.079010248
1607002567.178970337
1607002567.279034138
1607002567.378997564
1607002567.478766680
1607002567.578896523
1607002567.679039717
1607002567.778995991
1607002567.879041910
1607002567.978991270
1607002568.078803539
1607002568.179000854
1607002568.279025555
1607002568.378959179
1607002568.479009151
1607002568.578948021
1607002568.678782463
1607002568.778947353
1607002568.879013062
1607002568.978963137
1607002569.078998804
1607002569.178962231
1607002569.278778076
1607002569.379094839
1607002569.479015350
1607002569.578935385
1607002569.679002285
1607002569.778950214
1607002569.878782749
1607002569.978986979
1607002570.078989983
1607002570.178996563
1607002570.279035091
1607002570.378998280
1607002570.478824854
1607002570.578877449
1607002570.679104567
1607002570.778990269
1607002570.879037380
1607002570.978970528
1607002571.078782320
1607002571.178972721
1607002571.279011250
1607002571.378972292
1607002571.479002714
1607002571.578907728
1607002571.678774595
1607002571.778974056
1607002571.879012823
1607002571.978966951
1607002572.079004049
1607002572.178969383
1607002572.278780699
1607002572.378923655
1607002572.479035616
1607002572.578810453
1607002572.679035187
1607002572.778987646
1607002572.878784895
1607002572.978981495
1607002573.079039097
1607002573.178992033
1607002573.279034376
1607002573.378993750
1607002573.478780746
1607002573.579273939
1607002573.679023504
1607002573.778970003
1607002573.879027128
1607002573.978954077
1607002574.078773260
1607002574.178965092
1607002574.279012442
1607002574.378971577
1607002574.479018211
1607002574.578951597
1607002574.678776979
1607002574.778965235
1607002574.879008532
1607002574.978960514
1607002575.079034090
1607002575.178994179
1607002575.278787851
1607002575.379447699
1607002575.479046583
1607002575.578937054
1607002575.679048777
1607002575.778980494
1607002575.878822088
1607002575.978994846
1607002576.079046249
1607002576.178999424
1607002576.279002190
1607002576.378965855
1607002576.478775024
1607002576.578827143
1607002576.679171801
1607002576.778967142
1607002576.878843546
1607002576.978964567
1607002577.078983307
1607002577.178777933
1607002577.278986931
1607002577.378963232
1607002577.479013920
1607002577.578935146
1607002577.678779125
1607002577.778993845
1607002577.879028320
1607002577.978985786
1607002578.078934193
1607002578.179073572
1607002578.278997660
1607002578.378902435
1607002578.479039431
1607002578.578773737
1607002578.679039240
1607002578.779056787
1607002578.878771305
1607002578.979200840
1607002579.078987837
1607002579.178968430
1607002579.279004574
1607002579.378962040
1607002579.478762388
1607002579.578905582
1607002579.678894520
1607002579.778974771
1607002579.878951550
1607002579.978782177
1607002580.078945875
1607002580.178745747
1607002580.279047966
1607002580.378983736
1607002580.479041338
1607002580.578753233
1607002580.679156065
1607002580.778758526
1607002580.879040003
1607002580.978963852
1607002581.078810453
1607002581.178782463
1607002581.279022932
1607002581.378977060
1607002581.479025364
1607002581.578934193
1607002581.678778410
1607002581.778723001
1607002581.878789902
1607002581.978948355
1607002582.078994274
1607002582.178957701
1607002582.278778315
1607002582.378746510
1607002582.479126930
1607002582.578958035
1607002582.678898811
1607002582.778966904
1607002582.878773212
1607002582.978961229
1607002583.079014778
1607002583.179002523
1607002583.278978109
1607002583.379044771
1607002583.478773117
1607002583.578934193
1607002583.679022551
1607002583.778813601
1607002583.878934622
1607002583.978772879
1607002584.078903198
1607002584.178969622
1607002584.278811455
1607002584.378731728
1607002584.478792429
1607002584.578817129
1607002584.678850412
1607002584.778817654
1607002584.879016876
1607002584.978735924
1607002585.078792095
1607002585.178746223
1607002585.278990030
1607002585.378959417
1607002585.479056597
1607002585.579290867
1607002585.678765297
1607002585.778980255
1607002585.879034519
1607002585.978991985
1607002586.078773022
1607002586.179002523
1607002586.278826237
1607002586.378903151
1607002586.478820562
1607002586.578764439
1607002586.678896666
1607002586.778962851
1607002586.879017115
1607002586.978954792
1607002587.078764439
1607002587.178966045
1607002587.279002428
1607002587.378972769
1607002587.478769779
1607002587.578913689
1607002587.679008484
1607002587.778945923
1607002587.879012823
1607002587.978741884
1607002588.078799009
1607002588.178959846
1607002588.279047489
1607002588.378926992
1607002588.479036808
1607002588.578731537
1607002588.678923607
1607002588.779002190
1607002588.879042149
1607002588.978968859
1607002589.079026222
1607002589.178763866
1607002589.279038668
1607002589.378964663
1607002589.479003668
1607002589.578951120
1607002589.678994894
1607002589.778732061
1607002589.879010677
1607002589.978952885
1607002590.078957081
1607002590.178803444
1607002590.279008150
1607002590.378726721
1607002590.478782177
1607002590.578809738
1607002590.679016113
1607002590.778948784
1607002590.879046679
1607002590.978745222
1607002591.079048395
1607002591.178981304
1607002591.279043913
1607002591.378783226
1607002591.479048729
1607002591.578725100
1607002591.678845167
1607002591.778755665
1607002591.878866673
1607002591.978971481
1607002592.078983784
1607002592.178751945
1607002592.278794527
1607002592.378946304
1607002592.479017258
1607002592.578933239
1607002592.678993225
1607002592.778753042
1607002592.878798246
1607002592.978754044
1607002593.079014063
1607002593.178968430
1607002593.279085875
1607002593.378807545
1607002593.478782415
1607002593.578935862
1607002593.679046869
1607002593.778977394
1607002593.878817081
1607002593.978754044
1607002594.078883648
1607002594.179003954
1607002594.279034615
1607002594.378770113
1607002594.478807926
1607002594.578971624
1607002594.678919554
1607002594.778972149
1607002594.878988743
1607002594.978734732
1607002595.078987837
1607002595.178964376
1607002595.279015541
1607002595.378913879
1607002595.478995562
1607002595.578765392
1607002595.678993225
1607002595.778951168
1607002595.879018068
1607002595.978943348
1607002596.079040051
1607002596.178740501
1607002596.279038906
1607002596.378805161
1607002596.479050875
1607002596.578788280
1607002596.679044247
1607002596.778869867
1607002596.878873348
1607002596.978775740
1607002597.079035521
1607002597.178779602
1607002597.278806448
1607002597.378950119
1607002597.479010582
1607002597.578953743
1607002597.679016113
1607002597.778736353
1607002597.879016161
1607002597.978949547
1607002598.078992128
1607002598.178896427
1607002598.279015779
1607002598.378730297
1607002598.479020357
1607002598.578946352
1607002598.679028511
1607002598.778987885
1607002598.879045486
1607002598.978736401
1607002599.079036474
1607002599.179005623
1607002599.279055357
1607002599.378981113
1607002599.478907585
1607002599.578757763
1607002599.678846598
1607002599.778986454
1607002599.879024982
1607002599.978963614
1607002600.078788042
1607002600.178930759
1607002600.279015303
1607002600.378967285
1607002600.478809357
1607002600.578931093
1607002600.678771496
1607002600.778944492
1607002600.878894567
1607002600.979372025
1607002601.078763008
1607002601.178854227
1607002601.279030323
1607002601.378965378
1607002601.478780746
1607002601.578758717
1607002601.678997517
1607002601.778993368
1607002601.879039526
1607002601.978934765
1607002602.078787565
1607002602.178979635
1607002602.279061794
1607002602.378977299
1607002602.478857517
1607002602.578892708
1607002602.678789377
1607002602.778714657
1607002602.879027128
1607002602.978987455
1607002603.079018593
1607002603.178810120
1607002603.278796434
1607002603.378991127
1607002603.478990316
1607002603.578849554
1607002603.678971529
1607002603.778788090
1607002603.878919125
1607002603.978970528
1607002604.079019785
1607002604.178975821
1607002604.278793097
1607002604.378808260
1607002604.479022264
1607002604.578967810
1607002604.678851128
1607002604.778760433
1607002604.879035950
1607002604.978977203
1607002605.079502106
1607002605.178961754
1607002605.278781176
1607002605.378959894
1607002605.479020119
1607002605.578952074
1607002605.678910971
1607002605.778750181
1607002605.878799438
1607002605.978763103
1607002606.078779221
1607002606.178732872
1607002606.279011726
1607002606.378975630
1607002606.478745937
1607002606.579523325
1607002606.678751945
1607002606.778701544
1607002606.878762484
1607002606.978951216
1607002607.078785896
1607002607.178967714
1607002607.279013872
1607002607.378808975
1607002607.478794575
1607002607.578917027
1607002607.678993464
1607002607.778757811
1607002607.878795624
1607002607.978957891
1607002608.079010248
1607002608.178966522
1607002608.279012918
1607002608.378718853
1607002608.479008913
1607002608.578938961
1607002608.679026365
1607002608.778878212
1607002608.879050970
1607002608.978741884
1607002609.079052210
1607002609.178999186
1607002609.279038906
1607002609.378985405
1607002609.479031801
1607002609.578744173
1607002609.679044485
1607002609.778774261
1607002609.878800631
1607002609.978982925
1607002610.078949213
1607002610.178964376
1607002610.278902531
1607002610.378708363
1607002610.478935480
1607002610.578944445
1607002610.679008007
1607002610.778920412
1607002610.879013062
1607002610.978742599
1607002611.078845739
1607002611.178961754
1607002611.278796673
1607002611.378761530
1607002611.479031086
1607002611.578789473
1607002611.679039478
1607002611.778741121
1607002611.878787041
1607002611.978982449
1607002612.079038382
1607002612.179003716
1607002612.279381752
1607002612.378842592
1607002612.478832483
1607002612.578965664
1607002612.679019451
1607002612.779114008
1607002612.879489422
1607002612.978785992
1607002613.078956366
1607002613.178962231
1607002613.279186964
1607002613.378942490
1607002613.479341984
1607002613.579216480
1607002613.678804636
1607002613.778753519
1607002613.879026413
1607002613.978806019
1607002614.078793526
1607002614.178774595
1607002614.278945684
1607002614.379419565
1607002614.478954792
1607002614.578811646
1607002614.679045916
1607002614.778976679
1607002614.878905296
1607002614.978992701
1607002615.079030275
1607002615.178991079
1607002615.278951168
