0.015410423
0.005791664
0.005824089
0.005862951
0.004829407
0.005953074
0.013070583
0.005814075
0.017013550
0.005871534
0.005192995
0.005922079
0.005803347
0.004500866
0.004492521
0.004933119
0.005812883
0.004883289
0.005838156
0.005790472
0.005141497
0.005832434
0.004869461
0.005828142
0.005800247
0.004840374
0.004457951
0.005817413
0.005741119
0.013495922
0.005114555
0.004952669
0.004779577
0.005748034
0.004766941
0.014517307
0.005730391
0.004764318
0.012889862
0.005804539
0.005158186
0.004880905
0.005767584
0.004833698
0.005813599
0.004933357
0.005795479
0.005259991
0.005799770
0.004931927
0.004864216
0.006181240
0.005167007
0.005824804
0.005831718
0.005816698
0.005785942
0.004928589
0.004853010
0.005786657
0.004770041
0.005774260
0.004844427
0.005965948
0.012879848
0.013000488
0.014562845
0.005842924
0.004862547
0.005792856
0.004864931
0.005825281
0.005789757
0.004924536
0.012937546
0.004908800
0.005793571
0.004833698
0.005730391
0.005783319
0.004877329
0.006088734
0.004831553
0.005988836
0.006109715
0.006023884
0.004822493
0.006335974
0.005696535
0.013005495
0.005828857
0.005884171
0.004886627
0.005027294
0.005809069
0.004942894
0.004868984
0.004602432
0.005812407
0.006231070
0.004822254
0.004574060
0.004528046
0.004571438
0.004445553
0.004599094
0.004434824
0.005088091
0.004472256
0.004621029
0.004478216
0.004581928
0.004501820
0.004601717
0.004493713
0.004530191
0.004465103
0.004875422
0.004519224
0.004557371
0.004492044
0.004575253
0.004483700
0.004637480
0.004502296
0.004581213
0.004495382
0.004586458
0.004504442
0.004719257
0.004514217
0.004565239
0.004513741
0.004597187
0.004540920
0.004995346
0.004464865
0.004566669
0.004537582
0.004545927
0.004450321
0.004662991
0.004492044
0.004516602
0.004499435
0.004561663
0.004470825
0.004683495
0.005121946
0.005779505
0.005496502
0.004956007
0.004431248
0.004576921
0.004532099
0.004903078
0.004500628
0.013044357
0.004509211
0.004601479
0.004520655
0.004561901
0.004486799
0.004586220
0.004476070
0.004703522
0.004517794
0.004593611
0.004522324
0.004622936
0.004503727
0.004832983
0.004489422
0.004574299
0.004487038
0.004642010
0.004503965
0.004626513
0.004522800
0.004570007
0.004463911
0.004561424
0.004667044
0.004540443
0.004551172
0.004586697
0.004468441
0.004547119
0.004603148
0.004621267
0.004477262
0.004669428
0.004501820
0.004571676
0.004488230
0.004562378
0.004714727
0.004573822
0.004466534
0.004581690
0.004962683
0.004506588
0.004467964
0.004539251
0.004550457
0.004663229
0.004697800
0.004584789
0.004493475
0.004588127
0.004670620
0.004586935
0.004515409
0.004595995
0.004490852
0.005195856
0.004507303
0.004581690
0.004496336
0.004606247
0.004476547
0.004669666
0.004526854
0.004636526
0.004502773
0.004611254
0.004464626
0.004688740
0.004478693
0.004579544
0.004447460
0.004622698
0.004712343
0.004537821
0.004463673
0.004978895
0.004450321
0.004600763
0.004461050
0.004572392
0.004513025
0.004681587
0.004604816
0.004599810
0.004523754
0.004625082
0.004520178
0.004588127
0.004525185
0.004571438
0.004529476
0.004625082
0.004804134
0.004583359
0.004495144
0.004592657
0.004582405
0.004590750
0.004460812
0.004577875
0.004530430
0.004590034
0.004493952
0.004564285
0.004535675
0.004580498
0.004491091
0.004594564
0.004492521
0.004615307
0.004539490
0.004560471
0.004523277
0.004573584
0.004787922
0.004575729
0.004498959
0.004632473
0.004475832
0.004573345
0.004460335
0.004581928
0.004524469
0.004607201
0.004506350
0.004650354
0.004458904
0.004601240
0.004522324
0.004607677
0.004503250
0.004582644
0.004999876
0.004614115
0.004489422
0.004583597
0.004475117
0.004553080
0.004740000
0.005038500
0.004540443
0.004572630
0.004750490
0.004986286
0.004518747
0.005485535
0.004802942
0.004592896
0.004418135
0.004645586
0.004528284
0.004954100
0.004521132
0.004584312
0.004506826
0.005528450
0.004545450
0.004552364
0.004638433
0.004555702
0.004533052
0.004561186
0.004504681
0.004575729
0.004489183
0.004556656
0.004521847
0.004598618
0.004494190
0.004529953
0.004541874
0.004559517
0.004484653
0.004523516
0.004462719
0.004549265
0.004499674
0.004584074
0.004603148
0.004625082
0.004501820
0.004568338
0.004524708
0.004634619
0.004501343
0.004572868
0.004506111
0.004556417
0.004504442
0.004549265
0.004518747
0.004570246
0.004495859
0.004530907
0.004490852
0.004587173
0.004511356
0.004579782
0.004513741
0.004509211
0.004551649
0.004676342
0.004581213
0.004597187
0.004491806
0.004624844
0.004484415
0.004611015
0.004522085
0.004599810
0.004508734
0.004604816
0.004498005
0.004576445
0.004515886
0.004596472
0.004464865
0.004593134
0.004496098
0.004554510
0.004482269
0.004575014
0.004460812
0.004530191
0.004482985
0.004600763
0.004545450
0.004590988
0.004528284
0.004611731
0.004542828
0.004618883
0.004529953
0.004673958
0.004496336
0.004610538
0.004532337
0.004649162
0.004555225
0.004616022
0.004518747
0.004616022
0.004501820
0.004586458
0.004520178
0.004657269
0.004532099
0.004618168
0.004551888
0.004681587
0.004597902
0.004702568
0.004489183
0.004716873
0.004577398
0.004647970
0.004527569
0.004610062
0.004540205
0.004621506
0.004557133
0.004693031
0.004534006
0.004597902
0.004534245
0.004638672
0.004522324
0.004603148
0.004512072
0.004597425
0.004586220
0.004635096
0.004499674
0.004585028
0.004528761
0.004632235
0.004489660
0.004575014
0.004584551
0.004605293
0.004530668
0.004603148
0.004521370
0.004642487
0.004521847
0.004629135
0.004540205
0.004548550
0.004527807
0.004595995
0.004525661
0.004631281
0.004509449
0.004677773
0.004529476
0.004592657
0.004535198
0.004623652
0.004500151
0.004617929
0.004478931
0.004649878
0.004522085
0.004649401
0.004487276
0.004635096
0.004542828
0.004577637
0.004509687
0.004631281
0.004513502
0.004587650
0.004535437
0.004586220
0.004533768
0.004631281
0.004530668
0.004670382
0.004539251
0.004612684
0.004522800
0.004580736
0.004478693
0.004611254
0.004496336
0.004575729
0.004508018
0.004611492
0.004502296
0.004623413
0.004548311
0.004612923
0.004575491
0.004621983
0.004528046
0.004616022
0.004525661
0.004676342
0.004520893
0.004648447
0.004593372
0.004695177
0.004529715
0.004612923
0.004532576
0.004631996
0.004551649
0.004606247
0.004540920
0.004587889
0.004514933
0.004651785
0.004583836
0.004714727
0.004543543
0.004569054
0.004513502
0.004666328
0.004570246
0.004585266
0.004516125
0.004611015
0.004485846
0.004612684
0.004580021
0.004635811
0.004522800
0.004613161
0.004512787
0.004589558
0.004525185
0.004598618
0.004557371
0.004659891
0.004526138
0.004652977
0.004518986
0.004598379
0.004500151
0.004600763
0.004602432
0.004641056
0.004532337
0.004636765
0.004527807
0.004577637
0.004537344
0.004595995
0.004529953
0.004601717
0.004528761
0.004601002
0.004524708
0.004666090
0.004558563
0.004671097
0.004537582
0.004605532
0.004553556
0.005034924
0.004508972
0.004598379
0.004521370
0.004618406
0.004531145
0.004641294
0.004490614
0.004626274
0.004622698
0.004657984
0.004639864
0.004663706
0.004513264
0.004629612
0.004502773
0.004612684
0.004510164
0.004611254
0.004544497
0.004602909
0.004551172
0.004622221
0.004526138
0.004641056
0.004509687
0.004601955
0.004510164
0.004600763
0.004528761
0.004611254
0.004571915
0.004683256
0.004548550
0.004582167
0.004508018
0.004694462
0.004562616
0.004605532
0.004542112
0.004551888
0.004529715
0.004627228
0.004547834
0.004631281
0.004492998
0.004607677
0.004558325
0.004618883
0.004543781
0.004609108
0.004529715
0.004601002
0.004562616
0.004703999
0.004535198
0.004607201
0.004545689
0.004604578
0.004524231
0.004655361
0.004499912
0.004673719
0.004507065
0.004586220
0.004517317
0.004626513
0.004824877
0.004623175
0.005076647
0.004893303
0.004527330
0.004606485
0.004564047
0.004640102
0.005216122
0.004623652
0.004544020
0.004616261
0.004537344
0.004572153
0.004512310
0.004574299
0.004501581
0.004646301
0.004544973
0.004603624
0.004495144
0.004628658
0.004576683
0.004616737
0.004546165
0.004609346
0.004493713
0.004856348
0.004539967
0.004620075
0.004567623
0.004599094
0.004502296
0.004636049
0.004544497
0.004630804
0.004518509
0.004603148
0.004569769
0.004617691
0.004531145
0.004568577
0.004484892
0.004573822
0.004498243
0.004619598
0.004499674
0.004580498
0.004539490
0.004573345
0.004524946
0.004620075
0.004513502
0.004650354
0.004578829
0.004613638
0.004529238
0.004573107
0.004501104
0.012825489
0.004515409
0.004606009
0.004521132
0.004568338
0.004520416
0.004588604
0.004512310
0.004557848
0.004498482
0.004606724
0.004566669
0.004598618
0.004468918
0.004645109
0.004501104
0.004577398
0.004536390
0.004656076
0.004508734
0.004599810
0.004497528
0.004637718
0.005566120
0.004584312
0.004572392
0.004630804
0.004485130
0.004628897
0.004538774
0.004614592
0.004494190
0.004601717
0.004559517
0.004674196
0.004791021
0.004585743
0.004469872
0.004573345
0.004471540
0.004618883
0.004513502
0.004559994
0.004459381
0.004603863
0.004507065
0.004637241
0.004482031
0.004566908
0.004517078
0.004632235
0.004554749
0.004617929
0.004451513
0.004639864
0.004503250
0.004608154
0.004549265
0.004628181
0.004497290
0.004571199
0.004547119
0.004583120
0.004470110
0.004545450
0.004523754
0.004680157
0.004508734
0.004676104
0.004518986
0.004575968
0.004510403
0.004562616
0.004539728
0.004600048
0.004542112
0.004576445
0.004492760
0.004564762
0.004484653
0.004555941
0.004468441
0.004578114
0.004613638
0.004553318
0.004467726
0.004578352
0.004494190
0.004658699
0.004534960
0.004568815
0.004425049
0.004604101
0.004478693
0.004553556
0.004564762
0.004590273
0.004532337
0.004566431
0.004464626
0.004785776
0.004451036
0.004559040
0.004500151
0.004875898
0.004457235
0.004550695
0.004490376
0.004609823
0.004499912
0.004559040
0.004469872
0.004629374
0.004492283
0.004689455
0.004486084
0.004577160
0.004476309
0.004636049
0.004480839
0.004590273
0.004550934
0.004608154
0.004477739
0.004681826
0.004530430
0.004602909
0.004528761
0.004547358
0.004565954
0.004641056
0.004482985
0.004569530
0.004501820
0.004578352
0.004498243
0.004616976
0.004475355
0.004570723
0.004489422
0.004569292
0.004514694
0.004612684
0.004510403
0.004611969
0.004451275
0.004634380
0.004508257
0.004561901
0.004468918
0.004585028
0.004487753
0.004600763
0.004500866
0.004561901
0.004501343
0.004846573
0.004753113
0.004579067
0.004469633
0.004564524
0.004460096
0.004542112
0.004498005
0.004559040
0.004493952
0.004533529
0.004524708
0.004550457
0.004524469
0.004646778
0.012630224
0.004663944
0.004485846
0.004630804
0.004505634
0.004652262
0.004507303
0.004615307
0.004506826
0.004583359
0.004510880
0.004595757
0.004491091
0.004640818
0.004529715
0.004582167
0.004525661
0.004641056
0.004580259
0.004686594
0.004571676
0.004665613
0.004498959
0.004560232
0.004543304
0.004703522
0.004491806
0.004946947
0.004593849
0.004641294
0.004544258
0.004646063
0.004530668
0.004600048
0.004521132
0.004638195
0.004522562
0.004631042
0.004500389
0.004626274
0.004551649
0.004625797
0.004595280
0.004617929
0.004550457
0.004592896
0.004478931
0.004534721
0.004505396
0.004578114
0.004496098
0.004530430
0.004482985
0.004608631
0.004517078
0.004590034
0.004981279
0.004584074
0.004465103
0.004957676
0.004549265
0.004605532
0.004564762
0.004597187
0.004518032
0.004650354
0.004512072
0.004605293
0.004472733
0.004611492
0.004525900
0.004599571
0.004485846
0.004601955
0.004520178
0.004635811
0.004509449
0.004627943
0.004490376
0.004605055
0.004538059
0.004595041
0.004477739
0.004593611
0.004523277
0.004606724
0.004525661
0.004619598
0.004542351
0.004668713
0.004568577
0.004581928
0.004814386
0.004572868
0.004514694
0.004558086
0.004524231
0.004591703
0.004503727
0.004584312
0.004471064
0.004589319
0.004492283
0.004571199
0.004569769
0.004595518
0.004519224
0.004596710
0.004690886
0.004639626
0.004512548
0.004673958
0.004567623
0.005356312
0.004507780
0.004596233
0.004510641
0.004619122
0.004590988
0.004984379
0.004561901
0.004607439
0.004509449
0.004925728
0.004783154
0.004954338
0.005358458
0.004594088
0.004553795
0.004586697
0.004555702
0.004713535
0.004568100
0.004652262
0.004675150
0.004591703
0.004553318
0.004663944
0.004523277
0.004614592
0.004498720
0.004604340
0.004524708
