0.012723446
0.002706766
0.002717257
0.011865854
0.002291203
0.002725840
0.014012575
0.002218008
0.002380610
0.002765656
0.002372026
0.002714396
0.002912045
0.002235413
0.002716303
0.002731085
0.002255678
0.002382994
0.002748966
0.002293348
0.002397299
0.002362728
0.002739429
0.002693653
0.002689362
0.002289534
0.002705574
0.002313614
0.002286434
0.002357006
0.002318859
0.002705574
0.002690077
0.002348661
0.002301455
0.002695322
0.002676249
0.002723217
0.002319336
0.002687216
0.002726555
0.002704144
0.002234697
0.002299070
0.002311945
0.002712250
0.002896309
0.002275705
0.002689123
0.002726078
0.002316236
0.002342224
0.002794743
0.002317667
0.002721071
0.002323151
0.002687216
0.002344370
0.002350330
0.002730131
0.002273798
0.002712727
0.002262115
0.002307892
0.013708591
0.002696037
0.002711773
0.002290249
0.002696037
0.002339363
0.002326727
0.002685785
0.002664804
0.002311468
0.002315283
0.002672195
0.002696753
0.002283812
0.002674580
0.002288818
0.002672195
0.002303123
0.002714634
0.002718687
0.002687454
0.002351284
0.002684116
0.002327919
0.002271652
0.002354622
0.002672911
0.002327204
0.002684355
0.002330303
0.002677441
0.002310753
0.002272844
0.002674580
0.002721071
0.002324104
0.002729893
0.002153873
0.002136469
0.002136946
0.002138853
0.002169609
0.002111912
0.002154589
0.002116680
0.002161980
0.002127647
0.002151251
0.002086639
0.002156019
0.002083778
0.002135038
0.002141237
0.002186060
0.002119064
0.002182722
0.002104759
0.002189398
0.002150059
0.002177477
0.002157927
0.002182961
0.002120972
0.002153158
0.002139330
0.002143383
0.002127647
0.002139091
0.002109051
0.002133846
0.002119541
0.002140522
0.002096891
0.002146959
0.002084017
0.002155066
0.002110004
0.002176285
0.002099752
0.002163172
0.002091169
0.002135992
0.002157211
0.002134562
0.002135515
0.002157450
0.002101183
0.002159595
0.002134323
0.002133608
0.002117157
0.002148390
0.002107143
0.002129316
0.002127409
0.002148867
0.002125025
0.002145290
0.002107143
0.002161264
0.002119303
0.002140522
0.002122641
0.002109766
0.002097368
0.002184629
0.002108812
0.002154112
0.002095699
0.002163410
0.002054453
0.002146244
0.002144098
0.002202749
0.002161264
0.002161264
0.002133608
0.002173662
0.002136230
0.002164364
0.002113104
0.002134323
0.002101660
0.002117872
0.002103329
0.002145767
0.002087355
0.002159119
0.002072573
0.002164841
0.002093077
0.002313852
0.002124071
0.002189398
0.002086401
0.002143145
0.002121210
0.002138376
0.002143383
0.002173662
0.002104521
0.002165079
0.002131939
0.002161264
0.002153635
0.002153397
0.002113104
0.002168417
0.002115965
0.002154589
0.002139091
0.002120733
0.002099752
0.002148867
0.002111435
0.002187490
0.002130270
0.002151489
0.002074480
0.002157927
0.002127647
0.002147675
0.002119303
0.002123594
0.002116919
0.002159357
0.002120018
0.002147198
0.002080202
0.002145052
0.002073526
0.002178192
0.002150536
0.002121687
0.002123356
0.002151251
0.002133608
0.002129793
0.002108574
0.002135277
0.002126932
0.002197742
0.002103090
0.002164364
0.002175570
0.002196789
0.002183437
0.002187967
0.002162933
0.002176762
0.002168417
0.002181292
0.002156496
0.002149343
0.002119303
0.002161026
0.002129555
0.002126694
0.002123594
0.002172232
0.002084494
0.002162457
0.002144098
0.002164841
0.002121687
0.002159357
0.002148867
0.002201319
0.002168417
0.002177715
0.002156973
0.002193689
0.002115250
0.002173424
0.002146006
0.002167702
0.002126932
0.002151966
0.002144814
0.002139330
0.002134800
0.002151966
0.002097845
0.002132416
0.002090931
0.002129793
0.002118826
0.002131224
0.002074242
0.002146244
0.002070189
0.002146482
0.002130747
0.002200365
0.002167702
0.002156019
0.002109766
0.002175570
0.002127409
0.002165079
0.002163649
0.002181292
0.002145052
0.002157927
0.002125740
0.002159119
0.002112865
0.002126694
0.002110481
0.002112150
0.002130985
0.002156019
0.002125502
0.002166033
0.002077103
0.002127171
0.002127171
0.002147675
0.002120733
0.002181530
0.002080917
0.002208948
0.002154112
0.002179384
0.002147913
0.002156734
0.002114773
0.002151966
0.002140045
0.002165556
0.002128601
0.002133369
0.002141476
0.002143145
0.002130747
0.002131701
0.002141953
0.002169371
0.002079725
0.002139330
0.002127647
0.002163649
0.002120256
0.002124310
0.002085209
0.002166986
0.002148390
0.002139330
0.002085447
0.002204418
0.002062321
0.002173662
0.002140999
0.002167463
0.002146482
0.002167463
0.002112865
0.002164125
0.002120256
0.002152920
0.002125978
0.002157450
0.002110481
0.002135515
0.002135754
0.002128601
0.002141953
0.002154112
0.002077818
0.002161264
0.002138376
0.002193213
0.002165556
0.002180815
0.002070427
0.002142429
0.002147675
0.002161264
0.002140522
0.002158165
0.002100706
0.002159357
0.002134085
0.002105951
0.002110720
0.002124310
0.002122641
0.002155781
0.002110481
0.002155542
0.002140522
0.002161503
0.002063990
0.002130032
0.002117872
0.002152205
0.002143621
0.002190351
0.002115488
0.002159595
0.002161503
0.002165794
0.002160311
0.002193928
0.002117157
0.002190590
0.002131224
0.002154112
0.002144337
0.002154827
0.002108812
0.002159119
0.002137184
0.002132416
0.002129555
0.002141476
0.002104282
0.002152205
0.002101660
0.002151489
0.002117872
0.002128601
0.002076626
0.002152443
0.002099752
0.002174377
0.002162695
0.002170086
0.002096415
0.002172709
0.002140999
0.002155781
0.002174377
0.002185106
0.002159119
0.002154827
0.002114534
0.002139568
0.002130985
0.002120256
0.002089977
0.002158642
0.002133608
0.002144337
0.002116442
0.002122879
0.002110243
0.002111197
0.002106667
0.002188206
0.002156019
0.002210140
0.002079487
0.002156258
0.002150297
0.002167225
0.002150536
0.002165318
0.002123117
0.002162933
0.002155781
0.002162218
0.002110243
0.002139091
0.002104044
0.002156496
0.002080202
0.002170324
0.002092600
0.002135038
0.002089977
0.002165556
0.002131224
0.002136469
0.002122402
0.002154350
0.002156019
0.002190113
0.002140522
0.002197742
0.002156973
0.002169132
0.002115726
0.002152443
0.002148390
0.002159357
0.002137423
0.002134800
0.002121449
0.002135754
0.002173424
0.002155304
0.002118111
0.002152205
0.002087116
0.002135515
0.002102613
0.002128124
0.002117395
0.002132177
0.002084494
0.002188921
0.002157211
0.002200365
0.002167225
0.002171278
0.002107143
0.002200603
0.002150774
0.002166033
0.002159834
0.002161503
0.002130032
0.002172232
0.002120018
0.002141237
0.002114296
0.002145767
0.002090931
0.002131224
0.002114534
0.002145529
0.002119303
0.002135277
0.002086878
0.002124310
0.002189398
0.002105236
0.002096415
0.002187014
0.002082109
0.002182484
0.002165079
0.002174854
0.002166748
0.002183914
0.002125025
0.002172947
0.002143621
0.002135277
0.002117872
0.002134562
0.002108574
0.002109051
0.002120256
0.002225876
0.002116442
0.002138138
0.002097130
0.002122164
0.002132177
0.002145290
0.002145767
0.002175093
0.002082586
0.002188683
0.002142906
0.002160072
0.002151966
0.002166033
0.002078295
0.002161980
0.002144575
0.002173901
0.002155542
0.002140522
0.002125978
0.002123356
0.002132416
0.002167463
0.002118111
0.002130985
0.002081156
0.002147675
0.002141476
0.002134323
0.002120018
0.002128601
0.002100468
0.002157688
0.002176046
0.002191544
0.002204418
0.002183199
0.002114296
0.002177477
0.002160072
0.002165318
0.002176285
0.002191067
0.002125263
0.002171278
0.002104044
0.002159357
0.002112150
0.002141476
0.002102375
0.002183437
0.002134562
0.002144575
0.002129078
0.002128839
0.002082825
0.002161026
0.002149820
0.002163649
0.002120733
0.002174616
0.002083302
0.002186060
0.002152205
0.002178669
0.002163887
0.002221584
0.002153873
0.002168655
0.002158642
0.002149582
0.002121925
0.002185822
0.002104521
0.002151251
0.002139807
0.002166748
0.002145052
0.002150059
0.002092600
0.002137423
0.002143145
0.002150059
0.002165794
0.002161980
0.002109766
0.002134085
0.002138853
0.002171278
0.002163172
0.002136707
0.002133608
0.002176523
0.002143860
0.002161503
0.002201796
0.002159119
0.002132416
0.002186060
0.002165079
0.002180576
0.002169847
0.002215862
0.002094507
0.002164841
0.002153635
0.002162457
0.002157927
0.002158403
0.002109051
0.002166033
0.002120495
0.002156734
0.002160788
0.002155066
0.002099514
0.002168179
0.002166748
0.002140760
0.002138138
0.002173185
0.002109528
0.002144575
0.002122879
0.002149582
0.002134323
0.002148867
0.002082348
0.002148390
0.002119541
0.002140045
0.002087593
0.002131701
0.002070904
0.002145767
0.002094746
0.002174139
0.002066374
0.002123833
0.002144575
0.002131701
0.002464294
0.002162218
0.002133131
0.002166033
0.002134800
0.002151489
0.002130508
0.002126932
0.002123594
0.002172232
0.002140760
0.002133131
0.002389908
0.002123356
0.002104282
0.002136946
0.002140284
0.002126694
0.002130747
0.002141953
0.002100229
0.002130032
0.002136230
0.002156019
0.002142429
0.002160788
0.002110720
0.002158165
0.002130985
0.002150059
0.002136230
0.002140760
0.002128363
0.002121449
0.002152681
0.002118826
0.002124786
0.002141953
0.002103329
0.002103329
0.002134323
0.002144575
0.002096176
0.002140045
0.002106905
0.002167463
0.002155304
0.002165318
0.002178669
0.002202272
0.002230883
0.002150297
0.002142906
0.002167225
0.002164841
0.002142429
0.002136946
0.002156258
0.002113104
0.002161980
0.002128124
0.002112389
0.002473116
0.002226114
0.002128601
0.002137423
0.002097607
0.002103806
0.002529383
0.002099991
0.002140999
0.002367496
0.002274275
0.002171993
0.002098560
0.002204180
0.002432346
0.002194881
0.002183437
0.002138138
0.002138853
0.002136707
0.002147913
0.002153158
0.002112865
0.002138138
0.002106667
0.002141237
0.002130985
0.002118587
0.002310276
0.002136946
0.002155066
0.002158403
0.002130032
0.002116680
0.002095461
0.002184868
0.002151728
0.002182245
0.002155066
0.002181292
0.002094746
0.002168894
0.002176046
0.002196312
0.002153873
0.002161026
0.002195120
0.002133846
0.002135515
0.002138853
0.002111912
0.002135992
0.002090693
0.002123594
0.002101421
0.002166510
0.002139568
0.002109289
0.002089977
0.002157450
0.002137423
0.002180099
0.002160311
0.002185822
0.002079248
0.002190351
0.002187490
0.002176285
0.002152443
0.002175093
0.002147913
0.002195358
0.002129078
0.002164364
0.002133846
0.002132416
0.002119303
0.002157688
0.002081156
0.002155304
0.002183676
0.002134323
0.002129316
0.002101898
0.002103329
0.002396345
0.002083540
0.002218485
0.002763510
0.002113581
0.002116203
0.002326488
0.002120733
0.002180576
0.002149820
0.002184153
0.002310753
0.002148628
0.002155304
0.002142191
0.002130270
0.002135515
0.002129555
0.002174854
0.002154350
0.002166510
0.002114773
0.002149105
0.002139807
0.002155781
0.002099276
0.002171040
0.002124548
0.002206802
0.002172709
0.002199650
0.002125978
0.002183676
0.002137661
0.002175808
0.002152681
0.002185106
0.002160311
0.002142429
0.002153397
0.002144814
0.002140045
0.002161503
0.002119064
0.002151966
0.002097130
0.002145052
0.002133131
0.002166271
0.002100468
0.002141714
0.002123833
0.002140760
0.002099276
0.002413988
0.002102613
0.002114534
0.002165318
0.002159834
0.002163410
0.002213955
0.002131224
0.002128601
0.002151251
0.002149343
0.002749681
0.002177238
0.002412081
0.002099514
0.002169371
0.002364159
0.011534929
0.002122402
0.002106190
0.002117872
0.002127171
0.002149105
0.002134085
0.002128363
0.002109289
0.002162218
0.011787653
0.002125502
0.002136230
0.002193689
0.002432823
0.002171516
0.002153397
0.002308130
0.002270222
0.002143860
0.002975464
0.002128363
0.002119303
0.002143145
0.002123356
0.002170324
0.002114534
0.002127409
0.002233982
0.002162218
0.002129078
0.002128601
0.002130747
0.002199411
0.002082348
0.002481699
0.002216101
0.002322197
0.002433300
0.002546310
0.002092838
0.002180815
0.002099752
0.002177715
0.002271652
0.002177000
0.002145052
0.002154350
0.002129555
0.002396107
0.002114296
0.002257109
0.002106667
0.002138853
0.002468586
0.002512932
0.002414703
0.002300024
0.002151728
0.002117872
0.002230406
0.002688169
0.002135515
0.002176762
0.002150059
0.002095222
0.002359152
0.002136946
0.002174616
0.002188206
0.002166986
0.002158403
0.002185583
0.002152920
0.002111435
0.002157688
0.002121210
0.002172232
0.002109528
0.002676010
0.002384424
0.002125502
0.002494574
0.002179384
0.002414465
0.002160549
0.002123117
0.002421379
0.002126217
