0.000211954
0.000134468
0.000144958
0.000094175
0.000109911
0.000108719
0.000096083
0.000083208
0.000117779
0.000089407
0.000083685
0.000118256
0.000135183
0.000089169
0.000134945
0.000086308
0.000089645
0.000101089
0.000129461
0.000093937
0.000110388
0.000087500
0.000128269
0.000149488
0.000091076
0.000100851
0.000082970
0.000083923
0.000132561
0.000119686
0.000164270
0.000248194
0.000164747
0.000169754
0.000166655
0.000192165
0.000211000
0.000176907
0.000179291
0.000164986
0.000327349
0.000167847
0.000189781
0.000150204
0.000159264
0.000162125
0.000147581
0.000169039
0.000136852
0.000143290
0.000198603
0.000147104
0.000171900
0.000140190
0.000081062
0.000116587
0.000126123
0.000147343
0.000109911
0.000078917
0.000140429
0.000140905
0.000171423
0.000150442
0.000145435
0.000151634
0.000131130
0.000129938
0.000077486
0.000106335
0.000107050
0.000133514
0.000171185
0.000097990
0.000145197
0.000150919
0.000155926
0.000188351
0.000136137
0.000150442
0.000138760
0.000147581
0.000202417
0.000154018
0.000148058
0.000166416
0.000162601
0.000188589
0.000169277
0.000176907
0.000133038
0.000093699
0.000170231
0.000144720
0.000193357
0.000148058
0.000171423
0.000168085
0.000130177
0.000148296
0.000106812
0.000082016
0.000093222
0.000073910
0.000148773
0.000140667
0.000152349
0.000152588
0.000085831
0.000169277
0.000135422
0.000082493
0.000146151
0.000142813
0.000144482
0.000143290
0.000140905
0.000165701
0.000161648
0.000140190
0.000147581
0.000138998
0.000170231
0.000140905
0.000103474
0.000155210
0.000162125
0.000138521
0.000113249
0.000084162
0.000075817
0.000073671
0.000167847
0.000142097
0.000142097
0.000091076
0.000078678
0.000136852
0.000110626
0.000152349
0.000171661
0.000161409
0.000161409
0.000184536
0.000174522
0.000133276
0.000163078
0.000120640
0.000109434
0.000117302
0.000090599
0.000123978
0.000156879
0.000189304
0.000094414
0.000115395
0.000156164
0.000090122
0.000103474
0.000077009
0.000081062
0.000079155
0.000137806
0.000105381
0.000095606
0.000076532
0.000158072
0.000094414
0.000080585
0.000080109
0.000108480
0.000085831
0.000155687
0.000085115
0.000085592
0.000078678
0.000149488
0.000089169
0.000091314
0.000082731
0.000088453
0.000082254
0.000162840
0.000080585
0.000072956
0.000136614
0.000135183
0.000088215
0.000103474
0.000087023
0.000082254
0.000080824
0.000131607
0.000079393
0.000109911
0.000088215
0.000162840
0.000197411
0.000165224
0.000160456
0.000161648
0.000137329
0.000190735
0.000158787
0.000174522
0.000177383
0.000166178
0.000187159
0.000317097
0.000162363
0.000158787
0.000170231
0.000188351
0.000185966
0.000092745
0.000155687
0.000117540
0.000101805
0.000105143
0.000139236
0.000140190
0.000100613
0.000072956
0.000136137
0.000078917
0.000093222
0.000077248
0.000076056
0.000072241
0.000119209
0.000090599
0.000102043
0.000075579
0.000146627
0.000090599
0.000077724
0.000070333
0.000086546
0.000074625
0.000120401
0.000073195
0.000071049
0.000072479
0.000139475
0.000140429
0.000175238
0.000143766
0.000079155
0.000074625
0.000139236
0.000132322
0.000130653
0.000139952
0.000134706
0.000119448
0.000140429
0.000161409
0.000141859
0.000145435
0.000153065
0.000173092
0.000141859
0.000142813
0.000165939
0.000163555
0.000141144
0.000137091
0.000078678
0.000087023
0.000074863
0.000140190
0.000148773
0.000158548
0.000124931
0.000079870
0.000109434
0.000133514
0.000133991
0.000141859
0.000084162
0.000086784
0.000138283
0.000078678
0.000134706
0.000077486
0.000100136
0.000096083
0.000126123
0.000092983
0.000106335
0.000077009
0.000121355
0.000099421
0.000072241
0.000071287
0.000086546
0.000079393
0.000125885
0.000099421
0.000072718
0.000071049
0.000146151
0.000126362
0.000094414
0.000072718
0.000070810
0.000089407
0.000146627
0.000079870
0.000082731
0.000072479
0.000121355
0.000079632
0.000093222
0.000077009
0.000082016
0.000072002
0.000172853
0.000137568
0.000142336
0.000130892
0.000095367
0.000073195
0.000106335
0.000146627
0.000124216
0.000155926
0.000156641
0.000147104
0.000169516
0.000172377
0.000082016
0.000142574
0.000129700
0.000141621
0.000175953
0.000149488
0.000138760
0.000132799
0.000080824
0.000180960
0.000139475
0.000153542
0.000155926
0.000153065
0.000183582
0.000137806
0.000164509
0.000178814
0.000164032
0.000171900
0.000142336
0.000167608
0.000138998
0.000149727
0.000139236
0.000126839
0.000148296
0.000136614
0.000146151
0.000132799
0.000135422
0.000143528
0.000149965
0.000179052
0.000181437
0.000139713
0.000147581
0.000305653
0.000174046
0.000141382
0.000145197
0.000148535
0.000099659
0.000146627
0.000096321
0.000149488
0.000097990
0.000165462
0.000143051
0.000078440
0.000113010
0.000124216
0.000131845
0.000093699
0.000077248
0.000071049
0.000070333
0.000119448
0.000111341
0.000083923
0.000080585
0.000115871
0.000138521
0.000130177
0.000118971
0.000119925
0.000082016
0.000163317
0.000140190
0.000129938
0.000136614
0.000140905
0.000138283
0.000077963
0.000133514
0.000091314
0.000171423
0.000141859
0.000150204
0.000088692
0.000143766
0.000150681
0.000183344
0.000141859
0.000157595
0.000142813
0.000142336
0.000132799
0.000112772
0.000089169
0.000143290
0.000126839
0.000123739
0.000079632
0.000074625
0.000134230
0.000139952
0.000154734
0.000096798
0.000079155
0.000159979
0.000080109
0.000086308
0.000077486
0.000079632
0.000072002
0.000122309
0.000118494
0.000097036
0.000081062
0.000143051
0.000135183
0.000126600
0.000083923
0.000077963
0.000149965
0.000135660
0.000088453
0.000120640
0.000076294
0.000121593
0.000164509
0.000156641
0.000093222
0.000137091
0.000088930
0.000103474
0.000157595
0.000157595
0.000180960
0.000096321
0.000156641
0.000123739
0.000111818
0.000092745
0.000085354
0.000086069
0.000164747
0.000146151
0.000095844
0.000342846
0.000097036
0.000126839
0.000166655
0.000165224
0.000114441
0.000104427
0.000160217
0.000093460
0.000111580
0.000093222
0.000072718
0.000071526
0.000115871
0.000143528
0.000108004
0.000088215
0.000146151
0.000098944
0.000075817
0.000074387
0.000102282
0.000084400
0.000161648
0.000100136
0.000084639
0.000180244
0.000149727
0.000114441
0.000113010
0.000161648
0.000159264
0.000162840
0.000170231
0.000160217
0.000160933
0.000171900
0.000143766
0.000207901
0.000139952
0.000097275
0.000085592
0.000084639
0.000149012
0.000176430
0.000159502
0.000190973
0.000175714
0.000174046
0.000175953
0.000161171
0.000170708
0.000172853
0.000198841
0.000163555
0.000164032
0.000149727
0.000171423
0.000180244
0.000097752
0.000092745
0.000078440
0.000156164
0.000152349
0.000182867
0.000164270
0.000165701
0.000179052
0.000163794
0.000185251
0.000161648
0.000163317
0.000165224
0.000140190
0.000147581
0.000165462
0.000190258
0.000166178
0.000167370
0.000161648
0.000159979
0.000171423
0.000134230
0.000084400
0.000080824
0.000072718
0.000160933
0.000146151
0.000160694
0.000186443
0.000123262
0.000163555
0.000154734
0.000170708
0.000181675
0.000091314
0.000120163
0.000176668
0.000149965
0.000166655
0.000151396
0.000100613
0.000176430
0.000110388
0.000136614
0.000106096
0.000080347
0.000159264
0.000207663
0.000158072
0.000170231
0.000163317
0.000143766
0.000188112
0.000118971
0.000089407
0.000074863
0.000148058
0.000154257
0.000194788
0.000088930
0.000074625
0.000146389
0.000138283
0.000191450
0.000161886
0.000154972
0.000139952
0.000198364
0.000148296
0.000081778
0.000112295
0.000146627
0.000152826
0.000201941
0.000141859
0.000126362
0.000148773
0.000140190
0.000086069
0.000087738
0.000075102
0.000163078
0.000151396
0.000172853
0.000155687
0.000157833
0.000159502
0.000158310
0.000164986
0.000108957
0.000122786
0.000155926
0.000138998
0.000192404
0.000168324
0.000185490
0.000181675
0.000163794
0.000197411
0.000130415
0.000140667
0.000113487
0.000106573
0.000148058
0.000161648
0.000178099
0.000104666
0.000113487
0.000186920
0.000098944
0.000093460
0.000076771
0.000074387
0.000072718
0.000156641
0.000111580
0.000113249
0.000088215
0.000137806
0.000082254
0.000082493
0.000078678
0.000089407
0.000082254
0.000131130
0.000090837
0.000085115
0.000087023
0.000149488
0.000095844
0.000087261
0.000084400
0.000083685
0.000088453
0.000150442
0.000094652
0.000085592
0.000082731
0.000162125
0.000257492
0.000092030
0.000109911
0.000102758
0.000169516
0.000215054
0.000185251
0.000209808
0.000164032
0.000174999
0.000092983
0.000141382
0.000092268
0.000150442
0.000164270
0.000187635
0.000168085
0.000164270
0.000163794
0.000156164
0.000191689
0.000157833
0.000176430
0.000158310
0.000198841
0.000163555
0.000223637
0.000180006
0.000177860
0.000206947
0.000176668
0.000178099
0.000130892
0.000107527
0.000193596
0.000157356
0.000320196
0.000167608
0.000170946
0.000162125
0.000183344
0.000161886
0.000148058
0.000100851
0.000161409
0.000144005
0.000163555
0.000145674
0.000109673
0.000095844
0.000151396
0.000162125
0.000186205
0.000162125
0.000144958
0.000084639
0.000081539
0.000087976
0.000155926
0.000160694
0.000169277
0.000168324
0.000178814
0.000134706
0.000159740
0.000146151
0.000163078
0.000188589
0.000166416
0.000160933
0.000164747
0.000162125
0.000164032
0.000128746
0.000158072
0.000126600
0.000159502
0.000134468
0.000162125
0.000180006
0.000083685
0.000075817
0.000092745
0.000155210
0.000147581
0.000163317
0.000128746
0.000128508
0.000099421
0.000080109
0.000163794
0.000150204
0.000123501
0.000148058
0.000320911
0.000173569
0.000161648
0.000164032
0.000163078
0.000155449
0.000162125
0.000188112
0.000177383
0.000161886
0.000162601
0.000106096
0.000119925
0.000091314
0.000084400
0.000339508
0.000187159
0.000162840
0.000179529
0.000104904
0.000088930
0.000083685
0.000130415
0.000145435
0.000131607
0.000136375
0.000163317
0.000229359
0.000157595
0.000161886
0.000114441
0.000159502
0.000176668
0.000159264
0.000161886
0.000118971
0.000161886
0.000160933
0.000160933
0.000111103
0.000084162
0.000076532
0.000204086
0.000188112
0.000161648
0.000150919
0.000162363
0.000147581
0.000160694
0.000151873
0.000160933
0.000154018
0.000094414
0.000171423
0.000150442
0.000167370
0.000164509
0.000179768
0.000170946
0.000166178
0.000120401
0.000094414
0.000094891
0.000179768
0.000091791
0.000216722
0.000198126
0.000187635
0.000190020
0.000150204
0.000198603
0.000190258
0.000160933
0.000164986
0.000164747
0.000092983
0.000080347
0.000079870
0.000114202
0.000157595
0.000324488
0.000093937
0.000081539
0.000159264
0.000083447
0.000126600
0.000109196
0.000081778
0.000083447
0.000140905
0.000099421
0.000124693
0.000084877
0.000140667
0.000081539
0.000085115
0.000092506
0.000159264
0.000082016
0.000102997
0.000077486
0.000074148
0.000071764
0.000151634
0.000078917
0.000174761
0.000108480
0.000132561
0.000107288
0.000113726
0.000109434
0.000157118
0.000163317
0.000095844
0.000085831
0.000157833
0.000107765
0.000129700
0.000085354
0.000105143
0.000086308
0.000161648
0.000120878
0.000125170
0.000089884
0.000149965
0.000083208
0.000080109
0.000076294
0.000088215
0.000080824
0.000140429
0.000082493
0.000077009
0.000083208
0.000154257
0.000146627
0.000084400
0.000077724
0.000076771
0.000076294
0.000150204
0.000085115
0.000079155
0.000076532
0.000137568
0.000108004
0.000103474
0.000081778
0.000078678
0.000085592
0.000160933
0.000081778
0.000101089
0.000077724
0.000134706
0.000081062
0.000112057
0.000079155
0.000085115
0.000080347
0.000134706
0.000096560
0.000080824
0.000077486
0.000151396
0.000082254
0.000076771
0.000076294
0.000081539
0.000081301
0.000152826
0.000084639
0.000078678
0.000079155
0.000155926
0.000083923
0.000152588
0.000101566
0.000080585
0.000076294
0.000135183
0.000082731
0.000095844
0.000081062
0.000140429
0.000084400
0.000086069
0.000077486
0.000093222
0.000079870
0.000138283
0.000080585
0.000081062
0.000078678
0.000148535
0.000081301
0.000082731
0.000078440
0.000077248
0.000075817
0.000176191
0.000084639
0.000079155
0.000082970
0.000160456
0.000082254
0.000092983
0.000095367
0.000082493
0.000077724
0.000134945
0.000081062
0.000098944
0.000078201
0.000141382
0.000083685
0.000112772
0.000094414
0.000097752
0.000081778
0.000134706
0.000087261
0.000076532
0.000076056
0.000152349
0.000088453
0.000087738
0.000078917
0.000084639
0.000077724
0.000177145
0.000106335
0.000078917
