1606999021.842139959
1606999021.942002535
1606999022.042130709
1606999022.142134666
1606999022.242136002
1606999022.341980219
1606999022.442135811
1606999022.542140007
1606999022.642045498
1606999022.741980314
1606999022.842139482
1606999022.942137480
1606999023.042143822
1606999023.142039537
1606999023.242138863
1606999023.342134953
1606999023.442109823
1606999023.542164564
1606999023.642158031
1606999023.742148876
1606999023.842138290
1606999023.942139149
1606999024.042110682
1606999024.142137051
1606999024.242138624
1606999024.342134237
1606999024.442041159
1606999024.542137146
1606999024.642119884
1606999024.742113113
1606999024.842137814
1606999024.942140341
1606999025.042138100
1606999025.142128944
1606999025.242043257
1606999025.342043877
1606999025.442138433
1606999025.542138338
1606999025.642138004
1606999025.742119312
1606999025.842144012
1606999025.942135334
1606999026.042137861
1606999026.142141819
1606999026.242040873
1606999026.342140436
1606999026.442132711
1606999026.542140007
1606999026.642136574
1606999026.742134094
1606999026.842141628
1606999026.942140102
1606999027.042135715
1606999027.142046452
1606999027.242137432
1606999027.342140675
1606999027.442137718
1606999027.542042494
1606999027.642139435
1606999027.742138624
1606999027.842139006
1606999027.942143202
1606999028.042042017
1606999028.142143965
1606999028.242039442
1606999028.342137337
1606999028.442041397
1606999028.542052746
1606999028.642139912
1606999028.742132902
1606999028.842166424
1606999028.942149401
1606999029.042146206
1606999029.142135859
1606999029.242140293
1606999029.342044830
1606999029.442140579
1606999029.542139769
1606999029.642138481
1606999029.742136955
1606999029.842139482
1606999029.942140341
1606999030.042143106
1606999030.142136574
1606999030.242111683
1606999030.342138052
1606999030.442144871
1606999030.542137146
1606999030.642140150
1606999030.742142677
1606999030.842108488
1606999030.942135334
1606999031.042140961
1606999031.142140388
1606999031.242121458
1606999031.342140675
1606999031.442142010
1606999031.542161703
1606999031.642146349
1606999031.742139101
1606999031.842139006
1606999031.942136765
1606999032.042119503
1606999032.142134905
1606999032.242139578
1606999032.342045784
1606999032.442139864
1606999032.542137384
1606999032.642137051
1606999032.742140293
1606999032.842137814
1606999032.942138910
1606999033.042140484
1606999033.142042637
1606999033.242045403
1606999033.342139482
1606999033.442139626
1606999033.542141438
1606999033.642138720
1606999033.742137194
1606999033.842140198
1606999033.942135334
1606999034.042141199
1606999034.142038107
1606999034.242042780
1606999034.342138052
1606999034.442139149
1606999034.542133808
1606999034.642138958
1606999034.742138147
1606999034.842006922
1606999034.942136526
1606999035.042139292
1606999035.142132998
1606999035.242139339
1606999035.342138052
1606999035.442036867
1606999035.542041063
1606999035.642043352
1606999035.742034912
1606999035.842018366
1606999035.942047119
1606999036.042045593
1606999036.141968489
1606999036.242036343
1606999036.342038870
1606999036.442046404
1606999036.542029858
1606999036.642041445
1606999036.742047548
1606999036.842164516
1606999036.942143202
1606999037.042140722
1606999037.142134428
1606999037.242108107
1606999037.342139244
1606999037.442124367
1606999037.542042732
1606999037.642135382
1606999037.742140770
1606999037.842135668
1606999037.942135811
1606999038.042135954
1606999038.142123699
1606999038.242136478
1606999038.342141628
1606999038.442136765
1606999038.542134523
1606999038.642136812
1606999038.742136717
1606999038.842117548
1606999038.942127943
1606999039.042136908
1606999039.141971350
1606999039.242134809
1606999039.342116356
1606999039.442161798
1606999039.542156458
1606999039.642153263
1606999039.742136717
1606999039.842136145
1606999039.942041636
1606999040.042140484
1606999040.142147779
1606999040.242043734
1606999040.342136860
1606999040.442149878
1606999040.542146206
1606999040.642005920
1606999040.742043257
1606999040.842144012
1606999040.942009211
1606999041.041999817
1606999041.142142057
1606999041.242017031
1606999041.342006207
1606999041.442142487
1606999041.541974545
1606999041.641980886
1606999041.741974592
1606999041.842048407
1606999041.941984177
1606999042.042001963
1606999042.141972065
1606999042.242049217
1606999042.341973543
1606999042.442011833
1606999042.542014837
1606999042.642042160
1606999042.741969109
1606999042.841972113
1606999042.942041397
1606999043.042023420
1606999043.142046452
1606999043.242047310
1606999043.342042208
1606999043.442042351
1606999043.542041779
1606999043.642041922
1606999043.742044926
1606999043.842046022
1606999043.941972733
1606999044.042041302
1606999044.142038584
1606999044.242045403
1606999044.342042446
1606999044.442120314
1606999044.542044401
1606999044.642116547
1606999044.742043495
1606999044.842042685
1606999044.942124605
1606999045.042067528
1606999045.142113686
1606999045.242117643
1606999045.342041969
1606999045.442130804
1606999045.542114496
1606999045.642131090
1606999045.742130041
1606999045.842000961
1606999045.942119122
1606999046.042121887
1606999046.142126799
1606999046.242143393
1606999046.342132092
1606999046.442130327
1606999046.542129040
1606999046.642122746
1606999046.742027998
1606999046.842135429
1606999046.942098618
1606999047.042140722
1606999047.142133474
1606999047.242127657
1606999047.342154264
1606999047.442161560
1606999047.542137384
1606999047.642136812
1606999047.742140055
1606999047.842135429
1606999047.942136765
1606999048.042137861
1606999048.142142057
1606999048.242136002
1606999048.342138767
1606999048.442042589
1606999048.542041779
1606999048.642116308
1606999048.742136240
1606999048.842133522
1606999048.942001581
1606999049.042113304
1606999049.142048359
1606999049.242005587
1606999049.342135906
1606999049.442135096
1606999049.542135239
1606999049.642137051
1606999049.742136002
1606999049.842104197
1606999049.942137957
1606999050.042165995
1606999050.142147779
1606999050.242148399
1606999050.342136621
1606999050.442139626
1606999050.542134523
1606999050.642138720
1606999050.742138386
1606999050.842137337
1606999050.942129135
1606999051.042044878
1606999051.142134190
1606999051.242136478
1606999051.342138767
1606999051.442134380
1606999051.542135715
1606999051.642134190
1606999051.742136955
1606999051.842134714
1606999051.942040920
1606999052.042031288
1606999052.142136335
1606999052.242018938
1606999052.342142344
1606999052.442138433
1606999052.542136192
1606999052.642138481
1606999052.742039204
1606999052.842137575
1606999052.942121267
1606999053.042138100
1606999053.142104864
1606999053.242135048
1606999053.342136860
1606999053.442134380
1606999053.542140245
1606999053.642154694
1606999053.742160320
1606999053.842141390
1606999053.942116261
1606999054.042135000
1606999054.142137051
1606999054.242137671
1606999054.342137098
1606999054.442136526
1606999054.542137146
1606999054.642141104
1606999054.742137194
1606999054.842135191
1606999054.942006588
1606999055.042141199
1606999055.142136335
1606999055.242033482
1606999055.342117786
1606999055.442126989
1606999055.542042494
1606999055.642103672
1606999055.742139101
1606999055.842136145
1606999055.942005873
1606999056.042139530
1606999056.142139196
1606999056.242134571
1606999056.342142582
1606999056.442134619
1606999056.542134523
1606999056.642134905
1606999056.742134571
1606999056.842140436
1606999056.942142963
1606999057.042138577
1606999057.142143488
1606999057.242141008
1606999057.342140913
1606999057.442138433
1606999057.542154312
1606999057.642163277
1606999057.742140532
1606999057.842135191
1606999057.942136526
1606999058.042138338
1606999058.142110825
1606999058.242136002
1606999058.342144728
1606999058.442136049
1606999058.542135239
1606999058.642138958
1606999058.742107630
1606999058.842041731
1606999058.942142248
1606999059.042138338
1606999059.142135620
1606999059.242139816
1606999059.342106581
1606999059.442137718
1606999059.542137861
1606999059.642143250
1606999059.742138863
1606999059.842138529
1606999059.942033052
1606999060.042044163
1606999060.141984940
1606999060.242001057
1606999060.342150688
1606999060.442038536
1606999060.542054892
1606999060.642039776
1606999060.742034435
1606999060.841977119
1606999060.942039967
1606999061.042036533
1606999061.142006159
1606999061.241997242
1606999061.342008114
1606999061.442043066
1606999061.542004824
1606999061.641970634
1606999061.742109299
1606999061.842142105
1606999061.942086935
1606999062.042002678
1606999062.142007589
1606999062.242136717
1606999062.342040300
1606999062.442136765
1606999062.542034626
1606999062.642137766
1606999062.742048979
1606999062.842039347
1606999062.942001581
1606999063.042001247
1606999063.142000437
1606999063.242055655
1606999063.342049122
1606999063.442169666
1606999063.541976452
1606999063.642137527
1606999063.742049456
1606999063.841977835
1606999063.942042589
1606999064.042005062
1606999064.142130375
1606999064.241996527
1606999064.342042923
1606999064.442102671
1606999064.541991472
1606999064.642040968
1606999064.742041111
1606999064.842114687
1606999064.942141771
1606999065.042039156
1606999065.142135143
1606999065.242145777
1606999065.342145443
1606999065.442042351
1606999065.542160511
1606999065.642128706
1606999065.742145061
1606999065.842004776
1606999065.942137003
1606999066.042136669
1606999066.142133474
1606999066.242141008
1606999066.342042446
1606999066.442139149
1606999066.542136192
1606999066.642137766
1606999066.742138863
1606999066.842142582
1606999066.942128420
1606999067.042138577
1606999067.142135859
1606999067.242112875
1606999067.342137814
1606999067.442138910
1606999067.542042732
1606999067.642140865
1606999067.742139101
1606999067.842132807
1606999067.942138195
1606999068.042138338
1606999068.142137527
1606999068.242166758
1606999068.342040062
1606999068.442135334
1606999068.542055607
1606999068.642138243
1606999068.742048502
1606999068.841998577
1606999068.942004919
1606999069.041999817
1606999069.141998768
1606999069.242039442
1606999069.342052698
1606999069.441974401
1606999069.542133093
1606999069.642042160
1606999069.742029428
1606999069.842136145
1606999069.942135096
1606999070.042137861
1606999070.142036438
1606999070.242035627
1606999070.342049122
1606999070.442135096
1606999070.542140961
1606999070.642138481
1606999070.742136717
1606999070.842160940
1606999070.942163229
1606999071.042144537
1606999071.142138004
1606999071.242131710
1606999071.342134237
1606999071.442136049
1606999071.542116642
1606999071.642042160
1606999071.741976500
1606999071.842141628
1606999071.942135334
1606999072.042139292
1606999072.142127752
1606999072.242140770
1606999072.342136621
1606999072.442135334
1606999072.542138577
1606999072.642141581
1606999072.742043972
1606999072.842123032
1606999072.942141533
1606999073.042140484
1606999073.142133713
1606999073.242045641
1606999073.342139244
1606999073.442140102
1606999073.542162895
1606999073.642042398
1606999073.742140055
1606999073.842138290
1606999073.942132473
1606999074.042136431
1606999074.142040014
1606999074.242136478
1606999074.342136860
1606999074.442134619
1606999074.542141199
1606999074.642136812
1606999074.742140055
1606999074.842139959
1606999074.942145109
1606999075.042138338
1606999075.142137766
1606999075.242140293
1606999075.342138529
1606999075.442138195
1606999075.542135954
1606999075.642138958
1606999075.742137671
1606999075.842045069
1606999075.942137241
1606999076.042047024
1606999076.142137766
1606999076.242037058
1606999076.342125654
1606999076.442142725
1606999076.542145967
1606999076.642140865
1606999076.742137194
1606999076.842139721
1606999076.942136765
1606999077.042143822
1606999077.142142296
1606999077.242135525
1606999077.342121840
1606999077.442138433
1606999077.542138815
1606999077.642127275
1606999077.742141008
1606999077.842137814
1606999077.942113161
1606999078.042137146
1606999078.142046452
1606999078.242141247
1606999078.342142344
1606999078.442139387
1606999078.542045116
1606999078.642049551
1606999078.742140293
1606999078.842164755
1606999078.942151070
1606999079.042145729
1606999079.142123938
1606999079.242042065
1606999079.342139006
1606999079.442138433
1606999079.542141438
1606999079.642138481
1606999079.742126703
1606999079.842138052
1606999079.942133188
1606999080.042139769
1606999080.142138481
1606999080.242140055
1606999080.342004299
1606999080.442137003
1606999080.542135954
1606999080.642040491
1606999080.742139101
1606999080.842139006
1606999080.942137480
1606999081.042145729
1606999081.142139196
1606999081.242144108
1606999081.342141628
1606999081.442141533
1606999081.542029619
1606999081.642151117
1606999081.742139339
1606999081.842138767
1606999081.942140102
1606999082.042136908
1606999082.142004728
1606999082.242000818
1606999082.342137814
1606999082.442149639
1606999082.542001724
1606999082.642019272
1606999082.742012739
1606999082.842137098
1606999082.942132473
1606999083.042005777
1606999083.142049551
1606999083.242023468
1606999083.342041731
1606999083.442044020
1606999083.542103052
1606999083.642045498
1606999083.742034674
1606999083.842046261
1606999083.942046881
1606999084.042104244
1606999084.141975880
1606999084.242132664
1606999084.342043400
1606999084.442115545
1606999084.542106628
1606999084.642105818
1606999084.742039442
1606999084.842106104
1606999084.942053318
1606999085.042104721
1606999085.142114162
1606999085.242039204
1606999085.342103720
1606999085.442103386
1606999085.542116642
1606999085.642043352
1606999085.742044210
1606999085.842110634
1606999085.942102432
1606999086.042109966
1606999086.142096758
1606999086.242106676
1606999086.342102766
1606999086.442112207
1606999086.542118549
1606999086.642043352
1606999086.742117643
1606999086.842148304
1606999086.942145586
1606999087.042121410
1606999087.142136097
1606999087.242132425
1606999087.342132330
1606999087.442046404
1606999087.542127848
1606999087.642128706
1606999087.742130041
1606999087.842116594
1606999087.942122698
1606999088.042132139
1606999088.142134428
1606999088.242038965
1606999088.342133045
1606999088.442135572
1606999088.542133093
1606999088.642023802
1606999088.742001534
1606999088.842135429
1606999088.942034721
1606999089.042040110
1606999089.142041683
1606999089.242032528
1606999089.341970921
1606999089.442135334
1606999089.542164087
1606999089.642141581
1606999089.742135763
1606999089.842134476
1606999089.942135811
1606999090.042120218
1606999090.142137527
1606999090.242136240
1606999090.342135429
1606999090.442136765
1606999090.542125940
1606999090.642134428
1606999090.742136955
1606999090.842138290
1606999090.942139387
1606999091.042134285
1606999091.142135382
1606999091.242007017
1606999091.342139006
1606999091.442135096
1606999091.542132854
1606999091.642118692
1606999091.742127180
1606999091.842134714
1606999091.942134857
1606999092.042138577
1606999092.142037868
1606999092.242134333
1606999092.342142582
1606999092.442140341
1606999092.542136669
1606999092.642140388
1606999092.742118359
1606999092.842141867
1606999092.942133904
1606999093.042135477
1606999093.142133713
1606999093.242126465
1606999093.342137098
1606999093.442136288
1606999093.542135239
1606999093.642137766
1606999093.742135286
1606999093.842122078
1606999093.942001820
1606999094.042134762
1606999094.142139435
1606999094.242006063
1606999094.342141628
1606999094.442112923
1606999094.542135954
1606999094.642134666
1606999094.742142439
1606999094.842039108
1606999094.942146063
1606999095.042111874
1606999095.142135382
1606999095.242135525
1606999095.342138290
1606999095.442137480
1606999095.542132378
1606999095.642134666
1606999095.742136002
1606999095.842139244
1606999095.942137241
1606999096.042042732
1606999096.142004967
1606999096.242137194
1606999096.342137098
1606999096.442138910
1606999096.542137861
1606999096.642137766
1606999096.742050409
1606999096.842135429
1606999096.942140102
1606999097.042141676
1606999097.142135382
1606999097.242072582
1606999097.342135668
1606999097.442144632
1606999097.542042971
1606999097.642143488
1606999097.742136717
1606999097.842137337
1606999097.942022324
1606999098.042137384
1606999098.142137051
1606999098.241990566
1606999098.342137098
1606999098.442140818
1606999098.542134047
1606999098.642134666
1606999098.742138386
1606999098.842038631
1606999098.942138195
1606999099.042139053
1606999099.142139435
1606999099.242136478
1606999099.342135429
1606999099.442136049
1606999099.542137146
1606999099.642138004
1606999099.742134094
1606999099.842134714
1606999099.942137718
1606999100.042164564
1606999100.142162085
1606999100.242154121
1606999100.342137337
1606999100.442142963
1606999100.542137623
1606999100.642135143
1606999100.742135048
1606999100.842111826
1606999100.942134619
1606999101.042133331
1606999101.142127037
1606999101.242126942
1606999101.342123985
1606999101.442001581
1606999101.542116404
1606999101.641999722
1606999101.742037058
1606999101.842113256
1606999101.942001581
1606999102.042124033
1606999102.142024994
1606999102.241999865
1606999102.342097044
1606999102.442010403
1606999102.542113543
1606999102.642101049
1606999102.742043734
1606999102.842024803
1606999102.942140818
1606999103.042136192
1606999103.142137527
1606999103.242133379
1606999103.342135668
1606999103.442139149
1606999103.542134523
1606999103.642042637
1606999103.742160082
1606999103.842149258
1606999103.942140341
1606999104.042003393
1606999104.142138720
1606999104.242138386
1606999104.342135191
1606999104.442139864
1606999104.542139769
1606999104.642134190
1606999104.742135048
1606999104.842036247
1606999104.942016840
1606999105.042135239
1606999105.142133951
1606999105.242135048
1606999105.342136145
1606999105.442134142
1606999105.542135000
1606999105.642138720
1606999105.742124796
1606999105.842134237
1606999105.942134142
1606999106.042137384
1606999106.142134428
1606999106.242134333
1606999106.342135191
1606999106.442135096
1606999106.542135239
1606999106.642044306
1606999106.742123127
1606999106.842137098
1606999106.942043781
1606999107.042034388
1606999107.142042875
1606999107.242138147
1606999107.342016220
1606999107.442045212
1606999107.542034864
1606999107.642167330
1606999107.742165327
1606999107.842006445
1606999107.942141056
1606999108.042143106
1606999108.142139435
1606999108.242139816
1606999108.342038393
1606999108.442123413
1606999108.542137861
1606999108.642138243
1606999108.742141485
1606999108.842136145
1606999108.942138672
1606999109.042040825
1606999109.142137766
1606999109.242135048
1606999109.342140675
1606999109.442140341
1606999109.542146206
1606999109.642139196
1606999109.742138147
1606999109.842137575
1606999109.942142725
1606999110.042135715
1606999110.142152548
1606999110.242131710
1606999110.342162848
1606999110.442157507
1606999110.542141438
1606999110.642137289
1606999110.742051363
1606999110.842139482
1606999110.942138672
1606999111.042144775
1606999111.142139435
1606999111.242103338
1606999111.342137337
1606999111.442140102
1606999111.542136431
1606999111.642136574
1606999111.742137671
1606999111.842042446
1606999111.942137480
1606999112.042137861
1606999112.142136812
1606999112.242139101
1606999112.342137098
1606999112.442138672
1606999112.542140961
1606999112.642139673
1606999112.742137432
1606999112.842139244
1606999112.942143440
1606999113.042047501
1606999113.142150879
1606999113.242138147
1606999113.342141151
1606999113.442138910
1606999113.542032480
1606999113.642138958
1606999113.742136717
1606999113.842135668
1606999113.942137003
1606999114.041995049
1606999114.142034292
1606999114.242140293
1606999114.342138529
1606999114.442142010
1606999114.542138815
1606999114.642104149
1606999114.742139339
1606999114.842135668
1606999114.942139864
1606999115.042139053
1606999115.142143011
1606999115.242141247
1606999115.342137337
1606999115.442138910
1606999115.542137861
1606999115.642161369
1606999115.742161989
1606999115.842129946
1606999115.942139387
1606999116.042138338
1606999116.142139673
1606999116.242139339
1606999116.342136860
1606999116.442040920
1606999116.542138815
1606999116.642040491
1606999116.742135048
1606999116.842136383
1606999116.942140102
1606999117.042033911
1606999117.142133236
1606999117.242139578
1606999117.342145205
1606999117.442140102
1606999117.542135715
1606999117.642136812
1606999117.742136717
1606999117.842139959
1606999117.942136288
1606999118.042140245
1606999118.142050505
1606999118.242138386
1606999118.342162371
1606999118.442036390
1606999118.542142153
1606999118.642143250
1606999118.742121935
1606999118.842143774
1606999118.942137480
1606999119.042139769
1606999119.142138481
1606999119.242138624
1606999119.342047215
1606999119.442137480
1606999119.542137384
1606999119.642140627
1606999119.742006302
1606999119.842138290
1606999119.942132473
1606999120.042144299
1606999120.142143965
1606999120.242138386
1606999120.342139721
1606999120.442138433
1606999120.542112589
1606999120.642137051
1606999120.742138386
1606999120.842140198
1606999120.942134857
1606999121.042165279
1606999121.142147303
1606999121.242136955
1606999121.342146397
1606999121.442142010
1606999121.542035818
1606999121.642134428
1606999121.742141247
