1606999231.745538235
1606999231.845824242
1606999231.946149826
1606999232.046325445
1606999232.146518707
1606999232.246735334
1606999232.347008705
1606999232.447312832
1606999232.547616482
1606999232.647908211
1606999232.748205662
1606999232.848406315
1606999232.948626995
1606999233.048946142
1606999233.149145603
1606999233.249306679
1606999233.349515200
1606999233.449804068
1606999233.550015450
1606999233.650221586
1606999233.750353098
1606999233.850490808
1606999233.950657606
1606999234.050870657
1606999234.151086569
1606999234.251297951
1606999234.351507664
1606999234.451791048
1606999234.552082300
1606999234.652386665
1606999234.752690554
1606999234.852991581
1606999234.953274488
1606999235.053592205
1606999235.153896093
1606999235.254199982
1606999235.354517698
1606999235.454788685
1606999235.555093765
1606999235.655423641
1606999235.755707741
1606999235.856012106
1606999235.956316710
1606999236.056615829
1606999236.156921864
1606999236.257227659
1606999236.357560635
1606999236.457861900
1606999236.558161736
1606999236.658463955
1606999236.758766174
1606999236.859068871
1606999236.959349632
1606999237.059652090
1606999237.159968615
1606999237.260271788
1606999237.360574961
1606999237.460875273
1606999237.561175108
1606999237.661465406
1606999237.761767149
1606999237.862069130
1606999237.962379217
1606999238.062686443
1606999238.162855148
1606999238.263009787
1606999238.363251448
1606999238.463401318
1606999238.563590765
1606999238.663886786
1606999238.764182806
1606999238.864456415
1606999238.964619398
1606999239.064918518
1606999239.165217400
1606999239.265515327
1606999239.365822077
1606999239.466173172
1606999239.566328287
1606999239.666443825
1606999239.766583681
1606999239.866782427
1606999239.966994524
1606999240.067204714
1606999240.167415857
1606999240.267647743
1606999240.367934227
1606999240.468256474
1606999240.568558931
1606999240.668856144
1606999240.769155502
1606999240.869493246
1606999240.969794989
1606999241.070130825
1606999241.170437336
1606999241.270649910
1606999241.370858192
1606999241.471026182
1606999241.571332932
1606999241.671694279
1606999241.771963596
1606999241.872299910
1606999241.972603083
1606999242.072942972
1606999242.173249245
1606999242.273564577
1606999242.373807192
1606999242.474148989
1606999242.574350119
1606999242.674687147
1606999242.774892807
1606999242.875230551
1606999242.975439787
1606999243.075776100
1606999243.176057577
1606999243.276407957
1606999243.376704216
1606999243.477039337
1606999243.577346325
1606999243.677562475
1606999243.777715683
1606999243.877844572
1606999243.977981091
1606999244.078117847
1606999244.178339481
1606999244.278475523
1606999244.378675699
1606999244.478881121
1606999244.579113007
1606999244.679317951
1606999244.779524803
1606999244.879730701
1606999244.979943752
1606999245.080239534
1606999245.180541039
1606999245.280888796
1606999245.381189108
1606999245.481524467
1606999245.581822872
1606999245.682155132
1606999245.782439709
1606999245.882663488
1606999245.982876062
1606999246.083112478
1606999246.183325768
1606999246.283562899
1606999246.383850574
1606999246.484176159
1606999246.584476233
1606999246.684833050
1606999246.785134554
1606999246.885459185
1606999246.985764265
1606999247.086099148
1606999247.186402559
1606999247.286742449
1606999247.386948824
1606999247.487183571
1606999247.587510347
1606999247.687719107
1606999247.788044453
1606999247.888328791
1606999247.988628626
1606999248.088886976
1606999248.189195633
1606999248.289533615
1606999248.389848709
1606999248.490169287
1606999248.590445042
1606999248.690778255
1606999248.791079998
1606999248.891416073
1606999248.991701365
1606999249.092061758
1606999249.192247391
1606999249.292437077
1606999249.392631292
1606999249.492787838
1606999249.593062639
1606999249.693378210
1606999249.793574095
1606999249.893901825
1606999249.994188070
1606999250.094336748
1606999250.194543600
1606999250.294676542
1606999250.394969225
1606999250.495187044
1606999250.595467329
1606999250.695672035
1606999250.795975208
1606999250.896175146
1606999250.996475458
1606999251.096709251
1606999251.197007418
1606999251.297212601
1606999251.397511244
1606999251.497716904
1606999251.598012447
1606999251.698215008
1606999251.798529625
1606999251.898732424
1606999251.999004364
1606999252.099166393
1606999252.199468136
1606999252.299679518
1606999252.399979353
1606999252.500147820
1606999252.600466251
1606999252.700668573
1606999252.800966740
1606999252.901172876
1606999253.001499653
1606999253.101665497
1606999253.201931715
1606999253.302156687
1606999253.402455091
1606999253.502659082
1606999253.602852583
1606999253.702983141
1606999253.803176403
1606999253.903450966
1606999254.003734112
1606999254.103896856
1606999254.204199076
1606999254.304499388
1606999254.404804945
1606999254.505004406
1606999254.605303049
1606999254.705601692
1606999254.805925369
1606999254.906130314
1606999255.006277561
1606999255.106415510
1606999255.206665993
1606999255.306846142
1606999255.407130718
1606999255.507334471
1606999255.607601643
1606999255.707808733
1606999255.808080196
1606999255.908284664
1606999256.008498907
1606999256.108702660
1606999256.208909512
1606999256.309116602
1606999256.409314871
1606999256.509517670
1606999256.609819889
1606999256.710115194
1606999256.810441017
1606999256.910600662
1606999257.010902166
1606999257.111109734
1606999257.211409807
1606999257.311616421
1606999257.411908150
1606999257.512206793
1606999257.612505674
1606999257.712814808
1606999257.813116312
1606999257.913411140
1606999258.013709307
1606999258.114008427
1606999258.214308977
1606999258.314474583
1606999258.414775133
1606999258.514983892
1606999258.615262032
1606999258.715477228
1606999258.815778494
1606999258.916071653
1606999259.016388416
1606999259.116700888
1606999259.216933727
1606999259.317234755
1606999259.417552233
1606999259.517849445
1606999259.618151426
1606999259.718444347
1606999259.818748236
1606999259.918958426
1606999260.019168139
1606999260.119336367
1606999260.219617128
1606999260.319826841
1606999260.420124054
1606999260.520417690
1606999260.620719433
1606999260.720899820
1606999260.821092367
1606999260.921304226
1606999261.021512508
1606999261.121717691
1606999261.221926928
1606999261.322125435
1606999261.422445774
1606999261.522606850
1606999261.622813463
1606999261.723022938
1606999261.823252201
1606999261.923463345
1606999262.023673296
1606999262.123963833
1606999262.224236727
1606999262.324402094
1606999262.424682856
1606999262.524980307
1606999262.625281811
1606999262.725477934
1606999262.825779438
1606999262.926079035
1606999263.026384592
1606999263.126523256
1606999263.226748228
1606999263.326954365
1606999263.427254915
1606999263.527465820
1606999263.627661467
1606999263.727852345
1606999263.828150988
1606999263.928451300
1606999264.028753042
1606999264.129080057
1606999264.229382277
1606999264.329679489
1606999264.429985523
1606999264.530270338
1606999264.630450964
1606999264.730588198
1606999264.830895185
1606999264.931058168
1606999265.031361103
1606999265.131567001
1606999265.231867075
1606999265.332142830
1606999265.432343245
1606999265.532642126
1606999265.632939577
1606999265.733268023
1606999265.833550215
1606999265.933815002
1606999266.034028769
1606999266.134272814
1606999266.234516144
1606999266.334674597
1606999266.434784412
1606999266.534936905
1606999266.635172367
1606999266.735338688
1606999266.835544109
1606999266.935680389
1606999267.035837650
1606999267.136065245
1606999267.236330509
1606999267.336594820
1606999267.436880350
1606999267.537147284
1606999267.637419939
1606999267.737691164
1606999267.837968588
1606999267.938253403
1606999268.038468599
1606999268.138665199
1606999268.238933086
1606999268.339134693
1606999268.439300060
1606999268.539502621
1606999268.639785528
1606999268.740028143
1606999268.840328693
1606999268.940654993
1606999269.040864706
1606999269.141156912
1606999269.241459131
1606999269.341652632
1606999269.441951275
1606999269.542272091
1606999269.642447233
1606999269.742581367
1606999269.842780828
1606999269.942995787
1606999270.043203354
1606999270.143388510
1606999270.243583918
1606999270.343788624
1606999270.443996429
1606999270.544201136
1606999270.644405365
1606999270.744607210
1606999270.844902992
1606999270.945106983
1606999271.045307875
1606999271.145512104
1606999271.245678186
1606999271.345678091
1606999271.445680380
1606999271.545621395
1606999271.645774841
1606999271.745662928
1606999271.845763683
1606999271.945681095
1606999272.045756578
1606999272.145790815
1606999272.245766640
1606999272.345640898
1606999272.445641518
1606999272.545781136
1606999272.645776987
1606999272.745642900
1606999272.845757246
1606999272.945775509
1606999273.045776367
1606999273.145773888
1606999273.245774746
1606999273.345775127
1606999273.445762873
1606999273.545773029
1606999273.645642042
1606999273.745775938
1606999273.845666885
1606999273.945668697
1606999274.045669794
1606999274.145743370
1606999274.245674133
1606999274.345772982
1606999274.445680618
1606999274.545644045
1606999274.645644665
1606999274.745616198
1606999274.845644951
1606999274.945780516
1606999275.045681477
1606999275.145683050
1606999275.245676279
1606999275.345636845
1606999275.445639849
1606999275.545665503
1606999275.645614624
1606999275.745611906
1606999275.845676899
1606999275.945645809
1606999276.045641899
1606999276.145638704
1606999276.245615005
1606999276.345642328
1606999276.445676565
1606999276.545642138
1606999276.645681858
1606999276.745745420
1606999276.845669985
1606999276.945741892
1606999277.045671463
1606999277.145681143
1606999277.245681047
1606999277.345773697
1606999277.445685148
1606999277.545678616
1606999277.645679712
1606999277.745622635
1606999277.845758677
1606999277.945671082
1606999278.045671225
1606999278.145617008
1606999278.245627880
1606999278.345677853
1606999278.445771217
1606999278.545777321
1606999278.645762444
1606999278.745776176
1606999278.845674038
1606999278.945778370
1606999279.045777559
1606999279.145774603
1606999279.245767355
1606999279.345775843
1606999279.445771456
1606999279.545775414
1606999279.645774841
1606999279.745646238
1606999279.845639467
1606999279.945642233
1606999280.045670271
1606999280.145635605
1606999280.245797634
1606999280.345776796
1606999280.445706606
1606999280.545675755
1606999280.645649433
1606999280.745679379
1606999280.845638037
1606999280.945678473
1606999281.045681238
1606999281.145779133
1606999281.245674849
1606999281.345682383
1606999281.445683002
1606999281.545692444
1606999281.645616531
1606999281.745777369
1606999281.845779419
1606999281.945779562
1606999282.045777082
1606999282.145641804
1606999282.245777845
1606999282.345778942
1606999282.445604563
1606999282.545775175
1606999282.645679474
1606999282.745746374
1606999282.845801830
1606999282.945783138
1606999283.045646191
1606999283.145646095
1606999283.245611429
1606999283.345646381
1606999283.445680618
1606999283.545669556
1606999283.645637989
1606999283.745781422
1606999283.845686436
1606999283.945678949
1606999284.045768499
1606999284.145641804
1606999284.245642185
1606999284.345677614
1606999284.445640802
1606999284.545677662
1606999284.645642519
1606999284.745643377
1606999284.845676422
1606999284.945773840
1606999285.045775175
1606999285.145775080
1606999285.245775700
1606999285.345774174
1606999285.445773602
1606999285.545800209
1606999285.645673752
1606999285.745776653
1606999285.845776796
1606999285.945777655
1606999286.045776367
1606999286.145775318
1606999286.245685577
1606999286.345744848
1606999286.445772648
1606999286.545772552
1606999286.645775795
1606999286.745782852
1606999286.845664024
1606999286.945638180
1606999287.045671701
1606999287.145645380
1606999287.245671749
1606999287.345673084
1606999287.445624352
1606999287.545678139
1606999287.645670176
1606999287.745777369
1606999287.845677137
1606999287.945643902
1606999288.045682430
1606999288.145771027
1606999288.245801687
1606999288.345682859
1606999288.445679665
1606999288.545706272
1606999288.645769835
1606999288.745775223
1606999288.845680475
1606999288.945775270
1606999289.045775175
1606999289.145609617
1606999289.245773077
1606999289.345775366
1606999289.445675135
1606999289.545771360
1606999289.645775318
1606999289.745673656
1606999289.845764875
1606999289.945727825
1606999290.045776129
1606999290.145778179
1606999290.245776176
1606999290.345664024
1606999290.445677996
1606999290.545772552
1606999290.645773172
1606999290.745775223
1606999290.845771074
1606999290.945739746
1606999291.045788527
1606999291.145768166
1606999291.245774746
1606999291.345775843
1606999291.445682049
1606999291.545744181
1606999291.645773888
1606999291.745755672
1606999291.845774412
1606999291.945776701
1606999292.045773506
1606999292.145745039
1606999292.245776176
1606999292.345773220
1606999292.445775509
1606999292.545776844
1606999292.645775795
1606999292.745740175
1606999292.845767498
1606999292.945773125
1606999293.045671225
1606999293.145775557
1606999293.245773077
1606999293.345735788
1606999293.445773125
1606999293.545783520
1606999293.645783186
1606999293.745786667
1606999293.845774651
1606999293.945670366
1606999294.045778036
1606999294.145773172
1606999294.245774269
1606999294.345778704
1606999294.445679903
1606999294.545742750
1606999294.645789385
1606999294.745770216
1606999294.845672846
1606999294.945744991
1606999295.045667887
1606999295.145740271
1606999295.245773554
1606999295.345773697
1606999295.445772648
1606999295.545779228
1606999295.645772696
1606999295.745671034
1606999295.845775843
1606999295.945782900
1606999296.045773268
1606999296.145644426
1606999296.245774031
1606999296.345737934
1606999296.445679665
1606999296.545779705
1606999296.645775795
1606999296.745773315
1606999296.845773220
1606999296.945745468
1606999297.045774698
1606999297.145775557
1606999297.245774508
1606999297.345774412
1606999297.445775270
1606999297.545741081
1606999297.645774841
1606999297.745740891
1606999297.845772743
1606999297.945777416
1606999298.045777798
1606999298.145747423
1606999298.245775223
1606999298.345779657
1606999298.445776701
1606999298.545801163
1606999298.645792484
1606999298.745760918
1606999298.845640421
1606999298.945775986
1606999299.045775414
1606999299.145777702
1606999299.245780230
1606999299.345741510
1606999299.445761442
1606999299.545773745
1606999299.645774841
1606999299.745779991
1606999299.845773458
1606999299.945743561
1606999300.045779705
1606999300.145773888
1606999300.245776176
1606999300.345781088
1606999300.445777178
1606999300.545740604
1606999300.645605326
1606999300.745772123
1606999300.845772982
1606999300.945778370
1606999301.045776606
1606999301.145742893
1606999301.245674372
1606999301.345793724
1606999301.445787191
1606999301.545777559
1606999301.645778418
1606999301.745746374
1606999301.845776558
1606999301.945773363
1606999302.045781374
1606999302.145780325
1606999302.245777130
1606999302.345739603
1606999302.445770979
1606999302.545779943
1606999302.645774126
1606999302.745775700
1606999302.845776558
1606999302.945747137
1606999303.045778513
1606999303.145676613
1606999303.245779276
1606999303.345776558
1606999303.445757866
1606999303.545742273
1606999303.645781517
1606999303.745777130
1606999303.845790863
1606999303.945805073
1606999304.045673609
1606999304.145761251
1606999304.245776415
1606999304.345778942
1606999304.445654154
1606999304.545777082
1606999304.645683527
1606999304.745747089
1606999304.845619678
1606999304.945779324
1606999305.045782566
1606999305.145786762
1606999305.245768547
1606999305.345742464
1606999305.445616484
1606999305.545776367
1606999305.645775318
1606999305.745742083
1606999305.845748663
1606999305.945739985
1606999306.045781612
1606999306.145778179
1606999306.245774746
1606999306.345773458
1606999306.445624828
1606999306.545743465
1606999306.645797729
1606999306.745791435
1606999306.845619678
1606999306.945780039
1606999307.045774221
1606999307.145740271
1606999307.245776415
1606999307.345756292
1606999307.445624352
1606999307.545774698
1606999307.645776987
1606999307.745749712
1606999307.845625639
1606999307.945767164
1606999308.045673847
1606999308.145774841
1606999308.245775700
1606999308.345746040
1606999308.445624113
1606999308.545759201
1606999308.645774364
1606999308.745780468
1606999308.845626354
1606999308.945740938
1606999309.045777798
1606999309.145744085
1606999309.245773315
1606999309.345805168
1606999309.445625782
1606999309.545757294
1606999309.645778894
1606999309.745781422
1606999309.845645905
1606999309.945775270
1606999310.045777321
1606999310.145672798
1606999310.245658398
1606999310.345775843
1606999310.445644617
1606999310.545778036
1606999310.645774364
1606999310.745646238
1606999310.845644236
1606999310.945769310
1606999311.045772791
1606999311.145775080
1606999311.245774508
1606999311.345742702
1606999311.445640326
1606999311.545737982
1606999311.645770073
1606999311.745771408
1606999311.845643282
1606999311.945741415
1606999312.045800209
1606999312.145785332
1606999312.245775700
1606999312.345704556
1606999312.445666552
1606999312.545677900
1606999312.645683527
1606999312.745682716
1606999312.845651150
1606999312.945609808
1606999313.045780420
1606999313.145742416
1606999313.245775461
1606999313.345763206
1606999313.445750952
1606999313.545778990
1606999313.645776510
1606999313.745687246
1606999313.845682859
1606999313.945775270
1606999314.045776129
1606999314.145776033
1606999314.245776892
1606999314.345747232
1606999314.445744276
1606999314.545778036
1606999314.645776987
1606999314.745805025
1606999314.845781565
1606999314.945675850
1606999315.045747757
1606999315.145776272
1606999315.245760918
1606999315.345779181
1606999315.445755720
1606999315.545670986
1606999315.645744562
1606999315.745781660
1606999315.845644712
1606999315.945780039
1606999316.045754433
1606999316.145742893
1606999316.245749712
1606999316.345774651
1606999316.445763826
1606999316.545776367
1606999316.645782948
1606999316.745676041
1606999316.845734835
1606999316.945776939
1606999317.045777798
1606999317.145674467
1606999317.245775223
1606999317.345741987
1606999317.445743561
1606999317.545792580
1606999317.645776510
1606999317.745777845
1606999317.845769882
1606999317.945642948
1606999318.045775414
1606999318.145777464
1606999318.245782375
1606999318.345777273
1606999318.445744038
1606999318.545681953
1606999318.645780325
1606999318.745777130
1606999318.845682383
1606999318.945765495
1606999319.045777559
1606999319.145744324
1606999319.245752096
1606999319.345779419
1606999319.445750475
1606999319.545726299
1606999319.645775080
1606999319.745741606
1606999319.845744610
1606999319.945777893
1606999320.045777559
1606999320.145808220
1606999320.245782614
1606999320.345752478
1606999320.445748568
1606999320.545774460
1606999320.645775318
1606999320.745774508
1606999320.845678329
1606999320.945746183
1606999321.045775175
1606999321.145776987
1606999321.245782852
1606999321.345774651
1606999321.445767879
1606999321.545677185
1606999321.645775795
1606999321.745774746
1606999321.845770597
1606999321.945683002
1606999322.045773983
1606999322.145742178
1606999322.245776892
1606999322.345770359
1606999322.445771694
1606999322.545676947
1606999322.645678282
1606999322.745681286
1606999322.845612288
1606999322.945789814
1606999323.045782804
1606999323.145725965
1606999323.245611429
1606999323.345698833
1606999323.445613861
1606999323.545783520
1606999323.645613909
1606999323.745770454
1606999323.845798492
1606999323.945613146
1606999324.045645237
1606999324.145673275
1606999324.245613098
1606999324.345633268
1606999324.445613384
1606999324.545647383
1606999324.645649433
1606999324.745643616
1606999324.845684528
1606999324.945646286
1606999325.045649290
1606999325.145648241
1606999325.245651245
1606999325.345674276
1606999325.445680857
1606999325.545680046
1606999325.645680904
1606999325.745645761
1606999325.845693588
1606999325.945688963
1606999326.045686722
1606999326.145680904
1606999326.245679855
1606999326.345646620
1606999326.445680857
1606999326.545750380
1606999326.645639658
1606999326.745639801
1606999326.845683098
1606999326.945741653
1606999327.045748234
1606999327.145743132
1606999327.245764017
1606999327.345749378
1606999327.445752621
1606999327.545671225
1606999327.645671844
1606999327.745770693
1606999327.845745802
1606999327.945671082
1606999328.045640469
1606999328.145745039
1606999328.245791435
1606999328.345679760
1606999328.445694447
1606999328.545688391
1606999328.645685434
1606999328.745681047
1606999328.845610619
1606999328.945589304
1606999329.045781374
1606999329.145762920
1606999329.245774746
1606999329.345741987
1606999329.445675135
1606999329.545769691
1606999329.645766735
1606999329.745776176
1606999329.845672846
1606999329.945643425
1606999330.045774460
1606999330.145780325
1606999330.245673418
1606999330.345763206
1606999330.445679903
1606999330.545680761
1606999330.645684004
1606999330.745745897
1606999330.845680952
1606999330.945800066
1606999331.045640707
1606999331.145679951
1606999331.245774508
1606999331.345782280
1606999331.445767641
1606999331.545780659
1606999331.645744801
1606999331.745674610
