1606999541.749037504
1606999541.849231243
1606999541.949516535
1606999542.049846649
1606999542.150149584
1606999542.250320196
1606999542.350551367
1606999542.450700760
1606999542.551020145
1606999542.651370525
1606999542.751663923
1606999542.851818800
1606999542.952142954
1606999543.052417278
1606999543.152619600
1606999543.252923489
1606999543.353235006
1606999543.453387260
1606999543.553714037
1606999543.654018641
1606999543.754337311
1606999543.854553461
1606999543.954859495
1606999544.055166006
1606999544.155453682
1606999544.255762100
1606999544.355972290
1606999544.456250668
1606999544.556555748
1606999544.656764269
1606999544.757081747
1606999544.857391834
1606999544.957632780
1606999545.057776690
1606999545.157965183
1606999545.258172035
1606999545.358352184
1606999545.458489418
1606999545.558695078
1606999545.658908367
1606999545.759197474
1606999545.859414101
1606999545.959705353
1606999546.060031176
1606999546.160336733
1606999546.260637999
1606999546.360937834
1606999546.461247683
1606999546.561552525
1606999546.661856413
1606999546.762189627
1606999546.862351656
1606999546.962492228
1606999547.062695980
1606999547.162919283
1606999547.263123989
1606999547.363325119
1606999547.463530302
1606999547.563820601
1606999547.664128065
1606999547.764436483
1606999547.864708900
1606999547.965015411
1606999548.065321684
1606999548.165627003
1606999548.265959740
1606999548.366170645
1606999548.466446400
1606999548.566779613
1606999548.667085886
1606999548.767393589
1606999548.867606640
1606999548.967897177
1606999549.068203449
1606999549.168553114
1606999549.268860817
1606999549.369175911
1606999549.469487906
1606999549.569766998
1606999549.670070410
1606999549.770391941
1606999549.870698452
1606999549.971030235
1606999550.071246624
1606999550.171553612
1606999550.271737099
1606999550.371944666
1606999550.472219706
1606999550.572407246
1606999550.672703743
1606999550.772974968
1606999550.873256445
1606999550.973537207
1606999551.073740005
1606999551.174036741
1606999551.274344683
1606999551.374546051
1606999551.474819183
1606999551.575095654
1606999551.675376177
1606999551.775676489
1606999551.875881433
1606999551.976083517
1606999552.076382160
1606999552.176662683
1606999552.276963711
1606999552.377295732
1606999552.477600574
1606999552.577900648
1606999552.678130150
1606999552.778440475
1606999552.878577232
1606999552.978880882
1606999553.079093933
1606999553.179382801
1606999553.279582024
1606999553.379885674
1606999553.480190039
1606999553.580493450
1606999553.680760622
1606999553.781063080
1606999553.881369829
1606999553.981689453
1606999554.081990957
1606999554.182298422
1606999554.282602072
1606999554.382909298
1606999554.483078957
1606999554.583359241
1606999554.683560610
1606999554.783864260
1606999554.884168625
1606999554.984477758
1606999555.084788322
1606999555.185128927
1606999555.285445690
1606999555.385757685
1606999555.486068964
1606999555.586251020
1606999555.686466217
1606999555.786671877
1606999555.886881113
1606999555.987080336
1606999556.087288141
1606999556.187496185
1606999556.287794113
1606999556.388085127
1606999556.488382816
1606999556.588685274
1606999556.688986063
1606999556.789285898
1606999556.889589548
1606999556.989893913
1606999557.090194702
1606999557.190361738
1606999557.290500164
1606999557.390703678
1606999557.490914583
1606999557.591134071
1606999557.691437483
1606999557.791707516
1606999557.892011404
1606999557.992311001
1606999558.092616796
1606999558.192922592
1606999558.293255806
1606999558.393426418
1606999558.493733406
1606999558.594038486
1606999558.694345236
1606999558.794649601
1606999558.894957781
1606999558.995164871
1606999559.095445395
1606999559.195760012
1606999559.296062231
1606999559.396353483
1606999559.496659517
1606999559.596961260
1606999559.697263479
1606999559.797595263
1606999559.897870779
1606999559.998179197
1606999560.098489046
1606999560.198762178
1606999560.299063683
1606999560.399368525
1606999560.499667883
1606999560.599985838
1606999560.700282335
1606999560.800586939
1606999560.900763273
1606999561.000929117
1606999561.101223230
1606999561.201522350
1606999561.301739216
1606999561.402019978
1606999561.502263308
1606999561.602452278
1606999561.702615738
1606999561.802920103
1606999561.903195858
1606999562.003480673
1606999562.103771687
1606999562.204081535
1606999562.304276943
1606999562.404577971
1606999562.504879713
1606999562.605146646
1606999562.705447674
1606999562.805648088
1606999562.905950069
1606999563.006289482
1606999563.106452942
1606999563.206757069
1606999563.307085276
1606999563.407389641
1606999563.507678747
1606999563.607952356
1606999563.708122253
1606999563.808422089
1606999563.908725977
1606999564.009025574
1606999564.109352350
1606999564.209654808
1606999564.309956312
1606999564.410269260
1606999564.510577202
1606999564.610882282
1606999564.711155415
1606999564.811483860
1606999564.911774397
1606999565.012082815
1606999565.112385511
1606999565.212670326
1606999565.312972546
1606999565.413275242
1606999565.513577938
1606999565.613892317
1606999565.714175701
1606999565.814477682
1606999565.914783478
1606999566.015089989
1606999566.115235567
1606999566.215453863
1606999566.315643549
1606999566.415812969
1606999566.516115189
1606999566.616403103
1606999566.716569662
1606999566.816780329
1606999566.917076349
1606999567.017373085
1606999567.117681503
1606999567.217980862
1606999567.318273067
1606999567.418601751
1606999567.518805265
1606999567.619106054
1606999567.719413757
1606999567.819684744
1606999567.919991970
1606999568.020291090
1606999568.120594501
1606999568.220898151
1606999568.321202517
1606999568.421408415
1606999568.521615505
1606999568.621924162
1606999568.722228765
1606999568.822405815
1606999568.922708750
1606999569.023015499
1606999569.123324871
1606999569.223631382
1606999569.323925018
1606999569.424257278
1606999569.524565697
1606999569.624865294
1606999569.725064278
1606999569.825351477
1606999569.925654888
1606999570.025958300
1606999570.126163960
1606999570.226469755
1606999570.326772451
1606999570.427074194
1606999570.527342081
1606999570.627647638
1606999570.727936029
1606999570.828242779
1606999570.928552151
1606999571.028855085
1606999571.129160881
1606999571.229464054
1606999571.329788208
1606999571.429955959
1606999571.530118227
1606999571.630264282
1606999571.730430841
1606999571.830570698
1606999571.930773973
1606999572.030979633
1606999572.131186247
1606999572.231393099
1606999572.331601620
1606999572.431766748
1606999572.532081127
1606999572.632385492
1606999572.732692003
1606999572.832990646
1606999572.933282614
1606999573.033585072
1606999573.133887291
1606999573.234086990
1606999573.334394932
1606999573.434533358
1606999573.534738064
1606999573.634950161
1606999573.735145092
1606999573.835354805
1606999573.935625553
1606999574.035915852
1606999574.136225224
1606999574.236557484
1606999574.336859703
1606999574.437162876
1606999574.537461519
1606999574.637750626
1606999574.738035202
1606999574.838176250
1606999574.938273191
1606999575.038443804
1606999575.138746500
1606999575.239076376
1606999575.339381933
1606999575.439517260
1606999575.539833069
1606999575.640131474
1606999575.740437508
1606999575.840641022
1606999575.940942287
1606999576.041244268
1606999576.141526699
1606999576.241829634
1606999576.342004299
1606999576.442170620
1606999576.542445898
1606999576.642751932
1606999576.743057013
1606999576.843256712
1606999576.943565369
1606999577.043802023
1606999577.144104958
1606999577.244335175
1606999577.344567060
1606999577.444706678
1606999577.544913530
1606999577.645119667
1606999577.745258808
1606999577.845549583
1606999577.945864677
1606999578.046164513
1606999578.146306753
1606999578.246438026
1606999578.346604347
1606999578.446805477
1606999578.547015667
1606999578.647225142
1606999578.747435570
1606999578.847723722
1606999578.948024035
1606999579.048321962
1606999579.148624897
1606999579.248950243
1606999579.349241495
1606999579.449178696
1606999579.549257994
1606999579.649281979
1606999579.749283552
1606999579.849182129
1606999579.949254513
1606999580.049279928
1606999580.149278402
1606999580.249280214
1606999580.349280834
1606999580.449277401
1606999580.549276590
1606999580.649278164
1606999580.749285221
1606999580.849192619
1606999580.949298382
1606999581.049289703
1606999581.149256468
1606999581.249114513
1606999581.349179745
1606999581.449278116
1606999581.549275398
1606999581.649271250
1606999581.749282360
1606999581.849279165
1606999581.949278831
1606999582.049280643
1606999582.149256945
1606999582.249280930
1606999582.349284172
1606999582.449283123
1606999582.549268246
1606999582.649281979
1606999582.749255657
1606999582.849281073
1606999582.949280262
1606999583.049282789
1606999583.149280787
1606999583.249279499
1606999583.349273920
1606999583.449279547
1606999583.549279928
1606999583.649291515
1606999583.749284267
1606999583.849282026
1606999583.949282646
1606999584.049279451
1606999584.149282694
1606999584.249283314
1606999584.349271536
1606999584.449259043
1606999584.549277306
1606999584.649286270
1606999584.749281406
1606999584.849281073
1606999584.949282885
1606999585.049258709
1606999585.149282455
1606999585.249146461
1606999585.349284887
1606999585.449219942
1606999585.549279451
1606999585.649270058
1606999585.749286413
1606999585.849292278
1606999585.949282646
1606999586.049276352
1606999586.149280548
1606999586.249278545
1606999586.349309444
1606999586.449141026
1606999586.549284220
1606999586.649282455
1606999586.749287128
1606999586.849183798
1606999586.949283361
1606999587.049283266
1606999587.149285793
1606999587.249279499
1606999587.349275827
1606999587.449189901
1606999587.549279451
1606999587.649282217
1606999587.749178171
1606999587.849154472
1606999587.949275017
1606999588.049284458
1606999588.149281740
1606999588.249284267
1606999588.349282503
1606999588.449188471
1606999588.549281836
1606999588.649281740
1606999588.749277115
1606999588.849197149
1606999588.949289083
1606999589.049232960
1606999589.149285793
1606999589.249281645
1606999589.349277258
1606999589.449164629
1606999589.549282074
1606999589.649269581
1606999589.749244690
1606999589.849151850
1606999589.949286461
1606999590.049304962
1606999590.149296761
1606999590.249283314
1606999590.349284649
1606999590.449174643
1606999590.549281836
1606999590.649279594
1606999590.749281406
1606999590.849152803
1606999590.949279547
1606999591.049282074
1606999591.149279833
1606999591.249280214
1606999591.349279404
1606999591.449153423
1606999591.549278736
1606999591.649281502
1606999591.749279499
1606999591.849115849
1606999591.949278116
1606999592.049279451
1606999592.149274588
1606999592.249279737
1606999592.349252224
1606999592.449115038
1606999592.549279928
1606999592.649281263
1606999592.749280214
1606999592.849115372
1606999592.949185848
1606999593.049280167
1606999593.149279356
1606999593.249280453
1606999593.349279642
1606999593.449114799
1606999593.549259663
1606999593.649276495
1606999593.749279022
1606999593.849112988
1606999593.949280024
1606999594.049180031
1606999594.149298191
1606999594.249283552
1606999594.349275827
1606999594.449113607
1606999594.549282312
1606999594.649281025
1606999594.749180555
1606999594.849114180
1606999594.949247599
1606999595.049168825
1606999595.149180412
1606999595.249280214
1606999595.349285841
1606999595.449194670
1606999595.549273491
1606999595.649280310
1606999595.749190331
1606999595.849149466
1606999595.949280977
1606999596.049182653
1606999596.149281263
1606999596.249282598
1606999596.349252939
1606999596.449146509
1606999596.549279928
1606999596.649280548
1606999596.749310970
1606999596.849272966
1606999596.949281931
1606999597.049283743
1606999597.149281502
1606999597.249282360
1606999597.349282742
1606999597.449259758
1606999597.549265623
1606999597.649286747
1606999597.749281645
1606999597.849261284
1606999597.949286461
1606999598.049282074
1606999598.149283648
1606999598.249281883
1606999598.349282742
1606999598.449267387
1606999598.549286127
1606999598.649151564
1606999598.749283314
1606999598.849292278
1606999598.949284315
1606999599.049280405
1606999599.149281263
1606999599.249162674
1606999599.349280357
1606999599.449317217
1606999599.549307108
1606999599.649293900
1606999599.749280214
1606999599.849275112
1606999599.949283123
1606999600.049281597
1606999600.149284840
1606999600.249283314
1606999600.349256277
1606999600.449277878
1606999600.549281597
1606999600.649286509
1606999600.749280214
1606999600.849248171
1606999600.949282408
1606999601.049280405
1606999601.149281979
1606999601.249148369
1606999601.349279881
1606999601.449253082
1606999601.549270391
1606999601.649281502
1606999601.749188423
1606999601.849124908
1606999601.949247122
1606999602.049287081
1606999602.149236202
1606999602.249306202
1606999602.349295855
1606999602.449259758
1606999602.549277306
1606999602.649281502
1606999602.749272108
1606999602.849253178
1606999602.949282885
1606999603.049183607
1606999603.149281263
1606999603.249250174
1606999603.349279881
1606999603.449251413
1606999603.549285173
1606999603.649280071
1606999603.749280930
1606999603.849187613
1606999603.949276924
1606999604.049276114
1606999604.149271488
1606999604.249185801
1606999604.349262953
1606999604.449256659
1606999604.549191713
1606999604.649187088
1606999604.749145746
1606999604.849232674
1606999604.949318886
1606999605.049303770
1606999605.149281025
1606999605.249289274
1606999605.349282265
1606999605.449187994
1606999605.549284458
1606999605.649129152
1606999605.749155283
1606999605.849122286
1606999605.949124813
1606999606.049119949
1606999606.149120569
1606999606.249120951
1606999606.349266768
1606999606.449291706
1606999606.549183130
1606999606.649116516
1606999606.749119520
1606999606.849296570
1606999606.949117661
1606999607.049137115
1606999607.149107218
1606999607.249116421
1606999607.349120617
1606999607.449198484
1606999607.549154997
1606999607.649158955
1606999607.749151230
1606999607.849117517
1606999607.949249744
1606999608.049136162
1606999608.149202108
1606999608.249137163
1606999608.349156857
1606999608.449249744
1606999608.549240351
1606999608.649117708
1606999608.749251127
1606999608.849186897
1606999608.949153662
1606999609.049259663
1606999609.149249077
1606999609.249193907
1606999609.349261284
1606999609.449185610
1606999609.549115896
1606999609.649184704
1606999609.749184847
1606999609.849184275
1606999609.949185133
1606999610.049178839
1606999610.149114847
1606999610.249192238
1606999610.349184275
1606999610.449291229
1606999610.549184799
1606999610.649276733
1606999610.749201298
1606999610.849272013
1606999610.949186802
1606999611.049272299
1606999611.149276257
1606999611.249184847
1606999611.349187851
1606999611.449280024
1606999611.549288273
1606999611.649188757
1606999611.749274492
1606999611.849275589
1606999611.949186563
1606999612.049185038
1606999612.149179459
1606999612.249278307
1606999612.349268198
1606999612.449252844
1606999612.549183130
1606999612.649288416
1606999612.749272108
1606999612.849280596
1606999612.949278831
1606999613.049185514
1606999613.149266720
1606999613.249289989
1606999613.349267483
1606999613.449281216
1606999613.549277782
1606999613.649278879
1606999613.749277592
1606999613.849282980
1606999613.949280024
1606999614.049280882
1606999614.149281740
1606999614.249279499
1606999614.349278927
1606999614.449279547
1606999614.549141884
1606999614.649278641
1606999614.749279022
1606999614.849278212
1606999614.949280024
1606999615.049277544
1606999615.149281263
1606999615.249279499
1606999615.349175930
1606999615.449280977
1606999615.549290657
1606999615.649209976
1606999615.749280453
1606999615.849311113
1606999615.949301481
1606999616.049276590
1606999616.149278641
1606999616.249283552
1606999616.349283695
1606999616.449278593
1606999616.549281597
1606999616.649188042
1606999616.749279499
1606999616.849250078
1606999616.949278116
1606999617.049259186
1606999617.149279356
1606999617.249281883
1606999617.349280834
1606999617.449285030
1606999617.549270630
1606999617.649280071
1606999617.749279976
1606999617.849277496
1606999617.949279785
1606999618.049184322
1606999618.149280071
1606999618.249278545
1606999618.349280596
1606999618.449278355
1606999618.549303770
1606999618.649274826
1606999618.749181509
1606999618.849265099
1606999618.949278116
1606999619.049280167
1606999619.149280071
1606999619.249243259
1606999619.349278688
1606999619.449257851
1606999619.549283743
1606999619.649179220
1606999619.749289989
1606999619.849284649
1606999619.949278355
1606999620.049149990
1606999620.149280548
1606999620.249285221
1606999620.349254847
1606999620.449284792
1606999620.549177647
1606999620.649284363
1606999620.749278307
1606999620.849277258
1606999620.949287891
1606999621.049283266
1606999621.149282694
1606999621.249282598
1606999621.349305630
1606999621.449290037
1606999621.549279690
1606999621.649281263
1606999621.749278545
1606999621.849279642
1606999621.949276447
1606999622.049283504
1606999622.149277687
1606999622.249276400
1606999622.349277973
1606999622.449278116
1606999622.549283743
1606999622.649245501
1606999622.749283552
1606999622.849278688
1606999622.949282408
1606999623.049281597
1606999623.149277449
1606999623.249251604
1606999623.349279165
1606999623.449280500
1606999623.549278021
1606999623.649282217
1606999623.749282837
1606999623.849146128
1606999623.949280262
1606999624.049304008
1606999624.149294376
1606999624.249283075
1606999624.349279404
1606999624.449262142
1606999624.549280882
1606999624.649280548
1606999624.749279499
1606999624.849278927
1606999624.949277163
1606999625.049165964
1606999625.149281263
1606999625.249278069
1606999625.349277973
1606999625.449282885
1606999625.549278021
1606999625.649177790
1606999625.749279976
1606999625.849285126
1606999625.949283361
1606999626.049277782
1606999626.149279594
1606999626.249284744
1606999626.349277496
1606999626.449288368
1606999626.549278498
1606999626.649282455
1606999626.749308348
1606999626.849278450
1606999626.949281931
1606999627.049279213
1606999627.149283409
1606999627.249278069
1606999627.349287510
1606999627.449124813
1606999627.549281836
1606999627.649282217
1606999627.749284029
1606999627.849192858
1606999627.949178219
1606999628.049282074
1606999628.149281502
1606999628.249283552
1606999628.349282742
1606999628.449124813
1606999628.549191952
1606999628.649282932
1606999628.749279737
1606999628.849126816
1606999628.949281216
1606999629.049280643
1606999629.149251223
1606999629.249279976
1606999629.349284649
1606999629.449146986
1606999629.549283743
1606999629.649185896
1606999629.749149561
1606999629.849180698
1606999629.949278831
1606999630.049283028
1606999630.149283409
1606999630.249257326
1606999630.349280357
1606999630.449121237
1606999630.549279928
1606999630.649275541
1606999630.749284506
1606999630.849151611
1606999630.949162245
1606999631.049278021
1606999631.149283171
1606999631.249285936
1606999631.349278212
1606999631.449145555
1606999631.549281597
1606999631.649286032
1606999631.749279737
1606999631.849147320
1606999631.949284315
1606999632.049270391
1606999632.149278641
1606999632.249307632
1606999632.349282503
1606999632.449149132
1606999632.549285173
1606999632.649283648
1606999632.749278069
1606999632.849115372
1606999632.949279070
1606999633.049286127
1606999633.149258614
1606999633.249283075
1606999633.349281788
1606999633.449115038
1606999633.549279928
1606999633.649277449
1606999633.749269009
1606999633.849115372
1606999633.949185371
1606999634.049283504
1606999634.149289846
1606999634.249258280
1606999634.349276543
1606999634.449115038
1606999634.549278021
1606999634.649280071
1606999634.749279261
1606999634.849112272
1606999634.949305534
1606999635.049290657
1606999635.149286747
1606999635.249288082
1606999635.349188805
1606999635.449141741
1606999635.549284220
1606999635.649185896
1606999635.749185085
1606999635.849115610
1606999635.949257851
1606999636.049279451
1606999636.149278641
1606999636.249284744
1606999636.349282742
1606999636.449115276
1606999636.549283028
1606999636.649277925
1606999636.749279499
1606999636.849112034
1606999636.949284315
1606999637.049182653
1606999637.149278879
1606999637.249282360
1606999637.349287987
1606999637.449180841
1606999637.549270391
1606999637.649303436
1606999637.749301672
1606999637.849172592
1606999637.949247599
1606999638.049192905
1606999638.149276495
1606999638.249280691
1606999638.349280119
1606999638.449181557
1606999638.549282312
1606999638.649270296
1606999638.749283075
1606999638.849181175
1606999638.949282408
1606999639.049279213
1606999639.149278879
1606999639.249184132
1606999639.349278450
1606999639.449184179
1606999639.549256325
1606999639.649282455
1606999639.749121428
1606999639.849268913
1606999639.949280262
1606999640.049285650
1606999640.149281979
1606999640.249282122
1606999640.349272966
1606999640.449120760
1606999640.549283743
1606999640.649282217
1606999640.749281645
1606999640.849270821
1606999640.949256659
1606999641.049282074
1606999641.149283886
1606999641.249279499
1606999641.349306345
1606999641.449162483
1606999641.549288750
1606999641.649278641
1606999641.749282122
