1606999856.754373312
1606999856.854581833
1606999856.954771757
1606999857.055006742
1606999857.155348539
1606999857.255713224
1606999857.356023788
1606999857.456340313
1606999857.556666136
1606999857.657001257
1606999857.757327318
1606999857.857651949
1606999857.958026409
1606999858.058359861
1606999858.158688545
1606999858.258979559
1606999858.359306335
1606999858.459694862
1606999858.560010910
1606999858.660337210
1606999858.760670185
1606999858.861066103
1606999858.961394072
1606999859.061722040
1606999859.162045240
1606999859.262395382
1606999859.362631083
1606999859.462923288
1606999859.563158512
1606999859.663434505
1606999859.763665438
1606999859.863970757
1606999859.964353561
1606999860.064689398
1606999860.164943695
1606999860.265229702
1606999860.365537882
1606999860.465859652
1606999860.566173792
1606999860.666481495
1606999860.766762733
1606999860.866996288
1606999860.967252016
1606999861.067553997
1606999861.167865515
1606999861.268184185
1606999861.368407726
1606999861.468777180
1606999861.569117308
1606999861.669439554
1606999861.769763470
1606999861.870143414
1606999861.970330238
1606999862.070521355
1606999862.170849085
1606999862.271175861
1606999862.371397018
1606999862.471705914
1606999862.572090149
1606999862.672422409
1606999862.772717237
1606999862.873044014
1606999862.973352194
1606999863.073735714
1606999863.174053192
1606999863.274387360
1606999863.374742985
1606999863.474976063
1606999863.575362921
1606999863.675590515
1606999863.775902748
1606999863.876224995
1606999863.976549149
1606999864.076884508
1606999864.177207708
1606999864.277398109
1606999864.377774715
1606999864.478097916
1606999864.578423023
1606999864.678586006
1606999864.778875828
1606999864.879202604
1606999864.979486465
1606999865.079704285
1606999865.180011988
1606999865.280229330
1606999865.380530834
1606999865.480906725
1606999865.581133127
1606999865.681453228
1606999865.781799078
1606999865.882119656
1606999865.982462168
1606999866.082670212
1606999866.182962656
1606999866.283196211
1606999866.383429050
1606999866.483657837
1606999866.584020615
1606999866.684347391
1606999866.784700155
1606999866.884889603
1606999866.985210896
1606999867.085538864
1606999867.185858250
1606999867.286181688
1606999867.386516333
1606999867.486806870
1606999867.587141514
1606999867.687462807
1606999867.787783623
1606999867.888106823
1606999867.988407612
1606999868.088740110
1606999868.189061880
1606999868.289386272
1606999868.389707804
1606999868.490027189
1606999868.590363264
1606999868.690547466
1606999868.790866613
1606999868.891192675
1606999868.991488457
1606999869.091678143
1606999869.191985846
1606999869.292305470
1606999869.392625570
1606999869.492961884
1606999869.593187809
1606999869.693512440
1606999869.793776751
1606999869.893980503
1606999869.994184732
1606999870.094369888
1606999870.194527388
1606999870.294745684
1606999870.394933462
1606999870.495155334
1606999870.595383644
1606999870.695615530
1606999870.795950651
1606999870.896265984
1606999870.996582270
1606999871.096901417
1606999871.197198868
1606999871.297537088
1606999871.397837877
1606999871.498131752
1606999871.598365068
1606999871.698543310
1606999871.798746586
1606999871.898990154
1606999871.999223471
1606999872.099452734
1606999872.199680328
1606999872.299991131
1606999872.400314569
1606999872.500634909
1606999872.600954294
1606999872.701141596
1606999872.801462412
1606999872.901781797
1606999873.002098560
1606999873.102289677
1606999873.202479362
1606999873.302700281
1606999873.402941227
1606999873.503170967
1606999873.603398561
1606999873.703723431
1606999873.804044247
1606999873.904380322
1606999874.004603148
1606999874.104922056
1606999874.205245256
1606999874.305564165
1606999874.405864716
1606999874.506183863
1606999874.606518269
1606999874.706841707
1606999874.807162285
1606999874.907391548
1606999875.007709265
1606999875.108029842
1606999875.208353519
1606999875.308509827
1606999875.408669710
1606999875.508841038
1606999875.609067917
1606999875.709296942
1606999875.809525490
1606999875.909837961
1606999876.010068893
1606999876.110404730
1606999876.210589170
1606999876.310775280
1606999876.411005497
1606999876.511233330
1606999876.611451149
1606999876.711754799
1606999876.812066078
1606999876.912412643
1606999877.012730837
1606999877.113049030
1606999877.213367224
1606999877.313688278
1606999877.414032221
1606999877.514358997
1606999877.614587307
1606999877.714874506
1606999877.815105677
1606999877.915426016
1606999878.015747070
1606999878.116046429
1606999878.216367245
1606999878.316689968
1606999878.417010784
1606999878.517331362
1606999878.617653608
1606999878.717973948
1606999878.818295002
1606999878.918619394
1606999879.018905640
1606999879.119227648
1606999879.219421387
1606999879.319743872
1606999879.420065403
1606999879.520411253
1606999879.620732069
1606999879.721052170
1606999879.821370602
1606999879.921692371
1606999880.022047281
1606999880.122374058
1606999880.222702742
1606999880.323024511
1606999880.423218250
1606999880.523437023
1606999880.623663902
1606999880.723884344
1606999880.824112177
1606999880.924418926
1606999881.024726152
1606999881.125061989
1606999881.225286484
1606999881.325620413
1606999881.425938129
1606999881.526268482
1606999881.626471519
1606999881.726756334
1606999881.827076197
1606999881.927229166
1606999882.027456045
1606999882.127761126
1606999882.228081465
1606999882.328397512
1606999882.428714991
1606999882.528963566
1606999882.629282475
1606999882.729604721
1606999882.829923153
1606999882.930255890
1606999883.030462742
1606999883.130635738
1606999883.230862141
1606999883.331189156
1606999883.431408882
1606999883.531712770
1606999883.632023811
1606999883.732342005
1606999883.832563639
1606999883.932881832
1606999884.033202171
1606999884.133540630
1606999884.233863115
1606999884.334183455
1606999884.434517622
1606999884.534839153
1606999884.635061741
1606999884.735374928
1606999884.835693836
1606999884.936001778
1606999885.036323071
1606999885.136540413
1606999885.236857891
1606999885.337185144
1606999885.437526226
1606999885.537722826
1606999885.637892246
1606999885.738088846
1606999885.838313341
1606999885.938534021
1606999886.038765430
1606999886.139076948
1606999886.239382505
1606999886.339696169
1606999886.439936399
1606999886.540251970
1606999886.640573978
1606999886.740899324
1606999886.841210604
1606999886.941526651
1606999887.041849613
1606999887.142174721
1606999887.242451191
1606999887.342732191
1606999887.443018198
1606999887.543248653
1606999887.643576622
1606999887.743882179
1606999887.844195604
1606999887.944545507
1606999888.044870853
1606999888.145090580
1606999888.245414495
1606999888.345735550
1606999888.445962667
1606999888.546214104
1606999888.646457672
1606999888.746778727
1606999888.846966267
1606999888.947286844
1606999889.047607183
1606999889.147916079
1606999889.248225689
1606999889.348551035
1606999889.448736906
1606999889.549055576
1606999889.649376392
1606999889.749692917
1606999889.849872589
1606999889.950102806
1606999890.050428629
1606999890.150750399
1606999890.251071453
1606999890.351359844
1606999890.451671124
1606999890.552008629
1606999890.652184963
1606999890.752374649
1606999890.852672338
1606999890.952866077
1606999891.053175926
1606999891.153472662
1606999891.253694773
1606999891.354015589
1606999891.454205513
1606999891.554452181
1606999891.654516935
1606999891.754518032
1606999891.854620218
1606999891.954634666
1606999892.054623365
1606999892.154554367
1606999892.254537106
1606999892.354557514
1606999892.454510212
1606999892.554489613
1606999892.654617548
1606999892.754488707
1606999892.854453087
1606999892.954453945
1606999893.054451942
1606999893.154470205
1606999893.254454613
1606999893.354613781
1606999893.454527378
1606999893.554519653
1606999893.654432535
1606999893.754621029
1606999893.854619503
1606999893.954514027
1606999894.054519653
1606999894.154510498
1606999894.254485130
1606999894.354454756
1606999894.454620361
1606999894.554516315
1606999894.654608727
1606999894.754484653
1606999894.854620457
1606999894.954512596
1606999895.054620743
1606999895.154486656
1606999895.254529953
1606999895.354456186
1606999895.454441547
1606999895.554455519
1606999895.654453278
1606999895.754462957
1606999895.854456186
1606999895.954452991
1606999896.054452419
1606999896.154456139
1606999896.254459858
1606999896.354465961
1606999896.454458952
1606999896.554454803
1606999896.654458284
1606999896.754455328
1606999896.854455233
1606999896.954458952
1606999897.054457188
1606999897.154463053
1606999897.254454136
1606999897.354455233
1606999897.454453707
1606999897.554454327
1606999897.654454470
1606999897.754476547
1606999897.854483366
1606999897.954473495
1606999898.054461002
1606999898.154471159
1606999898.254454613
1606999898.354486704
1606999898.454462290
1606999898.554520369
1606999898.654448509
1606999898.754456758
1606999898.854458809
1606999898.954463720
1606999899.054453611
1606999899.154458761
1606999899.254454851
1606999899.354456902
1606999899.454460144
1606999899.554455042
1606999899.654453754
1606999899.754457712
1606999899.854456663
1606999899.954438686
1606999900.054452896
1606999900.154453754
1606999900.254452944
1606999900.354453564
1606999900.454451561
1606999900.554483414
1606999900.654487133
1606999900.754462004
1606999900.854462147
1606999900.954462767
1606999901.054453135
1606999901.154456854
1606999901.254455328
1606999901.354456663
1606999901.454458237
1606999901.554444790
1606999901.654453516
1606999901.754455566
1606999901.854453087
1606999901.954455614
1606999902.054455280
1606999902.154514790
1606999902.254519224
1606999902.354454517
1606999902.454620123
1606999902.554519653
1606999902.654621124
1606999902.754441977
1606999902.854655027
1606999902.954457760
1606999903.054547071
1606999903.154458523
1606999903.254621267
1606999903.354592800
1606999903.454455853
1606999903.554460526
1606999903.654620171
1606999903.754455328
1606999903.854622126
1606999903.954529524
1606999904.054623842
1606999904.154462814
1606999904.254524469
1606999904.354488850
1606999904.454485893
1606999904.554517269
1606999904.654622316
1606999904.754453421
1606999904.854519367
1606999904.954625130
1606999905.054620504
1606999905.154506683
1606999905.254526138
1606999905.354464531
1606999905.454622030
1606999905.554652691
1606999905.654495716
1606999905.754446268
1606999905.854626656
1606999905.954620361
1606999906.054620028
1606999906.154484749
1606999906.254618883
1606999906.354600906
1606999906.454523087
1606999906.554483414
1606999906.654619455
1606999906.754452705
1606999906.854620934
1606999906.954626560
1606999907.054620266
1606999907.154517174
1606999907.254621267
1606999907.354620934
1606999907.454450607
1606999907.554511309
1606999907.654619932
1606999907.754618883
1606999907.854623079
1606999907.954487562
1606999908.054620266
1606999908.154590607
1606999908.254647493
1606999908.354521036
1606999908.454459429
1606999908.554618120
1606999908.654621363
1606999908.754481316
1606999908.854485035
1606999908.954464436
1606999909.054451466
1606999909.154499054
1606999909.254487514
1606999909.354448318
1606999909.454459667
1606999909.554520607
1606999909.654619217
1606999909.754624128
1606999909.854450226
1606999909.954441309
1606999910.054450512
1606999910.154450178
1606999910.254616976
1606999910.354517460
1606999910.454617262
1606999910.554445744
1606999910.654452085
1606999910.754451513
1606999910.854446173
1606999910.954487801
1606999911.054517031
1606999911.154436350
1606999911.254451275
1606999911.354458570
1606999911.454453707
1606999911.554617405
1606999911.654628992
1606999911.754621267
1606999911.854489803
1606999911.954488039
1606999912.054622650
1606999912.154618025
1606999912.254617453
1606999912.354598522
1606999912.454623461
1606999912.554516554
1606999912.654519081
1606999912.754618883
1606999912.854483366
1606999912.954604864
1606999913.054618359
1606999913.154621601
1606999913.254617214
1606999913.354624510
1606999913.454505205
1606999913.554618359
1606999913.654619217
1606999913.754646063
1606999913.854486704
1606999913.954625845
1606999914.054551601
1606999914.154620647
1606999914.254532814
1606999914.354619265
1606999914.454488277
1606999914.554520607
1606999914.654487133
1606999914.754620790
1606999914.854483604
1606999914.954620361
1606999915.054621696
1606999915.154523134
1606999915.254619122
1606999915.354520082
1606999915.454449177
1606999915.554455519
1606999915.654451847
1606999915.754450560
1606999915.854452372
1606999915.954452991
1606999916.054452896
1606999916.154489994
1606999916.254483461
1606999916.354620218
1606999916.454483747
1606999916.554521322
1606999916.654632568
1606999916.754460335
1606999916.854534149
1606999916.954498529
1606999917.054486990
1606999917.154488564
1606999917.254620075
1606999917.354522228
1606999917.454454899
1606999917.554459572
1606999917.654619694
1606999917.754625320
1606999917.854526997
1606999917.954606533
1606999918.054621935
1606999918.154626131
1606999918.254618406
1606999918.354489565
1606999918.454527617
1606999918.554464340
1606999918.654620409
1606999918.754621506
1606999918.854481220
1606999918.954620361
1606999919.054620504
1606999919.154588461
1606999919.254462481
1606999919.354634047
1606999919.454474926
1606999919.554625988
1606999919.654466629
1606999919.754621267
1606999919.854464769
1606999919.954468489
1606999920.054620028
1606999920.154621601
1606999920.254618406
1606999920.354517698
1606999920.454522371
1606999920.554624796
1606999920.654619932
1606999920.754620790
1606999920.854533195
1606999920.954625845
1606999921.054617882
1606999921.154619932
1606999921.254520655
1606999921.354619265
1606999921.454534292
1606999921.554461479
1606999921.654624701
1606999921.754622221
1606999921.854529142
1606999921.954649925
1606999922.054613590
1606999922.154522657
1606999922.254625797
1606999922.354516506
1606999922.454537392
1606999922.554627657
1606999922.654620409
1606999922.754459620
1606999922.854532480
1606999922.954622507
1606999923.054623604
1606999923.154518366
1606999923.254452705
1606999923.354620218
1606999923.454442024
1606999923.554522276
1606999923.654520273
1606999923.754626513
1606999923.854524851
1606999923.954621315
1606999924.054620743
1606999924.154631376
1606999924.254510880
1606999924.354520082
1606999924.454516888
1606999924.554519892
1606999924.654624462
1606999924.754453182
1606999924.854487181
1606999924.954490900
1606999925.054630041
1606999925.154625416
1606999925.254623413
1606999925.354629278
1606999925.454620838
1606999925.554619789
1606999925.654629946
1606999925.754455805
1606999925.854486704
1606999925.954488754
1606999926.054490805
1606999926.154490471
1606999926.254520416
1606999926.354494095
1606999926.454459429
1606999926.554462671
1606999926.654463530
1606999926.754460573
1606999926.854460001
1606999926.954462051
1606999927.054455280
1606999927.154459476
1606999927.254449606
1606999927.354464769
1606999927.454455853
1606999927.554459810
1606999927.654603004
1606999927.754459143
1606999927.854454041
1606999927.954490185
1606999928.054475546
1606999928.154461622
1606999928.254455566
1606999928.354456425
1606999928.454471588
1606999928.554457903
1606999928.654455900
1606999928.754463673
1606999928.854455233
1606999928.954456806
1606999929.054436684
1606999929.154455900
1606999929.254454613
1606999929.354457140
1606999929.454451084
1606999929.554453850
1606999929.654592037
1606999929.754453182
1606999929.854514599
1606999929.954452038
1606999930.054587603
1606999930.154450893
1606999930.254628420
1606999930.354538679
1606999930.454451561
1606999930.554455042
1606999930.654527903
1606999930.754502535
1606999930.854522228
1606999930.954488516
1606999931.054454803
1606999931.154469967
1606999931.254436731
1606999931.354462624
1606999931.454464674
1606999931.554490328
1606999931.654487371
1606999931.754470348
1606999931.854459763
1606999931.954487562
1606999932.054489136
1606999932.154489040
1606999932.254460096
1606999932.354483843
1606999932.454462528
1606999932.554451942
1606999932.654452562
1606999932.754452229
1606999932.854454994
1606999932.954506397
1606999933.054452896
1606999933.154456377
1606999933.254453421
1606999933.354528666
1606999933.454462290
1606999933.554518461
1606999933.654445648
1606999933.754453421
1606999933.854453087
1606999933.954518318
1606999934.054630995
1606999934.154508829
1606999934.254547596
1606999934.354529619
1606999934.454509020
1606999934.554488420
1606999934.654618740
1606999934.754486084
1606999934.854525089
1606999934.954624176
1606999935.054617167
1606999935.154519558
1606999935.254460573
1606999935.354481697
1606999935.454468012
1606999935.554461479
1606999935.654616833
1606999935.754618406
1606999935.854462147
1606999935.954607248
1606999936.054517031
1606999936.154520512
1606999936.254482746
1606999936.354522467
1606999936.454462528
1606999936.554492950
1606999936.654618979
1606999936.754516363
1606999936.854621649
1606999936.954635143
1606999937.054617882
1606999937.154525280
1606999937.254621983
1606999937.354518414
1606999937.454483271
1606999937.554490328
1606999937.654619694
1606999937.754518032
1606999937.854622841
1606999937.954518080
1606999938.054518461
1606999938.154518843
1606999938.254599571
1606999938.354535103
1606999938.454486609
1606999938.554617167
1606999938.654617786
1606999938.754618168
1606999938.854515314
1606999938.954521894
1606999939.054522038
1606999939.154623985
1606999939.254499912
1606999939.354502439
1606999939.454459429
1606999939.554519892
1606999939.654617310
1606999939.754621267
1606999939.854517937
1606999939.954620361
1606999940.054622650
1606999940.154518366
1606999940.254520178
1606999940.354453325
1606999940.454455853
1606999940.554630995
1606999940.654490709
1606999940.754454136
1606999940.854457378
1606999940.954523802
1606999941.054458141
1606999941.154529810
1606999941.254626513
1606999941.354521275
1606999941.454485655
1606999941.554632425
1606999941.654619217
1606999941.754455328
1606999941.854620934
1606999941.954626322
1606999942.054619551
1606999942.154537916
1606999942.254519224
1606999942.354619741
1606999942.454619646
1606999942.554519653
1606999942.654453754
1606999942.754456520
1606999942.854624510
1606999942.954624891
1606999943.054519415
1606999943.154488325
1606999943.254487276
1606999943.354621172
1606999943.454458475
1606999943.554454327
1606999943.654452085
1606999943.754455805
1606999943.854619741
1606999943.954488754
1606999944.054479361
1606999944.154462099
1606999944.254453897
1606999944.354457855
1606999944.454455614
1606999944.554463387
1606999944.654456615
1606999944.754460812
1606999944.854453325
1606999944.954456091
1606999945.054456949
1606999945.154445171
1606999945.254452229
1606999945.354458570
1606999945.454451799
1606999945.554456472
1606999945.654436588
1606999945.754454136
1606999945.854452848
1606999945.954459190
1606999946.054621696
1606999946.154456854
1606999946.254516602
1606999946.354454994
1606999946.454451561
1606999946.554449797
1606999946.654473543
1606999946.754481077
1606999946.854589939
1606999946.954458714
1606999947.054620504
1606999947.154466629
1606999947.254619360
1606999947.354451418
1606999947.454621792
1606999947.554459810
1606999947.654500723
1606999947.754452705
1606999947.854619265
1606999947.954453945
1606999948.054619789
1606999948.154621840
1606999948.254621029
1606999948.354622126
1606999948.454518557
1606999948.554456234
1606999948.654620886
1606999948.754453659
1606999948.854619980
1606999948.954488277
1606999949.054638863
1606999949.154455423
1606999949.254537106
1606999949.354513884
1606999949.454514027
1606999949.554489374
1606999949.654626369
1606999949.754453421
1606999949.854516745
1606999949.954620838
1606999950.054619312
1606999950.154624939
1606999950.254631042
1606999950.354627132
1606999950.454589844
1606999950.554620504
1606999950.654626608
1606999950.754459858
1606999950.854619265
1606999950.954623222
1606999951.054589748
1606999951.154496670
1606999951.254620075
1606999951.354621172
1606999951.454484701
1606999951.554485083
1606999951.654485703
1606999951.754461050
1606999951.854460716
1606999951.954464674
1606999952.054511547
1606999952.154528141
1606999952.254485130
1606999952.354519844
1606999952.454457521
1606999952.554620743
1606999952.654624939
1606999952.754456043
1606999952.854516983
1606999952.954515457
1606999953.054600477
1606999953.154531717
1606999953.254483938
1606999953.354492664
1606999953.454615593
1606999953.554619789
1606999953.654618979
1606999953.754454851
1606999953.854519367
1606999953.954585552
1606999954.054620743
1606999954.154621601
1606999954.254619122
1606999954.354624987
1606999954.454485416
1606999954.554506302
1606999954.654451609
1606999954.754458666
1606999954.854474068
1606999954.954516649
1606999955.054488897
1606999955.154483557
1606999955.254451275
1606999955.354458332
1606999955.454458237
1606999955.554482937
1606999955.654528618
1606999955.754453421
1606999955.854454994
1606999955.954511642
1606999956.054523706
1606999956.154482841
1606999956.254484892
1606999956.354485273
1606999956.454535484
1606999956.554518938
1606999956.654482841
1606999956.754485369
