1606999961.756185293
1606999961.856566906
1606999961.956949472
1606999962.057362318
1606999962.157712936
1606999962.258059740
1606999962.358470201
1606999962.458786011
1606999962.559149981
1606999962.659386635
1606999962.759739637
1606999962.860087872
1606999962.960479021
1606999963.060834408
1606999963.161175966
1606999963.261592388
1606999963.361941814
1606999963.462301493
1606999963.562515736
1606999963.662909508
1606999963.763287783
1606999963.863634109
1606999963.963984489
1606999964.064385653
1606999964.164735317
1606999964.265086174
1606999964.365460396
1606999964.465749025
1606999964.566106319
1606999964.666456938
1606999964.766804218
1606999964.867121220
1606999964.967538595
1606999965.067914486
1606999965.168242216
1606999965.268562317
1606999965.368817329
1606999965.469163418
1606999965.569529295
1606999965.669867516
1606999965.770219564
1606999965.870668411
1606999965.970926762
1606999966.071279764
1606999966.171635628
1606999966.271990538
1606999966.372253656
1606999966.472607136
1606999966.572934151
1606999966.673329115
1606999966.773662806
1606999966.874016285
1606999966.974435568
1606999967.074785948
1606999967.174978018
1606999967.275344849
1606999967.375695944
1606999967.476115227
1606999967.576466560
1606999967.676815748
1606999967.777161360
1606999967.877583027
1606999967.977930546
1606999968.078304052
1606999968.178627253
1606999968.278886080
1606999968.379308224
1606999968.479658842
1606999968.580007315
1606999968.680336952
1606999968.780710936
1606999968.881063461
1606999968.981510401
1606999969.081860781
1606999969.182208061
1606999969.282593966
1606999969.382940292
1606999969.483358383
1606999969.583707333
1606999969.684068918
1606999969.784488916
1606999969.884836674
1606999969.985189438
1606999970.085570812
1606999970.185989857
1606999970.286251783
1606999970.386605024
1606999970.486961365
1606999970.587359190
1606999970.687603474
1606999970.787921667
1606999970.888296127
1606999970.988646269
1606999971.088961840
1606999971.189273596
1606999971.289650917
1606999971.390072107
1606999971.490460873
1606999971.590809107
1606999971.691158772
1606999971.791509151
1606999971.891916275
1606999971.992244482
1606999972.092583895
1606999972.192928553
1606999972.293274164
1606999972.393519163
1606999972.493777514
1606999972.594119310
1606999972.694459677
1606999972.794711828
1606999972.895026922
1606999972.995376110
1606999973.095718384
1606999973.196063995
1606999973.296387911
1606999973.396636486
1606999973.497010708
1606999973.597351789
1606999973.697694063
1606999973.797904015
1606999973.898214340
1606999973.998571157
1606999974.098912954
1606999974.199171782
1606999974.299512148
1606999974.399854183
1606999974.500231028
1606999974.600571871
1606999974.700817823
1606999974.801157713
1606999974.901371241
1606999975.001714706
1606999975.102055550
1606999975.202404976
1606999975.302744627
1606999975.403053522
1606999975.503396034
1606999975.603642941
1606999975.704010963
1606999975.804352999
1606999975.904694319
1606999976.005061626
1606999976.105405331
1606999976.205746651
1606999976.306087971
1606999976.406449556
1606999976.506757975
1606999976.607099771
1606999976.707444429
1606999976.807808876
1606999976.908150434
1606999977.008358002
1606999977.108724117
1606999977.209067583
1606999977.309406996
1606999977.409778833
1606999977.510106087
1606999977.610448599
1606999977.710792065
1606999977.811154604
1606999977.911399364
1606999978.011719942
1606999978.112061262
1606999978.212407351
1606999978.312765121
1606999978.413107634
1606999978.513450146
1606999978.613790274
1606999978.714132071
1606999978.814372778
1606999978.914714336
1606999979.015057564
1606999979.115408421
1606999979.215749264
1606999979.316092968
1606999979.416437864
1606999979.516667604
1606999979.617015123
1606999979.717231750
1606999979.817458868
1606999979.917800903
1606999980.018143654
1606999980.118440628
1606999980.218785286
1606999980.319158792
1606999980.419478416
1606999980.519817591
1606999980.620158911
1606999980.720494270
1606999980.820836544
1606999980.921177864
1606999981.021521330
1606999981.121883392
1606999981.222228527
1606999981.322586536
1606999981.422855139
1606999981.523167610
1606999981.623414040
1606999981.723757505
1606999981.824124813
1606999981.924372435
1606999982.024716616
1606999982.125058174
1606999982.225404501
1606999982.325637102
1606999982.425975323
1606999982.526321173
1606999982.626666069
1606999982.726872444
1606999982.827213287
1606999982.927533865
1606999983.027899504
1606999983.128240347
1606999983.228484631
1606999983.328820705
1606999983.429158449
1606999983.529511690
1606999983.629757404
1606999983.730093956
1606999983.830436468
1606999983.930767059
1606999984.031101227
1606999984.131419897
1606999984.231763124
1606999984.332105160
1606999984.432364225
1606999984.532608509
1606999984.632977009
1606999984.733323097
1606999984.833666086
1606999984.934007406
1606999985.034360170
1606999985.134703398
1606999985.234948397
1606999985.335293770
1606999985.435615063
1606999985.535826683
1606999985.636193275
1606999985.736523867
1606999985.836863995
1606999985.937203646
1606999986.037520409
1606999986.137861967
1606999986.238207102
1606999986.338469744
1606999986.438812733
1606999986.539127111
1606999986.639446259
1606999986.739817619
1606999986.840160847
1606999986.940509558
1606999987.040879488
1606999987.141221762
1606999987.241479874
1606999987.341822863
1606999987.442164421
1606999987.542436600
1606999987.642641544
1606999987.742876291
1606999987.843125105
1606999987.943372726
1606999988.043623924
1606999988.143954277
1606999988.244273901
1606999988.344622612
1606999988.444961548
1606999988.545203686
1606999988.645539045
1606999988.745858192
1606999988.846205711
1606999988.946350336
1606999989.046525478
1606999989.146771908
1606999989.247027397
1606999989.347274065
1606999989.447483063
1606999989.547764540
1606999989.648017168
1606999989.748263597
1606999989.848522902
1606999989.948769331
1606999990.049016714
1606999990.149262667
1606999990.249534369
1606999990.349768639
1606999990.449942827
1606999990.550301790
1606999990.650655985
1606999990.750968218
1606999990.851312160
1606999990.951488495
1606999991.051740885
1606999991.152070761
1606999991.252407074
1606999991.352782249
1606999991.453112125
1606999991.553448677
1606999991.653795004
1606999991.754134893
1606999991.854478359
1606999991.954672813
1606999992.054945707
1606999992.155192137
1606999992.255440235
1606999992.355780125
1606999992.456119776
1606999992.556439400
1606999992.656351566
1606999992.756430149
1606999992.856435776
1606999992.956435204
1606999993.056439877
1606999993.156437159
1606999993.256431103
1606999993.356415272
1606999993.456435919
1606999993.556398869
1606999993.656435966
1606999993.756432772
1606999993.856432199
1606999993.956429243
1606999994.056438923
1606999994.156432867
1606999994.256436348
1606999994.356337786
1606999994.456430674
1606999994.556429625
1606999994.656435251
1606999994.756429672
1606999994.856422424
1606999994.956409931
1606999995.056457758
1606999995.156298876
1606999995.256434917
1606999995.356438160
1606999995.456430912
1606999995.556335688
1606999995.656336546
1606999995.756431103
1606999995.856431723
1606999995.956429958
1606999996.056340933
1606999996.156432629
1606999996.256418705
1606999996.356428862
1606999996.456431389
1606999996.556337357
1606999996.656435251
1606999996.756431818
1606999996.856337547
1606999996.956333160
1606999997.056431532
1606999997.156435728
1606999997.256439686
1606999997.356272221
1606999997.456429958
1606999997.556430340
1606999997.656442881
1606999997.756457090
1606999997.856338501
1606999997.956293344
1606999998.056433439
1606999998.156427622
1606999998.256342888
1606999998.356431723
1606999998.456434250
1606999998.556338072
1606999998.656438828
1606999998.756429911
1606999998.856433392
1606999998.956434965
1606999999.056435108
1606999999.156431913
1606999999.256432295
1606999999.356431961
1606999999.456429243
1606999999.556430101
1606999999.656333923
1606999999.756337643
1606999999.856430292
1606999999.956409693
1607000000.056439400
1607000000.156433105
1607000000.256434202
1607000000.356436729
1607000000.456462383
1607000000.556342125
1607000000.656448603
1607000000.756443501
1607000000.856436968
1607000000.956434011
1607000001.056425571
1607000001.156440973
1607000001.256435633
1607000001.356432199
1607000001.456444263
1607000001.556436062
1607000001.656430006
1607000001.756338358
1607000001.856344700
1607000001.956443787
1607000002.056437492
1607000002.156337500
1607000002.256433964
1607000002.356431961
1607000002.456438303
1607000002.556432009
1607000002.656437159
1607000002.756416321
1607000002.856438398
1607000002.956435204
1607000003.056434393
1607000003.156457901
1607000003.256461143
1607000003.356448174
1607000003.456434250
1607000003.556435108
1607000003.656435251
1607000003.756436825
1607000003.856436491
1607000003.956429958
1607000004.056432962
1607000004.156434536
1607000004.256439209
1607000004.356439352
1607000004.456434011
1607000004.556422949
1607000004.656435966
1607000004.756439686
1607000004.856436729
1607000004.956341982
1607000005.056437492
1607000005.156432867
1607000005.256341219
1607000005.356317043
1607000005.456436872
1607000005.556435347
1607000005.656445026
1607000005.756335258
1607000005.856343269
1607000005.956342220
1607000006.056461096
1607000006.156446457
1607000006.256366968
1607000006.356331587
1607000006.456436157
1607000006.556437254
1607000006.656445980
1607000006.756340742
1607000006.856437922
1607000006.956327915
1607000007.056439877
1607000007.156434298
1607000007.256436586
1607000007.356438160
1607000007.456338406
1607000007.556430340
1607000007.656411648
1607000007.756347895
1607000007.856449842
1607000007.956435680
1607000008.056323767
1607000008.156436205
1607000008.256421089
1607000008.356434345
1607000008.456319571
1607000008.556432009
1607000008.656458139
1607000008.756473064
1607000008.856453180
1607000008.956330538
1607000009.056441784
1607000009.156435013
1607000009.256436825
1607000009.356435776
1607000009.456426859
1607000009.556432247
1607000009.656440020
1607000009.756430387
1607000009.856436491
1607000009.956435442
1607000010.056431055
1607000010.156338215
1607000010.256436110
1607000010.356435537
1607000010.456437111
1607000010.556431770
1607000010.656420231
1607000010.756435394
1607000010.856435061
1607000010.956433058
1607000011.056436777
1607000011.156437397
1607000011.256427288
1607000011.356432438
1607000011.456334114
1607000011.556452990
1607000011.656442642
1607000011.756417274
1607000011.856438875
1607000011.956400394
1607000012.056433201
1607000012.156449556
1607000012.256435871
1607000012.356339216
1607000012.456433058
1607000012.556432962
1607000012.656445265
1607000012.756436110
1607000012.856302500
1607000012.956412315
1607000013.056434631
1607000013.156439781
1607000013.256304979
1607000013.356433630
1607000013.456435442
1607000013.556405067
1607000013.656440496
1607000013.756432056
1607000013.856436014
1607000013.956438303
1607000014.056434870
1607000014.156340361
1607000014.256462097
1607000014.356443405
1607000014.456440449
1607000014.556430578
1607000014.656435251
1607000014.756402254
1607000014.856436014
1607000014.956434011
1607000015.056436300
1607000015.156434059
1607000015.256435394
1607000015.356336594
1607000015.456427813
1607000015.556434870
1607000015.656435251
1607000015.756438732
1607000015.856435061
1607000015.956432819
1607000016.056440115
1607000016.156430006
1607000016.256300449
1607000016.356432199
1607000016.456441402
1607000016.556428671
1607000016.656400204
1607000016.756336689
1607000016.856434107
1607000016.956459522
1607000017.056460857
1607000017.156300306
1607000017.256433964
1607000017.356433153
1607000017.456434965
1607000017.556429625
1607000017.656443596
1607000017.756434917
1607000017.856438160
1607000017.956434488
1607000018.056340694
1607000018.156433582
1607000018.256413221
1607000018.356432438
1607000018.456304312
1607000018.556427956
1607000018.656434774
1607000018.756433487
1607000018.856403589
1607000018.956337452
1607000019.056434631
1607000019.156442165
1607000019.256433964
1607000019.356338263
1607000019.456404448
1607000019.556435585
1607000019.656464338
1607000019.756460428
1607000019.856437206
1607000019.956437349
1607000020.056416750
1607000020.156435728
1607000020.256337166
1607000020.356429100
1607000020.456434727
1607000020.556426525
1607000020.656335831
1607000020.756431341
1607000020.856434107
1607000020.956435442
1607000021.056436062
1607000021.156298399
1607000021.256431341
1607000021.356436968
1607000021.456434727
1607000021.556429386
1607000021.656437635
1607000021.756427526
1607000021.856338501
1607000021.956431866
1607000022.056272507
1607000022.156432390
1607000022.256429672
1607000022.356297255
1607000022.456300974
1607000022.556453705
1607000022.656436682
1607000022.756430626
1607000022.856435061
1607000022.956335068
1607000023.056427956
1607000023.156432629
1607000023.256433964
1607000023.356334209
1607000023.456339598
1607000023.556430101
1607000023.656431198
1607000023.756435156
1607000023.856430292
1607000023.956432104
1607000024.056340694
1607000024.156336784
1607000024.256268263
1607000024.356448174
1607000024.456438303
1607000024.556435108
1607000024.656336546
1607000024.756438017
1607000024.856435299
1607000024.956434250
1607000025.056435108
1607000025.156462908
1607000025.256434679
1607000025.356443405
1607000025.456435442
1607000025.556431055
1607000025.656434536
1607000025.756433487
1607000025.856402159
1607000025.956433773
1607000026.056438208
1607000026.156436920
1607000026.256434202
1607000026.356434345
1607000026.456433296
1607000026.556428909
1607000026.656434774
1607000026.756433249
1607000026.856434107
1607000026.956427336
1607000027.056435108
1607000027.156436205
1607000027.256438971
1607000027.356436491
1607000027.456430912
1607000027.556429625
1607000027.656434774
1607000027.756337643
1607000027.856461287
1607000027.956466436
1607000028.056458712
1607000028.156423807
1607000028.256436110
1607000028.356440306
1607000028.456430674
1607000028.556437016
1607000028.656344652
1607000028.756431103
1607000028.856439829
1607000028.956434965
1607000029.056435585
1607000029.156347036
1607000029.256438732
1607000029.356443405
1607000029.456402540
1607000029.556431770
1607000029.656436682
1607000029.756434917
1607000029.856436253
1607000029.956435204
1607000030.056433916
1607000030.156435728
1607000030.256439209
1607000030.356346130
1607000030.456434011
1607000030.556432247
1607000030.656443596
1607000030.756439686
1607000030.856423616
1607000030.956422806
1607000031.056418419
1607000031.156412601
1607000031.256407499
1607000031.356343985
1607000031.456398964
1607000031.556288719
1607000031.656467199
1607000031.756300449
1607000031.856441021
1607000031.956441402
1607000032.056440592
1607000032.156442165
1607000032.256340027
1607000032.356341839
1607000032.456435204
1607000032.556433439
1607000032.656436443
1607000032.756438017
1607000032.856445312
1607000032.956438303
1607000033.056440353
1607000033.156435728
1607000033.256433249
1607000033.356437206
1607000033.456437588
1607000033.556426287
1607000033.656433105
1607000033.756433249
1607000033.856435061
1607000033.956430435
1607000034.056435823
1607000034.156436682
1607000034.256438255
1607000034.356434107
1607000034.456395864
1607000034.556440353
1607000034.656431913
1607000034.756429434
1607000034.856302261
1607000034.956436157
1607000035.056439400
1607000035.156436205
1607000035.256413460
1607000035.356434822
1607000035.456428528
1607000035.556435108
1607000035.656453609
1607000035.756457090
1607000035.856455564
1607000035.956437349
1607000036.056437254
1607000036.156437159
1607000036.256436586
1607000036.356439590
1607000036.456412315
1607000036.556272507
1607000036.656438112
1607000036.756436110
1607000036.856439590
1607000036.956438065
1607000037.056441307
1607000037.156434536
1607000037.256341457
1607000037.356435537
1607000037.456434965
1607000037.556432486
1607000037.656439304
1607000037.756403685
1607000037.856431723
1607000037.956435204
1607000038.056438684
1607000038.156435490
1607000038.256348610
1607000038.356406450
1607000038.456462145
1607000038.556458950
1607000038.656441927
1607000038.756436110
1607000038.856435537
1607000038.956440449
1607000039.056439638
1607000039.156434774
1607000039.256439686
1607000039.356340408
1607000039.456412792
1607000039.556435108
1607000039.656440020
1607000039.756432295
1607000039.856440783
1607000039.956425667
1607000040.056435585
1607000040.156431437
1607000040.256439447
1607000040.356441498
1607000040.456343889
1607000040.556341410
1607000040.656423330
1607000040.756409168
1607000040.856287718
1607000040.956342459
1607000041.056433439
1607000041.156475067
1607000041.256459475
1607000041.356448412
1607000041.456435680
1607000041.556431055
1607000041.656434536
1607000041.756424427
1607000041.856437206
1607000041.956433058
1607000042.056435347
1607000042.156436205
1607000042.256438255
1607000042.356430054
1607000042.456435204
1607000042.556433678
1607000042.656436205
1607000042.756345749
1607000042.856438637
1607000042.956437826
1607000043.056435823
1607000043.156435966
1607000043.256433725
1607000043.356436968
1607000043.456312418
1607000043.556425810
1607000043.656438589
1607000043.756430387
1607000043.856448889
1607000043.956460238
1607000044.056434631
1607000044.156439304
1607000044.256437063
1607000044.356436968
1607000044.456434727
1607000044.556299686
1607000044.656405687
1607000044.756406307
1607000044.856401205
1607000044.956301212
1607000045.056439877
1607000045.156433821
1607000045.256400824
1607000045.356434584
1607000045.456341743
1607000045.556431532
1607000045.656436443
1607000045.756432533
1607000045.856343746
1607000045.956430435
1607000046.056436539
1607000046.156433344
1607000046.256347656
1607000046.356430292
1607000046.456403494
1607000046.556432486
1607000046.656461000
1607000046.756460190
1607000046.856445789
1607000046.956434965
1607000047.056436062
1607000047.156431913
1607000047.256431580
1607000047.356433392
1607000047.456428528
1607000047.556431532
1607000047.656302452
1607000047.756434917
1607000047.856437206
1607000047.956428528
1607000048.056305170
1607000048.156436443
1607000048.256434679
1607000048.356401205
1607000048.456436396
1607000048.556340218
1607000048.656342983
1607000048.756434679
1607000048.856439829
1607000048.956271172
1607000049.056434870
1607000049.156435728
1607000049.256440639
1607000049.356452227
1607000049.456303120
1607000049.556457520
1607000049.656433105
1607000049.756438494
1607000049.856438875
1607000049.956437111
1607000050.056439400
1607000050.156409740
1607000050.256437063
1607000050.356435061
1607000050.456437588
1607000050.556430101
1607000050.656433105
1607000050.756272554
1607000050.856432676
1607000050.956439257
1607000051.056424379
1607000051.156439066
1607000051.256413937
1607000051.356418610
1607000051.456343412
1607000051.556437016
1607000051.656372786
1607000051.756436110
1607000051.856437445
1607000051.956405640
1607000052.056431770
1607000052.156458139
1607000052.256464481
1607000052.356449366
1607000052.456432343
1607000052.556411266
1607000052.656439543
1607000052.756435156
1607000052.856346369
1607000052.956435442
1607000053.056441307
1607000053.156429768
1607000053.256443977
1607000053.356342554
1607000053.456442118
1607000053.556433439
1607000053.656438351
1607000053.756301403
1607000053.856436253
1607000053.956440687
1607000054.056435585
1607000054.156430721
1607000054.256438255
1607000054.356436968
1607000054.456442595
1607000054.556341410
1607000054.656346560
1607000054.756436348
1607000054.856427908
1607000054.956303596
1607000055.056454897
1607000055.156445026
1607000055.256434679
1607000055.356444359
1607000055.456335068
1607000055.556432009
1607000055.656437397
1607000055.756436348
1607000055.856337070
1607000055.956431866
1607000056.056440353
1607000056.156434774
1607000056.256435633
1607000056.356435537
1607000056.456436872
1607000056.556407452
1607000056.656437397
1607000056.756427050
1607000056.856413126
1607000056.956401825
1607000057.056404114
1607000057.156423092
1607000057.256440878
1607000057.356431961
1607000057.456433058
1607000057.556435108
1607000057.656437159
1607000057.756458044
1607000057.856445551
1607000057.956435204
1607000058.056329727
1607000058.156429768
1607000058.256436825
1607000058.356338263
1607000058.456437349
1607000058.556436062
1607000058.656441927
1607000058.756435871
1607000058.856434345
1607000058.956434727
1607000059.056434870
1607000059.156435013
1607000059.256437540
1607000059.356435776
1607000059.456338167
1607000059.556417942
1607000059.656436682
1607000059.756433725
1607000059.856436491
1607000059.956435680
1607000060.056408644
1607000060.156434298
1607000060.256435394
1607000060.356457233
1607000060.456460714
1607000060.556451559
1607000060.656420469
1607000060.756433249
1607000060.856435537
1607000060.956441641
1607000061.056444883
1607000061.156429768
1607000061.256344080
1607000061.356436491
1607000061.456433535
1607000061.556433439
1607000061.656336546
1607000061.756436348
