1606999646.750832319
1606999646.851023912
1606999646.951236725
1606999647.051450491
1606999647.151662111
1606999647.251855373
1606999647.352083683
1606999647.452292442
1606999647.552599907
1606999647.652900219
1606999647.753229380
1606999647.853536367
1606999647.953843355
1606999648.054157495
1606999648.154422045
1606999648.254592657
1606999648.354768515
1606999648.454986334
1606999648.555203438
1606999648.655423880
1606999648.755717993
1606999648.855988979
1606999648.956298590
1606999649.056604862
1606999649.156939983
1606999649.257247210
1606999649.357560158
1606999649.457867861
1606999649.558178425
1606999649.658455133
1606999649.758828402
1606999649.859152555
1606999649.959475040
1606999650.059769869
1606999650.160080433
1606999650.260414839
1606999650.360719919
1606999650.461028814
1606999650.561338663
1606999650.661650419
1606999650.761953831
1606999650.862273455
1606999650.962504148
1606999651.062772512
1606999651.163110256
1606999651.263420582
1606999651.363595963
1606999651.463899136
1606999651.564253569
1606999651.664402962
1606999651.764676094
1606999651.864894390
1606999651.965106726
1606999652.065318584
1606999652.165552855
1606999652.265760422
1606999652.365972281
1606999652.466247797
1606999652.566449642
1606999652.666595221
1606999652.766796589
1606999652.867012501
1606999652.967255116
1606999653.067477465
1606999653.167651176
1606999653.267870903
1606999653.368088722
1606999653.468392134
1606999653.568745852
1606999653.669051409
1606999653.769358873
1606999653.869690418
1606999653.969901800
1606999654.070110321
1606999654.170430422
1606999654.270635366
1606999654.370851517
1606999654.471158504
1606999654.571464300
1606999654.671798229
1606999654.772098541
1606999654.872389793
1606999654.972552061
1606999655.072885752
1606999655.173164606
1606999655.273514748
1606999655.373795033
1606999655.474098444
1606999655.574402094
1606999655.674706697
1606999655.774898767
1606999655.875204325
1606999655.975498438
1606999656.075818062
1606999656.175989866
1606999656.276295185
1606999656.376608610
1606999656.476894379
1606999656.577202797
1606999656.677514315
1606999656.777825594
1606999656.878136396
1606999656.978411436
1606999657.078583479
1606999657.178861380
1606999657.279037952
1606999657.379237890
1606999657.479417324
1606999657.579622746
1606999657.679910421
1606999657.780205011
1606999657.880405188
1606999657.980574131
1606999658.080876827
1606999658.181191921
1606999658.281498194
1606999658.381807804
1606999658.482113600
1606999658.582424164
1606999658.682757616
1606999658.783062458
1606999658.883251667
1606999658.983571768
1606999659.083877087
1606999659.184079647
1606999659.284379959
1606999659.384684324
1606999659.484969854
1606999659.585279703
1606999659.685580969
1606999659.785885811
1606999659.886220455
1606999659.986443281
1606999660.086758852
1606999660.187067270
1606999660.287379742
1606999660.387685776
1606999660.487981796
1606999660.588302374
1606999660.688620090
1606999660.788918018
1606999660.889221907
1606999660.989529133
1606999661.089836836
1606999661.190167427
1606999661.290448427
1606999661.390768766
1606999661.491074800
1606999661.591381311
1606999661.691667795
1606999661.791942120
1606999661.892241240
1606999661.992557287
1606999662.092887402
1606999662.193125486
1606999662.293309212
1606999662.393518209
1606999662.493785381
1606999662.594005823
1606999662.694185257
1606999662.794375420
1606999662.894527435
1606999662.994732141
1606999663.094947577
1606999663.195161343
1606999663.295377493
1606999663.395578623
1606999663.495795488
1606999663.596045017
1606999663.696347475
1606999663.796649933
1606999663.896932602
1606999663.997134447
1606999664.097439528
1606999664.197744131
1606999664.298048019
1606999664.398370266
1606999664.498708487
1606999664.599012375
1606999664.699316978
1606999664.799609661
1606999664.899817705
1606999665.000115633
1606999665.100420713
1606999665.200722694
1606999665.301026106
1606999665.401335955
1606999665.501659393
1606999665.601965904
1606999665.702276468
1606999665.802463770
1606999665.902772903
1606999666.003047705
1606999666.103352547
1606999666.203658581
1606999666.303952694
1606999666.404274225
1606999666.504580975
1606999666.604887009
1606999666.705103874
1606999666.805398464
1606999666.905701876
1606999667.006005287
1606999667.106176376
1606999667.206447363
1606999667.306718349
1606999667.407021999
1606999667.507308245
1606999667.607613564
1606999667.707926750
1606999667.808086395
1606999667.908300161
1606999668.008469582
1606999668.108640432
1606999668.208922386
1606999668.309205532
1606999668.409492016
1606999668.509704590
1606999668.609999180
1606999668.710303307
1606999668.810511351
1606999668.910682678
1606999669.010999203
1606999669.111306190
1606999669.211609364
1606999669.311880827
1606999669.412150383
1606999669.512456417
1606999669.612767458
1606999669.713076353
1606999669.813396931
1606999669.913683891
1606999670.013996840
1606999670.114225149
1606999670.214442968
1606999670.314592838
1606999670.414804935
1606999670.515027285
1606999670.615317822
1606999670.715572596
1606999670.815753698
1606999670.916068792
1606999671.016256571
1606999671.116441250
1606999671.216777802
1606999671.317002058
1606999671.417189360
1606999671.517530918
1606999671.617849588
1606999671.718090296
1606999671.818409443
1606999671.918641567
1606999672.018957138
1606999672.119181156
1606999672.219480038
1606999672.319645643
1606999672.419946671
1606999672.520159483
1606999672.620472908
1606999672.720705509
1606999672.821024418
1606999672.921257496
1606999673.021474600
1606999673.121786356
1606999673.222099543
1606999673.322333574
1606999673.422540426
1606999673.522694349
1606999673.622884274
1606999673.723171473
1606999673.823462725
1606999673.923700333
1606999674.023920298
1606999674.124109507
1606999674.224440813
1606999674.324656725
1606999674.424994707
1606999674.525195837
1606999674.625508785
1606999674.725765467
1606999674.826081276
1606999674.926310062
1606999675.026497126
1606999675.126805067
1606999675.227086306
1606999675.327351332
1606999675.427570105
1606999675.527872562
1606999675.628189325
1606999675.728392124
1606999675.828711033
1606999675.928855658
1606999676.029115438
1606999676.129369974
1606999676.229657888
1606999676.329913378
1606999676.430229187
1606999676.530488968
1606999676.630809546
1606999676.730948925
1606999676.831153393
1606999676.931320429
1606999677.031640291
1606999677.131791592
1606999677.232095480
1606999677.332244635
1606999677.432550430
1606999677.532690763
1606999677.632994890
1606999677.733172178
1606999677.833489656
1606999677.933694601
1606999678.033907652
1606999678.134223461
1606999678.234551191
1606999678.334762335
1606999678.434982777
1606999678.535265684
1606999678.635582924
1606999678.735791445
1606999678.836099863
1606999678.936334848
1606999679.036497116
1606999679.136686802
1606999679.236863375
1606999679.337069988
1606999679.437225580
1606999679.537447214
1606999679.637744904
1606999679.737908840
1606999679.838074684
1606999679.938411236
1606999680.038563013
1606999680.138770819
1606999680.238992929
1606999680.339220047
1606999680.439438105
1606999680.539738655
1606999680.640049696
1606999680.740278959
1606999680.840592861
1606999680.940824509
1606999681.041140318
1606999681.141299248
1606999681.241615295
1606999681.341840506
1606999681.442155838
1606999681.542394638
1606999681.642628193
1606999681.742931604
1606999681.843249083
1606999681.943476200
1606999682.043778658
1606999682.144018173
1606999682.244330168
1606999682.344475508
1606999682.444654942
1606999682.544943571
1606999682.645195484
1606999682.745339632
1606999682.845525980
1606999682.945843458
1606999683.046164513
1606999683.146386147
1606999683.246555805
1606999683.346742153
1606999683.446896791
1606999683.547113895
1606999683.647436857
1606999683.747606039
1606999683.847806215
1606999683.948112011
1606999684.048428774
1606999684.148578167
1606999684.248788118
1606999684.349090338
1606999684.449310303
1606999684.549625397
1606999684.649945974
1606999684.750149965
1606999684.850442886
1606999684.950588465
1606999685.050781965
1606999685.150874138
1606999685.250865221
1606999685.350896120
1606999685.450934649
1606999685.550978422
1606999685.650914431
1606999685.750875711
1606999685.850869656
1606999685.950895071
1606999686.050931692
1606999686.150892496
1606999686.250874281
1606999686.350898743
1606999686.450936079
1606999686.550935984
1606999686.650930166
1606999686.750927687
1606999686.850932598
1606999686.950918674
1606999687.050916195
1606999687.150934696
1606999687.250936508
1606999687.350932598
1606999687.450933933
1606999687.550876141
1606999687.651003838
1606999687.750944138
1606999687.850930691
1606999687.951000214
1606999688.051001549
1606999688.150896311
1606999688.250998974
1606999688.350997925
1606999688.451002836
1606999688.550999880
1606999688.650999308
1606999688.750899315
1606999688.850934267
1606999688.950932264
1606999689.051007986
1606999689.151006222
1606999689.250997782
1606999689.350930214
1606999689.450871229
1606999689.551010132
1606999689.651004791
1606999689.750937223
1606999689.850930452
1606999689.950932026
1606999690.051015139
1606999690.151014090
1606999690.251000166
1606999690.350996971
1606999690.450999975
1606999690.550934792
1606999690.651017904
1606999690.750936747
1606999690.851001501
1606999690.950998545
1606999691.050997257
1606999691.150932312
1606999691.250896454
1606999691.350996017
1606999691.450931311
1606999691.550939798
1606999691.650963306
1606999691.750946999
1606999691.850947380
1606999691.950932980
1606999692.050931692
1606999692.150935173
1606999692.250917912
1606999692.350932121
1606999692.450932980
1606999692.550938368
1606999692.650937796
1606999692.750938654
1606999692.850928783
1606999692.950931549
1606999693.050938129
1606999693.150938272
1606999693.250940084
1606999693.350932837
1606999693.450936556
1606999693.550937414
1606999693.650938272
1606999693.750943661
1606999693.850941658
1606999693.950937986
1606999694.050938368
1606999694.150944710
1606999694.250936985
1606999694.350968838
1606999694.450951576
1606999694.550943613
1606999694.650938749
1606999694.750932455
1606999694.850939274
1606999694.950932264
1606999695.050940990
1606999695.150924683
1606999695.250935316
1606999695.350941420
1606999695.450936556
1606999695.550938129
1606999695.650938749
1606999695.750941515
1606999695.850940228
1606999695.950939655
1606999696.050913811
1606999696.150940418
1606999696.250940084
1606999696.350937605
1606999696.450913429
1606999696.550938606
1606999696.650938511
1606999696.750938892
1606999696.850934505
1606999696.950925112
1606999697.050938368
1606999697.150966883
1606999697.250946522
1606999697.350940466
1606999697.450935602
1606999697.550939322
1606999697.650939465
1606999697.750938416
1606999697.850936890
1606999697.950935841
1606999698.050936699
1606999698.150938988
1606999698.250911713
1606999698.350939035
1606999698.450938225
1606999698.550937176
1606999698.650935888
1606999698.750940084
1606999698.850942612
1606999698.950941324
1606999699.050938845
1606999699.150940180
1606999699.250937223
1606999699.350938797
1606999699.450934649
1606999699.550938368
1606999699.650942087
1606999699.750941753
1606999699.851032495
1606999699.950944185
1606999700.050938129
1606999700.150938034
1606999700.250938654
1606999700.350943327
1606999700.451000452
1606999700.550938368
1606999700.650916100
1606999700.750941753
1606999700.850934267
1606999700.950938940
1606999701.050999880
1606999701.150948286
1606999701.250896692
1606999701.350897789
1606999701.450941563
1606999701.551030636
1606999701.651032209
1606999701.750941515
1606999701.851002455
1606999701.950938225
1606999702.051030397
1606999702.150916100
1606999702.250999928
1606999702.351054668
1606999702.451043129
1606999702.550962925
1606999702.651029587
1606999702.750946522
1606999702.851036549
1606999702.950926781
1606999703.051034451
1606999703.150940180
1606999703.251035929
1606999703.350923061
1606999703.450938940
1606999703.551035643
1606999703.651032209
1606999703.750940323
1606999703.850937605
1606999703.951000214
1606999704.051030636
1606999704.150939226
1606999704.250941277
1606999704.350938320
1606999704.450938940
1606999704.550939083
1606999704.650926828
1606999704.750945330
1606999704.850938559
1606999704.950939655
1606999705.051058769
1606999705.151043892
1606999705.251013994
1606999705.351034641
1606999705.450931787
1606999705.550936937
1606999705.651032925
1606999705.750939608
1606999705.850897074
1606999705.950996399
1606999706.050997734
1606999706.150938749
1606999706.251031637
1606999706.351035833
1606999706.450901985
1606999706.551029921
1606999706.651030302
1606999706.750945091
1606999706.850942850
1606999706.951001644
1606999707.051032066
1606999707.150941849
1606999707.250999689
1606999707.350944519
1606999707.450940371
1606999707.550999403
1606999707.651030779
1606999707.750942230
1606999707.850874424
1606999707.950938463
1606999708.051031351
1606999708.150943756
1606999708.251030445
1606999708.351029158
1606999708.450867414
1606999708.551033735
1606999708.651025772
1606999708.750942230
1606999708.850869179
1606999708.951030493
1606999709.051027775
1606999709.150939465
1606999709.250998020
1606999709.351027966
1606999709.450869560
1606999709.550995350
1606999709.651035070
1606999709.750938892
1606999709.850866556
1606999709.951032162
1606999710.051028490
1606999710.150935888
1606999710.251032829
1606999710.350933552
1606999710.450878620
1606999710.551053286
1606999710.651040077
1606999710.750964403
1606999710.850873947
1606999710.950943947
1606999711.050939560
1606999711.150932550
1606999711.250934362
1606999711.350933552
1606999711.450875759
1606999711.550932646
1606999711.650927305
1606999711.750861645
1606999711.850868940
1606999711.950991154
1606999712.051029682
1606999712.150912285
1606999712.250995874
1606999712.351030827
1606999712.450876474
1606999712.551027536
1606999712.650936127
1606999712.750938177
1606999712.850874424
1606999712.951027632
1606999713.050910711
1606999713.151035547
1606999713.250861645
1606999713.350934029
1606999713.450869560
1606999713.550996065
1606999713.651029825
1606999713.750936985
1606999713.850873947
1606999713.950936317
1606999714.050939322
1606999714.151031971
1606999714.250997782
1606999714.351028681
1606999714.450870037
1606999714.550939322
1606999714.650936842
1606999714.750939131
1606999714.850923538
1606999714.951030254
1606999715.050931692
1606999715.150937080
1606999715.250936747
1606999715.351027727
1606999715.450867414
1606999715.551031113
1606999715.650861979
1606999715.750936270
1606999715.850868225
1606999715.950937271
1606999716.051039696
1606999716.151038170
1606999716.250957966
1606999716.351033211
1606999716.450900078
1606999716.550995827
1606999716.651032448
1606999716.750939608
1606999716.850933790
1606999716.951030970
1606999717.051031351
1606999717.151031733
1606999717.251030207
1606999717.350938559
1606999717.450933933
1606999717.551033258
1606999717.651032448
1606999717.750929594
1606999717.850933790
1606999717.951017618
1606999718.051031351
1606999718.151033401
1606999718.251031399
1606999718.351031542
1606999718.451000690
1606999718.550997496
1606999718.651058197
1606999718.750943899
1606999718.850934505
1606999718.951004744
1606999719.050957680
1606999719.150998831
1606999719.250995398
1606999719.350932837
1606999719.451002598
1606999719.551001310
1606999719.651003838
1606999719.750932217
1606999719.850894213
1606999719.950898409
1606999720.050932407
1606999720.151028156
1606999720.251030684
1606999720.351029634
1606999720.450993538
1606999720.550940275
1606999720.651030064
1606999720.750938654
1606999720.850934267
1606999720.951000929
1606999721.051030636
1606999721.150937080
1606999721.250999928
1606999721.351030111
1606999721.451022863
1606999721.551044941
1606999721.651033401
1606999721.750948906
1606999721.850944281
1606999721.950922251
1606999722.051030159
1606999722.151030779
1606999722.251032352
1606999722.350936890
1606999722.450931549
1606999722.550939322
1606999722.651031733
1606999722.750938177
1606999722.850908518
1606999722.950934649
1606999723.051036358
1606999723.150908947
1606999723.250995874
1606999723.351030588
1606999723.451002598
1606999723.550937891
1606999723.651032448
1606999723.750926733
1606999723.850935698
1606999723.951030493
1606999724.050999880
1606999724.150933266
1606999724.251048565
1606999724.351016045
1606999724.450947046
1606999724.551029682
1606999724.651018858
1606999724.750941992
1606999724.850934744
1606999724.950909853
1606999725.051030159
1606999725.151012897
1606999725.251030207
1606999725.350910187
1606999725.450942755
1606999725.551039934
1606999725.651024580
1606999725.750943661
1606999725.850937843
1606999725.950934410
1606999726.050937891
1606999726.150943518
1606999726.250896454
1606999726.350936890
1606999726.450881481
1606999726.550893068
1606999726.650930643
1606999726.750897408
1606999726.850942373
1606999726.950868845
1606999727.051034451
1606999727.150896788
1606999727.251000404
1606999727.351042747
1606999727.450908184
1606999727.550865889
1606999727.650933981
1606999727.750874519
1606999727.850896120
1606999727.950928211
1606999728.050865889
1606999728.150936365
1606999728.250867605
1606999728.350867271
1606999728.450901747
1606999728.550998926
1606999728.650933981
1606999728.750935316
1606999728.850932598
1606999728.950899363
1606999729.050997257
1606999729.150924444
1606999729.251003742
1606999729.350932360
1606999729.450995922
1606999729.550908089
1606999729.651024342
1606999729.750893593
1606999729.851003647
1606999729.951013803
1606999730.051006556
1606999730.150910616
1606999730.250934601
1606999730.350998402
1606999730.450934887
1606999730.550931215
1606999730.650895596
1606999730.750931501
1606999730.850932360
1606999730.951014757
1606999731.050936699
1606999731.150891781
1606999731.250935316
1606999731.350868225
1606999731.450933695
1606999731.550926447
1606999731.650936842
1606999731.750929832
1606999731.850937843
1606999731.950998068
1606999732.050997019
1606999732.150935888
1606999732.250936270
1606999732.351019859
1606999732.450932980
1606999732.551014185
1606999732.651030064
1606999732.750948429
1606999732.850933790
1606999732.951023817
1606999733.051021099
1606999733.150996208
1606999733.250921965
1606999733.350936651
1606999733.450935841
1606999733.551029205
1606999733.651001215
1606999733.750937462
1606999733.850936651
1606999733.950941801
1606999734.051027536
1606999734.150897026
1606999734.250998259
1606999734.351001740
1606999734.450927258
1606999734.550938129
1606999734.651028395
1606999734.750938654
1606999734.850935221
1606999734.950936794
1606999735.051058769
1606999735.151055098
1606999735.251012564
1606999735.350962162
1606999735.450990915
1606999735.550997734
1606999735.651029348
1606999735.750939846
1606999735.850995779
1606999735.950998306
1606999736.051001310
1606999736.151000738
1606999736.250934124
1606999736.351030111
1606999736.451028585
1606999736.551008940
1606999736.651033878
1606999736.750941277
1606999736.850895405
1606999736.950938940
1606999737.050937891
1606999737.150934696
1606999737.250938177
1606999737.350939751
1606999737.450942993
1606999737.550926924
1606999737.650929928
1606999737.750940800
1606999737.850937128
1606999737.950926781
1606999738.050935507
1606999738.150947094
1606999738.250939369
1606999738.350939035
1606999738.450941563
1606999738.550929308
1606999738.650938511
1606999738.750942707
1606999738.850936413
1606999738.950938225
1606999739.050963163
1606999739.150952578
1606999739.250942707
1606999739.350938082
1606999739.450936556
1606999739.550939322
1606999739.650930405
1606999739.750938177
1606999739.850936890
1606999739.950934887
1606999740.050938845
1606999740.150937796
1606999740.250938654
1606999740.350943089
1606999740.450935125
1606999740.550937891
1606999740.650936842
1606999740.750940084
1606999740.850938082
1606999740.950939417
1606999741.050932646
1606999741.150927782
1606999741.250941277
1606999741.350940943
1606999741.450938225
1606999741.550934553
1606999741.650938749
1606999741.750938654
1606999741.850944042
1606999741.950937510
1606999742.050937414
1606999742.150938749
1606999742.250898600
1606999742.350938797
1606999742.450940609
1606999742.550938129
1606999742.650940180
1606999742.750934839
1606999742.850938082
1606999742.950936317
1606999743.050953150
1606999743.150957584
1606999743.250942230
1606999743.350939751
1606999743.450934649
1606999743.550937653
1606999743.650942802
1606999743.750936985
1606999743.850939274
1606999743.950938463
1606999744.050926447
1606999744.150936604
1606999744.250938654
1606999744.350938320
1606999744.450932980
1606999744.550937414
1606999744.650937557
1606999744.750939131
1606999744.850938320
1606999744.950940132
1606999745.050938606
1606999745.150938988
1606999745.250938892
1606999745.350934982
1606999745.450937748
1606999745.550940990
1606999745.650938034
1606999745.750938654
1606999745.850961447
1606999745.950950623
1606999746.050937891
1606999746.150938034
1606999746.250928402
1606999746.350940943
1606999746.450937510
1606999746.551026583
1606999746.650996923
1606999746.750932693
