1606999126.743680477
1606999126.843957424
1606999126.944254875
1606999127.044582844
1606999127.144884348
1606999127.245084524
1606999127.345393419
1606999127.445699692
1606999127.546000957
1606999127.646300793
1606999127.746586084
1606999127.846857786
1606999127.947051764
1606999128.047356606
1606999128.147658587
1606999128.247944593
1606999128.348242044
1606999128.448550224
1606999128.548852444
1606999128.649151564
1606999128.749366999
1606999128.849666595
1606999128.949970245
1606999129.050276995
1606999129.150581837
1606999129.250880957
1606999129.351161003
1606999129.451436520
1606999129.551742315
1606999129.652032137
1606999129.752329111
1606999129.852621317
1606999129.952922344
1606999130.053227186
1606999130.153534412
1606999130.253816843
1606999130.354099989
1606999130.454401493
1606999130.554704666
1606999130.654899120
1606999130.755169868
1606999130.855436802
1606999130.955738068
1606999131.055907011
1606999131.156079769
1606999131.256232023
1606999131.356467724
1606999131.456664562
1606999131.556864738
1606999131.657079220
1606999131.757287979
1606999131.857581139
1606999131.957884312
1606999132.058184624
1606999132.158445597
1606999132.258588791
1606999132.358819246
1606999132.459029436
1606999132.559242010
1606999132.659452200
1606999132.759738445
1606999132.860030174
1606999132.960315466
1606999133.060613632
1606999133.160914183
1606999133.261242390
1606999133.361545563
1606999133.461825132
1606999133.562125921
1606999133.662432909
1606999133.762736797
1606999133.863040447
1606999133.963342905
1606999134.063663244
1606999134.163956165
1606999134.264260530
1606999134.364561558
1606999134.464863777
1606999134.565072536
1606999134.665373087
1606999134.765677929
1606999134.865981817
1606999134.966284752
1606999135.066553116
1606999135.166856527
1606999135.267066717
1606999135.367372990
1606999135.467677355
1606999135.567949533
1606999135.668274164
1606999135.768557310
1606999135.868859529
1606999135.969161987
1606999136.069467783
1606999136.169768095
1606999136.270070314
1606999136.370411634
1606999136.470589161
1606999136.570799589
1606999136.670967102
1606999136.771179438
1606999136.871388197
1606999136.971595764
1606999137.071801186
1606999137.172002316
1606999137.272209644
1606999137.372492313
1606999137.472706556
1606999137.572906971
1606999137.673204422
1606999137.773513317
1606999137.873812437
1606999137.974112988
1606999138.074426413
1606999138.174561024
1606999138.274770498
1606999138.374976158
1606999138.475200891
1606999138.575409412
1606999138.675698519
1606999138.775985479
1606999138.876286030
1606999138.976612091
1606999139.076912880
1606999139.177217484
1606999139.277516842
1606999139.377814770
1606999139.478119612
1606999139.578438044
1606999139.678741455
1606999139.778950453
1606999139.879274607
1606999139.979487419
1606999140.079788923
1606999140.180096626
1606999140.280398607
1606999140.380696535
1606999140.480997324
1606999140.581294298
1606999140.681595564
1606999140.781902552
1606999140.882130146
1606999140.982435465
1606999141.082741022
1606999141.183012009
1606999141.283313513
1606999141.383583784
1606999141.483912230
1606999141.584214926
1606999141.684492588
1606999141.784788609
1606999141.885067225
1606999141.985242128
1606999142.085403442
1606999142.185561180
1606999142.285713434
1606999142.385945797
1606999142.486083269
1606999142.586386919
1606999142.686522007
1606999142.786734819
1606999142.886951923
1606999142.987155676
1606999143.087349892
1606999143.187559128
1606999143.287769079
1606999143.388059616
1606999143.488356113
1606999143.588629961
1606999143.688928127
1606999143.789226055
1606999143.889523268
1606999143.989849329
1606999144.090146542
1606999144.190417051
1606999144.290555000
1606999144.390782833
1606999144.490996838
1606999144.591205359
1606999144.691510916
1606999144.791678905
1606999144.891970396
1606999144.992267132
1606999145.092406273
1606999145.192721128
1606999145.293024540
1606999145.393323898
1606999145.493493080
1606999145.593798399
1606999145.693966866
1606999145.794269800
1606999145.894575596
1606999145.994810104
1606999146.094979525
1606999146.195289373
1606999146.295573711
1606999146.395868540
1606999146.496133089
1606999146.596302748
1606999146.696606636
1606999146.796914339
1606999146.897218227
1606999146.997517824
1606999147.097751141
1606999147.198048592
1606999147.298367023
1606999147.398579121
1606999147.498785019
1606999147.599059343
1606999147.699266195
1606999147.799564600
1606999147.899738073
1606999147.999899864
1606999148.100104570
1606999148.200277328
1606999148.300552130
1606999148.400833130
1606999148.501128435
1606999148.601447582
1606999148.701739311
1606999148.802035570
1606999148.902341843
1606999149.002545118
1606999149.102744102
1606999149.203055143
1606999149.303359270
1606999149.403639317
1606999149.503930807
1606999149.604198456
1606999149.704495668
1606999149.804796696
1606999149.905093193
1606999150.005421638
1606999150.105693102
1606999150.205991268
1606999150.306290150
1606999150.406589746
1606999150.506857872
1606999150.607068777
1606999150.707351923
1606999150.807654619
1606999150.907821178
1606999151.008122206
1606999151.108422041
1606999151.208725929
1606999151.309023857
1606999151.409322500
1606999151.509654045
1606999151.609958172
1606999151.710228682
1606999151.810376167
1606999151.910512209
1606999152.010826111
1606999152.111037254
1606999152.211338043
1606999152.311636448
1606999152.411924362
1606999152.512126207
1606999152.612425804
1606999152.712728024
1606999152.813020229
1606999152.913322687
1606999153.013621569
1606999153.113762379
1606999153.213960648
1606999153.314172506
1606999153.414371014
1606999153.514505625
1606999153.614644766
1606999153.714938164
1606999153.815147877
1606999153.915351629
1606999154.015630960
1606999154.115919590
1606999154.216207504
1606999154.316533089
1606999154.416830063
1606999154.517131805
1606999154.617436171
1606999154.717734814
1606999154.818034410
1606999154.918348312
1606999155.018663883
1606999155.118875504
1606999155.219084978
1606999155.319361448
1606999155.419594049
1606999155.519804001
1606999155.620105028
1606999155.720405340
1606999155.820575476
1606999155.920873880
1606999156.021142244
1606999156.121433973
1606999156.221604109
1606999156.321887255
1606999156.422094584
1606999156.522291660
1606999156.622419596
1606999156.722561836
1606999156.822768450
1606999156.923037052
1606999157.023318291
1606999157.123506069
1606999157.223798990
1606999157.324100733
1606999157.424408674
1606999157.524678230
1606999157.624977350
1606999157.725276709
1606999157.825584650
1606999157.925884485
1606999158.026188612
1606999158.126440525
1606999158.226741552
1606999158.326941252
1606999158.427206755
1606999158.527414322
1606999158.627688646
1606999158.728000402
1606999158.828311682
1606999158.928520441
1606999159.028692961
1606999159.128906012
1606999159.229072094
1606999159.329335213
1606999159.429606199
1606999159.529809713
1606999159.630096674
1606999159.730387211
1606999159.830524445
1606999159.930827141
1606999160.031130791
1606999160.131340027
1606999160.231549263
1606999160.331851244
1606999160.432152987
1606999160.532355547
1606999160.632657290
1606999160.732955456
1606999160.833247900
1606999160.933548450
1606999161.033752441
1606999161.134051800
1606999161.234358311
1606999161.334651232
1606999161.434859276
1606999161.535165310
1606999161.635466337
1606999161.735673428
1606999161.835990191
1606999161.936195135
1606999162.036401272
1606999162.136702538
1606999162.236999989
1606999162.337206364
1606999162.437506199
1606999162.537811756
1606999162.638130665
1606999162.738441944
1606999162.838711023
1606999162.939015150
1606999163.039316177
1606999163.139525414
1606999163.239812851
1606999163.340085983
1606999163.440388918
1606999163.540686607
1606999163.640985250
1606999163.741287470
1606999163.841560841
1606999163.941860914
1606999164.042190552
1606999164.142405987
1606999164.242737293
1606999164.342974186
1606999164.443173885
1606999164.543370724
1606999164.643573999
1606999164.743859529
1606999164.843827248
1606999164.943912029
1606999165.043887377
1606999165.143901348
1606999165.243912220
1606999165.343889952
1606999165.443804264
1606999165.543905497
1606999165.643910885
1606999165.743917942
1606999165.843894958
1606999165.943818092
1606999166.043926239
1606999166.143907070
1606999166.243898392
1606999166.343819857
1606999166.443911791
1606999166.543911934
1606999166.643826246
1606999166.743825436
1606999166.843909740
1606999166.943824291
1606999167.043824434
1606999167.143824339
1606999167.243824482
1606999167.343823910
1606999167.443832397
1606999167.543830395
1606999167.643909216
1606999167.743894577
1606999167.843825340
1606999167.943824291
1606999168.043827534
1606999168.143818378
1606999168.243829727
1606999168.343909740
1606999168.443914175
1606999168.543908834
1606999168.643936634
1606999168.743828535
1606999168.843823910
1606999168.943843603
1606999169.043833017
1606999169.143908024
1606999169.243907928
1606999169.343911409
1606999169.443902969
1606999169.543910265
1606999169.643910408
1606999169.743907452
1606999169.843906641
1606999169.943793058
1606999170.043922424
1606999170.143918276
1606999170.243906260
1606999170.343920231
1606999170.443907976
1606999170.543908119
1606999170.643900633
1606999170.743906975
1606999170.843921661
1606999170.943918228
1606999171.043908834
1606999171.143915653
1606999171.243944883
1606999171.343941212
1606999171.443919659
1606999171.543907642
1606999171.643908024
1606999171.743907213
1606999171.843899965
1606999171.943923950
1606999172.043908358
1606999172.143908262
1606999172.243918896
1606999172.343909502
1606999172.443887472
1606999172.543919802
1606999172.643918514
1606999172.743919611
1606999172.843919277
1606999172.943908453
1606999173.043884993
1606999173.143918276
1606999173.243920803
1606999173.343911171
1606999173.443924427
1606999173.543919086
1606999173.643906832
1606999173.743919849
1606999173.843910217
1606999173.943945408
1606999174.043942451
1606999174.143912792
1606999174.243912697
1606999174.343905449
1606999174.443907499
1606999174.543911934
1606999174.643906116
1606999174.743909359
1606999174.843897820
1606999174.943908215
1606999175.043908834
1606999175.143825531
1606999175.243909836
1606999175.343906641
1606999175.443908215
1606999175.543920040
1606999175.643919230
1606999175.743919134
1606999175.843919754
1606999175.943922758
1606999176.043817520
1606999176.143918514
1606999176.243921280
1606999176.343912363
1606999176.443925142
1606999176.543921232
1606999176.643934727
1606999176.743933916
1606999176.843925476
1606999176.943833590
1606999177.043918133
1606999177.143906116
1606999177.243786812
1606999177.343906164
1606999177.443921089
1606999177.543918371
1606999177.643905640
1606999177.743908167
1606999177.843911171
1606999177.943909883
1606999178.043905735
1606999178.143809557
1606999178.243906736
1606999178.343907356
1606999178.443827152
1606999178.543826103
1606999178.643831253
1606999178.743827581
1606999178.843823671
1606999178.943822861
1606999179.043828726
1606999179.143753529
1606999179.243948936
1606999179.343931913
1606999179.443935871
1606999179.543921471
1606999179.643920660
1606999179.743921280
1606999179.843909025
1606999179.943814278
1606999180.043920040
1606999180.143922091
1606999180.243918657
1606999180.343906641
1606999180.443921089
1606999180.543920994
1606999180.643918037
1606999180.743927002
1606999180.843919516
1606999180.943931341
1606999181.043914318
1606999181.143793821
1606999181.243906260
1606999181.343894958
1606999181.443920612
1606999181.543921947
1606999181.643909216
1606999181.743919134
1606999181.843899488
1606999181.943919420
1606999182.043937683
1606999182.143927813
1606999182.243921757
1606999182.343894482
1606999182.443905592
1606999182.543906450
1606999182.643906832
1606999182.743919373
1606999182.843891382
1606999182.943825722
1606999183.043908596
1606999183.143923521
1606999183.243908644
1606999183.343907118
1606999183.443920612
1606999183.543909788
1606999183.643918991
1606999183.743816376
1606999183.843921900
1606999183.943905354
1606999184.043918371
1606999184.143786669
1606999184.243906975
1606999184.343904972
1606999184.443918467
1606999184.543921232
1606999184.643934965
1606999184.743915558
1606999184.843929529
1606999184.943922043
1606999185.043824196
1606999185.143911600
1606999185.243922472
1606999185.343924999
1606999185.443903923
1606999185.543909311
1606999185.643920422
1606999185.743918896
1606999185.843904734
1606999185.943818808
1606999186.043909550
1606999186.143923283
1606999186.243918896
1606999186.343909264
1606999186.443922043
1606999186.543908834
1606999186.643906593
1606999186.743817329
1606999186.843922615
1606999186.943922043
1606999187.043919325
1606999187.143906355
1606999187.243906498
1606999187.343940258
1606999187.443937302
1606999187.543914557
1606999187.643890858
1606999187.743820906
1606999187.843920946
1606999187.943906307
1606999188.043818474
1606999188.143814325
1606999188.243909597
1606999188.343886852
1606999188.443918943
1606999188.543910027
1606999188.643906355
1606999188.743906021
1606999188.843918324
1606999188.943905354
1606999189.043920994
1606999189.143906593
1606999189.243919134
1606999189.343900919
1606999189.443908930
1606999189.543899059
1606999189.643919945
1606999189.743829489
1606999189.843909502
1606999189.943778992
1606999190.043933868
1606999190.143934727
1606999190.243908644
1606999190.343920946
1606999190.443921566
1606999190.543914557
1606999190.643908978
1606999190.743922234
1606999190.843907595
1606999190.943923712
1606999191.043909311
1606999191.143887281
1606999191.243906498
1606999191.343919277
1606999191.443918467
1606999191.543919563
1606999191.643821478
1606999191.743896484
1606999191.843917847
1606999191.943920374
1606999192.043816090
1606999192.143919468
1606999192.243918896
1606999192.343909025
1606999192.443917751
1606999192.543905020
1606999192.643919706
1606999192.743944883
1606999192.843930483
1606999192.943843126
1606999193.043909550
1606999193.143919230
1606999193.243922710
1606999193.343908310
1606999193.443909883
1606999193.543920994
1606999193.643921137
1606999193.743921757
1606999193.843790531
1606999193.943904400
1606999194.043909311
1606999194.143906593
1606999194.243817568
1606999194.343921661
1606999194.443918467
1606999194.543886423
1606999194.643904448
1606999194.743816853
1606999194.843919277
1606999194.943921804
1606999195.043906927
1606999195.143812180
1606999195.243922949
1606999195.343908787
1606999195.443936586
1606999195.543918133
1606999195.643904924
1606999195.743840933
1606999195.843809128
1606999195.943921804
1606999196.043819904
1606999196.143921614
1606999196.243927240
1606999196.343889475
1606999196.443911552
1606999196.543910742
1606999196.643920660
1606999196.743921280
1606999196.843920946
1606999196.943812370
1606999197.043909311
1606999197.143922329
1606999197.243912697
1606999197.343930006
1606999197.443921566
1606999197.543909311
1606999197.643922091
1606999197.743927002
1606999197.843818188
1606999197.943921804
1606999198.043935537
1606999198.143914461
1606999198.243786335
1606999198.343920946
1606999198.443923950
1606999198.543920279
1606999198.643885851
1606999198.743908405
1606999198.843926907
1606999198.943909883
1606999199.043946981
1606999199.143826246
1606999199.243842840
1606999199.343919516
1606999199.443922043
1606999199.543908358
1606999199.643925190
1606999199.743922234
1606999199.843905449
1606999199.943922281
1606999200.043830633
1606999200.143922329
1606999200.243923426
1606999200.343890429
1606999200.443922997
1606999200.543921471
1606999200.643921614
1606999200.743925095
1606999200.843921423
1606999200.943928242
1606999201.043900967
1606999201.143909693
1606999201.243829966
1606999201.343926430
1606999201.443921804
1606999201.543924332
1606999201.643922329
1606999201.743892670
1606999201.843913078
1606999201.943909645
1606999202.043921709
1606999202.143824339
1606999202.243907690
1606999202.343922853
1606999202.443927526
1606999202.543929577
1606999202.643835068
1606999202.743921518
1606999202.843755960
1606999202.943887472
1606999203.043755770
1606999203.143813848
1606999203.243900537
1606999203.343762636
1606999203.443785667
1606999203.543921709
1606999203.643787146
1606999203.743878603
1606999203.843772888
1606999203.943759680
1606999204.043759823
1606999204.143783808
1606999204.243759632
1606999204.343763590
1606999204.443824053
1606999204.543824196
1606999204.643827200
1606999204.743785620
1606999204.843824387
1606999204.943824291
1606999205.043826342
1606999205.143829584
1606999205.243824244
1606999205.343825340
1606999205.443815470
1606999205.543823957
1606999205.643811703
1606999205.743825436
1606999205.843773127
1606999205.943847895
1606999206.043832541
1606999206.143823624
1606999206.243906260
1606999206.343903780
1606999206.443824768
1606999206.543903828
1606999206.643825531
1606999206.743908882
1606999206.843824625
1606999206.943796873
1606999207.043824911
1606999207.143910408
1606999207.243826389
1606999207.343908548
1606999207.443823338
1606999207.543823481
1606999207.643825769
1606999207.743814707
1606999207.843909264
1606999207.943908691
1606999208.043900728
1606999208.143783569
1606999208.243907690
1606999208.343931198
1606999208.443930626
1606999208.543910503
1606999208.643841505
1606999208.743898869
1606999208.843896627
1606999208.943913460
1606999209.043813944
1606999209.143923283
1606999209.243925095
1606999209.343914270
1606999209.443913460
1606999209.543919086
1606999209.643913984
1606999209.743915319
1606999209.843921185
1606999209.943921089
1606999210.043909788
1606999210.143919706
1606999210.243927479
1606999210.343827248
1606999210.443906546
1606999210.543864250
1606999210.643916368
1606999210.743925095
1606999210.843830347
1606999210.943910599
1606999211.043946743
1606999211.143934250
1606999211.243915081
1606999211.343910933
1606999211.443834782
1606999211.543831110
1606999211.643830061
1606999211.743824005
1606999211.843826294
1606999211.943917990
1606999212.043926954
1606999212.143755198
1606999212.243825436
1606999212.343827248
1606999212.443920612
1606999212.543907404
1606999212.643907785
1606999212.743906975
1606999212.843894005
1606999212.943903208
1606999213.043886423
1606999213.143898010
1606999213.243893623
1606999213.343822241
1606999213.443886995
1606999213.543884754
1606999213.643885136
1606999213.743784428
1606999213.843784094
1606999213.943801880
1606999214.043858051
1606999214.143905401
1606999214.243906736
1606999214.343904495
1606999214.443910599
1606999214.543908596
1606999214.643910170
1606999214.743922234
1606999214.843914747
1606999214.943837881
1606999215.043912649
1606999215.143913984
1606999215.243908405
1606999215.343906641
1606999215.443920851
1606999215.543896437
1606999215.643785954
1606999215.743921518
1606999215.843930721
1606999215.943907022
1606999216.043921947
1606999216.143886805
1606999216.243907928
1606999216.343823433
1606999216.443948507
1606999216.543921947
1606999216.643924475
1606999216.743921280
1606999216.843921900
1606999216.943924665
1606999217.043922186
1606999217.143908024
1606999217.243919849
1606999217.343824387
1606999217.443779707
1606999217.543908358
1606999217.643910885
1606999217.743828773
1606999217.843909502
1606999217.943910360
1606999218.043912411
1606999218.143910170
1606999218.243829489
1606999218.343900442
1606999218.443909645
1606999218.543905735
1606999218.643786192
1606999218.743909121
1606999218.843920231
1606999218.943828821
1606999219.043909311
1606999219.143935442
1606999219.243928671
1606999219.343909740
1606999219.443910122
1606999219.543872356
1606999219.643907785
1606999219.743910313
1606999219.843907595
1606999219.943909883
1606999220.043908834
1606999220.143887281
1606999220.243909597
1606999220.343908072
1606999220.443786860
1606999220.543907881
1606999220.643900633
1606999220.743906498
1606999220.843807459
1606999220.943912506
1606999221.043909311
1606999221.143830776
1606999221.243910551
1606999221.343918085
1606999221.443907499
1606999221.543910265
1606999221.643911600
1606999221.743807316
1606999221.843775511
1606999221.943913698
1606999222.043921471
1606999222.143912792
1606999222.243920565
1606999222.343919277
1606999222.443897724
1606999222.543920994
1606999222.643913031
1606999222.743919134
1606999222.843906164
1606999222.943907499
1606999223.043909073
1606999223.143917561
1606999223.243920088
1606999223.343918800
1606999223.443918943
1606999223.543771505
1606999223.643825054
1606999223.743789911
1606999223.843785763
1606999223.943753958
1606999224.043921471
1606999224.143909454
1606999224.243921280
1606999224.343911648
1606999224.443944693
1606999224.543920755
1606999224.643903732
1606999224.743929386
1606999224.843922853
1606999224.943910360
1606999225.043920279
1606999225.143922567
1606999225.243919849
1606999225.343906879
1606999225.443921566
1606999225.543922186
1606999225.643927574
1606999225.743783712
1606999225.843909025
1606999225.943918228
1606999226.043920755
1606999226.143921614
1606999226.243919373
1606999226.343922615
1606999226.443911076
1606999226.543911934
1606999226.643830061
1606999226.743925333
