1606999331.845771074
1606999331.945776939
1606999332.045775652
1606999332.145779133
1606999332.245748043
1606999332.345675707
1606999332.445765972
1606999332.545775652
1606999332.645775557
1606999332.745652199
1606999332.845777035
1606999332.945745707
1606999333.045779228
1606999333.145776510
1606999333.245777130
1606999333.345777273
1606999333.445773840
1606999333.545681953
1606999333.645805120
1606999333.745784283
1606999333.845776320
1606999333.945768833
1606999334.045778275
1606999334.145745277
1606999334.245777607
1606999334.345775366
1606999334.445772409
1606999334.545744181
1606999334.645775080
1606999334.745745420
1606999334.845779181
1606999334.945778847
1606999335.045779705
1606999335.145778656
1606999335.245776415
1606999335.345683336
1606999335.445782185
1606999335.545773029
1606999335.645631313
1606999335.745777130
1606999335.845786572
1606999335.945744038
1606999336.045777798
1606999336.145776510
1606999336.245760441
1606999336.345807791
1606999336.445785284
1606999336.545753956
1606999336.645776033
1606999336.745776415
1606999336.845782042
1606999336.945780516
1606999337.045774698
1606999337.145743370
1606999337.245777369
1606999337.345777512
1606999337.445755720
1606999337.545775890
1606999337.645764828
1606999337.745739698
1606999337.845777035
1606999337.945776463
1606999338.045782328
1606999338.145775557
1606999338.245779753
1606999338.345742941
1606999338.445776463
1606999338.545776606
1606999338.645772934
1606999338.745778561
1606999338.845776081
1606999338.945742846
1606999339.045651913
1606999339.145782948
1606999339.245778561
1606999339.345780134
1606999339.445777655
1606999339.545742989
1606999339.645779133
1606999339.745779753
1606999339.845777035
1606999339.945673466
1606999340.045780182
1606999340.145683765
1606999340.245783329
1606999340.345678091
1606999340.445777416
1606999340.545775414
1606999340.645776510
1606999340.745743990
1606999340.845782042
1606999340.945748806
1606999341.045777798
1606999341.145779371
1606999341.245778084
1606999341.345748901
1606999341.445776463
1606999341.545757055
1606999341.645803452
1606999341.745803118
1606999341.845788717
1606999341.945751667
1606999342.045780659
1606999342.145769358
1606999342.245780230
1606999342.345780849
1606999342.445778370
1606999342.545674801
1606999342.645743608
1606999342.745777369
1606999342.845778227
1606999342.945778608
1606999343.045779228
1606999343.145744562
1606999343.245772839
1606999343.345779896
1606999343.445808649
1606999343.545776367
1606999343.645776987
1606999343.745745420
1606999343.845778227
1606999343.945779324
1606999344.045785189
1606999344.145779133
1606999344.245778084
1606999344.345747471
1606999344.445645809
1606999344.545782566
1606999344.645779610
1606999344.745777130
1606999344.845811367
1606999344.945744991
1606999345.045776129
1606999345.145777225
1606999345.245780230
1606999345.345810413
1606999345.445616007
1606999345.545770168
1606999345.645702362
1606999345.745776892
1606999345.845682859
1606999345.945627689
1606999346.045776129
1606999346.145740271
1606999346.245776892
1606999346.345774412
1606999346.445619822
1606999346.545622587
1606999346.645777941
1606999346.745742083
1606999346.845640421
1606999346.945776701
1606999347.045775652
1606999347.145772696
1606999347.245775461
1606999347.345742702
1606999347.445623875
1606999347.545764208
1606999347.645684958
1606999347.745656967
1606999347.845643759
1606999347.945738792
1606999348.045778990
1606999348.145777464
1606999348.245694399
1606999348.345775843
1606999348.445649624
1606999348.545744658
1606999348.645779610
1606999348.745645761
1606999348.845645189
1606999348.945780516
1606999349.045775414
1606999349.145743132
1606999349.245777130
1606999349.345745087
1606999349.445644379
1606999349.545678616
1606999349.645778656
1606999349.745745420
1606999349.845664978
1606999349.945667028
1606999350.045767307
1606999350.145776987
1606999350.245778084
1606999350.345747709
1606999350.445644855
1606999350.545775414
1606999350.645774364
1606999350.745776653
1606999350.845644712
1606999350.945744514
1606999351.045778275
1606999351.145762682
1606999351.245775461
1606999351.345778465
1606999351.445645094
1606999351.545745134
1606999351.645746946
1606999351.745779991
1606999351.845648050
1606999351.945781946
1606999352.045807123
1606999352.145771027
1606999352.245780468
1606999352.345780373
1606999352.445673466
1606999352.545780420
1606999352.645777702
1606999352.745748520
1606999352.845646620
1606999352.945645571
1606999353.045778513
1606999353.145779371
1606999353.245778799
1606999353.345688820
1606999353.445647717
1606999353.545781136
1606999353.645779133
1606999353.745784521
1606999353.845647573
1606999353.945745945
1606999354.045782566
1606999354.145777702
1606999354.245780706
1606999354.345779181
1606999354.445643425
1606999354.545740366
1606999354.645778179
1606999354.745807409
1606999354.845644474
1606999354.945786715
1606999355.045768976
1606999355.145746708
1606999355.245777369
1606999355.345782042
1606999355.445697069
1606999355.545774937
1606999355.645763159
1606999355.745744228
1606999355.845748186
1606999355.945759535
1606999356.045645237
1606999356.145740271
1606999356.245771408
1606999356.345759869
1606999356.445739985
1606999356.545778990
1606999356.645775318
1606999356.745780468
1606999356.845674276
1606999356.945744753
1606999357.045782089
1606999357.145778656
1606999357.245781183
1606999357.345757246
1606999357.445761919
1606999357.545771599
1606999357.645786524
1606999357.745782614
1606999357.845788717
1606999357.945785046
1606999358.045779705
1606999358.145753145
1606999358.245782614
1606999358.345778227
1606999358.445772886
1606999358.545786381
1606999358.645776033
1606999358.745746851
1606999358.845767021
1606999358.945779085
1606999359.045781612
1606999359.145786047
1606999359.245776892
1606999359.345746517
1606999359.445623875
1606999359.545778990
1606999359.645664930
1606999359.745739937
1606999359.845682144
1606999359.945747137
1606999360.045679092
1606999360.145810604
1606999360.245802164
1606999360.345775366
1606999360.445623398
1606999360.545687914
1606999360.645775557
1606999360.745779037
1606999360.845763206
1606999360.945762157
1606999361.045781851
1606999361.145745039
1606999361.245779753
1606999361.345779181
1606999361.445684433
1606999361.545781612
1606999361.645777702
1606999361.745672941
1606999361.845749855
1606999361.945780993
1606999362.045781136
1606999362.145782471
1606999362.245778799
1606999362.345682383
1606999362.445765257
1606999362.545777082
1606999362.645692348
1606999362.745677233
1606999362.845761061
1606999362.945770025
1606999363.045786858
1606999363.145646334
1606999363.245751619
1606999363.345778704
1606999363.445767641
1606999363.545744419
1606999363.645645857
1606999363.745788813
1606999363.845768690
1606999363.945785284
1606999364.045680761
1606999364.145745993
1606999364.245647907
1606999364.345777512
1606999364.445594072
1606999364.545687914
1606999364.645776749
1606999364.745649338
1606999364.845674992
1606999364.945647001
1606999365.045654774
1606999365.145664454
1606999365.245784998
1606999365.345639229
1606999365.445618153
1606999365.545651913
1606999365.645654917
1606999365.745784283
1606999365.845662117
1606999365.945752144
1606999366.045724154
1606999366.145684004
1606999366.245616913
1606999366.345689774
1606999366.445748568
1606999366.545649290
1606999366.645745516
1606999366.745644569
1606999366.845622540
1606999366.945619345
1606999367.045644760
1606999367.145685196
1606999367.245748520
1606999367.345677137
1606999367.445650816
1606999367.545752764
1606999367.645679235
1606999367.745683908
1606999367.845685244
1606999367.945683241
1606999368.045655251
1606999368.145685434
1606999368.245684862
1606999368.345682144
1606999368.445726633
1606999368.545756578
1606999368.645746946
1606999368.745755196
1606999368.845748663
1606999368.945681572
1606999369.045766830
1606999369.145761251
1606999369.245677710
1606999369.345762730
1606999369.445770025
1606999369.545681238
1606999369.645771742
1606999369.745678663
1606999369.845651865
1606999369.945767879
1606999370.045772076
1606999370.145675182
1606999370.245765924
1606999370.345761061
1606999370.445767879
1606999370.545765162
1606999370.645763397
1606999370.745681524
1606999370.845773458
1606999370.945677996
1606999371.045678139
1606999371.145776510
1606999371.245770693
1606999371.345692396
1606999371.445682764
1606999371.545771599
1606999371.645776033
1606999371.745774984
1606999371.845632553
1606999371.945644855
1606999372.045778275
1606999372.145780802
1606999372.245780945
1606999372.345782042
1606999372.445681572
1606999372.545742989
1606999372.645776510
1606999372.745773315
1606999372.845683575
1606999372.945745468
1606999373.045781851
1606999373.145676374
1606999373.245776415
1606999373.345780373
1606999373.445681810
1606999373.545776367
1606999373.645675898
1606999373.745767593
1606999373.845681906
1606999373.945768833
1606999374.045775890
1606999374.145781994
1606999374.245774984
1606999374.345744133
1606999374.445685387
1606999374.545687675
1606999374.645777225
1606999374.745785475
1606999374.845681667
1606999374.945685625
1606999375.045778036
1606999375.145776987
1606999375.245784521
1606999375.345775366
1606999375.445683241
1606999375.545743227
1606999375.645775080
1606999375.745681286
1606999375.845673561
1606999375.945781231
1606999376.045777082
1606999376.145682096
1606999376.245643377
1606999376.345803499
1606999376.445800304
1606999376.545781612
1606999376.645778656
1606999376.745733738
1606999376.845778227
1606999376.945777178
1606999377.045782566
1606999377.145675421
1606999377.245780706
1606999377.345745087
1606999377.445776463
1606999377.545776367
1606999377.645781279
1606999377.745775700
1606999377.845777512
1606999377.945683956
1606999378.045675278
1606999378.145781994
1606999378.245776892
1606999378.345777988
1606999378.445773840
1606999378.545679092
1606999378.645773411
1606999378.745777845
1606999378.845776558
1606999378.945674896
1606999379.045804977
1606999379.145773888
1606999379.245779753
1606999379.345774651
1606999379.445772648
1606999379.545673370
1606999379.645777225
1606999379.745680332
1606999379.845679045
1606999379.945778847
1606999380.045776606
1606999380.145671606
1606999380.245778322
1606999380.345630169
1606999380.445776463
1606999380.545775652
1606999380.645776510
1606999380.745774984
1606999380.845776320
1606999380.945744991
1606999381.045676231
1606999381.145775795
1606999381.245776415
1606999381.345777273
1606999381.445775986
1606999381.545676470
1606999381.645775795
1606999381.745805740
1606999381.845793486
1606999381.945781231
1606999382.045753956
1606999382.145748854
1606999382.245777607
1606999382.345777512
1606999382.445776224
1606999382.545754194
1606999382.645767689
1606999382.745744705
1606999382.845774412
1606999382.945768356
1606999383.045767069
1606999383.145760059
1606999383.245759249
1606999383.345680952
1606999383.445686817
1606999383.545673132
1606999383.645597219
1606999383.745680809
1606999383.845682859
1606999383.945642233
1606999384.045780659
1606999384.145777702
1606999384.245776892
1606999384.345764875
1606999384.445785761
1606999384.545680523
1606999384.645785809
1606999384.745777130
1606999384.845778942
1606999384.945780277
1606999385.045644283
1606999385.145745039
1606999385.245776892
1606999385.345774889
1606999385.445788383
1606999385.545763731
1606999385.645776272
1606999385.745744705
1606999385.845619440
1606999385.945675611
1606999386.045780897
1606999386.145759583
1606999386.245777607
1606999386.345645189
1606999386.445620775
1606999386.545772791
1606999386.645780087
1606999386.745776892
1606999386.845802307
1606999386.945746422
1606999387.045778751
1606999387.145802498
1606999387.245785713
1606999387.345787287
1606999387.445632935
1606999387.545743227
1606999387.645780325
1606999387.745687246
1606999387.845614195
1606999387.945780516
1606999388.045777321
1606999388.145684719
1606999388.245778084
1606999388.345775366
1606999388.445623398
1606999388.545779467
1606999388.645779610
1606999388.745684862
1606999388.845623970
1606999388.945782661
1606999389.045766592
1606999389.145780087
1606999389.245779991
1606999389.345681906
1606999389.445645809
1606999389.545778990
1606999389.645779848
1606999389.745783806
1606999389.845652580
1606999389.945683718
1606999390.045789003
1606999390.145781994
1606999390.245783806
1606999390.345780849
1606999390.445654869
1606999390.545672655
1606999390.645777464
1606999390.745781183
1606999390.845646381
1606999390.945714951
1606999391.045781851
1606999391.145684958
1606999391.245777130
1606999391.345779419
1606999391.445645809
1606999391.545779705
1606999391.645779610
1606999391.745683432
1606999391.845648289
1606999391.945776463
1606999392.045749903
1606999392.145778656
1606999392.245759249
1606999392.345680475
1606999392.445647955
1606999392.545777321
1606999392.645784378
1606999392.745785952
1606999392.845646143
1606999392.945701599
1606999393.045786619
1606999393.145779133
1606999393.245767117
1606999393.345778942
1606999393.445646286
1606999393.545745611
1606999393.645781279
1606999393.745674133
1606999393.845649004
1606999393.945784807
1606999394.045781374
1606999394.145642757
1606999394.245777845
1606999394.345779419
1606999394.445644140
1606999394.545777082
1606999394.645680189
1606999394.745748758
1606999394.845643997
1606999394.945780039
1606999395.045744419
1606999395.145771265
1606999395.245786905
1606999395.345744848
1606999395.445749521
1606999395.545780897
1606999395.645779133
1606999395.745762348
1606999395.845653772
1606999395.945747852
1606999396.045777559
1606999396.145777702
1606999396.245802879
1606999396.345772505
1606999396.445684195
1606999396.545751810
1606999396.645779133
1606999396.745779276
1606999396.845684767
1606999396.945781469
1606999397.045765877
1606999397.145745039
1606999397.245644331
1606999397.345778942
1606999397.445756435
1606999397.545778751
1606999397.645631790
1606999397.745747089
1606999397.845649004
1606999397.945780754
1606999398.045705080
1606999398.145775318
1606999398.245778084
1606999398.345742226
1606999398.445758343
1606999398.545775652
1606999398.645768166
1606999398.745779991
1606999398.845758438
1606999398.945743084
1606999399.045778513
1606999399.145757198
1606999399.245779753
1606999399.345776558
1606999399.445618868
1606999399.545746326
1606999399.645773172
1606999399.745777369
1606999399.845662117
1606999399.945776463
1606999400.045774221
1606999400.145741701
1606999400.245745420
1606999400.345679760
1606999400.445788383
1606999400.545710325
1606999400.645693064
1606999400.745674133
1606999400.845626593
1606999400.945780993
1606999401.045784712
1606999401.145776272
1606999401.245785475
1606999401.345746040
1606999401.445746660
1606999401.545779228
1606999401.645778418
1606999401.745669365
1606999401.845786810
1606999401.945749521
1606999402.045780420
1606999402.145785570
1606999402.245777845
1606999402.345779896
1606999402.445681810
1606999402.545746326
1606999402.645780087
1606999402.745782137
1606999402.845745564
1606999402.945721626
1606999403.045677423
1606999403.145769596
1606999403.245779276
1606999403.345779419
1606999403.445665598
1606999403.545761585
1606999403.645777464
1606999403.745744228
1606999403.845763445
1606999403.945778608
1606999404.045779943
1606999404.145773411
1606999404.245780945
1606999404.345643044
1606999404.445754290
1606999404.545778513
1606999404.645760059
1606999404.745777130
1606999404.845766068
1606999404.945745707
1606999405.045778990
1606999405.145780087
1606999405.245757103
1606999405.345778227
1606999405.445768833
1606999405.545744419
1606999405.645807743
1606999405.745810509
1606999405.845785856
1606999405.945781946
1606999406.045779943
1606999406.145753145
1606999406.245780230
1606999406.345616817
1606999406.445616245
1606999406.545760393
1606999406.645655632
1606999406.745649576
1606999406.845673800
1606999406.945779800
1606999407.045634985
1606999407.145644426
1606999407.245790005
1606999407.345620871
1606999407.445674896
1606999407.545625925
1606999407.645644426
1606999407.745751619
1606999407.845687151
1606999407.945618391
1606999408.045657158
1606999408.145686626
1606999408.245622873
1606999408.345746279
1606999408.445771217
1606999408.545647860
1606999408.645753622
1606999408.745620966
1606999408.845692396
1606999408.945641756
1606999409.045752287
1606999409.145648241
1606999409.245750666
1606999409.345744371
1606999409.445737362
1606999409.545750141
1606999409.645681620
1606999409.745744467
1606999409.845761061
1606999409.945746422
1606999410.045684576
1606999410.145682573
1606999410.245761633
1606999410.345749378
1606999410.445758820
1606999410.545681953
1606999410.645689726
1606999410.745681524
1606999410.845767736
1606999410.945682526
1606999411.045681000
1606999411.145681620
1606999411.245682478
1606999411.345710993
1606999411.445698261
1606999411.545686722
1606999411.645683527
1606999411.745681047
1606999411.845777750
1606999411.945775270
1606999412.045758724
1606999412.145745277
1606999412.245765448
1606999412.345761776
1606999412.445770025
1606999412.545764923
1606999412.645775318
1606999412.745743275
1606999412.845666647
1606999412.945774317
1606999413.045744419
1606999413.145781517
1606999413.245771408
1606999413.345684290
1606999413.445681572
1606999413.545774937
1606999413.645745993
1606999413.745815277
1606999413.845676661
1606999413.945681334
1606999414.045689344
1606999414.145775557
1606999414.245780230
1606999414.345779419
1606999414.445765018
1606999414.545743704
1606999414.645782471
1606999414.745777130
1606999414.845765591
1606999414.945776939
1606999415.045777082
1606999415.145746946
1606999415.245775938
1606999415.345777273
1606999415.445752144
1606999415.545772791
1606999415.645776987
1606999415.745742559
1606999415.845767736
1606999415.945775747
1606999416.045762062
1606999416.145659685
1606999416.245777369
1606999416.345740318
1606999416.445772409
1606999416.545800447
1606999416.645779133
1606999416.745776176
1606999416.845767975
1606999416.945745468
1606999417.045774221
1606999417.145774364
1606999417.245758772
1606999417.345773220
1606999417.445773602
1606999417.545686960
1606999417.645682573
1606999417.745680571
1606999417.845610619
1606999417.945781231
1606999418.045778513
1606999418.145741224
1606999418.245773792
1606999418.345742941
1606999418.445775509
1606999418.545777082
1606999418.645776749
1606999418.745745420
1606999418.845775604
1606999418.945776701
1606999419.045775175
1606999419.145673752
1606999419.245805264
1606999419.345689297
1606999419.445776463
1606999419.545705795
1606999419.645780802
1606999419.745778084
1606999419.845776320
1606999419.945745468
1606999420.045670033
1606999420.145687103
1606999420.245773554
1606999420.345776558
1606999420.445780277
1606999420.545744896
1606999420.645778656
1606999420.745776176
1606999420.845776320
1606999420.945643663
1606999421.045776844
1606999421.145743132
1606999421.245776415
1606999421.345773458
1606999421.445772886
1606999421.545777082
1606999421.645781994
1606999421.745743513
1606999421.845773458
1606999421.945803404
1606999422.045789242
1606999422.145713091
1606999422.245775461
1606999422.345744371
1606999422.445755959
1606999422.545777082
1606999422.645777941
1606999422.745779514
1606999422.845780134
1606999422.945744991
1606999423.045755625
1606999423.145779610
1606999423.245777845
1606999423.345780134
1606999423.445779800
1606999423.545749903
1606999423.645780563
1606999423.745784521
1606999423.845775843
1606999423.945778847
1606999424.045777559
1606999424.145753860
1606999424.245775938
1606999424.345779657
1606999424.445778608
1606999424.545785904
1606999424.645804167
1606999424.745770693
1606999424.845650911
1606999424.945777655
1606999425.045778751
1606999425.145788431
1606999425.245786428
1606999425.345740557
1606999425.445777893
1606999425.545781136
1606999425.645776033
1606999425.745775700
1606999425.845774889
1606999425.945737600
1606999426.045776129
1606999426.145776987
1606999426.245776176
1606999426.345782280
1606999426.445775986
1606999426.545742750
1606999426.645779848
1606999426.745781183
1606999426.845776558
1606999426.945776224
1606999427.045749187
1606999427.145747662
1606999427.245780945
1606999427.345808268
1606999427.445618868
1606999427.545783043
1606999427.645776033
1606999427.745742798
1606999427.845651150
1606999427.945777178
1606999428.045780182
1606999428.145745754
1606999428.245773315
1606999428.345742226
1606999428.445669174
1606999428.545778275
1606999428.645778179
1606999428.745644808
1606999428.845689297
1606999428.945740938
1606999429.045779467
1606999429.145778418
1606999429.245785475
1606999429.345751762
1606999429.445655584
1606999429.545685530
1606999429.645648718
1606999429.745773792
1606999429.845617533
1606999429.945778370
1606999430.045801401
1606999430.145770550
1606999430.245785475
1606999430.345779657
1606999430.445675135
1606999430.545660019
1606999430.645775080
1606999430.745739937
1606999430.845621109
1606999430.945781231
1606999431.045776844
1606999431.145772934
1606999431.245780945
1606999431.345674753
1606999431.445659161
1606999431.545779943
1606999431.645777464
1606999431.745646238
