1607000381.768251657
1607000381.871025562
1607000381.972594023
1607000382.074007273
1607000382.175775528
1607000382.277485132
1607000382.379056692
1607000382.480755806
1607000382.582318068
1607000382.683783531
1607000382.785897732
1607000382.887301683
1607000382.989106894
1607000383.090844870
1607000383.192334175
1607000383.293816566
1607000383.395513058
1607000383.497246742
1607000383.598745108
1607000383.699810743
1607000383.801128626
1607000383.902681112
1607000384.004475355
1607000384.105937719
1607000384.207707167
1607000384.309567451
1607000384.411031485
1607000384.512759209
1607000384.614544868
1607000384.716048241
1607000384.817824364
1607000384.919411898
1607000385.020959854
1607000385.122381926
1607000385.224113941
1607000385.325663328
1607000385.427439213
1607000385.529005289
1607000385.630509377
1607000385.732209682
1607000385.833978891
1607000385.935715675
1607000386.036923409
1607000386.138280392
1607000386.240066290
1607000386.341602802
1607000386.443079472
1607000386.544628382
1607000386.646031857
1607000386.747281313
1607000386.849022627
1607000386.950598478
1607000387.052368879
1607000387.153887033
1607000387.255672455
1607000387.357215643
1607000387.459006071
1607000387.560757160
1607000387.662330866
1607000387.764068842
1607000387.865638256
1607000387.967024565
1607000388.067943811
1607000388.167926073
1607000388.267930508
1607000388.367840528
1607000388.467974663
1607000388.567961454
1607000388.667999506
1607000388.767961979
1607000388.868025541
1607000388.967959642
1607000389.067999601
1607000389.167962074
1607000389.267659426
1607000389.367956161
1607000389.467973709
1607000389.567907572
1607000389.667973757
1607000389.767955303
1607000389.868000507
1607000389.967956305
1607000390.067993402
1607000390.167672873
1607000390.267983437
1607000390.367939711
1607000390.467973232
1607000390.567926645
1607000390.667943478
1607000390.767924309
1607000390.867994070
1607000390.967941761
1607000391.067636251
1607000391.167977095
1607000391.267969608
1607000391.367936373
1607000391.467636347
1607000391.567940950
1607000391.667953491
1607000391.767951727
1607000391.868010283
1607000391.967965126
1607000392.068004370
1607000392.167966604
1607000392.268010139
1607000392.367969751
1607000392.468007088
1607000392.567919016
1607000392.668009758
1607000392.767969370
1607000392.867975473
1607000392.967918158
1607000393.067996264
1607000393.167955637
1607000393.267662287
1607000393.367954254
1607000393.467992544
1607000393.567959309
1607000393.667967796
1607000393.767940521
1607000393.867969513
1607000393.967853308
1607000394.067969561
1607000394.167934179
1607000394.267969608
1607000394.367933035
1607000394.467968941
1607000394.567914724
1607000394.667975187
1607000394.767929554
1607000394.867970467
1607000394.967931032
1607000395.067946196
1607000395.167880297
1607000395.267973185
1607000395.367934942
1607000395.467870951
1607000395.567887783
1607000395.667976618
1607000395.767941952
1607000395.867993355
1607000395.967755556
1607000396.067999125
1607000396.167956114
1607000396.268028259
1607000396.367964983
1607000396.467998743
1607000396.567963362
1607000396.667998075
1607000396.767961502
1607000396.868177891
1607000396.967962980
1607000397.067997694
1607000397.167958736
1607000397.267624855
1607000397.367959499
1607000397.467636824
1607000397.567929268
1607000397.667943954
1607000397.767933130
1607000397.867971897
1607000397.967934132
1607000398.068027258
1607000398.167910576
1607000398.268002510
1607000398.367961884
1607000398.467972279
1607000398.567923069
1607000398.667913914
1607000398.767969131
1607000398.868000031
1607000398.967962503
1607000399.067628622
1607000399.167910337
1607000399.267907858
1607000399.367903233
1607000399.467660904
1607000399.567906380
1607000399.667914391
1607000399.767907381
1607000399.867951393
1607000399.967900515
1607000400.067892313
1607000400.167882681
1607000400.267885208
1607000400.367646694
1607000400.467899323
1607000400.567876816
1607000400.667821169
1607000400.767639637
1607000400.867976904
1607000400.968003750
1607000401.067971945
1607000401.167685032
1607000401.267967463
1607000401.367964506
1607000401.467969179
1607000401.567666292
1607000401.668022871
1607000401.767962217
1607000401.867999077
1607000401.967901945
1607000402.067993641
1607000402.167951345
1607000402.267992973
1607000402.367961645
1607000402.467962980
1607000402.567935228
1607000402.668008089
1607000402.767934084
1607000402.867986441
1607000402.967934608
1607000403.067975283
1607000403.167965174
1607000403.268036842
1607000403.367964983
1607000403.467926502
1607000403.567973852
1607000403.667971611
1607000403.767961502
1607000403.867915869
1607000403.967964172
1607000404.068001270
1607000404.167961359
1607000404.267998934
1607000404.367676497
1607000404.467967749
1607000404.567915678
1607000404.667998552
1607000404.767669916
1607000404.867964029
1607000404.967933893
1607000405.067967892
1607000405.167938232
1607000405.267635107
1607000405.367937088
1607000405.468001366
1607000405.567956209
1607000405.667974949
1607000405.767963648
1607000405.867992163
1607000405.967966557
1607000406.068034649
1607000406.167970419
1607000406.268010139
1607000406.367966175
1607000406.467999220
1607000406.567964315
1607000406.667976141
1607000406.767963886
1607000406.867973804
1607000406.967968702
1607000407.067967653
1607000407.167959452
1607000407.267994642
1607000407.367949724
1607000407.467973232
1607000407.567888260
1607000407.667969942
1607000407.767636538
1607000407.867995262
1607000407.967972040
1607000408.067997694
1607000408.167969704
1607000408.267993450
1607000408.367972136
1607000408.467998505
1607000408.567969084
1607000408.667595625
1607000408.767964363
1607000408.868000031
1607000408.967968702
1607000409.067996264
1607000409.167668104
1607000409.268000364
1607000409.367966890
1607000409.468024254
1607000409.567670584
1607000409.667995930
1607000409.767971516
1607000409.867981434
1607000409.967941761
1607000410.067943811
1607000410.167939901
1607000410.267881632
1607000410.367639542
1607000410.467634678
1607000410.567879677
1607000410.668027163
1607000410.767975330
1607000410.867911339
1607000410.967974663
1607000411.067998886
1607000411.167974949
1607000411.267995834
1607000411.367972374
1607000411.467998981
1607000411.567984343
1607000411.667966127
1607000411.767964840
1607000411.868004084
1607000411.967980862
1607000412.067997694
1607000412.167967081
1607000412.267992496
1607000412.367953777
1607000412.467943668
1607000412.567940235
1607000412.667961836
1607000412.767940283
1607000412.867962837
1607000412.967933655
1607000413.067866087
1607000413.167959452
1607000413.268002748
1607000413.367889404
1607000413.467997789
1607000413.567607880
1607000413.667967319
1607000413.768029690
1607000413.868001938
1607000413.967897892
1607000414.067999601
1607000414.167957783
1607000414.268002987
1607000414.367975473
1607000414.467627764
1607000414.567964554
1607000414.668031454
1607000414.767967224
1607000414.867916822
1607000414.967949152
1607000415.067965031
1607000415.167941332
1607000415.267880440
1607000415.367857218
1607000415.468002081
1607000415.567975998
1607000415.668004990
1607000415.767969847
1607000415.867990732
1607000415.967974424
1607000416.067999601
1607000416.168282509
1607000416.267916918
1607000416.367972136
1607000416.467911005
1607000416.567899704
1607000416.667907715
1607000416.767904520
1607000416.867908001
1607000416.967900991
1607000417.067909956
1607000417.167899609
1607000417.267908096
1607000417.367911577
1607000417.467632532
1607000417.567885399
1607000417.667881727
1607000417.767869473
1607000417.867818594
1607000417.967982531
1607000418.068024158
1607000418.167979240
1607000418.267998695
1607000418.367641687
1607000418.468000650
1607000418.567968369
1607000418.667984486
1607000418.767665386
1607000418.867912769
1607000418.967967272
1607000419.067996502
1607000419.167970896
1607000419.267970085
1607000419.367975473
1607000419.468004227
1607000419.567916155
1607000419.667994738
1607000419.767962456
1607000419.867975950
1607000419.967943192
1607000420.067965984
1607000420.167939663
1607000420.267970085
1607000420.367888451
1607000420.467975378
1607000420.567975283
1607000420.667997360
1607000420.767965317
1607000420.868040562
1607000420.967966557
1607000421.067967415
1607000421.167966843
1607000421.267973661
1607000421.367970705
1607000421.467906713
1607000421.567969561
1607000421.667998552
1607000421.767979622
1607000421.867946386
1607000421.967965841
1607000422.067983150
1607000422.167983294
1607000422.267992258
1607000422.367944002
1607000422.467939615
1607000422.567888498
1607000422.667973995
1607000422.767864704
1607000422.867886305
1607000422.967977762
1607000423.068000317
1607000423.167962074
1607000423.267971277
1607000423.367975950
1607000423.467998981
1607000423.567865133
1607000423.667847157
1607000423.767907143
1607000423.868000984
1607000423.967974901
1607000424.067969084
1607000424.167967558
1607000424.267993450
1607000424.367977142
1607000424.467996120
1607000424.567980528
1607000424.667993546
1607000424.767974377
1607000424.867949009
1607000424.967952013
1607000425.067974329
1607000425.167946100
1607000425.267967701
1607000425.367938280
1607000425.467998505
1607000425.567955256
1607000425.667701960
1607000425.767968655
1607000425.867987156
1607000425.967967033
1607000426.067984581
1607000426.167971373
1607000426.267975807
1607000426.367961407
1607000426.467964411
1607000426.567672491
1607000426.667845249
1607000426.767999172
1607000426.868016720
1607000426.967932940
1607000427.068017960
1607000427.167992830
1607000427.268022299
1607000427.367995024
1607000427.467977762
1607000427.567946434
1607000427.667943954
1607000427.767947674
1607000427.868001223
1607000427.967965126
1607000428.067997694
1607000428.167969704
1607000428.267894745
1607000428.367991924
1607000428.467997789
1607000428.567949057
1607000428.668001175
1607000428.767970085
1607000428.867963314
1607000428.967982292
1607000429.067996740
1607000429.167981625
1607000429.267999649
1607000429.367668629
1607000429.467913389
1607000429.567900896
1607000429.667907715
1607000429.767982483
1607000429.867974520
1607000429.968004227
1607000430.067958355
1607000430.167961359
1607000430.267885208
1607000430.367985487
1607000430.468000889
1607000430.568006277
1607000430.667920351
1607000430.767965078
1607000430.868002653
1607000430.967966080
1607000431.067966461
1607000431.167983294
1607000431.267915964
1607000431.367973566
1607000431.467997789
1607000431.567933559
1607000431.667973757
1607000431.767971039
1607000431.867963791
1607000431.968010187
1607000432.067975760
1607000432.167989969
1607000432.267969847
1607000432.367965937
1607000432.467663765
1607000432.567961931
1607000432.667969465
1607000432.767956495
1607000432.867634773
1607000432.967964411
1607000433.067840338
1607000433.167965889
1607000433.267996788
1607000433.367964268
1607000433.468001127
1607000433.567989826
1607000433.667966127
1607000433.767986298
1607000433.868001223
1607000433.967983246
1607000434.067971706
1607000434.167691946
1607000434.267985821
1607000434.367985964
1607000434.468002796
1607000434.567903042
1607000434.667670488
1607000434.767977238
1607000434.867975950
1607000434.967942715
1607000435.067648888
1607000435.167920113
1607000435.267980814
1607000435.367963552
1607000435.467992783
1607000435.567967176
1607000435.667968750
1607000435.767986774
1607000435.867997408
1607000435.967999220
1607000436.067996502
1607000436.167987108
1607000436.268000364
1607000436.367983580
1607000436.467972040
1607000436.568010807
1607000436.667994261
1607000436.767972946
1607000436.867997885
1607000436.967982769
1607000437.067996740
1607000437.167999268
1607000437.267964602
1607000437.367722988
1607000437.467968464
1607000437.567885160
1607000437.667970896
1607000437.767954826
1607000437.867975712
1607000437.967967033
1607000438.067953348
1607000438.167973518
1607000438.267976999
1607000438.367949009
1607000438.467979431
1607000438.567949057
1607000438.667979479
1607000438.767891884
1607000438.868008614
1607000438.967977524
1607000439.068008900
1607000439.167972088
1607000439.268010855
1607000439.368000269
1607000439.467978477
1607000439.567997932
1607000439.667978525
1607000439.767994404
1607000439.867976665
1607000439.967987776
1607000440.068001986
1607000440.167974234
1607000440.268001080
1607000440.367963076
1607000440.467971087
1607000440.567899704
1607000440.667890549
1607000440.767956972
1607000440.867970228
1607000440.967935801
1607000441.067965984
1607000441.167938948
1607000441.267968416
1607000441.367952585
1607000441.467973232
1607000441.567955971
1607000441.667971611
1607000441.767923594
1607000441.867967129
1607000441.967935324
1607000442.067969561
1607000442.167961121
1607000442.267970324
1607000442.367982149
1607000442.467972040
1607000442.567991257
1607000442.667996645
1607000442.767993212
1607000442.867996693
1607000442.967994452
1607000443.067985296
1607000443.167992830
1607000443.267997503
1607000443.367993593
1607000443.467994452
1607000443.567893744
1607000443.668003559
1607000443.767976522
1607000443.867990732
1607000443.967983246
1607000444.067995071
1607000444.168019533
1607000444.267970800
1607000444.367981672
1607000444.467978239
1607000444.567966223
1607000444.667628765
1607000444.767857313
1607000444.867968082
1607000444.967963219
1607000445.067977190
1607000445.167967796
1607000445.267999172
1607000445.368008852
1607000445.467995882
1607000445.567601681
1607000445.667967558
1607000445.767988920
1607000445.867972374
1607000445.968007326
1607000446.067990780
1607000446.167963982
1607000446.267997742
1607000446.367965221
1607000446.467951298
1607000446.567879200
1607000446.667978048
1607000446.767991066
1607000446.867936134
1607000446.967902899
1607000447.067975760
1607000447.167958736
1607000447.267961740
1607000447.367934227
1607000447.468010902
1607000447.567989349
1607000447.667999744
1607000447.767615795
1607000447.867972851
1607000447.967994213
1607000448.067994595
1607000448.167898655
1607000448.267972469
1607000448.367982864
1607000448.467993736
1607000448.567990541
1607000448.667657852
1607000448.767993212
1607000448.867992163
1607000448.967966080
1607000449.067662001
1607000449.167962790
1607000449.267969608
1607000449.367986441
1607000449.467966557
1607000449.567869425
1607000449.667974234
1607000449.767931938
1607000449.867969513
1607000449.967939138
1607000450.068026304
1607000450.167994738
1607000450.268000841
1607000450.367991924
1607000450.467959166
1607000450.567965508
1607000450.667997599
1607000450.767987013
1607000450.867922783
1607000450.967974901
1607000451.067969084
1607000451.167987585
1607000451.267973900
1607000451.367986679
1607000451.468004942
1607000451.567962646
1607000451.667968750
1607000451.767962933
1607000451.867909193
1607000451.967977047
1607000452.067955256
1607000452.167947054
1607000452.267945766
1607000452.367936134
1607000452.467936754
1607000452.567921877
1607000452.667675495
1607000452.768086433
1607000452.867927074
1607000452.967988491
1607000453.067648411
1607000453.167972326
1607000453.268024445
1607000453.367964029
1607000453.468014002
1607000453.567965984
1607000453.667911291
1607000453.767997742
1607000453.867668152
1607000453.967966557
1607000454.068038225
1607000454.167964697
1607000454.268000364
1607000454.367965221
1607000454.467979193
1607000454.567939997
1607000454.667996168
1607000454.767934799
1607000454.867637396
1607000454.967936516
1607000455.067997456
1607000455.167645693
1607000455.268023014
1607000455.367993593
1607000455.468000174
1607000455.568071842
1607000455.667909622
1607000455.768021822
1607000455.867991686
1607000455.967999935
1607000456.068001747
1607000456.167997837
1607000456.267966986
1607000456.367995739
1607000456.467916012
1607000456.567990541
1607000456.667914629
1607000456.767992735
1607000456.868002653
1607000456.968002081
1607000457.067971706
1607000457.167964220
1607000457.267943382
1607000457.367964983
1607000457.467877626
1607000457.568020582
1607000457.668000221
1607000457.767992020
1607000457.867636681
1607000457.967948437
1607000458.067996740
1607000458.167953253
1607000458.267905712
1607000458.367914438
1607000458.467998981
1607000458.567776442
1607000458.667990446
1607000458.767993450
1607000458.867909193
1607000458.967995167
1607000459.067996740
1607000459.167967796
1607000459.267999887
1607000459.368009806
1607000459.467983961
1607000459.567968607
1607000459.667975426
1607000459.767937660
1607000459.867974043
1607000459.967986345
1607000460.067944050
1607000460.167996645
1607000460.267997742
1607000460.367968082
1607000460.467909575
1607000460.567971706
1607000460.667964220
1607000460.767994165
1607000460.868003607
1607000460.967967749
1607000461.067970753
1607000461.167993784
1607000461.267961264
1607000461.367677212
1607000461.467994928
1607000461.568091393
1607000461.667910814
1607000461.767993450
1607000461.867970467
1607000461.967986107
1607000462.067976952
1607000462.167960644
1607000462.267969131
1607000462.367961884
1607000462.467947245
1607000462.567991734
1607000462.667996883
1607000462.767985582
1607000462.867911816
1607000462.967818260
1607000463.068000078
1607000463.167972803
1607000463.267993450
1607000463.367992401
1607000463.468001127
1607000463.567973375
1607000463.667909622
1607000463.767988443
1607000463.868002176
1607000463.967993736
1607000464.067980051
1607000464.167993069
1607000464.267998695
1607000464.367964268
1607000464.467663765
1607000464.568090200
1607000464.667936802
1607000464.767888308
1607000464.867972612
1607000464.967968225
1607000465.067969561
1607000465.167989969
1607000465.267832279
1607000465.367967844
1607000465.467995405
1607000465.567993164
1607000465.667999506
1607000465.767989874
1607000465.867985725
1607000465.967991352
1607000466.067996740
1607000466.167994499
1607000466.267970800
1607000466.368022680
1607000466.467997551
1607000466.567991734
1607000466.667998075
1607000466.767969131
1607000466.867995739
1607000466.968027592
1607000467.067979336
1607000467.167966604
1607000467.267969847
1607000467.367967129
1607000467.467968225
1607000467.568085909
1607000467.668000221
1607000467.767990828
1607000467.868000507
1607000467.967995644
1607000468.067996979
1607000468.167953730
1607000468.267973900
1607000468.367970228
1607000468.467998266
1607000468.567970037
1607000468.667997360
1607000468.767888069
1607000468.867999077
1607000468.967995882
1607000469.067913055
1607000469.167993784
1607000469.267972469
1607000469.367957830
1607000469.467955351
1607000469.567976713
1607000469.667970896
1607000469.767888069
1607000469.867892265
1607000469.967939377
1607000470.067854166
1607000470.168001890
1607000470.268083096
1607000470.367640734
1607000470.468008041
1607000470.568089008
1607000470.667908907
1607000470.767923355
1607000470.868001223
1607000470.967995405
1607000471.067970276
1607000471.167991638
1607000471.267654419
1607000471.367963552
1607000471.467999697
1607000471.567987919
1607000471.667665958
1607000471.767960548
1607000471.867997408
1607000471.967988253
1607000472.067985296
1607000472.167941570
1607000472.267947435
1607000472.367936373
1607000472.467965603
1607000472.567640066
1607000472.667881966
1607000472.768000364
1607000472.867977619
1607000472.967949390
1607000473.067963600
1607000473.167989731
1607000473.267912388
1607000473.367990494
1607000473.467914343
1607000473.568084002
1607000473.668001413
1607000473.767902613
1607000473.867995739
1607000473.967957497
1607000474.067994118
1607000474.167988777
1607000474.267992496
1607000474.367989779
1607000474.468012810
1607000474.567984819
1607000474.667974949
1607000474.767956972
1607000474.867969990
1607000474.967968702
1607000475.067951679
1607000475.167956829
1607000475.267883778
1607000475.367989540
1607000475.467996836
1607000475.568027258
1607000475.667983294
1607000475.767993212
1607000475.867996216
1607000475.967999935
1607000476.067904949
1607000476.168006182
1607000476.267995119
1607000476.367988825
1607000476.467993975
1607000476.567628145
1607000476.667965889
1607000476.767977715
1607000476.867904902
1607000476.967629194
1607000477.067966700
1607000477.167972088
1607000477.267907381
1607000477.367965221
1607000477.467967987
1607000477.567964315
1607000477.667944431
1607000477.767877817
1607000477.867958546
1607000477.967992544
1607000478.067990780
1607000478.167989254
1607000478.267995834
1607000478.367900133
1607000478.468034029
1607000478.567992210
1607000478.667998075
1607000478.767672062
1607000478.867968082
1607000478.967988729
1607000479.067867756
1607000479.167937756
1607000479.267962933
1607000479.367988110
1607000479.467995644
1607000479.568031788
1607000479.667664528
1607000479.767902851
1607000479.867970467
1607000479.967957258
1607000480.067862034
1607000480.167936802
1607000480.267991304
1607000480.367977619
1607000480.467969179
1607000480.567903280
1607000480.667982340
1607000480.767980337
1607000480.867968082
1607000480.967958689
1607000481.067964315
1607000481.167953253
1607000481.267896414
1607000481.367918730
1607000481.467943668
1607000481.567921638
1607000481.668020487
1607000481.768001556
