1607000276.763831377
1607000276.865300417
1607000276.966262341
1607000277.067349195
1607000277.168209791
1607000277.269305706
1607000277.370151758
1607000277.471261978
1607000277.571980238
1607000277.672795534
1607000277.773877859
1607000277.874768972
1607000277.975852489
1607000278.076738834
1607000278.177607298
1607000278.278699636
1607000278.379812717
1607000278.480634451
1607000278.581754446
1607000278.682500362
1607000278.783362627
1607000278.884209394
1607000278.985280275
1607000279.086122513
1607000279.187252760
1607000279.288315058
1607000279.389140129
1607000279.490235329
1607000279.591188908
1607000279.692216158
1607000279.793272018
1607000279.894089460
1607000279.995200872
1607000280.096309662
1607000280.197000742
1607000280.297904015
1607000280.398788214
1607000280.499865770
1607000280.600652933
1607000280.701489925
1607000280.802556515
1607000280.903639317
1607000281.004355192
1607000281.105013847
1607000281.206079960
1607000281.306926012
1607000281.407671213
1607000281.508447409
1607000281.609537601
1607000281.710627317
1607000281.811713457
1607000281.912556887
1607000282.013683558
1607000282.114619970
1607000282.215495348
1607000282.316584349
1607000282.417382240
1607000282.518496275
1607000282.619535923
1607000282.720356941
1607000282.821425915
1607000282.922307491
1607000283.023400068
1607000283.124248505
1607000283.225304842
1607000283.326443195
1607000283.427302837
1607000283.528372765
1607000283.629469395
1607000283.730373383
1607000283.831091642
1607000283.931943178
1607000284.032819986
1607000284.133847237
1607000284.234913349
1607000284.335765600
1607000284.436878681
1607000284.537636757
1607000284.638541937
1607000284.739246845
1607000284.840098381
1607000284.941179514
1607000285.042220354
1607000285.143274784
1607000285.244365215
1607000285.345218897
1607000285.446050644
1607000285.547173738
1607000285.648093939
1607000285.748939991
1607000285.850046635
1607000285.950756311
1607000286.051504135
1607000286.152573824
1607000286.253431797
1607000286.354274988
1607000286.455331326
1607000286.556379318
1607000286.657241106
1607000286.758297205
1607000286.859143734
1607000286.960173607
1607000287.060915709
1607000287.161638737
1607000287.262396812
1607000287.363137722
1607000287.463761330
1607000287.563745260
1607000287.663650751
1607000287.763762712
1607000287.863801241
1607000287.963790178
1607000288.063805103
1607000288.163796902
1607000288.263776064
1607000288.363770485
1607000288.463770628
1607000288.563766479
1607000288.663774252
1607000288.763766050
1607000288.863794327
1607000288.963760614
1607000289.063769341
1607000289.163657188
1607000289.263748169
1607000289.363762617
1607000289.463747025
1607000289.563744783
1607000289.663756132
1607000289.763766050
1607000289.863771439
1607000289.963767767
1607000290.063782215
1607000290.163793802
1607000290.263629913
1607000290.363793135
1607000290.463716745
1607000290.563771486
1607000290.663712025
1607000290.763782501
1607000290.863842487
1607000290.963771105
1607000291.063773632
1607000291.163768530
1607000291.263751507
1607000291.363668203
1607000291.463774681
1607000291.563766003
1607000291.663777351
1607000291.763640881
1607000291.863595247
1607000291.963679314
1607000292.063751221
1607000292.163747072
1607000292.263679266
1607000292.363740444
1607000292.463799715
1607000292.563791513
1607000292.663805962
1607000292.763797760
1607000292.863803148
1607000292.963778734
1607000293.063802719
1607000293.163688898
1607000293.263765574
1607000293.363771677
1607000293.463752747
1607000293.563623667
1607000293.663686752
1607000293.763764858
1607000293.863777399
1607000293.963770390
1607000294.063669205
1607000294.163676977
1607000294.263684750
1607000294.363739729
1607000294.463685989
1607000294.563764572
1607000294.663771629
1607000294.763679266
1607000294.863682747
1607000294.963768244
1607000295.063777447
1607000295.163771152
1607000295.263672829
1607000295.363770008
1607000295.463713408
1607000295.563768387
1607000295.663765669
1607000295.763742447
1607000295.863752365
1607000295.963690519
1607000296.063696384
1607000296.163666964
1607000296.263674498
1607000296.363766193
1607000296.463775635
1607000296.563694239
1607000296.663684845
1607000296.763680220
1607000296.863774538
1607000296.963771820
1607000297.063777447
1607000297.163680077
1607000297.263686657
1607000297.363791466
1607000297.463783264
1607000297.563770533
1607000297.663803816
1607000297.763776779
1607000297.863781452
1607000297.963774681
1607000298.063796520
1607000298.163771629
1607000298.263773203
1607000298.363723993
1607000298.463745117
1607000298.563741684
1607000298.663774252
1607000298.763767004
1607000298.863773346
1607000298.963627100
1607000299.063760757
1607000299.163740158
1607000299.263659477
1607000299.363776445
1607000299.463620424
1607000299.563686132
1607000299.663686752
1607000299.763626099
1607000299.863777399
1607000299.963793755
1607000300.063802481
1607000300.163648844
1607000300.263714552
1607000300.363790512
1607000300.463783741
1607000300.563764811
1607000300.663722754
1607000300.763691664
1607000300.863690138
1607000300.963771105
1607000301.063771725
1607000301.163771152
1607000301.263688326
1607000301.363676548
1607000301.463691950
1607000301.563690424
1607000301.663769722
1607000301.763767004
1607000301.863685608
1607000301.963675737
1607000302.063771009
1607000302.163768768
1607000302.263781309
1607000302.363804817
1607000302.463719130
1607000302.563706398
1607000302.663804293
1607000302.763799906
1607000302.863799095
1607000302.963805199
1607000303.063779354
1607000303.163766861
1607000303.263773203
1607000303.363767385
1607000303.463771343
1607000303.563786507
1607000303.663754225
1607000303.763760567
1607000303.863775492
1607000303.963764668
1607000304.063688517
1607000304.163677454
1607000304.263772726
1607000304.363764286
1607000304.463771820
1607000304.563738823
1607000304.663685322
1607000304.763757467
1607000304.863799810
1607000304.963792801
1607000305.063695908
1607000305.163786411
1607000305.263797998
1607000305.363793612
1607000305.463779688
1607000305.563716888
1607000305.663772821
1607000305.763766050
1607000305.863775492
1607000305.963766098
1607000306.063772202
1607000306.163770437
1607000306.263630152
1607000306.363739014
1607000306.463770390
1607000306.563702583
1607000306.663774014
1607000306.763627529
1607000306.863752842
1607000306.963747978
1607000307.063771963
1607000307.163625002
1607000307.263775826
1607000307.363793850
1607000307.463805199
1607000307.563732147
1607000307.663777351
1607000307.763790131
1607000307.863791943
1607000307.963768244
1607000308.063752413
1607000308.163763762
1607000308.263771772
1607000308.363764524
1607000308.463628054
1607000308.563741922
1607000308.663683653
1607000308.763771057
1607000308.863773108
1607000308.963674545
1607000309.063771486
1607000309.163763762
1607000309.263761282
1607000309.363768816
1607000309.463750362
1607000309.563747883
1607000309.663779259
1607000309.763775826
1607000309.863781452
1607000309.963779211
1607000310.063779116
1607000310.163781166
1607000310.263767242
1607000310.363770962
1607000310.463798285
1607000310.563763380
1607000310.663799524
1607000310.763784885
1607000310.863799572
1607000310.963652134
1607000311.063797474
1607000311.163793325
1607000311.263790607
1607000311.363763809
1607000311.463780403
1607000311.563742638
1607000311.663771152
1607000311.763768435
1607000311.863633871
1607000311.963765383
1607000312.063739061
1607000312.163743258
1607000312.263773441
1607000312.363740921
1607000312.463706493
1607000312.563785315
1607000312.663684845
1607000312.763762951
1607000312.863754988
1607000312.963623285
1607000313.063749313
1607000313.163639545
1607000313.263783932
1607000313.363734007
1607000313.463773251
1607000313.563745975
1607000313.663743734
1607000313.763769627
1607000313.863737583
1607000313.963764906
1607000314.063804388
1607000314.163796186
1607000314.263739109
1607000314.363792181
1607000314.463780165
1607000314.563646555
1607000314.663779020
1607000314.763791084
1607000314.863779783
1607000314.963746786
1607000315.063774586
1607000315.163763523
1607000315.263767242
1607000315.363766670
1607000315.463757515
1607000315.563752413
1607000315.663770437
1607000315.763769150
1607000315.863767624
1607000315.963725805
1607000316.063778639
1607000316.163774252
1607000316.263756752
1607000316.363766670
1607000316.463771582
1607000316.563765764
1607000316.663691759
1607000316.763796091
1607000316.863800526
1607000316.963796139
1607000317.063801050
1607000317.163787842
1607000317.263792276
1607000317.363767862
1607000317.463752508
1607000317.563733101
1607000317.663772583
1607000317.763771057
1607000317.863768339
1607000317.963763475
1607000318.063778400
1607000318.163763046
1607000318.263773203
1607000318.363738537
1607000318.463778019
1607000318.563599586
1607000318.663767576
1607000318.763766527
1607000318.863771439
1607000318.963670969
1607000319.063796759
1607000319.163768530
1607000319.263803720
1607000319.363788843
1607000319.463778734
1607000319.563792229
1607000319.663775921
1607000319.763776541
1607000319.863771439
1607000319.963764191
1607000320.063775539
1607000320.163746595
1607000320.263772488
1607000320.363749743
1607000320.463749170
1607000320.563741207
1607000320.663770199
1607000320.763766289
1607000320.863749266
1607000320.963765860
1607000321.063769102
1607000321.163763523
1607000321.263773441
1607000321.363745451
1607000321.463801622
1607000321.563794613
1607000321.663720608
1607000321.763711452
1607000321.863780260
1607000321.963793993
1607000322.063799381
1607000322.163708687
1607000322.263714552
1607000322.363765717
1607000322.463757753
1607000322.563658237
1607000322.663686991
1607000322.763680220
1607000322.863753319
1607000322.963744402
1607000323.063664675
1607000323.163746834
1607000323.263751030
1607000323.363750696
1607000323.463655710
1607000323.563735008
1607000323.663753748
1607000323.763743401
1607000323.863753080
1607000323.963770628
1607000324.063780546
1607000324.163762808
1607000324.263713121
1607000324.363721848
1607000324.463722944
1607000324.563710213
1607000324.663716555
1607000324.763711691
1607000324.863701105
1607000324.963683605
1607000325.063683271
1607000325.163608789
1607000325.263651609
1607000325.363753319
1607000325.463708878
1607000325.563757658
1607000325.663714409
1607000325.763742208
1607000325.863785982
1607000325.963746309
1607000326.063754082
1607000326.163770676
1607000326.263773918
1607000326.363794088
1607000326.463779926
1607000326.563625813
1607000326.663779497
1607000326.763794184
1607000326.863800049
1607000326.963789701
1607000327.063774824
1607000327.163760662
1607000327.263753176
1607000327.363740921
1607000327.463775635
1607000327.563740492
1607000327.663790464
1607000327.763746500
1607000327.863666296
1607000327.963739872
1607000328.063776016
1607000328.163746595
1607000328.263751030
1607000328.363629818
1607000328.463747740
1607000328.563744783
1607000328.663751364
1607000328.763741732
1607000328.863682985
1607000328.963770390
1607000329.063779593
1607000329.163775444
1607000329.263777256
1607000329.363776684
1607000329.463725090
1607000329.563763857
1607000329.663720131
1607000329.763801336
1607000329.863779783
1607000329.963683367
1607000330.063776255
1607000330.163783312
1607000330.263772964
1607000330.363764763
1607000330.463753700
1607000330.563744068
1607000330.663755655
1607000330.763746023
1607000330.863776207
1607000330.963742971
1607000331.063775301
1607000331.163769960
1607000331.263748169
1607000331.363776445
1607000331.463806152
1607000331.563797951
1607000331.663809776
1607000331.763772964
1607000331.863765955
1607000331.963791847
1607000332.063783407
1607000332.163770676
1607000332.263718128
1607000332.363742113
1607000332.463773966
1607000332.563724279
1607000332.663772583
1607000332.763769150
1607000332.863774776
1607000332.963767529
1607000333.063751698
1607000333.163646936
1607000333.263774157
1607000333.363769531
1607000333.463753223
1607000333.563783169
1607000333.663778067
1607000333.763794184
1607000333.863775969
1607000333.963792086
1607000334.063806534
1607000334.163776636
1607000334.263803005
1607000334.363718271
1607000334.463797808
1607000334.563771486
1607000334.663774967
1607000334.763752460
1607000334.863750935
1607000334.963767052
1607000335.063774586
1607000335.163749933
1607000335.263772488
1607000335.363751650
1607000335.463776350
1607000335.563747644
1607000335.663630009
1607000335.763768673
1607000335.863771915
1607000335.963756800
1607000336.063778400
1607000336.163789272
1607000336.263796806
1607000336.363798141
1607000336.463783264
1607000336.563586473
1607000336.663779974
1607000336.763796329
1607000336.863801956
1607000336.963783264
1607000337.063804865
1607000337.163770914
1607000337.263782263
1607000337.363766909
1607000337.463691235
1607000337.563679934
1607000337.663748980
1607000337.763767242
1607000337.863776445
1607000337.963747978
1607000338.063781977
1607000338.163750648
1607000338.263745785
1607000338.363749266
1607000338.463777065
1607000338.563740015
1607000338.663811922
1607000338.763682127
1607000338.863807201
1607000338.963761568
1607000339.063805342
1607000339.163794041
1607000339.263801813
1607000339.363792658
1607000339.463779926
1607000339.563765526
1607000339.663779497
1607000339.763742447
1607000339.863776207
1607000339.963767767
1607000340.063802958
1607000340.163769007
1607000340.263774157
1607000340.363766909
1607000340.463688374
1607000340.563741684
1607000340.663777590
1607000340.763764143
1607000340.863775253
1607000340.963765860
1607000341.063747883
1607000341.163792372
1607000341.263798952
1607000341.363790989
1607000341.463787317
1607000341.563764811
1607000341.663809538
1607000341.763794661
1607000341.863793135
1607000341.963771820
1607000342.063776731
1607000342.163748264
1607000342.263776541
1607000342.363769293
1607000342.463757038
1607000342.563770294
1607000342.663776398
1607000342.763766050
1607000342.863773823
1607000342.963769674
1607000343.063769817
1607000343.163772106
1607000343.263775826
1607000343.363771915
1607000343.463953495
1607000343.563809872
1607000343.663803816
1607000343.763795614
1607000343.863803148
1607000343.963798761
1607000344.063769817
1607000344.163775444
1607000344.263797760
1607000344.363782644
1607000344.463775396
1607000344.563695669
1607000344.663673878
1607000344.763766289
1607000344.863774061
1607000344.963740110
1607000345.063775301
1607000345.163768291
1607000345.263741732
1607000345.363768101
1607000345.463780403
1607000345.563628912
1607000345.663752079
1607000345.763746738
1607000345.863799334
1607000345.963660240
1607000346.063805580
1607000346.163774967
1607000346.263806105
1607000346.363784790
1607000346.463743210
1607000346.563793898
1607000346.663801670
1607000346.763657570
1607000346.863661528
1607000346.963750362
1607000347.063770294
1607000347.163742542
1607000347.263671160
1607000347.363686800
1607000347.463833332
1607000347.563689947
1607000347.663758039
1607000347.763629913
1607000347.863773584
1607000347.963771582
1607000348.063775778
1607000348.163630724
1607000348.263771057
1607000348.363766909
1607000348.463775158
1607000348.563797712
1607000348.663779736
1607000348.763796329
1607000348.863779783
1607000348.963798046
1607000349.063657045
1607000349.163767815
1607000349.263799667
1607000349.363712311
1607000349.463768005
1607000349.563746214
1607000349.663773775
1607000349.763764620
1607000349.863770485
1607000349.963625908
1607000350.063758373
1607000350.163680077
1607000350.263769865
1607000350.363625526
1607000350.463771582
1607000350.563713789
1607000350.663770199
1607000350.763768673
1607000350.863631010
1607000350.963764191
1607000351.063803434
1607000351.163763046
1607000351.263781071
1607000351.363791227
1607000351.463802814
1607000351.563799381
1607000351.663795471
1607000351.763658762
1607000351.863759518
1607000351.963760853
1607000352.063780785
1607000352.163591385
1607000352.263630867
1607000352.363742828
1607000352.463773727
1607000352.563748121
1607000352.663750410
1607000352.763766766
1607000352.863762140
1607000352.963762283
1607000353.063629150
1607000353.163763523
1607000353.263773203
1607000353.363763571
1607000353.463628769
1607000353.563823700
1607000353.663684845
1607000353.763773680
1607000353.863798380
1607000353.963774204
1607000354.063709974
1607000354.163774014
1607000354.263789654
1607000354.363744497
1607000354.463753939
1607000354.563765764
1607000354.663780689
1607000354.763764620
1607000354.863752842
1607000354.963742256
1607000355.063774586
1607000355.163769007
1607000355.263756514
1607000355.363745928
1607000355.463782072
1607000355.563751698
1607000355.663779736
1607000355.763750553
1607000355.863803148
1607000355.963782072
1607000356.063783646
1607000356.163780928
1607000356.263781548
1607000356.363773108
1607000356.463798046
1607000356.563636065
1607000356.663759947
1607000356.763751268
1607000356.863800764
1607000356.963797092
1607000357.063718319
1607000357.163776875
1607000357.263801098
1607000357.363797188
1607000357.463665009
1607000357.563705444
1607000357.663760900
1607000357.763770342
1607000357.863775492
1607000357.963629484
1607000358.063684940
1607000358.163686037
1607000358.263786316
1607000358.363630295
1607000358.463685513
1607000358.563767672
1607000358.663749695
1607000358.763767481
1607000358.863655090
1607000358.963769674
1607000359.063689470
1607000359.163767338
1607000359.263691425
1607000359.363686562
1607000359.463633776
1607000359.563689232
1607000359.663658142
1607000359.763772011
1607000359.863779783
1607000359.963768244
1607000360.063748360
1607000360.163674831
1607000360.263751745
1607000360.363771200
1607000360.463754892
1607000360.563791990
1607000360.663806915
1607000360.763683081
1607000360.863802195
1607000360.963654041
1607000361.063800812
1607000361.163795710
1607000361.263789892
1607000361.363770485
1607000361.463773012
1607000361.563766956
1607000361.663773298
1607000361.763770103
1607000361.863780975
1607000361.963766813
1607000362.063635588
1607000362.163681507
1607000362.263779163
1607000362.363775730
1607000362.463779926
1607000362.563688278
1607000362.663753271
1607000362.763764381
1607000362.863777161
1607000362.963795185
1607000363.063686609
1607000363.163593769
1607000363.263777733
1607000363.363800526
1607000363.463792801
1607000363.563735485
1607000363.663772821
1607000363.763679981
1607000363.863846779
1607000363.963767290
1607000364.063636303
1607000364.163770676
1607000364.263780832
1607000364.363766670
1607000364.463634253
1607000364.563738585
1607000364.663639784
1607000364.763773203
1607000364.863759041
1607000364.963748455
1607000365.063774347
1607000365.163764477
1607000365.263779879
1607000365.363743305
1607000365.463801384
1607000365.563688993
1607000365.663805246
1607000365.763799906
1607000365.863780022
1607000365.963796377
1607000366.063800812
1607000366.163716793
1607000366.263658285
1607000366.363766670
1607000366.463774681
1607000366.563771963
1607000366.663633108
1607000366.763767481
1607000366.863753557
1607000366.963767052
1607000367.063753605
1607000367.163767099
1607000367.263777256
1607000367.363766909
1607000367.463774443
1607000367.563766956
1607000367.663775206
1607000367.763769865
1607000367.863804102
1607000367.963753939
1607000368.063803911
1607000368.163694382
1607000368.263807774
1607000368.363796711
1607000368.463807583
1607000368.563746452
1607000368.663789511
1607000368.763777971
1607000368.863779068
1607000368.963744402
1607000369.063776016
1607000369.163736582
1607000369.263777018
1607000369.363631487
1607000369.463755846
1607000369.563774347
1607000369.663779259
1607000369.763662338
1607000369.863758087
1607000369.963768244
1607000370.063778877
1607000370.163769007
1607000370.263634920
1607000370.363681316
1607000370.463804483
1607000370.563773155
1607000370.663633823
1607000370.763797045
1607000370.863786459
1607000370.963797092
1607000371.063771725
1607000371.163766146
1607000371.263702869
1607000371.363770008
1607000371.463826656
1607000371.563621998
1607000371.663758278
1607000371.763767958
1607000371.863775253
1607000371.963770628
1607000372.063755989
1607000372.163768053
1607000372.263760805
1607000372.363771677
1607000372.463776112
1607000372.563770056
1607000372.663775206
1607000372.763769388
1607000372.863691568
1607000372.963769674
1607000373.063606262
1607000373.163796902
1607000373.263809681
1607000373.363764048
1607000373.463800907
1607000373.563776731
1607000373.663776159
1607000373.763677120
1607000373.863756895
1607000373.963735819
1607000374.063750982
1607000374.163744450
1607000374.263694286
1607000374.363747120
1607000374.463751078
1607000374.563704729
1607000374.663639069
1607000374.763745546
1607000374.863751888
1607000374.963742495
1607000375.063753128
1607000375.163745403
1607000375.263756037
1607000375.363746166
1607000375.463777781
1607000375.563627958
1607000375.663784981
1607000375.763797760
1607000375.863715410
1607000375.963655710
1607000376.063712358
1607000376.163707733
1607000376.263757706
1607000376.363701820
1607000376.463680267
1607000376.563679218
1607000376.663614750
1607000376.763694048
