1607000491.776192665
1607000491.881642580
1607000491.985186100
1607000492.088674068
1607000492.191263199
1607000492.293800592
1607000492.397456884
1607000492.500952959
1607000492.604093790
1607000492.707651377
1607000492.811193228
1607000492.913952112
1607000493.016575813
1607000493.119823933
1607000493.222485065
1607000493.325998545
1607000493.428588390
1607000493.531065941
1607000493.634199142
1607000493.736542225
1607000493.839161396
1607000493.941946745
1607000494.044475794
1607000494.147902966
1607000494.250469208
1607000494.353919268
1607000494.456542492
1607000494.560048819
1607000494.662597656
1607000494.766035318
1607000494.868539095
1607000494.971211910
1607000495.074738741
1607000495.174765348
1607000495.275230169
1607000495.375187159
1607000495.475242853
1607000495.574767590
1607000495.675237656
1607000495.775116920
1607000495.875232697
1607000495.975160837
1607000496.074851274
1607000496.175155401
1607000496.275229454
1607000496.375169516
1607000496.474845171
1607000496.575130939
1607000496.675227165
1607000496.775157928
1607000496.875234842
1607000496.975106955
1607000497.075260639
1607000497.175219536
1607000497.275249720
1607000497.374753714
1607000497.475275755
1607000497.575191736
1607000497.675262451
1607000497.775243282
1607000497.875251532
1607000497.975188494
1607000498.075250626
1607000498.175185919
1607000498.274824142
1607000498.375177860
1607000498.475228071
1607000498.574791670
1607000498.675207615
1607000498.775196314
1607000498.875230312
1607000498.975172043
1607000499.075229645
1607000499.175207853
1607000499.275238752
1607000499.375169992
1607000499.475264788
1607000499.575164795
1607000499.675251722
1607000499.775231361
1607000499.875262737
1607000499.975202560
1607000500.075296879
1607000500.175195932
1607000500.275253296
1607000500.375208855
1607000500.475291491
1607000500.575184584
1607000500.675253153
1607000500.775187254
1607000500.875242233
1607000500.975182772
1607000501.075233936
1607000501.175167322
1607000501.274844646
1607000501.375158072
1607000501.475221157
1607000501.575135231
1607000501.674859285
1607000501.775180340
1607000501.875229359
1607000501.975167990
1607000502.075272799
1607000502.175199986
1607000502.275248528
1607000502.375189781
1607000502.475249529
1607000502.575195789
1607000502.675275087
1607000502.775194645
1607000502.875250578
1607000502.975187540
1607000503.075241804
1607000503.175181150
1607000503.275257826
1607000503.375182629
1607000503.475236416
1607000503.575176954
1607000503.675228119
1607000503.775169134
1607000503.875211716
1607000503.975172758
1607000504.075234413
1607000504.175164700
1607000504.275268555
1607000504.374803305
1607000504.475225449
1607000504.575170279
1607000504.675257444
1607000504.775233030
1607000504.875238180
1607000504.975161314
1607000505.075124025
1607000505.174825907
1607000505.275345802
1607000505.375233650
1607000505.475240946
1607000505.575161219
1607000505.674800873
1607000505.775204897
1607000505.875260830
1607000505.975172520
1607000506.075225592
1607000506.174765348
1607000506.275229454
1607000506.375167847
1607000506.475232840
1607000506.574812412
1607000506.675240993
1607000506.775151014
1607000506.875229836
1607000506.975169182
1607000507.075254202
1607000507.175171137
1607000507.275284052
1607000507.375190735
1607000507.475257635
1607000507.575193405
1607000507.675256491
1607000507.775202513
1607000507.875272512
1607000507.975182533
1607000508.075244904
1607000508.175186157
1607000508.274795771
1607000508.375198603
1607000508.475245237
1607000508.575168133
1607000508.675266027
1607000508.775170565
1607000508.875228167
1607000508.975176811
1607000509.075247765
1607000509.175146580
1607000509.275232315
1607000509.375165939
1607000509.475234032
1607000509.575176001
1607000509.675274372
1607000509.775187969
1607000509.875246525
1607000509.975192785
1607000510.075272560
1607000510.175195694
1607000510.275283575
1607000510.375175714
1607000510.475248337
1607000510.575185061
1607000510.675246954
1607000510.775177956
1607000510.875256062
1607000510.975209713
1607000511.075235128
1607000511.175170898
1607000511.275227547
1607000511.375211239
1607000511.475242853
1607000511.575161695
1607000511.675225735
1607000511.775182962
1607000511.875235081
1607000511.975160599
1607000512.075196743
1607000512.175168991
1607000512.275217056
1607000512.375174046
1607000512.475241899
1607000512.574791908
1607000512.675228357
1607000512.775191784
1607000512.875237942
1607000512.975172043
1607000513.075264931
1607000513.175140858
1607000513.275260210
1607000513.375202179
1607000513.475063562
1607000513.575191498
1607000513.675243616
1607000513.775069475
1607000513.875273705
1607000513.975176334
1607000514.075238705
1607000514.175175190
1607000514.275231361
1607000514.375139475
1607000514.475235939
1607000514.575169802
1607000514.675236464
1607000514.775186062
1607000514.875258923
1607000514.975170612
1607000515.075231314
1607000515.175178051
1607000515.275233030
1607000515.375171900
1607000515.475212336
1607000515.575200558
1607000515.675236225
1607000515.775174141
1607000515.875231743
1607000515.975199461
1607000516.075218201
1607000516.175179958
1607000516.275224447
1607000516.375169039
1607000516.474857092
1607000516.575171709
1607000516.675190449
1607000516.775166750
1607000516.875249624
1607000516.975186348
1607000517.075254440
1607000517.175198555
1607000517.275234222
1607000517.375175238
1607000517.475234032
1607000517.575173378
1607000517.675228119
1607000517.775186777
1607000517.875213385
1607000517.975166559
1607000518.075230837
1607000518.175170660
1607000518.275237083
1607000518.375180721
1607000518.475220203
1607000518.575170994
1607000518.675229311
1607000518.775167942
1607000518.875229836
1607000518.975179434
1607000519.075232029
1607000519.175170660
1607000519.275228500
1607000519.375168085
1607000519.475282669
1607000519.574740410
1607000519.675259352
1607000519.775196791
1607000519.875255108
1607000519.975196600
1607000520.074849367
1607000520.175191641
1607000520.275243282
1607000520.375200748
1607000520.474899292
1607000520.575182676
1607000520.675241709
1607000520.775174141
1607000520.875232458
1607000520.975169420
1607000521.075242281
1607000521.175093412
1607000521.275225639
1607000521.375210285
1607000521.475225925
1607000521.575166464
1607000521.675229788
1607000521.775120497
1607000521.875274181
1607000521.974743843
1607000522.075277805
1607000522.175246239
1607000522.275380611
1607000522.375193119
1607000522.475260973
1607000522.575191736
1607000522.675253391
1607000522.775195360
1607000522.875262260
1607000522.975175619
1607000523.075245619
1607000523.175196171
1607000523.275231600
1607000523.375168562
1607000523.474866152
1607000523.575161457
1607000523.675228834
1607000523.775165081
1607000523.875224352
1607000523.975172520
1607000524.075203657
1607000524.175167084
1607000524.275247574
1607000524.375173330
1607000524.475296021
1607000524.574800253
1607000524.675249338
1607000524.775192022
1607000524.874863625
1607000524.975199699
1607000525.075262308
1607000525.175160885
1607000525.275247812
1607000525.374713182
1607000525.475250244
1607000525.575180531
1607000525.675249100
1607000525.775199175
1607000525.875242472
1607000525.975168705
1607000526.075229883
1607000526.175168514
1607000526.274833441
1607000526.375140190
1607000526.475224733
1607000526.574743748
1607000526.675230503
1607000526.775167704
1607000526.875277281
1607000526.975167274
1607000527.074872494
1607000527.175194979
1607000527.275252342
1607000527.375209808
1607000527.474846601
1607000527.575175762
1607000527.675259352
1607000527.775185108
1607000527.875253201
1607000527.975198030
1607000528.075238943
1607000528.175183296
1607000528.275239229
1607000528.375176907
1607000528.475231409
1607000528.575175285
1607000528.675225973
1607000528.775171518
1607000528.875245333
1607000528.975166082
1607000529.075237989
1607000529.175078154
1607000529.274848700
1607000529.375160694
1607000529.475257874
1607000529.575161219
1607000529.674860001
1607000529.775167704
1607000529.875268459
1607000529.975186348
1607000530.075256109
1607000530.175194263
1607000530.275255442
1607000530.375174284
1607000530.475242138
1607000530.575164080
1607000530.675243378
1607000530.775182009
1607000530.875233889
1607000530.975135565
1607000531.075227499
1607000531.175161839
1607000531.275243998
1607000531.375169516
1607000531.475259066
1607000531.575170994
1607000531.675236464
1607000531.775172234
1607000531.875238895
1607000531.975176096
1607000532.075237513
1607000532.175194502
1607000532.275257587
1607000532.375190496
1607000532.475241899
1607000532.575120687
1607000532.675241232
1607000532.775181293
1607000532.875226021
1607000532.975154877
1607000533.075216055
1607000533.175031185
1607000533.275244474
1607000533.374730825
1607000533.475244045
1607000533.575109005
1607000533.675235033
1607000533.774767399
1607000533.875252962
1607000533.975185394
1607000534.075242043
1607000534.175184727
1607000534.274854422
1607000534.375162840
1607000534.475244522
1607000534.575170040
1607000534.675260544
1607000534.775201082
1607000534.875261545
1607000534.975172520
1607000535.075256109
1607000535.175196648
1607000535.275255442
1607000535.375189543
1607000535.475243092
1607000535.575183630
1607000535.675243139
1607000535.775189400
1607000535.875248194
1607000535.975180387
1607000536.075169086
1607000536.175164938
1607000536.275215387
1607000536.375172377
1607000536.475203037
1607000536.575149775
1607000536.674844265
1607000536.775166035
1607000536.875250101
1607000536.975160599
1607000537.075287104
1607000537.175179243
1607000537.275286913
1607000537.375192642
1607000537.475286484
1607000537.575191498
1607000537.675249577
1607000537.775051117
1607000537.875267982
1607000537.975176096
1607000538.075244188
1607000538.175181389
1607000538.275253534
1607000538.375164032
1607000538.475245476
1607000538.575175047
1607000538.675228357
1607000538.775089264
1607000538.875232935
1607000538.975089550
1607000539.075071096
1607000539.175206661
1607000539.275286198
1607000539.375197411
1607000539.475261211
1607000539.575121880
1607000539.675260544
1607000539.774779558
1607000539.875254154
1607000539.975194931
1607000540.075265884
1607000540.175190210
1607000540.274846077
1607000540.375198841
1607000540.475256443
1607000540.575196028
1607000540.675246000
1607000540.775192022
1607000540.875241041
1607000540.975179911
1607000541.075226545
1607000541.174787760
1607000541.275197268
1607000541.375167131
1607000541.475221872
1607000541.574717760
1607000541.675247908
1607000541.775174856
1607000541.875180006
1607000541.975167513
1607000542.075145721
1607000542.175168991
1607000542.275268555
1607000542.374774218
1607000542.475244999
1607000542.575097322
1607000542.675256014
1607000542.775192022
1607000542.875261307
1607000542.975201368
1607000543.075251818
1607000543.175199747
1607000543.275238991
1607000543.375188351
1607000543.475248575
1607000543.575147152
1607000543.675233364
1607000543.775174379
1607000543.875226974
1607000543.975178003
1607000544.075230360
1607000544.175127983
1607000544.275267363
1607000544.375179529
1607000544.475237370
1607000544.575170994
1607000544.674977064
1607000544.775043726
1607000544.875262260
1607000544.975194693
1607000545.075251818
1607000545.175120115
1607000545.275277376
1607000545.375182152
1607000545.474852085
1607000545.575144529
1607000545.675276279
1607000545.775189638
1607000545.875274420
1607000545.975190401
1607000546.075241327
1607000546.175169706
1607000546.275232315
1607000546.375174522
1607000546.475203753
1607000546.575167179
1607000546.675230503
1607000546.775176048
1607000546.875281334
1607000546.975159883
1607000547.075224161
1607000547.175173521
1607000547.275268793
1607000547.374712467
1607000547.475273132
1607000547.575214863
1607000547.675260544
1607000547.774725676
1607000547.875273943
1607000547.975198746
1607000548.075246572
1607000548.175209522
1607000548.275171995
1607000548.375180960
1607000548.475244522
1607000548.575150967
1607000548.675160646
1607000548.775179863
1607000548.875228882
1607000548.975164890
1607000549.075237513
1607000549.175167322
1607000549.275242329
1607000549.375170469
1607000549.475228071
1607000549.575168848
1607000549.675228357
1607000549.775173187
1607000549.875278950
1607000549.975157022
1607000550.075257063
1607000550.175194740
1607000550.275254726
1607000550.375193834
1607000550.475271463
1607000550.575190067
1607000550.674857616
1607000550.775190830
1607000550.875254631
1607000550.975175858
1607000551.075271845
1607000551.175177813
1607000551.275233269
1607000551.375162363
1607000551.475227833
1607000551.575046778
1607000551.675235987
1607000551.775167465
1607000551.875234842
1607000551.975169182
1607000552.075224638
1607000552.175168276
1607000552.275236845
1607000552.375166178
1607000552.475255251
1607000552.575191021
1607000552.675251484
1607000552.775200605
1607000552.875259638
1607000552.975196123
1607000553.075256348
1607000553.175187111
1607000553.275250912
1607000553.374755144
1607000553.475235462
1607000553.575186729
1607000553.675244808
1607000553.774791002
1607000553.875231743
1607000553.975173473
1607000554.075209856
1607000554.175170422
1607000554.275226355
1607000554.375166178
1607000554.475220680
1607000554.575188160
1607000554.675219059
1607000554.775176764
1607000554.875261307
1607000554.975161076
1607000555.075283766
1607000555.175173998
1607000555.275254726
1607000555.375195980
1607000555.475270271
1607000555.575195074
1607000555.675235987
1607000555.775180578
1607000555.875258446
1607000555.975187063
1607000556.075256348
1607000556.175181627
1607000556.275268555
1607000556.375158787
1607000556.474885941
1607000556.575144529
1607000556.675067425
1607000556.775216579
1607000556.874940634
1607000556.975208521
1607000557.075240850
1607000557.175164461
1607000557.275233507
1607000557.375196218
1607000557.475249529
1607000557.575191021
1607000557.675162792
1607000557.774764299
1607000557.875251770
1607000557.975168705
1607000558.075258255
1607000558.175195694
1607000558.274846077
1607000558.375196457
1607000558.475151300
1607000558.575191021
1607000558.675263166
1607000558.775183439
1607000558.875234604
1607000558.975167036
1607000559.075154781
1607000559.175171614
1607000559.275233030
1607000559.375165462
1607000559.474902868
1607000559.574741602
1607000559.675267696
1607000559.775151491
1607000559.875236034
1607000559.975178719
1607000560.075259447
1607000560.175174475
1607000560.275243521
1607000560.375170708
1607000560.475239992
1607000560.575181723
1607000560.675243855
1607000560.774787903
1607000560.875253916
1607000560.975169420
1607000561.075265408
1607000561.175201178
1607000561.275245667
1607000561.375196218
1607000561.475244761
1607000561.575185537
1607000561.674824476
1607000561.775201797
1607000561.875236273
1607000561.975173473
1607000562.075237513
1607000562.175178528
1607000562.275237560
1607000562.375181198
1607000562.475228548
1607000562.575178862
1607000562.675234795
1607000562.775175810
1607000562.875237942
1607000562.975149393
1607000563.075246096
1607000563.175177574
1607000563.275236130
1607000563.375168324
1607000563.475250483
1607000563.575182438
1607000563.675242186
1607000563.775181055
1607000563.874873400
1607000563.975167990
1607000564.075204372
1607000564.175167322
1607000564.275232315
1607000564.375159025
1607000564.475219488
1607000564.575185776
1607000564.675258636
1607000564.775155306
1607000564.875249147
1607000564.975181341
1607000565.075255871
1607000565.175180912
1607000565.274822235
1607000565.375174046
1607000565.475231409
1607000565.575167418
1607000565.674802542
1607000565.775091887
1607000565.875231981
1607000565.975172043
1607000566.075225592
1607000566.175176859
1607000566.275230169
1607000566.375143290
1607000566.475223780
1607000566.574785233
1607000566.675253868
1607000566.775167942
1607000566.875255823
1607000566.975156784
1607000567.075229406
1607000567.175164223
1607000567.275265694
1607000567.375163317
1607000567.475272417
1607000567.575196505
1607000567.675260782
1607000567.775200367
1607000567.875306368
1607000567.975193739
1607000568.075227261
1607000568.175180912
1607000568.275261641
1607000568.374714375
1607000568.475255966
1607000568.575201035
1607000568.675219536
1607000568.775172234
1607000568.875218630
1607000568.975170374
1607000569.075251818
1607000569.175170660
1607000569.275150776
1607000569.375171423
1607000569.475228548
1607000569.575100183
1607000569.675052881
1607000569.775316954
1607000569.875274181
1607000569.974745035
1607000570.075314045
1607000570.175210714
1607000570.275253296
1607000570.375212193
1607000570.475245476
1607000570.574748993
1607000570.675246477
1607000570.775193691
1607000570.875239611
1607000570.974987984
1607000571.075245142
1607000571.175184011
1607000571.275224209
1607000571.375164986
1607000571.475240231
1607000571.575161934
1607000571.675209761
1607000571.775168896
1607000571.875049114
1607000571.975177288
1607000572.075229883
1607000572.175168276
1607000572.275234938
1607000572.375172138
1607000572.475265741
1607000572.575104475
1607000572.675256252
1607000572.775243998
1607000572.875272751
1607000572.975194693
1607000573.075256824
1607000573.175190687
1607000573.275261879
1607000573.375199318
1607000573.475243092
1607000573.574822664
1607000573.675239325
1607000573.775108576
1607000573.875165462
1607000573.974827051
1607000574.075274229
1607000574.175237179
1607000574.275270224
1607000574.375166893
1607000574.475236893
1607000574.575116873
1607000574.675230980
1607000574.775171041
1607000574.875242472
1607000574.975170135
1607000575.075255394
1607000575.175207376
1607000575.275255203
1607000575.375193596
1607000575.475266933
1607000575.574838400
1607000575.675259590
1607000575.775200844
1607000575.875251055
1607000575.975185633
1607000576.075248003
1607000576.175192118
1607000576.275255442
1607000576.375177622
1607000576.475234032
1607000576.575162649
1607000576.675218582
1607000576.775008440
1607000576.875226498
1607000576.975154400
1607000577.075274944
1607000577.175177097
1607000577.275232315
1607000577.375144958
1607000577.475256443
1607000577.574771643
1607000577.675255537
1607000577.774994135
1607000577.875259638
1607000577.974786997
1607000578.075263739
1607000578.175209045
1607000578.275254726
1607000578.375215054
1607000578.474845171
1607000578.574930906
1607000578.675242186
1607000578.775167704
1607000578.874883652
1607000578.975172281
1607000579.075232983
1607000579.175168991
1607000579.275247335
1607000579.375176668
1607000579.475243568
1607000579.575174093
1607000579.675235271
1607000579.774751663
1607000579.875197172
1607000579.975167751
1607000580.075254202
1607000580.174755335
1607000580.275262833
1607000580.375186682
1607000580.475172281
1607000580.575187206
1607000580.674841404
1607000580.775199413
1607000580.875251055
1607000580.975181103
1607000581.075253248
1607000581.175198078
1607000581.275245905
1607000581.375187159
1607000581.475232601
1607000581.574991703
1607000581.675217390
1607000581.775171995
1607000581.875238895
1607000581.975174189
1607000582.075232744
1607000582.175071955
1607000582.275234699
1607000582.375172138
1607000582.475237608
1607000582.575165272
1607000582.675268650
1607000582.775138617
1607000582.875254869
1607000582.975193977
1607000583.075264692
1607000583.175196886
1607000583.275264740
1607000583.375209093
1607000583.475235224
1607000583.575186491
1607000583.674887180
1607000583.775193691
1607000583.875248909
1607000583.975180387
1607000584.074888468
1607000584.175160170
1607000584.275232792
1607000584.375166655
1607000584.475228310
1607000584.575114727
1607000584.675220966
1607000584.775169373
1607000584.875215292
1607000584.974776983
1607000585.075255394
1607000585.175187588
1607000585.275248289
1607000585.375189066
1607000585.475256681
1607000585.575230122
1607000585.675249577
1607000585.775182486
1607000585.875111818
1607000585.974732161
1607000586.075241089
1607000586.175160885
1607000586.275216341
1607000586.375158310
1607000586.475178719
1607000586.575090408
1607000586.675155878
1607000586.775083780
1607000586.874871254
1607000586.975110292
1607000587.075151682
1607000587.175096750
1607000587.275154352
1607000587.375096560
1607000587.475164413
1607000587.575134277
1607000587.675155878
1607000587.775104523
1607000587.875141859
1607000587.975078344
1607000588.075161934
1607000588.174992085
1607000588.275212288
1607000588.375191689
1607000588.475253582
1607000588.575187922
1607000588.675185442
1607000588.775192022
1607000588.875246525
1607000588.975188255
1607000589.075239658
1607000589.175170183
1607000589.275243044
1607000589.375172138
1607000589.475240946
1607000589.575163841
1607000589.675231695
1607000589.775170565
1607000589.875263691
1607000589.975149632
1607000590.075228930
1607000590.175168514
1607000590.275254011
1607000590.375239372
1607000590.475284576
1607000590.575238943
1607000590.675270319
1607000590.774756193
1607000590.874977350
1607000590.975206375
1607000591.075071335
1607000591.175158024
1607000591.274841785
1607000591.375177622
1607000591.475299835
1607000591.575246572
1607000591.675224781
1607000591.775100231
