1607000171.760835648
1607000171.861793518
1607000171.962403297
1607000172.063076973
1607000172.163747311
1607000172.264173031
1607000172.364849806
1607000172.465521097
1607000172.566041470
1607000172.666419506
1607000172.767101765
1607000172.867743731
1607000172.968386173
1607000173.068953514
1607000173.169450998
1607000173.270121574
1607000173.370789766
1607000173.471461773
1607000173.571868420
1607000173.672350407
1607000173.772841930
1607000173.873525143
1607000173.973902941
1607000174.074519634
1607000174.175211668
1607000174.275730371
1607000174.376255512
1607000174.476671457
1607000174.577269793
1607000174.677778244
1607000174.778457642
1607000174.879014492
1607000174.979630947
1607000175.080149651
1607000175.180796862
1607000175.281464815
1607000175.381978512
1607000175.482516527
1607000175.583170891
1607000175.683693171
1607000175.784341097
1607000175.884981871
1607000175.985525608
1607000176.086166620
1607000176.186662674
1607000176.287227869
1607000176.387875557
1607000176.488423586
1607000176.589074612
1607000176.689599514
1607000176.790258408
1607000176.890614271
1607000176.991138220
1607000177.091811180
1607000177.192292690
1607000177.292991161
1607000177.393632174
1607000177.494183779
1607000177.594721079
1607000177.695366144
1607000177.795910597
1607000177.896424770
1607000177.997061968
1607000178.097584009
1607000178.198105574
1607000178.298791647
1607000178.399438143
1607000178.500099421
1607000178.600621223
1607000178.701196194
1607000178.801796436
1607000178.902188301
1607000179.002789736
1607000179.103347540
1607000179.204002380
1607000179.304548502
1607000179.405205250
1607000179.505686760
1607000179.606229544
1607000179.706787109
1607000179.807436466
1607000179.907991886
1607000180.008667946
1607000180.109313250
1607000180.209816694
1607000180.310370445
1607000180.410926580
1607000180.511485100
1607000180.612035751
1607000180.712444782
1607000180.813042402
1607000180.913554192
1607000181.014108658
1607000181.114669085
1607000181.215189934
1607000181.315651178
1607000181.416320562
1607000181.517000198
1607000181.617643833
1607000181.718150377
1607000181.818822861
1607000181.919339180
1607000182.019824266
1607000182.120344877
1607000182.220834732
1607000182.321316242
1607000182.421770573
1607000182.522260904
1607000182.622752905
1607000182.723203659
1607000182.823714495
1607000182.924187422
1607000183.024679422
1607000183.125155926
1607000183.225665569
1607000183.326137066
1607000183.426636696
1607000183.527123690
1607000183.627635479
1607000183.728134394
1607000183.828472376
1607000183.928980589
1607000184.029463291
1607000184.129938602
1607000184.230445385
1607000184.330931902
1607000184.431445837
1607000184.531924009
1607000184.632402182
1607000184.732875824
1607000184.833355904
1607000184.933833122
1607000185.034344912
1607000185.134765148
1607000185.235258579
1607000185.335727930
1607000185.436214209
1607000185.536695004
1607000185.637181997
1607000185.737680435
1607000185.838166237
1607000185.938656569
1607000186.039108038
1607000186.139572382
1607000186.240083694
1607000186.340565681
1607000186.441054583
1607000186.541537285
1607000186.642049074
1607000186.742488146
1607000186.842991590
1607000186.943341494
1607000187.043821573
1607000187.144300699
1607000187.244781733
1607000187.345131159
1607000187.445616007
1607000187.546095371
1607000187.646615505
1607000187.747122049
1607000187.847581148
1607000187.948064327
1607000188.048551798
1607000188.149058104
1607000188.249563217
1607000188.350046396
1607000188.450524092
1607000188.551004171
1607000188.651492596
1607000188.751984835
1607000188.852468252
1607000188.952935219
1607000189.053412676
1607000189.153890371
1607000189.254380465
1607000189.354888916
1607000189.455356836
1607000189.555840492
1607000189.656322241
1607000189.756844282
1607000189.857330322
1607000189.957807541
1607000190.058311224
1607000190.158801794
1607000190.259288311
1607000190.359793901
1607000190.460284233
1607000190.560760975
1607000190.660908699
1607000190.760898829
1607000190.860937119
1607000190.960817099
1607000191.060899734
1607000191.160922289
1607000191.260898352
1607000191.360810995
1607000191.460913658
1607000191.560896158
1607000191.660888195
1607000191.760871649
1607000191.860838890
1607000191.960905790
1607000192.060909271
1607000192.160904169
1607000192.260802031
1607000192.360904455
1607000192.460888863
1607000192.560909748
1607000192.660907030
1607000192.760901690
1607000192.860910654
1607000192.960905313
1607000193.060878754
1607000193.160904884
1607000193.260910511
1607000193.360904694
1607000193.460804224
1607000193.560930729
1607000193.660950422
1607000193.760931969
1607000193.860935688
1607000193.960920095
1607000194.060908794
1607000194.160907745
1607000194.260810375
1607000194.360903502
1607000194.460910797
1607000194.560874462
1607000194.660911560
1607000194.760906696
1607000194.860892296
1607000194.960909367
1607000195.060908318
1607000195.160908699
1607000195.260885239
1607000195.360907078
1607000195.460895300
1607000195.560903549
1607000195.660909891
1607000195.760906219
1607000195.860909462
1607000195.960907459
1607000196.060907602
1607000196.160787106
1607000196.260934591
1607000196.360936165
1607000196.460932016
1607000196.560928345
1607000196.660927773
1607000196.760912657
1607000196.860909462
1607000196.960905790
1607000197.060907841
1607000197.160891294
1607000197.260910273
1607000197.360905170
1607000197.460906744
1607000197.560904980
1607000197.660908222
1607000197.760906935
1607000197.860908508
1607000197.960909605
1607000198.060901880
1607000198.160906792
1607000198.260915518
1607000198.360889912
1607000198.460911512
1607000198.560903788
1607000198.660908461
1607000198.760906458
1607000198.860907078
1607000198.960815430
1607000199.060932875
1607000199.160937786
1607000199.260940075
1607000199.360930204
1607000199.460922718
1607000199.560806990
1607000199.660906792
1607000199.760909557
1607000199.860905170
1607000199.960903645
1607000200.060906887
1607000200.160918474
1607000200.260906696
1607000200.360905647
1607000200.460887909
1607000200.560904980
1607000200.660907984
1607000200.760876894
1607000200.860914707
1607000200.960905075
1607000201.060907841
1607000201.160874367
1607000201.260910273
1607000201.360802889
1607000201.460771084
1607000201.560908079
1607000201.660907030
1607000201.760933399
1607000201.860933781
1607000201.960931540
1607000202.060781240
1607000202.160926104
1607000202.260808468
1607000202.360908747
1607000202.460907221
1607000202.560893297
1607000202.660886526
1607000202.760905266
1607000202.860908508
1607000202.960910797
1607000203.060904264
1607000203.160776377
1607000203.260895729
1607000203.360904932
1607000203.460906506
1607000203.560786009
1607000203.660907507
1607000203.760801792
1607000203.860908270
1607000203.960911751
1607000204.060805559
1607000204.160903931
1607000204.260911703
1607000204.360890388
1607000204.460804224
1607000204.560927868
1607000204.660937548
1607000204.760930300
1607000204.860939980
1607000204.960911274
1607000205.060911655
1607000205.160903931
1607000205.260909319
1607000205.360904932
1607000205.460908651
1607000205.560894251
1607000205.660909414
1607000205.760890245
1607000205.860906601
1607000205.960906744
1607000206.060905457
1607000206.160897017
1607000206.260808468
1607000206.360904932
1607000206.460911274
1607000206.560901642
1607000206.660876989
1607000206.760901928
1607000206.860905170
1607000206.960905552
1607000207.060908556
1607000207.160786152
1607000207.260878563
1607000207.360929251
1607000207.460936785
1607000207.560927868
1607000207.660924911
1607000207.760846138
1607000207.860855579
1607000207.960828304
1607000208.060821533
1607000208.160767078
1607000208.260902405
1607000208.360908508
1607000208.460805178
1607000208.560901880
1607000208.660905838
1607000208.760905504
1607000208.860909700
1607000208.960904121
1607000209.060817480
1607000209.160899639
1607000209.260902405
1607000209.360785961
1607000209.460906744
1607000209.560905218
1607000209.660904169
1607000209.760908365
1607000209.860904694
1607000209.960903883
1607000210.060934544
1607000210.160810947
1607000210.260935545
1607000210.360930443
1607000210.460917711
1607000210.560904980
1607000210.660900831
1607000210.760902166
1607000210.860801220
1607000210.960907459
1607000211.060815811
1607000211.160903692
1607000211.260811090
1607000211.360887527
1607000211.460799694
1607000211.560901642
1607000211.660909176
1607000211.760903358
1607000211.860903025
1607000211.960813999
1607000212.060903788
1607000212.160903931
1607000212.260907412
1607000212.360784054
1607000212.460906029
1607000212.560902119
1607000212.660904408
1607000212.760926485
1607000212.860931158
1607000212.960930824
1607000213.060936451
1607000213.160838366
1607000213.260894299
1607000213.360906839
1607000213.460907936
1607000213.560907364
1607000213.660793543
1607000213.760814905
1607000213.860905409
1607000213.960899115
1607000214.060912371
1607000214.160905361
1607000214.260909081
1607000214.360812187
1607000214.460904360
1607000214.560900927
1607000214.660909414
1607000214.760910273
1607000214.860906839
1607000214.960799456
1607000215.060903788
1607000215.160905838
1607000215.260911703
1607000215.360905170
1607000215.460941553
1607000215.560929060
1607000215.660936356
1607000215.760931730
1607000215.860930920
1607000215.960916996
1607000216.060850382
1607000216.160901308
1607000216.260907650
1607000216.360906601
1607000216.460888386
1607000216.560905933
1607000216.660907507
1607000216.760905743
1607000216.860910892
1607000216.960904360
1607000217.060911179
1607000217.160903692
1607000217.260789156
1607000217.360902548
1607000217.460922241
1607000217.560905933
1607000217.660908222
1607000217.760903120
1607000217.860909700
1607000217.960901976
1607000218.060907125
1607000218.160909414
1607000218.260937452
1607000218.360929489
1607000218.460939169
1607000218.560931683
1607000218.660930395
1607000218.760911226
1607000218.860911131
1607000218.960901022
1607000219.060901642
1607000219.160900831
1607000219.260908127
1607000219.360905647
1607000219.460907459
1607000219.560906887
1607000219.660905361
1607000219.760902643
1607000219.860906363
1607000219.960909128
1607000220.060908079
1607000220.160909414
1607000220.260815382
1607000220.360904217
1607000220.460817337
1607000220.560906172
1607000220.660908699
1607000220.760905266
1607000220.860816240
1607000220.960905075
1607000221.060934305
1607000221.160932064
1607000221.260935783
1607000221.360934496
1607000221.460917711
1607000221.560890913
1607000221.660904169
1607000221.760904074
1607000221.860910416
1607000221.960905552
1607000222.060904026
1607000222.160900116
1607000222.260906458
1607000222.360903502
1607000222.460888624
1607000222.560902596
1607000222.660815716
1607000222.760907173
1607000222.860903502
1607000222.960903645
1607000223.060907602
1607000223.160904884
1607000223.260897636
1607000223.360903740
1607000223.460930109
1607000223.560904264
1607000223.660906076
1607000223.760813475
1607000223.860913277
1607000223.960911989
1607000224.060914993
1607000224.160909891
1607000224.260905743
1607000224.360897303
1607000224.460907221
1607000224.560901403
1607000224.660906553
1607000224.760928869
1607000224.860936642
1607000224.960931778
1607000225.060929775
1607000225.160919666
1607000225.260910034
1607000225.360823631
1607000225.460822582
1607000225.560814381
1607000225.660809040
1607000225.760936975
1607000225.860912085
1607000225.960904121
1607000226.060910940
1607000226.160906792
1607000226.260902405
1607000226.360896587
1607000226.460891247
1607000226.560886383
1607000226.660898447
1607000226.760873079
1607000226.860881090
1607000226.960758448
1607000227.060922146
1607000227.160918951
1607000227.260897160
1607000227.360904694
1607000227.460906029
1607000227.560907364
1607000227.660907507
1607000227.760907173
1607000227.860915661
1607000227.960777044
1607000228.060911417
1607000228.160905600
1607000228.260910749
1607000228.360900879
1607000228.460880041
1607000228.560909510
1607000228.660910368
1607000228.760901213
1607000228.860804558
1607000228.960936785
1607000229.060914516
1607000229.160928726
1607000229.260832071
1607000229.360911846
1607000229.460904837
1607000229.560904741
1607000229.660874605
1607000229.760801792
1607000229.860910177
1607000229.960910082
1607000230.060911417
1607000230.160802603
1607000230.260905981
1607000230.360885859
1607000230.460908413
1607000230.560903788
1607000230.660907984
1607000230.760907888
1607000230.860908985
1607000230.960886955
1607000231.060909986
1607000231.160906792
1607000231.260911226
1607000231.360903502
1607000231.460903168
1607000231.560925722
1607000231.660936832
1607000231.760934353
1607000231.860929728
1607000231.960928202
1607000232.060915709
1607000232.160883665
1607000232.260812759
1607000232.360906363
1607000232.460916519
1607000232.560904503
1607000232.660911798
1607000232.760801792
1607000232.860909700
1607000232.960906506
1607000233.060909748
1607000233.160907507
1607000233.260908604
1607000233.360905886
1607000233.460905552
1607000233.560901165
1607000233.660908937
1607000233.760906935
1607000233.860914469
1607000233.960899830
1607000234.060901880
1607000234.160910130
1607000234.260928869
1607000234.360928297
1607000234.460947514
1607000234.560934305
1607000234.660933018
1607000234.760920048
1607000234.860909462
1607000234.960904121
1607000235.060916424
1607000235.160906315
1607000235.260909081
1607000235.360901356
1607000235.460904837
1607000235.560907841
1607000235.660796165
1607000235.760903835
1607000235.860907793
1607000235.960904837
1607000236.060759068
1607000236.160879850
1607000236.260909796
1607000236.360879421
1607000236.460908413
1607000236.560901880
1607000236.660911798
1607000236.760904551
1607000236.860912085
1607000236.960759878
1607000237.060915709
1607000237.160933971
1607000237.260937452
1607000237.360929251
1607000237.460929871
1607000237.560891151
1607000237.660913944
1607000237.760903358
1607000237.860915184
1607000237.960905313
1607000238.060906649
1607000238.160902500
1607000238.260908604
1607000238.360904217
1607000238.460904598
1607000238.560903788
1607000238.660908937
1607000238.760900974
1607000238.860798836
1607000238.960905790
1607000239.060914278
1607000239.160904169
1607000239.260779142
1607000239.360904932
1607000239.460904360
1607000239.560901165
1607000239.660908937
1607000239.760888577
1607000239.860907555
1607000239.960934401
1607000240.060934305
1607000240.160930395
1607000240.260919809
1607000240.360906124
1607000240.460873127
1607000240.560786724
1607000240.660825968
1607000240.760906219
1607000240.860909224
1607000240.960906029
1607000241.060784340
1607000241.160902262
1607000241.260904789
1607000241.360901356
1607000241.460904598
1607000241.560899258
1607000241.660907745
1607000241.760897875
1607000241.860905409
1607000241.960899591
1607000242.060907602
1607000242.160902262
1607000242.260891676
1607000242.360816479
1607000242.460803509
1607000242.560967207
1607000242.660929918
1607000242.760903835
1607000242.860905647
1607000242.960913420
1607000243.060905218
1607000243.160779238
1607000243.260906458
1607000243.360907316
1607000243.460906744
1607000243.560871124
1607000243.660884380
1607000243.760910749
1607000243.860906124
1607000243.960906744
1607000244.060904503
1607000244.160893679
1607000244.260903597
1607000244.360900640
1607000244.460911274
1607000244.560775518
1607000244.660919428
1607000244.760935068
1607000244.860929489
1607000244.960906267
1607000245.060940742
1607000245.160918474
1607000245.260909796
1607000245.360898972
1607000245.460823298
1607000245.560901880
1607000245.660904408
1607000245.760902882
1607000245.860912085
1607000245.960902691
1607000246.060910940
1607000246.160911798
1607000246.260903597
1607000246.360904694
1607000246.460906744
1607000246.560904026
1607000246.660796642
1607000246.760906935
1607000246.860903025
1607000246.960864067
1607000247.060903788
1607000247.160912752
1607000247.260928631
1607000247.360926867
1607000247.460936546
1607000247.560896158
1607000247.660913467
1607000247.760899544
1607000247.860904932
1607000247.960769415
1607000248.060904503
1607000248.160906553
1607000248.260898829
1607000248.360900164
1607000248.460907221
1607000248.560902596
1607000248.660907507
1607000248.760916710
1607000248.860887051
1607000248.960901022
1607000249.060907602
1607000249.160893679
1607000249.260799170
1607000249.360810757
1607000249.460903406
1607000249.560873270
1607000249.660932064
1607000249.760788202
1607000249.860932589
1607000249.960959673
1607000250.060910225
1607000250.160827398
1607000250.260905981
1607000250.360905170
1607000250.460905075
1607000250.560878038
1607000250.660890102
1607000250.760900259
1607000250.860913277
1607000250.960899830
1607000251.060907125
1607000251.160900354
1607000251.260908127
1607000251.360901594
1607000251.460911989
1607000251.560907364
1607000251.660907269
1607000251.760905981
1607000251.860905647
1607000251.960909367
1607000252.060931206
1607000252.160927773
1607000252.260902166
1607000252.360933304
1607000252.460913181
1607000252.560904503
1607000252.660905600
1607000252.760905266
1607000252.860774755
1607000252.960905552
1607000253.060909986
1607000253.160900116
1607000253.260806561
1607000253.360900879
1607000253.460872650
1607000253.560905695
1607000253.660908937
1607000253.760889530
1607000253.860903025
1607000253.960869551
1607000254.060904980
1607000254.160787344
1607000254.260904312
1607000254.360902548
1607000254.460929394
1607000254.560792208
1607000254.660924435
1607000254.760928392
1607000254.860920906
1607000254.960905552
1607000255.060876131
1607000255.160918713
1607000255.260901213
1607000255.360898495
1607000255.460909605
1607000255.560903072
1607000255.660911798
1607000255.760876417
1607000255.860903502
1607000255.960729599
1607000256.060903311
1607000256.160903692
1607000256.260904074
1607000256.360808849
1607000256.460903883
1607000256.560904741
1607000256.660904169
1607000256.760902643
1607000256.860774755
1607000256.960925341
1607000257.060799837
1607000257.160926342
1607000257.260920525
1607000257.360910177
1607000257.460898161
1607000257.560902834
1607000257.660868168
1607000257.760906219
1607000257.860908747
1607000257.960875511
1607000258.060904503
1607000258.160905838
1607000258.260905743
1607000258.360909939
1607000258.460904360
1607000258.560875416
1607000258.660903454
1607000258.760911465
1607000258.860903263
1607000258.960901737
1607000259.060809374
1607000259.160901070
1607000259.260903597
1607000259.360929012
1607000259.460937023
1607000259.560934782
1607000259.660939455
1607000259.760912418
1607000259.860903740
1607000259.960900545
1607000260.060905457
1607000260.160898685
1607000260.260893583
1607000260.360902548
1607000260.460903168
1607000260.560892344
1607000260.660883665
1607000260.760870934
1607000260.860778093
1607000260.960905313
1607000261.060909748
1607000261.160900831
1607000261.260904551
1607000261.360908508
1607000261.460880518
1607000261.560904503
1607000261.660876513
1607000261.760933638
1607000261.860938549
1607000261.960931778
1607000262.060937166
1607000262.160912514
1607000262.260909081
1607000262.360907316
1607000262.460906267
1607000262.560905457
1607000262.660892487
1607000262.760910034
1607000262.860908270
1607000262.960909605
1607000263.060908556
1607000263.160906553
1607000263.260775328
1607000263.360904217
1607000263.460901976
1607000263.560797453
1607000263.660911560
1607000263.760913849
1607000263.860813141
1607000263.960906506
1607000264.060911894
1607000264.160928726
1607000264.260808706
1607000264.360933304
1607000264.460937023
1607000264.560919523
1607000264.660912752
1607000264.760895967
1607000264.860909939
1607000264.960905790
1607000265.060899973
1607000265.160895824
1607000265.260911703
1607000265.360910654
1607000265.460907698
1607000265.560913563
1607000265.660884619
1607000265.760800362
1607000265.860913992
1607000265.960913897
1607000266.060896635
1607000266.160871983
1607000266.260906458
1607000266.360908985
1607000266.460781574
1607000266.560803175
1607000266.660809994
1607000266.760925055
1607000266.860938549
1607000266.960918665
1607000267.060918331
1607000267.160907030
1607000267.260909557
1607000267.360873222
1607000267.460908175
1607000267.560905933
1607000267.660911798
1607000267.760906935
1607000267.860910892
1607000267.960898876
1607000268.060909033
1607000268.160908222
1607000268.260910511
1607000268.360907316
1607000268.460910320
1607000268.560827971
1607000268.660910606
1607000268.760805368
1607000268.860910416
1607000268.960905790
1607000269.060934544
1607000269.160933018
1607000269.260931730
1607000269.360934734
1607000269.460918903
1607000269.560905457
1607000269.660909891
1607000269.760905981
1607000269.860876799
1607000269.960759878
1607000270.060912132
1607000270.160905123
1607000270.260905743
1607000270.360904217
1607000270.460911989
1607000270.560905218
1607000270.660910368
1607000270.760786057
1607000270.860908270
1607000270.960907698
1607000271.060912848
1607000271.160902977
1607000271.260911226
1607000271.360909939
1607000271.460918665
1607000271.560896158
1607000271.660917044
1607000271.760915756
