1606999436.747260571
1606999436.847580910
1606999436.947886467
1606999437.048218966
1606999437.148523092
1606999437.248834848
1606999437.349138021
1606999437.449428558
1606999437.549733639
1606999437.650039434
1606999437.750262022
1606999437.850406647
1606999437.950553656
1606999438.050722599
1606999438.151005030
1606999438.251294136
1606999438.351580620
1606999438.451870918
1606999438.552144766
1606999438.652448893
1606999438.752755880
1606999438.853059292
1606999438.953378439
1606999439.053682804
1606999439.153991938
1606999439.254300356
1606999439.354603767
1606999439.454806566
1606999439.555019140
1606999439.655210018
1606999439.755422115
1606999439.855634689
1606999439.955924511
1606999440.056232214
1606999440.156538010
1606999440.256740093
1606999440.357042313
1606999440.457334280
1606999440.557611704
1606999440.657912970
1606999440.758216858
1606999440.858446836
1606999440.958621264
1606999441.058926821
1606999441.159236908
1606999441.259541273
1606999441.359844685
1606999441.460136652
1606999441.560438633
1606999441.660772562
1606999441.761078596
1606999441.861380339
1606999441.961682558
1606999442.061984539
1606999442.162312031
1606999442.262509108
1606999442.362813711
1606999442.463117838
1606999442.563421965
1606999442.663725376
1606999442.764003992
1606999442.864302397
1606999442.964575052
1606999443.064787865
1606999443.165037870
1606999443.265341520
1606999443.365611315
1606999443.465818882
1606999443.566054821
1606999443.666370392
1606999443.766513824
1606999443.866714954
1606999443.966926336
1606999444.067134142
1606999444.167347193
1606999444.267560959
1606999444.367850780
1606999444.468148708
1606999444.568345785
1606999444.668645382
1606999444.768947363
1606999444.869275331
1606999444.969577789
1606999445.069854736
1606999445.170155764
1606999445.270443678
1606999445.370609045
1606999445.470823526
1606999445.571108818
1606999445.671322346
1606999445.771560431
1606999445.871761084
1606999445.972053051
1606999446.072339773
1606999446.172651768
1606999446.272864580
1606999446.373059750
1606999446.473364353
1606999446.573641777
1606999446.673951626
1606999446.774150133
1606999446.874455690
1606999446.974782228
1606999447.074989796
1606999447.175158262
1606999447.275459051
1606999447.375759840
1606999447.476061344
1606999447.576268435
1606999447.676438332
1606999447.776740789
1606999447.877044201
1606999447.977346659
1606999448.077554703
1606999448.177857637
1606999448.278158903
1606999448.378450394
1606999448.478620768
1606999448.578815222
1606999448.679002047
1606999448.779162407
1606999448.879392147
1606999448.979531050
1606999449.079802990
1606999449.180101395
1606999449.280376196
1606999449.380675077
1606999449.480974197
1606999449.581270695
1606999449.681537867
1606999449.781734467
1606999449.882037401
1606999449.982339621
1606999450.082640171
1606999450.182906866
1606999450.283182859
1606999450.383486509
1606999450.483814955
1606999450.584109783
1606999450.684408665
1606999450.784685850
1606999450.884987354
1606999450.985288382
1606999451.085487843
1606999451.185796738
1606999451.286010504
1606999451.386314392
1606999451.486614704
1606999451.586918592
1606999451.687246084
1606999451.787548304
1606999451.887847662
1606999451.988151550
1606999452.088457584
1606999452.188762188
1606999452.289065361
1606999452.389388323
1606999452.489687443
1606999452.589989185
1606999452.690290689
1606999452.790593386
1606999452.890863180
1606999452.991166115
1606999453.091470718
1606999453.191798210
1606999453.291996717
1606999453.392297745
1606999453.492604017
1606999453.592871428
1606999453.693174839
1606999453.793373346
1606999453.893649101
1606999453.993925810
1606999454.094083309
1606999454.194291353
1606999454.294426680
1606999454.394712210
1606999454.495014906
1606999454.595214605
1606999454.695499182
1606999454.795826197
1606999454.896126986
1606999454.996433258
1606999455.096732140
1606999455.197033882
1606999455.297338009
1606999455.397642612
1606999455.497913599
1606999455.598249197
1606999455.698453426
1606999455.798778057
1606999455.899049044
1606999455.999336243
1606999456.099624872
1606999456.199931383
1606999456.300239325
1606999456.400434971
1606999456.500627041
1606999456.600941181
1606999456.701244354
1606999456.801544905
1606999456.901844501
1606999457.002178192
1606999457.102478027
1606999457.202750444
1606999457.302918911
1606999457.403193235
1606999457.503498077
1606999457.603777885
1606999457.704078197
1606999457.804284096
1606999457.904582739
1606999458.004883766
1606999458.105151653
1606999458.205323696
1606999458.305624962
1606999458.405928612
1606999458.506232977
1606999458.606554985
1606999458.706750154
1606999458.807052135
1606999458.907357454
1606999459.007566929
1606999459.107867479
1606999459.208029509
1606999459.308184862
1606999459.408361673
1606999459.508639336
1606999459.608849525
1606999459.709131479
1606999459.809420824
1606999459.909701586
1606999460.009985685
1606999460.110286236
1606999460.210466862
1606999460.310664654
1606999460.410875082
1606999460.511085033
1606999460.611297131
1606999460.711504698
1606999460.811792850
1606999460.912086248
1606999461.012386322
1606999461.112689257
1606999461.212958813
1606999461.313261986
1606999461.413588285
1606999461.513888836
1606999461.614188910
1606999461.714312553
1606999461.814478159
1606999461.914678574
1606999462.014889956
1606999462.115121365
1606999462.215327978
1606999462.315532207
1606999462.415818214
1606999462.516111612
1606999462.616406918
1606999462.716718674
1606999462.817015886
1606999462.917313099
1606999463.017613173
1606999463.117916346
1606999463.218214273
1606999463.318442822
1606999463.418632746
1606999463.518839359
1606999463.619068146
1606999463.719276428
1606999463.819484234
1606999463.919618845
1606999464.019756556
1606999464.120092392
1606999464.220396280
1606999464.320618153
1606999464.420919657
1606999464.521215916
1606999464.621518612
1606999464.721823454
1606999464.822114229
1606999464.922441721
1606999465.022612333
1606999465.122831583
1606999465.223029613
1606999465.323256254
1606999465.423542023
1606999465.523746490
1606999465.623954535
1606999465.724251032
1606999465.824547052
1606999465.924845457
1606999466.025145054
1606999466.125469446
1606999466.225769758
1606999466.326071262
1606999466.426383018
1606999466.526523829
1606999466.626727581
1606999466.726965427
1606999466.827177048
1606999466.927387953
1606999467.027596474
1606999467.127885103
1606999467.228182554
1606999467.328486919
1606999467.428656816
1606999467.528959513
1606999467.629266977
1606999467.729557037
1606999467.829859972
1606999467.930085421
1606999468.030392647
1606999468.130721807
1606999468.231001139
1606999468.331201792
1606999468.431508064
1606999468.531802893
1606999468.632002592
1606999468.732318878
1606999468.832603455
1606999468.932906628
1606999469.033211231
1606999469.133507252
1606999469.233805656
1606999469.334080696
1606999469.434386253
1606999469.534709454
1606999469.634978294
1606999469.735243320
1606999469.835544109
1606999469.935844660
1606999470.036044598
1606999470.136339903
1606999470.236644745
1606999470.336876631
1606999470.437054396
1606999470.537236929
1606999470.637385368
1606999470.737660408
1606999470.837808609
1606999470.938108206
1606999471.038388252
1606999471.138669252
1606999471.238887787
1606999471.339163780
1606999471.439443827
1606999471.539733171
1606999471.640063524
1606999471.740364313
1606999471.840660572
1606999471.940960407
1606999472.041262388
1606999472.141566277
1606999472.241893291
1606999472.342190742
1606999472.442328691
1606999472.542627811
1606999472.642920494
1606999472.743224621
1606999472.843435764
1606999472.943740129
1606999473.044039965
1606999473.144333363
1606999473.244639874
1606999473.344943523
1606999473.445160151
1606999473.545380354
1606999473.645659447
1606999473.745958567
1606999473.846094131
1606999473.946398973
1606999474.046699762
1606999474.147012234
1606999474.247321606
1606999474.347481012
1606999474.447335005
1606999474.547406435
1606999474.647503614
1606999474.747421741
1606999474.847334623
1606999474.947504759
1606999475.047504663
1606999475.147511721
1606999475.247503042
1606999475.347381830
1606999475.447335243
1606999475.547508001
1606999475.647483826
1606999475.747506618
1606999475.847333908
1606999475.947521210
1606999476.047505379
1606999476.147501707
1606999476.247393131
1606999476.347409487
1606999476.447409153
1606999476.547479153
1606999476.647486448
1606999476.747510433
1606999476.847479105
1606999476.947501421
1606999477.047503471
1606999477.147372723
1606999477.247402191
1606999477.347503662
1606999477.447402716
1606999477.547400475
1606999477.647480488
1606999477.747512579
1606999477.847403526
1606999477.947411776
1606999478.047368288
1606999478.147411108
1606999478.247503281
1606999478.347511530
1606999478.447411060
1606999478.547484159
1606999478.647412777
1606999478.747411251
1606999478.847478628
1606999478.947433472
1606999479.047490597
1606999479.147506475
1606999479.247477055
1606999479.347390413
1606999479.447365046
1606999479.547485113
1606999479.647370815
1606999479.747409582
1606999479.847405672
1606999479.947410822
1606999480.047506094
1606999480.147472858
1606999480.247372627
1606999480.347484827
1606999480.447403669
1606999480.547416210
1606999480.647398472
1606999480.747412443
1606999480.847352028
1606999480.947408915
1606999481.047504187
1606999481.147414207
1606999481.247465849
1606999481.347526789
1606999481.447404385
1606999481.547425508
1606999481.647507191
1606999481.747411728
1606999481.847370148
1606999481.947477102
1606999482.047488213
1606999482.147503853
1606999482.247505903
1606999482.347411871
1606999482.447395086
1606999482.547483206
1606999482.647508621
1606999482.747509003
1606999482.847395897
1606999482.947414637
1606999483.047507763
1606999483.147503376
1606999483.247502565
1606999483.347470760
1606999483.447404861
1606999483.547411919
1606999483.647486448
1606999483.747370720
1606999483.847480059
1606999483.947528124
1606999484.047517538
1606999484.147417307
1606999484.247427225
1606999484.347478628
1606999484.447406530
1606999484.547482967
1606999484.647374630
1606999484.747411489
1606999484.847349167
1606999484.947348833
1606999485.047411919
1606999485.147408009
1606999485.247347593
1606999485.347413540
1606999485.447405815
1606999485.547400236
1606999485.647417307
1606999485.747413397
1606999485.847409725
1606999485.947366238
1606999486.047483206
1606999486.147362947
1606999486.247509241
1606999486.347348452
1606999486.447343111
1606999486.547342777
1606999486.647341251
1606999486.747339725
1606999486.847340822
1606999486.947432518
1606999487.047416687
1606999487.147390366
1606999487.247408152
1606999487.347413540
1606999487.447406530
1606999487.547408342
1606999487.647339582
1606999487.747373343
1606999487.847410202
1606999487.947362423
1606999488.047408819
1606999488.147407055
1606999488.247409582
1606999488.347376108
1606999488.447410822
1606999488.547474384
1606999488.647469521
1606999488.747485876
1606999488.847409964
1606999488.947467566
1606999489.047482729
1606999489.147479057
1606999489.247474432
1606999489.347470284
1606999489.447371244
1606999489.547490597
1606999489.647494793
1606999489.747484684
1606999489.847403765
1606999489.947484970
1606999490.047491074
1606999490.147406101
1606999490.247488737
1606999490.347408772
1606999490.447483778
1606999490.547484398
1606999490.647396088
1606999490.747368574
1606999490.847486973
1606999490.947415829
1606999491.047489405
1606999491.147482157
1606999491.247413158
1606999491.347407579
1606999491.447409868
1606999491.547484398
1606999491.647414207
1606999491.747482538
1606999491.847471714
1606999491.947406769
1606999492.047411680
1606999492.147499323
1606999492.247492075
1606999492.347481489
1606999492.447412491
1606999492.547406435
1606999492.647505045
1606999492.747483253
1606999492.847485542
1606999492.947469711
1606999493.047493458
1606999493.147413492
1606999493.247504234
1606999493.347487211
1606999493.447481632
1606999493.547488451
1606999493.647483110
1606999493.747406483
1606999493.847412109
1606999493.947472334
1606999494.047406912
1606999494.147417307
1606999494.247403860
1606999494.347416162
1606999494.447416782
1606999494.547410488
1606999494.647411823
1606999494.747409582
1606999494.847413778
1606999494.947412014
1606999495.047482491
1606999495.147473335
1606999495.247480631
1606999495.347462893
1606999495.447483301
1606999495.547411442
1606999495.647483587
1606999495.747485161
1606999495.847482920
1606999495.947485685
1606999496.047502279
1606999496.147411585
1606999496.247483015
1606999496.347476959
1606999496.447487831
1606999496.547410250
1606999496.647482872
1606999496.747482061
1606999496.847482443
1606999496.947376490
1606999497.047480583
1606999497.147419214
1606999497.247499943
1606999497.347372532
1606999497.447421312
1606999497.547410965
1606999497.647410870
1606999497.747486115
1606999497.847484827
1606999497.947484016
1606999498.047414541
1606999498.147411346
1606999498.247411251
1606999498.347414255
1606999498.447408915
1606999498.547404766
1606999498.647481680
1606999498.747486353
1606999498.847481489
1606999498.947415590
1606999499.047411442
1606999499.147411585
1606999499.247479677
1606999499.347413778
1606999499.447408199
1606999499.547481060
1606999499.647485733
1606999499.747407436
1606999499.847506523
1606999499.947502613
1606999500.047488928
1606999500.147479773
1606999500.247480869
1606999500.347412586
1606999500.447482586
1606999500.547503710
1606999500.647481441
1606999500.747482777
1606999500.847485065
1606999500.947413445
1606999501.047411203
1606999501.147503614
1606999501.247483253
1606999501.347367525
1606999501.447486639
1606999501.547410965
1606999501.647414446
1606999501.747370243
1606999501.847412586
1606999501.947412014
1606999502.047411919
1606999502.147415161
1606999502.247407675
1606999502.347413540
1606999502.447413445
1606999502.547410488
1606999502.647416830
1606999502.747421265
1606999502.847367287
1606999502.947413445
1606999503.047409773
1606999503.147413969
1606999503.247408390
1606999503.347416878
1606999503.447406530
1606999503.547409534
1606999503.647407293
1606999503.747510433
1606999503.847409010
1606999503.947366238
1606999504.047410011
1606999504.147414923
1606999504.247413397
1606999504.347411394
1606999504.447400570
1606999504.547410011
1606999504.647414923
1606999504.747413397
1606999504.847369909
1606999504.947412968
1606999505.047408819
1606999505.147412539
1606999505.247414112
1606999505.347506762
1606999505.447412968
1606999505.547438622
1606999505.647483826
1606999505.747412682
1606999505.847411633
1606999505.947504282
1606999506.047503710
1606999506.147410870
1606999506.247411251
1606999506.347412109
1606999506.447370768
1606999506.547408581
1606999506.647506952
1606999506.747390270
1606999506.847412825
1606999506.947370768
1606999507.047481060
1606999507.147411108
1606999507.247503757
1606999507.347407579
1606999507.447480440
1606999507.547411680
1606999507.647503853
1606999507.747482538
1606999507.847339153
1606999507.947529078
1606999508.047525167
1606999508.147412062
1606999508.247509718
1606999508.347502708
1606999508.447385073
1606999508.547505617
1606999508.647508383
1606999508.747406960
1606999508.847372293
1606999508.947458029
1606999509.047413826
1606999509.147483349
1606999509.247373104
1606999509.347411394
1606999509.447345018
1606999509.547470808
1606999509.647503614
1606999509.747503519
1606999509.847343445
1606999509.947415590
1606999510.047484875
1606999510.147476196
1606999510.247506857
1606999510.347508669
1606999510.447374105
1606999510.547406673
1606999510.647530556
1606999510.747523546
1606999510.847370625
1606999510.947505951
1606999511.047506571
1606999511.147413492
1606999511.247503757
1606999511.347371817
1606999511.447367668
1606999511.547505617
1606999511.647485256
1606999511.747413635
1606999511.847375393
1606999511.947468758
1606999512.047504187
1606999512.147411823
1606999512.247480631
1606999512.347482204
1606999512.447370052
1606999512.547501087
1606999512.647503376
1606999512.747505665
1606999512.847370625
1606999512.947485447
1606999513.047486782
1606999513.147499800
1606999513.247503281
1606999513.347516775
1606999513.447368860
1606999513.547409058
1606999513.647501230
1606999513.747488499
1606999513.847389698
1606999513.947502851
1606999514.047502041
1606999514.147412062
1606999514.247502089
1606999514.347502232
1606999514.447370291
1606999514.547487974
1606999514.647500992
1606999514.747406721
1606999514.847366810
1606999514.947500706
1606999515.047483683
1606999515.147482157
1606999515.247463703
1606999515.347409248
1606999515.447369337
1606999515.547487259
1606999515.647509813
1606999515.747504234
1606999515.847370148
1606999515.947417021
1606999516.047416449
1606999516.147528410
1606999516.247514486
1606999516.347367764
1606999516.447369337
1606999516.547420025
1606999516.647504568
1606999516.747501373
1606999516.847373247
1606999516.947481632
1606999517.047503471
1606999517.147413254
1606999517.247474909
1606999517.347410440
1606999517.447393179
1606999517.547504663
1606999517.647508621
1606999517.747400284
1606999517.847332954
1606999517.947409868
1606999518.047410011
1606999518.147372007
1606999518.247505426
1606999518.347405195
1606999518.447404861
1606999518.547477961
1606999518.647483110
1606999518.747497082
1606999518.847406149
1606999518.947407961
1606999519.047368050
1606999519.147471428
1606999519.247478247
1606999519.347384214
1606999519.447403193
1606999519.547410250
1606999519.647405386
1606999519.747410774
1606999519.847403288
1606999519.947479963
1606999520.047481537
1606999520.147478580
1606999520.247482061
1606999520.347479820
1606999520.447403669
1606999520.547482729
1606999520.647404671
1606999520.747480392
1606999520.847478390
1606999520.947404146
1606999521.047334671
1606999521.147408962
1606999521.247409582
1606999521.347410917
1606999521.447408438
1606999521.547530890
1606999521.647518873
1606999521.747369051
1606999521.847442865
1606999521.947501659
1606999522.047502518
1606999522.147505045
1606999522.247475386
1606999522.347501278
1606999522.447406530
1606999522.547484398
1606999522.647503376
1606999522.747507334
1606999522.847480297
1606999522.947500944
1606999523.047372341
1606999523.147487402
1606999523.247506142
1606999523.347463608
1606999523.447409153
1606999523.547344923
1606999523.647378683
1606999523.747484207
1606999523.847410202
1606999523.947370052
1606999524.047481775
1606999524.147484303
1606999524.247528553
1606999524.347398996
1606999524.447489262
1606999524.547482491
1606999524.647504091
1606999524.747406006
1606999524.847484827
1606999524.947412491
1606999525.047504425
1606999525.147492647
1606999525.247400761
1606999525.347503424
1606999525.447408438
1606999525.547373056
1606999525.647484064
1606999525.747484922
1606999525.847409487
1606999525.947504759
1606999526.047505140
1606999526.147369862
1606999526.247469902
1606999526.347504616
1606999526.447417974
1606999526.547371864
1606999526.647349358
1606999526.747417688
1606999526.847416401
1606999526.947345972
1606999527.047370672
1606999527.147493839
1606999527.247514963
1606999527.347480059
1606999527.447381973
1606999527.547374487
1606999527.647342920
1606999527.747516155
1606999527.847476482
1606999527.947489262
1606999528.047344446
1606999528.147342682
1606999528.247349024
1606999528.347348928
1606999528.447370768
1606999528.547376633
1606999528.647342205
1606999528.747349262
1606999528.847344875
1606999528.947470188
1606999529.047356606
1606999529.147374153
1606999529.247341394
1606999529.347474813
1606999529.447406530
1606999529.547409296
1606999529.647354603
1606999529.747375250
1606999529.847355604
1606999529.947477818
1606999530.047412395
1606999530.147472858
1606999530.247480869
1606999530.347378492
1606999530.447483540
1606999530.547406435
1606999530.647490501
1606999530.747477770
1606999530.847407341
1606999530.947373152
1606999531.047474623
1606999531.147482872
1606999531.247481346
1606999531.347408295
1606999531.447409391
1606999531.547399759
1606999531.647407293
1606999531.747410536
1606999531.847409725
1606999531.947407484
1606999532.047407866
1606999532.147406340
1606999532.247407675
1606999532.347406864
1606999532.447408199
1606999532.547493935
1606999532.647407055
1606999532.747430325
1606999532.847409964
1606999532.947483063
1606999533.047484875
1606999533.147413492
1606999533.247481346
1606999533.347406626
1606999533.447389841
1606999533.547481775
1606999533.647486448
1606999533.747483492
1606999533.847482920
1606999533.947366714
1606999534.047484636
1606999534.147477865
1606999534.247481585
1606999534.347481966
1606999534.447411060
1606999534.547485590
1606999534.647492886
1606999534.747481346
1606999534.847344160
1606999534.947413206
1606999535.047413588
1606999535.147412300
1606999535.247340918
1606999535.347433090
1606999535.447425842
1606999535.547417641
1606999535.647413254
1606999535.747411489
1606999535.847412348
1606999535.947416306
1606999536.047410488
1606999536.147411346
1606999536.247412682
1606999536.347413778
1606999536.447412729
1606999536.547412634
1606999536.647411823
1606999536.747414351
