1607000066.758387327
1607000066.858952284
1607000066.959375381
1607000067.059840202
1607000067.160242558
1607000067.260642767
1607000067.361113548
1607000067.461368799
1607000067.561765194
1607000067.662254333
1607000067.762719870
1607000067.863224745
1607000067.963698626
1607000068.064068794
1607000068.164541006
1607000068.264938593
1607000068.365341425
1607000068.465817928
1607000068.566270113
1607000068.666745186
1607000068.767110348
1607000068.867381096
1607000068.967859268
1607000069.068301201
1607000069.168696880
1607000069.268965244
1607000069.369446278
1607000069.469923258
1607000069.570394278
1607000069.670759439
1607000069.771230698
1607000069.871633053
1607000069.972036123
1607000070.072455883
1607000070.172853231
1607000070.273332357
1607000070.373821735
1607000070.474220276
1607000070.574632406
1607000070.674903393
1607000070.775206089
1607000070.875684261
1607000070.976072073
1607000071.076450348
1607000071.176837683
1607000071.277238846
1607000071.377707720
1607000071.478108644
1607000071.578506470
1607000071.678978205
1607000071.779403448
1607000071.879904509
1607000071.980369806
1607000072.080787659
1607000072.181254387
1607000072.281656981
1607000072.382053852
1607000072.482536554
1607000072.583005190
1607000072.683386564
1607000072.783840418
1607000072.884241343
1607000072.984637976
1607000073.085137844
1607000073.185585260
1607000073.286084175
1607000073.386521101
1607000073.486923456
1607000073.587380648
1607000073.687787294
1607000073.788185358
1607000073.888587713
1607000073.989059210
1607000074.089529514
1607000074.189935923
1607000074.290395737
1607000074.390663862
1607000074.491127253
1607000074.591418982
1607000074.691898346
1607000074.792297602
1607000074.892769098
1607000074.993240118
1607000075.093580008
1607000075.193973303
1607000075.294375896
1607000075.394838572
1607000075.495236874
1607000075.595727205
1607000075.696216345
1607000075.796607256
1607000075.897096395
1607000075.997494698
1607000076.097921610
1607000076.198391914
1607000076.298834562
1607000076.399274349
1607000076.499649048
1607000076.600043297
1607000076.700517178
1607000076.800896168
1607000076.901370525
1607000077.001754284
1607000077.102139235
1607000077.202520609
1607000077.302871227
1607000077.403255939
1607000077.503665447
1607000077.604046583
1607000077.704458475
1607000077.804817438
1607000077.905231476
1607000078.005613089
1607000078.106000185
1607000078.206410646
1607000078.306766748
1607000078.407177687
1607000078.507561922
1607000078.607969761
1607000078.708354473
1607000078.808735371
1607000078.909106255
1607000079.009515524
1607000079.109901190
1607000079.210317612
1607000079.310703039
1607000079.411093473
1607000079.511456490
1607000079.611709118
1607000079.712097168
1607000079.812508583
1607000079.912864685
1607000080.013111591
1607000080.113499641
1607000080.213881254
1607000080.314275742
1607000080.414520502
1607000080.514811754
1607000080.615219593
1607000080.715610981
1607000080.816021681
1607000080.916306496
1607000081.016686201
1607000081.117073536
1607000081.217456341
1607000081.317701340
1607000081.418104172
1607000081.518376827
1607000081.618593693
1607000081.718918800
1607000081.819200993
1607000081.919486523
1607000082.019778728
1607000082.120148420
1607000082.220554829
1607000082.320937872
1607000082.421345711
1607000082.521588326
1607000082.621940374
1607000082.722327948
1607000082.822546959
1607000082.922843456
1607000083.023144245
1607000083.123466969
1607000083.223756075
1607000083.324052095
1607000083.424341202
1607000083.524660826
1607000083.624951601
1607000083.725258827
1607000083.825548649
1607000083.925843239
1607000084.026135445
1607000084.126332045
1607000084.226560116
1607000084.326975584
1607000084.427358150
1607000084.527743101
1607000084.628127575
1607000084.728524446
1607000084.828845739
1607000084.929260254
1607000085.029644251
1607000085.130059719
1607000085.230449438
1607000085.330704451
1607000085.431086779
1607000085.531473637
1607000085.631856680
1607000085.732244968
1607000085.832527637
1607000085.932898521
1607000086.033311129
1607000086.133697033
1607000086.234090805
1607000086.334492683
1607000086.434841633
1607000086.535231113
1607000086.635617733
1607000086.735983133
1607000086.836369514
1607000086.936647177
1607000087.037035227
1607000087.137351036
1607000087.237728119
1607000087.338112831
1607000087.438532591
1607000087.538818359
1607000087.639198303
1607000087.739585161
1607000087.839996338
1607000087.940388680
1607000088.040786982
1607000088.141172171
1607000088.241555691
1607000088.341941595
1607000088.442324638
1607000088.542692900
1607000088.643074274
1607000088.743459940
1607000088.843847990
1607000088.944197416
1607000089.044485092
1607000089.144896269
1607000089.245281458
1607000089.345591545
1607000089.445973635
1607000089.546361208
1607000089.646738529
1607000089.747125387
1607000089.847488880
1607000089.947895765
1607000090.048281193
1607000090.148685217
1607000090.249073744
1607000090.349488735
1607000090.449872494
1607000090.550297022
1607000090.650532246
1607000090.750878334
1607000090.851262093
1607000090.951648474
1607000091.052031755
1607000091.152419567
1607000091.252804279
1607000091.353188753
1607000091.453470707
1607000091.553882599
1607000091.654273748
1607000091.754672527
1607000091.855081320
1607000091.955476046
1607000092.055869818
1607000092.156248093
1607000092.256660223
1607000092.357057095
1607000092.457435608
1607000092.557710648
1607000092.658089161
1607000092.758477688
1607000092.858524799
1607000092.958520412
1607000093.058495522
1607000093.158524990
1607000093.258518457
1607000093.358497381
1607000093.458500147
1607000093.558526516
1607000093.658518314
1607000093.758495331
1607000093.858525991
1607000093.958521128
1607000094.058482409
1607000094.158522367
1607000094.258519173
1607000094.358499289
1607000094.458524466
1607000094.558518410
1607000094.658370018
1607000094.758537531
1607000094.858542204
1607000094.958532572
1607000095.058510542
1607000095.158419371
1607000095.258518219
1607000095.358525515
1607000095.458515406
1607000095.558496952
1607000095.658518076
1607000095.758485556
1607000095.858518600
1607000095.958522558
1607000096.058497190
1607000096.158521652
1607000096.258522034
1607000096.358528137
1607000096.458493948
1607000096.558326721
1607000096.658517122
1607000096.758518934
1607000096.858498096
1607000096.958411932
1607000097.058516502
1607000097.158518076
1607000097.258519888
1607000097.358492613
1607000097.458477020
1607000097.558545828
1607000097.658504963
1607000097.758526564
1607000097.858515978
1607000097.958518267
1607000098.058517456
1607000098.158523083
1607000098.258516550
1607000098.358521223
1607000098.458469391
1607000098.558497906
1607000098.658517361
1607000098.758521557
1607000098.858514547
1607000098.958519697
1607000099.058518171
1607000099.158521891
1607000099.258517027
1607000099.358518124
1607000099.458424568
1607000099.558518410
1607000099.658518076
1607000099.758524656
1607000099.858517885
1607000099.958488464
1607000100.058387041
1607000100.158544540
1607000100.258543491
1607000100.358523369
1607000100.458389044
1607000100.558517694
1607000100.658508778
1607000100.758490086
1607000100.858519793
1607000100.958519936
1607000101.058519363
1607000101.158522367
1607000101.258495092
1607000101.358492613
1607000101.458489180
1607000101.558489799
1607000101.658517361
1607000101.758523703
1607000101.858497620
1607000101.958521605
1607000102.058517694
1607000102.158504963
1607000102.258499146
1607000102.358520031
1607000102.458408594
1607000102.558520794
1607000102.658516645
1607000102.758522034
1607000102.858540297
1607000102.958548307
1607000103.058545351
1607000103.158532619
1607000103.258523226
1607000103.358518839
1607000103.458489180
1607000103.558518410
1607000103.658446789
1607000103.758518934
1607000103.858489752
1607000103.958518982
1607000104.058507442
1607000104.158518791
1607000104.258517742
1607000104.358520031
1607000104.458425999
1607000104.558480501
1607000104.658488750
1607000104.758518934
1607000104.858493328
1607000104.958523035
1607000105.058521986
1607000105.158518553
1607000105.258517981
1607000105.358492613
1607000105.458468676
1607000105.558545828
1607000105.658487558
1607000105.758544207
1607000105.858511209
1607000105.958498478
1607000106.058422565
1607000106.158396482
1607000106.258502722
1607000106.358521700
1607000106.458404064
1607000106.558497190
1607000106.658484697
1607000106.758519888
1607000106.858516693
1607000106.958493471
1607000107.058494568
1607000107.158520222
1607000107.258516073
1607000107.358388186
1607000107.458497524
1607000107.558406830
1607000107.658520460
1607000107.758513689
1607000107.858503819
1607000107.958517790
1607000108.058517694
1607000108.158522606
1607000108.258518219
1607000108.358402491
1607000108.458510399
1607000108.558529854
1607000108.658390999
1607000108.758520365
1607000108.858525276
1607000108.958518744
1607000109.058516741
1607000109.158519268
1607000109.258520842
1607000109.358520269
1607000109.458389521
1607000109.558501720
1607000109.658517361
1607000109.758488655
1607000109.858517647
1607000109.958518744
1607000110.058521748
1607000110.158494949
1607000110.258501768
1607000110.358489513
1607000110.458516836
1607000110.558476925
1607000110.658516645
1607000110.758518934
1607000110.858518839
1607000110.958490372
1607000111.058490276
1607000111.158546448
1607000111.258546591
1607000111.358545303
1607000111.458523035
1607000111.558518648
1607000111.658493996
1607000111.758518457
1607000111.858516932
1607000111.958518744
1607000112.058516741
1607000112.158482552
1607000112.258492231
1607000112.358524561
1607000112.458390951
1607000112.558518887
1607000112.658489943
1607000112.758479118
1607000112.858488321
1607000112.958424568
1607000113.058495522
1607000113.158517838
1607000113.258489847
1607000113.358365774
1607000113.458503485
1607000113.558468819
1607000113.658518553
1607000113.758519173
1607000113.858541012
1607000113.958506107
1607000114.058515310
1607000114.158532381
1607000114.258502007
1607000114.358520508
1607000114.458518505
1607000114.558400393
1607000114.658486366
1607000114.758496523
1607000114.858516216
1607000114.958523035
1607000115.058493137
1607000115.158405066
1607000115.258499384
1607000115.358518600
1607000115.458519697
1607000115.558498383
1607000115.658517599
1607000115.758486748
1607000115.858489275
1607000115.958518028
1607000116.058494806
1607000116.158519983
1607000116.258499622
1607000116.358496666
1607000116.458495617
1607000116.558466673
1607000116.658541918
1607000116.758545160
1607000116.858544827
1607000116.958521366
1607000117.058518410
1607000117.158522367
1607000117.258519411
1607000117.358519316
1607000117.458491564
1607000117.558523655
1607000117.658517122
1607000117.758523226
1607000117.858520269
1607000117.958528519
1607000118.058484077
1607000118.158409119
1607000118.258516788
1607000118.358523130
1607000118.458521843
1607000118.558523178
1607000118.658402443
1607000118.758524656
1607000118.858516693
1607000118.958522081
1607000119.058498383
1607000119.158518791
1607000119.258489609
1607000119.358541489
1607000119.458327770
1607000119.558523893
1607000119.658530951
1607000119.758520126
1607000119.858491182
1607000119.958522558
1607000120.058528900
1607000120.158519506
1607000120.258516550
1607000120.358502865
1607000120.458516121
1607000120.558491707
1607000120.658521652
1607000120.758518457
1607000120.858517885
1607000120.958499670
1607000121.058517933
1607000121.158519506
1607000121.258517504
1607000121.358519077
1607000121.458495140
1607000121.558504820
1607000121.658514977
1607000121.758495331
1607000121.858518124
1607000121.958519697
1607000122.058517218
1607000122.158404112
1607000122.258514643
1607000122.358536959
1607000122.458522797
1607000122.558414221
1607000122.658517122
1607000122.758521318
1607000122.858516932
1607000122.958523512
1607000123.058497190
1607000123.158525944
1607000123.258471489
1607000123.358519554
1607000123.458522558
1607000123.558366060
1607000123.658483028
1607000123.758406401
1607000123.858503580
1607000123.958397150
1607000124.058493376
1607000124.158493042
1607000124.258467436
1607000124.358385324
1607000124.458371878
1607000124.558507919
1607000124.658517122
1607000124.758518696
1607000124.858489990
1607000124.958546638
1607000125.058545351
1607000125.158533812
1607000125.258512974
1607000125.358515739
1607000125.458492994
1607000125.558403254
1607000125.658412933
1607000125.758495569
1607000125.858515978
1607000125.958527088
1607000126.058517456
1607000126.158508062
1607000126.258524895
1607000126.358486891
1607000126.458488941
1607000126.558522463
1607000126.658517361
1607000126.758518219
1607000126.858477592
1607000126.958494186
1607000127.058512449
1607000127.158518314
1607000127.258517027
1607000127.358516455
1607000127.458485842
1607000127.558488131
1607000127.658516645
1607000127.758490801
1607000127.858509064
1607000127.958492994
1607000128.058460951
1607000128.158458471
1607000128.258371353
1607000128.358444214
1607000128.458523512
1607000128.558496952
1607000128.658324480
1607000128.758522511
1607000128.858513594
1607000128.958525181
1607000129.058516979
1607000129.158519030
1607000129.258352041
1607000129.358488798
1607000129.458495140
1607000129.558382273
1607000129.658518076
1607000129.758529902
1607000129.858494282
1607000129.958487988
1607000130.058490276
1607000130.158518553
1607000130.258491278
1607000130.358491659
1607000130.458402395
1607000130.558490992
1607000130.658490658
1607000130.758521080
1607000130.858489752
1607000130.958519697
1607000131.058413267
1607000131.158490658
1607000131.258478880
1607000131.358518600
1607000131.458406687
1607000131.558496475
1607000131.658402681
1607000131.758496761
1607000131.858505964
1607000131.958521366
1607000132.058515787
1607000132.158518791
1607000132.258516312
1607000132.358408928
1607000132.458493948
1607000132.558493614
1607000132.658490181
1607000132.758546591
1607000132.858545065
1607000132.958518267
1607000133.058499336
1607000133.158520699
1607000133.258516788
1607000133.358510494
1607000133.458490372
1607000133.558414459
1607000133.658493519
1607000133.758489847
1607000133.858518839
1607000133.958517313
1607000134.058517218
1607000134.158497334
1607000134.258404016
1607000134.358358622
1607000134.458492517
1607000134.558498859
1607000134.658517599
1607000134.758519411
1607000134.858519316
1607000134.958491325
1607000135.058495045
1607000135.158518076
1607000135.258520842
1607000135.358521461
1607000135.458397627
1607000135.558519602
1607000135.658516407
1607000135.758507729
1607000135.858520985
1607000135.958524227
1607000136.058520317
1607000136.158488750
1607000136.258488417
1607000136.358522177
1607000136.458518028
1607000136.558524132
1607000136.658409834
1607000136.758519411
1607000136.858517885
1607000136.958519220
1607000137.058521509
1607000137.158493757
1607000137.258493900
1607000137.358519554
1607000137.458495617
1607000137.558494329
1607000137.658522129
1607000137.758518219
1607000137.858486414
1607000137.958519459
1607000138.058490753
1607000138.158544302
1607000138.258522272
1607000138.358529091
1607000138.458393097
1607000138.558506489
1607000138.658519030
1607000138.758414268
1607000138.858502865
1607000138.958387852
1607000139.058352709
1607000139.158344746
1607000139.258520126
1607000139.358358860
1607000139.458502293
1607000139.558485746
1607000139.658490181
1607000139.758520842
1607000139.858520269
1607000139.958519220
1607000140.058516502
1607000140.158515930
1607000140.258517981
1607000140.358521223
1607000140.458484888
1607000140.558383942
1607000140.658491373
1607000140.758507013
1607000140.858538628
1607000140.958548069
1607000141.058544159
1607000141.158538818
1607000141.258504629
1607000141.358506680
1607000141.458489418
1607000141.558501720
1607000141.658408165
1607000141.758402824
1607000141.858521223
1607000141.958494425
1607000142.058488369
1607000142.158518314
1607000142.258486032
1607000142.358359575
1607000142.458498716
1607000142.558398485
1607000142.658489943
1607000142.758499861
1607000142.858496428
1607000142.958523989
1607000143.058516502
1607000143.158399105
1607000143.258394957
1607000143.358497381
1607000143.458487749
1607000143.558464289
1607000143.658498287
1607000143.758399963
1607000143.858514786
1607000143.958517790
1607000144.058515787
1607000144.158446550
1607000144.258496523
1607000144.358522177
1607000144.458491087
1607000144.558505058
1607000144.658496380
1607000144.758521795
1607000144.858518600
1607000144.958473921
1607000145.058375835
1607000145.158493996
1607000145.258518219
1607000145.358520269
1607000145.458385468
1607000145.558405399
1607000145.658493042
1607000145.758493662
1607000145.858509541
1607000145.958496809
1607000146.058517933
1607000146.158480406
1607000146.258490562
1607000146.358546257
1607000146.458545446
1607000146.558537960
1607000146.658524990
1607000146.758436203
1607000146.858498335
1607000146.958520412
1607000147.058368444
1607000147.158520460
1607000147.258344889
1607000147.358474493
1607000147.458391905
1607000147.558519125
1607000147.658435106
1607000147.758501053
1607000147.858322620
1607000147.958492041
1607000148.058488131
1607000148.158493519
1607000148.258515835
1607000148.358522177
1607000148.458398342
1607000148.558356285
1607000148.658492565
1607000148.758498669
1607000148.858516455
1607000148.958384991
1607000149.058478594
1607000149.158492088
1607000149.258513927
1607000149.358545065
1607000149.458510876
1607000149.558469296
1607000149.658483267
1607000149.758492231
1607000149.858380556
1607000149.958518028
1607000150.058516264
1607000150.158491611
1607000150.258399963
1607000150.358498573
1607000150.458487034
1607000150.558523655
1607000150.658516169
1607000150.758519650
1607000150.858395338
1607000150.958490849
1607000151.058490038
1607000151.158518553
1607000151.258491278
1607000151.358519316
1607000151.458518028
1607000151.558521986
1607000151.658518553
1607000151.758523703
1607000151.858490229
1607000151.958546638
1607000152.058419943
1607000152.158534288
1607000152.258523703
1607000152.358525276
1607000152.458517313
1607000152.558495283
1607000152.658499479
1607000152.758519411
1607000152.858490705
1607000152.958385944
1607000153.058523178
1607000153.158518553
1607000153.258517742
1607000153.358519793
1607000153.458412647
1607000153.558520555
1607000153.658515215
1607000153.758521080
1607000153.858390808
1607000153.958497524
1607000154.058518410
1607000154.158522844
1607000154.258489609
1607000154.358404398
1607000154.458519459
1607000154.558495998
1607000154.658541203
1607000154.758553028
1607000154.858542681
1607000154.958527327
1607000155.058516264
1607000155.158493757
1607000155.258517981
1607000155.358517647
1607000155.458520651
1607000155.558409452
1607000155.658492804
1607000155.758521080
1607000155.858518124
1607000155.958490610
1607000156.058495283
1607000156.158485413
1607000156.258491039
1607000156.358520031
1607000156.458515882
1607000156.558421135
1607000156.658502817
1607000156.758489609
1607000156.858521700
1607000156.958518505
1607000157.058520317
1607000157.158523083
1607000157.258518457
1607000157.358476877
1607000157.458513021
1607000157.558550596
1607000157.658533812
1607000157.758526325
1607000157.858518362
1607000157.958492279
1607000158.058493137
1607000158.158521891
1607000158.258498669
1607000158.358499289
1607000158.458516836
1607000158.558485746
1607000158.658379793
1607000158.758410454
1607000158.858391523
1607000158.958525658
1607000159.058387995
1607000159.158519268
1607000159.258519173
1607000159.358509779
1607000159.458491087
1607000159.558493137
1607000159.658524275
1607000159.758517981
1607000159.858490944
1607000159.958385944
1607000160.058495760
1607000160.158545017
1607000160.258545637
1607000160.358551979
1607000160.458381891
1607000160.558511496
1607000160.658497572
1607000160.758521080
1607000160.858499289
1607000160.958521128
1607000161.058514118
1607000161.158519506
1607000161.258517504
1607000161.358498335
1607000161.458494425
1607000161.558492899
1607000161.658517361
1607000161.758498192
1607000161.858517408
1607000161.958518267
1607000162.058518410
1607000162.158476591
1607000162.258520842
1607000162.358492136
1607000162.458516359
1607000162.558518171
1607000162.658517122
1607000162.758519173
1607000162.858533144
1607000162.958524466
1607000163.058545113
1607000163.158537388
1607000163.258523703
1607000163.358524561
1607000163.458519697
1607000163.558519125
1607000163.658520937
1607000163.758522511
1607000163.858488321
1607000163.958519697
1607000164.058501244
1607000164.158520699
1607000164.258520126
1607000164.358525276
1607000164.458519459
1607000164.558494091
1607000164.658403397
1607000164.758517742
1607000164.858520746
1607000164.958509922
1607000165.058521748
1607000165.158523321
1607000165.258408546
1607000165.358519554
1607000165.458492756
1607000165.558525324
1607000165.658520937
1607000165.758547306
1607000165.858537674
1607000165.958526134
1607000166.058440924
1607000166.158518553
1607000166.258523464
1607000166.358385086
1607000166.458515882
1607000166.558520317
1607000166.658516169
1607000166.758519411
